

<<ROLLBACK_START>>,<<FMS_SAC_MST()>>, 	(11-APR-2025 09:17:25)
 
SAC_CD,TIMESTAMP

TOTAL DATA DELETED : ,0, 	(11-APR-2025 09:17:25)
 
<<ROLLBACK_END>>,<<FMS_SAC_MST()>>, 	(11-APR-2025 09:17:25)
 

<<ROLLBACK_START>>,<<FMS_PRODUCT_MOLECULE_MST()>>, 	(11-APR-2025 09:17:25)
 
MOLE_NM,MOLE_ABBR,TIMESTAMP
D6,D6, 	(11-APR-2025 09:17:25)
D6,D6, 	(11-APR-2025 09:17:25)
D6,D6, 	(11-APR-2025 09:17:25)

TOTAL DATA DELETED : ,3, 	(11-APR-2025 09:17:25)
 
<<ROLLBACK_END>>,<<FMS_PRODUCT_MOLECULE_MST()>>, 	(11-APR-2025 09:17:25)
 

<<ROLLBACK_START>>,<<FMS_PRODUCT_MST()>>, 	(11-APR-2025 09:17:25)
 
PROD_NM,PROD_ABBR,PROD_DESC,TIMESTAMP
Domestic Gas (Capped),DOM GAS (CAPPED),Used to identify molecules supplied from DOM gas capped, 	(11-APR-2025 09:17:25)
Regassified LNG,RLNG,, 	(11-APR-2025 09:17:25)
Downstream LNG,DLNG,, 	(11-APR-2025 09:17:25)
Domestic Gas,DOMGAS,, 	(11-APR-2025 09:17:25)

TOTAL DATA DELETED : ,4, 	(11-APR-2025 09:17:25)
 
<<ROLLBACK_END>>,<<FMS_PRODUCT_MST()>>, 	(11-APR-2025 09:17:25)
 

<<ROLLBACK_START>>,<<FMS_HOLIDAY_DTL()>>,, 	(11-APR-2025 09:17:25)
 
HOLIDAY_DATE,HOLIDAY_NAME,STATE_TIN,TIMESTAMP
16/02/2025 00:00:00,SUNDAY,12, 	(11-APR-2025 09:17:25)
14/01/2022 00:00:00,Makar Sankranti/ Pongal,27, 	(11-APR-2025 09:17:25)
26/01/2022 00:00:00,Republic Day,27, 	(11-APR-2025 09:17:25)
01/03/2022 00:00:00,Mahashivratri,27, 	(11-APR-2025 09:17:25)
18/03/2022 00:00:00,Holi,27, 	(11-APR-2025 09:17:25)
15/04/2022 00:00:00,Good Friday,27, 	(11-APR-2025 09:17:25)
03/05/2022 00:00:00,Id-Ul-Fitr*/Ramadan,27, 	(11-APR-2025 09:17:25)
15/08/2022 00:00:00,Independance Day,27, 	(11-APR-2025 09:17:25)
19/08/2022 00:00:00,Krishna Jayanthi/ Janmashtami,27, 	(11-APR-2025 09:17:25)
31/08/2022 00:00:00,Ganesh Chaturthi,27, 	(11-APR-2025 09:17:25)
05/10/2022 00:00:00,Durga Puja (Vijay Dashmi)/ Dussehra,27, 	(11-APR-2025 09:17:25)
24/10/2022 00:00:00,Naraka Chaturdashi/ Diwali,27, 	(11-APR-2025 09:17:25)
26/10/2022 00:00:00,Diwali - Bhai Duj,27, 	(11-APR-2025 09:17:25)
10/08/2021 00:00:00,Ganesh Chaturthi,27, 	(11-APR-2025 09:17:25)
15/10/2021 00:00:00,Durga Puja / Dasera,27, 	(11-APR-2025 09:17:25)
10/09/2021 00:00:00,Ganesh Chaturthi,27, 	(11-APR-2025 09:17:25)
04/11/2021 00:00:00,Diwali,27, 	(11-APR-2025 09:17:25)
05/11/2021 00:00:00,Balipadyami Deepavali,27, 	(11-APR-2025 09:17:25)
12/12/2020 00:00:00,Second Saturday Day,27, 	(11-APR-2025 09:17:25)
25/12/2020 00:00:00,Chirstmas Day,27, 	(11-APR-2025 09:17:25)
26/12/2020 00:00:00,Fourth Saturday Day,27, 	(11-APR-2025 09:17:25)
09/01/2021 00:00:00,Second Saturday Day,27, 	(11-APR-2025 09:17:25)
23/01/2021 00:00:00,Fourth Saturday Day,27, 	(11-APR-2025 09:17:25)
11/03/2021 00:00:00,Mahashivratri,27, 	(11-APR-2025 09:17:25)
29/03/2021 00:00:00,Holi 2nd day Dhuleti,27, 	(11-APR-2025 09:17:25)
01/04/2021 00:00:00,Bank Closing,27, 	(11-APR-2025 09:17:25)
14/04/2021 00:00:00,Ambedkar Jayanti,27, 	(11-APR-2025 09:17:25)
21/04/2021 00:00:00,Ram Navmi,27, 	(11-APR-2025 09:17:25)
14/05/2021 00:00:00,Parshuram Jayanti Ramzan Eid,27, 	(11-APR-2025 09:17:25)
21/07/2021 00:00:00,Bakri Eid,27, 	(11-APR-2025 09:17:25)
19/08/2021 00:00:00,Muharram,27, 	(11-APR-2025 09:17:25)
30/08/2021 00:00:00,Janmashtami,27, 	(11-APR-2025 09:17:25)
02/10/2021 00:00:00,Mahatma Gandhi Birthday,27, 	(11-APR-2025 09:17:25)
08/10/2021 00:00:00,Second Saturday Day,27, 	(11-APR-2025 09:17:25)
19/10/2021 00:00:00,Eid,27, 	(11-APR-2025 09:17:25)
22/10/2021 00:00:00,Fourth Saturday Day,27, 	(11-APR-2025 09:17:25)
23/10/2021 00:00:00,Fourth Saturday Day,27, 	(11-APR-2025 09:17:25)
12/11/2021 00:00:00,Second Saturday Day,27, 	(11-APR-2025 09:17:25)
13/11/2021 00:00:00,Second Saturday Day,27, 	(11-APR-2025 09:17:25)
27/11/2021 00:00:00,Fourth Saturday Day,27, 	(11-APR-2025 09:17:25)
25/12/2021 00:00:00,Fourth Saturday Day,27, 	(11-APR-2025 09:17:25)
01/04/2022 00:00:00,Bank Closing,27, 	(11-APR-2025 09:17:25)
14/04/2022 00:00:00,Mahavir Jayanti,27, 	(11-APR-2025 09:17:25)
09/08/2022 00:00:00,Muharram,27, 	(11-APR-2025 09:17:25)
11/08/2022 00:00:00,Raskhabandan,27, 	(11-APR-2025 09:17:25)
31/10/2022 00:00:00,Sardar Vallabhai Birthday,27, 	(11-APR-2025 09:17:25)
18/12/2022 00:00:00,Maha Shivratri,27, 	(11-APR-2025 09:17:25)
26/01/2023 00:00:00,Republic Holiday,27, 	(11-APR-2025 09:17:25)
18/02/2023 00:00:00,Mahashivratri,27, 	(11-APR-2025 09:17:25)
08/03/2023 00:00:00,Holi ,27, 	(11-APR-2025 09:17:25)
30/03/2023 00:00:00,Shree Ram Navmi,27, 	(11-APR-2025 09:17:25)
01/04/2023 00:00:00,Bank closing day,27, 	(11-APR-2025 09:17:25)
04/04/2023 00:00:00,Mahavir Janma Kalyank,27, 	(11-APR-2025 09:17:25)
14/04/2023 00:00:00,Ambedakar Jayanti,27, 	(11-APR-2025 09:17:25)
29/06/2023 00:00:00,Bakri Eid,27, 	(11-APR-2025 09:17:25)
15/08/2023 00:00:00,Indepenance Day,27, 	(11-APR-2025 09:17:25)
07/09/2023 00:00:00,Janmastami,27, 	(11-APR-2025 09:17:25)
19/09/2023 00:00:00,Samvatsari,27, 	(11-APR-2025 09:17:25)
28/09/2023 00:00:00,Eid ,27, 	(11-APR-2025 09:17:25)
02/10/2023 00:00:00,Gandhi Jayanti,27, 	(11-APR-2025 09:17:25)
24/10/2023 00:00:00,Dusshera,27, 	(11-APR-2025 09:17:25)
31/10/2023 00:00:00,Sardar Vallabhai Pate Jayanti,27, 	(11-APR-2025 09:17:25)
14/11/2023 00:00:00,Gujarat New year,27, 	(11-APR-2025 09:17:25)
25/12/2023 00:00:00,Chirstmas,27, 	(11-APR-2025 09:17:25)
26/01/2024 00:00:00,Republic Day,27, 	(11-APR-2025 09:17:25)
08/03/2024 00:00:00,Mahashivratri,27, 	(11-APR-2025 09:17:25)
25/03/2024 00:00:00,Holi,27, 	(11-APR-2025 09:17:25)
29/03/2024 00:00:00,Good Friday,27, 	(11-APR-2025 09:17:25)
01/04/2024 00:00:00,Bank Closing Day,27, 	(11-APR-2025 09:17:25)
11/04/2024 00:00:00,Ramjan,27, 	(11-APR-2025 09:17:25)
17/04/2024 00:00:00,Ram Navambi,27, 	(11-APR-2025 09:17:25)
17/06/2024 00:00:00,Eid,27, 	(11-APR-2025 09:17:25)
15/08/2024 00:00:00,Independence Day,27, 	(11-APR-2025 09:17:25)
19/08/2024 00:00:00,Raksha Bandhan,27, 	(11-APR-2025 09:17:25)
07/09/2024 00:00:00,Samvastari,27, 	(11-APR-2025 09:17:25)
16/09/2024 00:00:00,Eid,27, 	(11-APR-2025 09:17:25)
26/09/2024 00:00:00,Janmastami ,27, 	(11-APR-2025 09:17:25)
02/10/2024 00:00:00,Gandhi Jayanti,27, 	(11-APR-2025 09:17:25)
31/10/2024 00:00:00,Diwali,27, 	(11-APR-2025 09:17:25)
02/11/2024 00:00:00,Guj New Year,27, 	(11-APR-2025 09:17:25)
25/12/2024 00:00:00,Christmas,27, 	(11-APR-2025 09:17:25)
14/01/2025 00:00:00,Makar Sankrati,27, 	(11-APR-2025 09:17:25)
14/03/2025 00:00:00,Dhuleti,27, 	(11-APR-2025 09:17:25)
31/03/2025 00:00:00,Ramajan Eid,27, 	(11-APR-2025 09:17:25)
10/04/2025 00:00:00,Mahavir Jayanti,27, 	(11-APR-2025 09:17:25)
14/04/2025 00:00:00,Dr Baba Saheb Ambedkar Jayanti,27, 	(11-APR-2025 09:17:25)
18/04/2025 00:00:00,Good Friday,27, 	(11-APR-2025 09:17:25)
15/08/2025 00:00:00,Independence Day,27, 	(11-APR-2025 09:17:25)
16/08/2025 00:00:00,Janmashtami,27, 	(11-APR-2025 09:17:25)
27/08/2025 00:00:00,Samvatsari,27, 	(11-APR-2025 09:17:25)
10/04/2023 00:00:00,zyx,35, 	(11-APR-2025 09:17:25)	 (Not Deleted)
10/04/2023 00:00:00,XYZ,28, 	(11-APR-2025 09:17:25)	 (Not Deleted)
10/04/2023 00:00:00,XYZ,12, 	(11-APR-2025 09:17:25)	 (Not Deleted)
10/04/2023 00:00:00,National,00, 	(11-APR-2025 09:17:25)	 (Not Deleted)
10/04/2023 00:00:00,XYZ,10, 	(11-APR-2025 09:17:25)	 (Not Deleted)
10/04/2023 00:00:00,XYZ,04, 	(11-APR-2025 09:17:25)	 (Not Deleted)
10/04/2023 00:00:00,XYZ,22, 	(11-APR-2025 09:17:25)	 (Not Deleted)
10/04/2023 00:00:00,XYZ,26, 	(11-APR-2025 09:17:25)	 (Not Deleted)
10/04/2023 00:00:00,XYZ,25, 	(11-APR-2025 09:17:25)	 (Not Deleted)
10/04/2023 00:00:00,XYZ,07, 	(11-APR-2025 09:17:25)	 (Not Deleted)
10/04/2023 00:00:00,XYZ,30, 	(11-APR-2025 09:17:25)	 (Not Deleted)
13/04/2023 00:00:00,TEST1,30, 	(11-APR-2025 09:17:25)	 (Not Deleted)
10/04/2023 00:00:00,TEST2,24, 	(11-APR-2025 09:17:25)	 (Not Deleted)
10/04/2023 00:00:00,TEST3,06, 	(11-APR-2025 09:17:25)	 (Not Deleted)
10/04/2023 00:00:00,TEST4,02, 	(11-APR-2025 09:17:25)	 (Not Deleted)
10/04/2023 00:00:00,TEST5,01, 	(11-APR-2025 09:17:25)	 (Not Deleted)
10/04/2023 00:00:00,TEST6,20, 	(11-APR-2025 09:17:25)	 (Not Deleted)
10/04/2023 00:00:00,TEST7,29, 	(11-APR-2025 09:17:25)	 (Not Deleted)
10/04/2023 00:00:00,TEST8,32, 	(11-APR-2025 09:17:25)	 (Not Deleted)
10/04/2023 00:00:00,TEST9,31, 	(11-APR-2025 09:17:25)	 (Not Deleted)
10/04/2023 00:00:00,TEST10,23, 	(11-APR-2025 09:17:25)	 (Not Deleted)
10/04/2023 00:00:00,TEST11,27, 	(11-APR-2025 09:17:25)	 (Not Deleted)
10/04/2023 00:00:00,TEST12,14, 	(11-APR-2025 09:17:25)	 (Not Deleted)
10/04/2023 00:00:00,TEST13,17, 	(11-APR-2025 09:17:25)	 (Not Deleted)
10/04/2023 00:00:00,TEST25,15, 	(11-APR-2025 09:17:25)	 (Not Deleted)
10/04/2023 00:00:00,TEST15,13, 	(11-APR-2025 09:17:25)	 (Not Deleted)
10/04/2023 00:00:00,TEST16,21, 	(11-APR-2025 09:17:25)	 (Not Deleted)
10/04/2023 00:00:00,TEST17,34, 	(11-APR-2025 09:17:25)	 (Not Deleted)
10/04/2023 00:00:00,TEST18,03, 	(11-APR-2025 09:17:25)	 (Not Deleted)
10/04/2023 00:00:00,TEST19,08, 	(11-APR-2025 09:17:25)	 (Not Deleted)
10/04/2023 00:00:00,TEST20,11, 	(11-APR-2025 09:17:25)	 (Not Deleted)
10/04/2023 00:00:00,TEST21,33, 	(11-APR-2025 09:17:25)	 (Not Deleted)
10/04/2023 00:00:00,TEST22,36, 	(11-APR-2025 09:17:25)	 (Not Deleted)
10/04/2023 00:00:00,TEST23,16, 	(11-APR-2025 09:17:25)	 (Not Deleted)
10/04/2023 00:00:00,TEST24,09, 	(11-APR-2025 09:17:25)	 (Not Deleted)
31/10/2023 00:00:00,Saradar Jayanti,00, 	(11-APR-2025 09:17:25)	 (Not Deleted)
31/10/2022 00:00:00,Saradar Jayanti,00, 	(11-APR-2025 09:17:25)	 (Not Deleted)
10/04/2023 00:00:00,TEST25,05, 	(11-APR-2025 09:17:25)	 (Not Deleted)
10/04/2023 00:00:00,TEST26,19, 	(11-APR-2025 09:17:25)	 (Not Deleted)
17/11/2023 00:00:00,Testing Holiday,24, 	(11-APR-2025 09:17:25)	 (Not Deleted)
17/11/2023 00:00:00,Testing Holiday,27, 	(11-APR-2025 09:17:25)	 (Not Deleted)
09/01/2024 00:00:00,TEST,35, 	(11-APR-2025 09:17:25)	 (Not Deleted)
09/01/2024 00:00:00,TEST,24, 	(11-APR-2025 09:17:25)	 (Not Deleted)

TOTAL DATA DELETED : ,90,, 	(11-APR-2025 09:17:25)
 
<<ROLLBACK_END>>,<<FMS_HOLIDAY_DTL()>>,, 	(11-APR-2025 09:17:25)
 

<<ROLLBACK_START>>,<<FMS_CUSTOM_TAX_STRUCT_DTL>>, 	(11-APR-2025 09:17:25)
 
COMPANY_CD,TAX_STRUCT_CD,TIMESTAMP
1,27/02/2020 00:00:00, 	(11-APR-2025 09:17:25)	 (Not Deleted)
1,02/02/2022 00:00:00, 	(11-APR-2025 09:17:25)	 (Not Deleted)
1,01/07/2024 00:00:00, 	(11-APR-2025 09:17:25)	 (Not Deleted)

TOTAL DATA DELETED : ,0, 	(11-APR-2025 09:17:25)
 
<<ROLLBACK_END>>,<<FMS_CUSTOM_TAX_STRUCT_DTL()>>, 	(11-APR-2025 09:17:25)
 

<<ROLLBACK_START>>,<<FMS_SHIP_MST()>>,, 	(11-APR-2025 09:17:25)
 
EFF_DT,SHIP_CD,SHIP_NAME,TIMESTAMP
01/01/2007 00:00:00 , 3 , Maria Energy, 	(11-APR-2025 09:17:25)
01/01/2007 00:00:00 , 4 , Ougarta, 	(11-APR-2025 09:17:25)
01/01/2007 00:00:00 , 5 , Methane Spirit, 	(11-APR-2025 09:17:25)
01/01/2007 00:00:00 , 6 , Yari LNG, 	(11-APR-2025 09:17:25)
01/01/2007 00:00:00 , 7 , Flex Endeavour, 	(11-APR-2025 09:17:25)
01/01/2007 00:00:00 , 8 , Methane Jane Elizabeth, 	(11-APR-2025 09:17:25)
01/01/2007 00:00:00 , 9 , Maran Gas Asclepius, 	(11-APR-2025 09:17:25)
01/01/2007 00:00:00 , 10 , Hispania Spirit, 	(11-APR-2025 09:17:25)
01/01/2007 00:00:00 , 11 , CASTILLO DE MERIDA, 	(11-APR-2025 09:17:25)
01/01/2007 00:00:00 , 12 , Maran Gas Hector, 	(11-APR-2025 09:17:25)
01/01/2007 00:00:00 , 13 , Shinshu Maru, 	(11-APR-2025 09:17:25)
01/01/2007 00:00:00 , 14 , Golar Maria, 	(11-APR-2025 09:17:25)
01/01/2007 00:00:00 , 15 , Umm Al Asthan, 	(11-APR-2025 09:17:25)
01/01/2007 00:00:00 , 16 , LNG Port Harcourt II, 	(11-APR-2025 09:17:25)
01/01/2007 00:00:00 , 17 , Shahamah, 	(11-APR-2025 09:17:25)
01/01/2007 00:00:00 , 18 , Mraweh, 	(11-APR-2025 09:17:25)
01/01/2007 00:00:00 , 19 , Gaslog Seattle, 	(11-APR-2025 09:17:25)
01/01/2007 00:00:00 , 20 , Maran Gas Chios, 	(11-APR-2025 09:17:25)
01/01/2007 00:00:00 , 21 , Golar Ice, 	(11-APR-2025 09:17:25)
01/01/2007 00:00:00 , 22 , MARAN GAS AMPHIPOLIS, 	(11-APR-2025 09:17:25)
01/01/2007 00:00:00 , 23 , Marvel Falcon, 	(11-APR-2025 09:17:25)
01/01/2007 00:00:00 , 24 , Gaslog Gladstone, 	(11-APR-2025 09:17:25)
01/01/2007 00:00:00 , 25 , Flex Courageous, 	(11-APR-2025 09:17:25)
01/01/2007 00:00:00 , 26 , Velikiy Novgorod, 	(11-APR-2025 09:17:25)
01/01/2007 00:00:00 , 27 , Oak Spirit, 	(11-APR-2025 09:17:25)
01/01/2007 00:00:00 , 28 , Elisa Aquila, 	(11-APR-2025 09:17:25)
01/01/2007 00:00:00 , 29 , Amur River, 	(11-APR-2025 09:17:25)
01/01/2007 00:00:00 , 30 , PAN AMERICAS, 	(11-APR-2025 09:17:25)
01/01/2007 00:00:00 , 31 , SESTAO KNUTSEN, 	(11-APR-2025 09:17:25)
01/01/2007 00:00:00 , 32 , Torben Spirit, 	(11-APR-2025 09:17:25)
01/01/2007 00:00:00 , 33 , Amani, 	(11-APR-2025 09:17:25)
01/01/2007 00:00:00 , 34 , Maran Gas Ulysses, 	(11-APR-2025 09:17:25)
01/01/2007 00:00:00 , 35 , Arctic Voyager, 	(11-APR-2025 09:17:25)
01/01/2007 00:00:00 , 36 , Grace Emilia, 	(11-APR-2025 09:17:25)
01/01/2007 00:00:00 , 37 , Asia Integrity, 	(11-APR-2025 09:17:25)
01/01/2007 00:00:00 , 38 , Meridian Spirit, 	(11-APR-2025 09:17:25)
01/01/2007 00:00:00 , 39 , GOLAR CRYSTAL, 	(11-APR-2025 09:17:25)
01/01/2007 00:00:00 , 40 , Gaslog Westminster, 	(11-APR-2025 09:17:25)
01/01/2007 00:00:00 , 41 , FLEX ARTEMIS, 	(11-APR-2025 09:17:25)
01/01/2007 00:00:00 , 42 , GOLAR TUNDRA, 	(11-APR-2025 09:17:25)
01/01/2007 00:00:00 , 43 , Milaha Qatar, 	(11-APR-2025 09:17:25)
01/01/2007 00:00:00 , 44 , Orion Sun, 	(11-APR-2025 09:17:25)
01/01/2007 00:00:00 , 45 , LNG Lagos II, 	(11-APR-2025 09:17:25)
01/01/2007 00:00:00 , 46 , Cool Runner, 	(11-APR-2025 09:17:25)
01/01/2007 00:00:00 , 47 , LNG Alliance, 	(11-APR-2025 09:17:25)
01/01/2007 00:00:00 , 48 , Pan Europe, 	(11-APR-2025 09:17:25)
01/01/2007 00:00:00 , 49 , BW Brussels, 	(11-APR-2025 09:17:25)
01/01/2007 00:00:00 , 50 , Rioja Knutsen, 	(11-APR-2025 09:17:25)
01/01/2007 00:00:00 , 51 , GOLAR PENGUIN, 	(11-APR-2025 09:17:25)
01/01/2007 00:00:00 , 52 , BW Paris, 	(11-APR-2025 09:17:25)
01/01/2007 00:00:00 , 53 , Methane Kari Elin, 	(11-APR-2025 09:17:25)
01/01/2007 00:00:00 , 54 , Domestic Gas, 	(11-APR-2025 09:17:25)
01/01/2007 00:00:00 , 55 , SCF Timmerman , 	(11-APR-2025 09:17:25)
01/01/2007 00:00:00 , 56 , GAIL Bhuwan, 	(11-APR-2025 09:17:25)
01/01/2007 00:00:00 , 57 , Hoegh Gandria , 	(11-APR-2025 09:17:25)
01/01/2007 00:00:00 , 58 , Lusail, 	(11-APR-2025 09:17:25)
01/01/2007 00:00:00 , 59 , British Mentor, 	(11-APR-2025 09:17:25)
01/01/2007 00:00:00 , 60 , Pan Asia, 	(11-APR-2025 09:17:25)
01/01/2007 00:00:00 , 61 , Methane Princess, 	(11-APR-2025 09:17:25)
01/01/2007 00:00:00 , 62 , Gaslog Savannah, 	(11-APR-2025 09:17:25)
01/01/2007 00:00:00 , 63 , LNG FUKUROKUJU, 	(11-APR-2025 09:17:25)
01/01/2007 00:00:00 , 64 , Kita LNG, 	(11-APR-2025 09:17:25)
01/01/2007 00:00:00 , 65 , GASLOG HONG KONG, 	(11-APR-2025 09:17:25)
01/01/2007 00:00:00 , 66 , Maran Gas Pericles, 	(11-APR-2025 09:17:25)
01/01/2007 00:00:00 , 67 , Cubal, 	(11-APR-2025 09:17:25)
01/01/2007 00:00:00 , 68 , Seri Amanah, 	(11-APR-2025 09:17:25)
01/01/2007 00:00:00 , 69 , Golar Bear, 	(11-APR-2025 09:17:25)
01/01/2007 00:00:00 , 70 , Golar Snow, 	(11-APR-2025 09:17:25)
01/01/2007 00:00:00 , 71 , Galicia Spirit , 	(11-APR-2025 09:17:25)
01/01/2007 00:00:00 , 72 , Sonangol Etosha, 	(11-APR-2025 09:17:25)
01/01/2007 00:00:00 , 73 , LNG Lokoja, 	(11-APR-2025 09:17:25)
01/01/2007 00:00:00 , 74 , La Mancha Knutsen, 	(11-APR-2025 09:17:25)
01/01/2007 00:00:00 , 75 , LNG Finima II, 	(11-APR-2025 09:17:25)
01/01/2007 00:00:00 , 76 , Ibri LNG, 	(11-APR-2025 09:17:25)
01/01/2007 00:00:00 , 77 , Golar Kelvin, 	(11-APR-2025 09:17:25)
01/01/2007 00:00:00 , 78 , Soyo, 	(11-APR-2025 09:17:25)
01/01/2007 00:00:00 , 79 , Myrina, 	(11-APR-2025 09:17:25)
01/01/2007 00:00:00 , 80 , Methane Patricia Camila, 	(11-APR-2025 09:17:25)
01/01/2007 00:00:00 , 81 , Maran Gas Roxana, 	(11-APR-2025 09:17:25)
01/01/2007 00:00:00 , 82 , Gaslog Genoa, 	(11-APR-2025 09:17:25)
01/01/2007 00:00:00 , 83 , Lobito, 	(11-APR-2025 09:17:25)
01/01/2007 00:00:00 , 84 , Methane Alison Victoria, 	(11-APR-2025 09:17:25)
01/01/2007 00:00:00 , 85 , Mubaraz, 	(11-APR-2025 09:17:25)
01/01/2007 00:00:00 , 86 , ISH, 	(11-APR-2025 09:17:25)
01/01/2007 00:00:00 , 87 , Pan Africa, 	(11-APR-2025 09:17:25)
01/01/2007 00:00:00 , 88 , Maran Gas Olympias, 	(11-APR-2025 09:17:25)
01/01/2007 00:00:00 , 89 , Malanje, 	(11-APR-2025 09:17:25)
01/01/2007 00:00:00 , 90 , LNG Abalamabie, 	(11-APR-2025 09:17:25)
01/01/2007 00:00:00 , 91 , Marib Spirit, 	(11-APR-2025 09:17:25)
01/01/2007 00:00:00 , 92 , Maran Gas Coronis, 	(11-APR-2025 09:17:25)
01/01/2007 00:00:00 , 93 , Adam LNG, 	(11-APR-2025 09:17:25)
01/01/2007 00:00:00 , 94 , GASLOG SARATOGA, 	(11-APR-2025 09:17:25)
01/01/2007 00:00:00 , 95 , Al Hamra, 	(11-APR-2025 09:17:25)
01/01/2007 00:00:00 , 96 , Gaslog Santiago, 	(11-APR-2025 09:17:25)
01/01/2007 00:00:00 , 97 , Maran Gas Effessos, 	(11-APR-2025 09:17:25)
01/01/2007 00:00:00 , 98 , Sevilla Knutsen, 	(11-APR-2025 09:17:25)
01/01/2007 00:00:00 , 99 , SCF MITRE, 	(11-APR-2025 09:17:25)
01/01/2007 00:00:00 , 100 , :LNG Finima II, 	(11-APR-2025 09:17:25)
01/01/2007 00:00:00 , 101 , Sonangol Benguela, 	(11-APR-2025 09:17:25)
01/01/2007 00:00:00 , 102 , Bilbao Knutsen, 	(11-APR-2025 09:17:25)
01/01/2007 00:00:00 , 103 , LNG OYO, 	(11-APR-2025 09:17:25)
01/01/2007 00:00:00 , 104 , Gaslog Shanghai, 	(11-APR-2025 09:17:25)
01/01/2007 00:00:00 , 105 , Maran Gas Achilles, 	(11-APR-2025 09:17:25)
01/01/2007 00:00:00 , 106 , Methane Heather Sally, 	(11-APR-2025 09:17:25)
01/01/2007 00:00:00 , 107 , GHASHA, 	(11-APR-2025 09:17:25)
01/01/2007 00:00:00 , 108 , Golar Celsius, 	(11-APR-2025 09:17:25)
01/01/2007 00:00:00 , 109 , LNG River Orashi, 	(11-APR-2025 09:17:25)
01/01/2007 00:00:00 , 110 , CASTILLO DE SANTISTEBAN, 	(11-APR-2025 09:17:25)
01/01/2007 00:00:00 , 111 , LNG Benue, 	(11-APR-2025 09:17:25)
01/01/2007 00:00:00 , 112 , Puteri Delima Satu, 	(11-APR-2025 09:17:25)
01/01/2007 00:00:00 , 113 , Clean Energy, 	(11-APR-2025 09:17:25)
01/01/2007 00:00:00 , 114 , Maran Gas Lindos, 	(11-APR-2025 09:17:25)
01/01/2007 00:00:00 , 115 , LNG Borno, 	(11-APR-2025 09:17:25)
01/01/2007 00:00:00 , 116 , PALU LNG, 	(11-APR-2025 09:17:25)
01/01/2007 00:00:00 , 117 , LNG Bonny II, 	(11-APR-2025 09:17:25)
01/01/2007 00:00:00 , 118 , LNG OGUN, 	(11-APR-2025 09:17:25)
01/01/2007 00:00:00 , 119 , LNG Abuja II, 	(11-APR-2025 09:17:25)
01/01/2007 00:00:00 , 120 , Express, 	(11-APR-2025 09:17:25)
01/01/2007 00:00:00 , 121 , Sonangol Sambizanga, 	(11-APR-2025 09:17:25)
01/01/2007 00:00:00 , 122 , Gaslog Geneva, 	(11-APR-2025 09:17:25)
01/01/2007 00:00:00 , 123 , Symphonic Breeze, 	(11-APR-2025 09:17:25)
01/01/2007 00:00:00 , 124 , Macoma, 	(11-APR-2025 09:17:25)
01/01/2007 00:00:00 , 125 , PSKOV, 	(11-APR-2025 09:17:25)
01/01/2007 00:00:00 , 126 , Methane Nile Eagle, 	(11-APR-2025 09:17:25)
01/01/2007 00:00:00 , 127 , Seri Camellia, 	(11-APR-2025 09:17:25)
01/01/2007 00:00:00 , 128 , Gracilis, 	(11-APR-2025 09:17:25)
01/01/2007 00:00:00 , 129 , Grand Elena, 	(11-APR-2025 09:17:25)
01/01/2007 00:00:00 , 130 , Sohar LNG, 	(11-APR-2025 09:17:25)
01/01/2007 00:00:00 , 131 , Berge Arzew, 	(11-APR-2025 09:17:25)
01/01/2007 00:00:00 , 132 , Seri Alam, 	(11-APR-2025 09:17:25)
01/01/2007 00:00:00 , 133 , LNG Tenega Ampet, 	(11-APR-2025 09:17:25)
01/01/2007 00:00:00 , 134 , Seri Begawan, 	(11-APR-2025 09:17:25)
01/01/2007 00:00:00 , 135 , Salalah LNG, 	(11-APR-2025 09:17:25)
01/01/2007 00:00:00 , 136 , Seri Bijasksana, 	(11-APR-2025 09:17:25)
01/01/2007 00:00:00 , 137 , British Ruby, 	(11-APR-2025 09:17:25)
01/01/2007 00:00:00 , 138 , Golar Mazo, 	(11-APR-2025 09:17:25)
01/01/2007 00:00:00 , 139 , Grand Mereya, 	(11-APR-2025 09:17:25)
01/01/2007 00:00:00 , 140 , Hyundai Aquapia, 	(11-APR-2025 09:17:25)
01/01/2007 00:00:00 , 141 , Al Sahla, 	(11-APR-2025 09:17:25)
01/01/2007 00:00:00 , 142 , Al Nuaman, 	(11-APR-2025 09:17:25)
01/01/2007 00:00:00 , 143 , LNG Pioneer, 	(11-APR-2025 09:17:25)
01/01/2007 00:00:00 , 144 , Al Wajbah, 	(11-APR-2025 09:17:25)
01/01/2007 00:00:00 , 145 , AL BIDDA, 	(11-APR-2025 09:17:25)
01/01/2007 00:00:00 , 146 , AL Ghashamiya, 	(11-APR-2025 09:17:25)
01/01/2007 00:00:00 , 147 , CADIZ KNUTSEN, 	(11-APR-2025 09:17:25)
01/01/2007 00:00:00 , 148 , Al Kharsaah, 	(11-APR-2025 09:17:25)
01/01/2007 00:00:00 , 149 , Seri Balhaf, 	(11-APR-2025 09:17:25)
01/01/2007 00:00:00 , 150 , MURWAB, 	(11-APR-2025 09:17:25)
01/01/2007 00:00:00 , 151 , OYO, 	(11-APR-2025 09:17:25)
01/01/2007 00:00:00 , 152 , AL KARAANA, 	(11-APR-2025 09:17:25)
01/01/2007 00:00:00 , 153 , AL SADD, 	(11-APR-2025 09:17:25)
01/01/2007 00:00:00 , 154 , AL KHATTIYA, 	(11-APR-2025 09:17:25)
01/01/2007 00:00:00 , 155 , Trinity Arrow, 	(11-APR-2025 09:17:25)
01/01/2007 00:00:00 , 156 , BW GDF Suez Paris, 	(11-APR-2025 09:17:25)
01/01/2007 00:00:00 , 157 , Al Rekayyat, 	(11-APR-2025 09:17:25)
01/01/2007 00:00:00 , 158 , Umm Bab, 	(11-APR-2025 09:17:25)
01/01/2007 00:00:00 , 159 , UmmAl Amad, 	(11-APR-2025 09:17:25)
01/01/2007 00:00:00 , 160 , LNG Enugu, 	(11-APR-2025 09:17:25)
01/01/2007 00:00:00 , 161 , Gaslog Salem, 	(11-APR-2025 09:17:25)
01/01/2007 00:00:00 , 162 , Al Jasra, 	(11-APR-2025 09:17:25)
01/01/2007 00:00:00 , 163 , AL KHAZNAH, 	(11-APR-2025 09:17:25)
01/01/2007 00:00:00 , 164 , LNG IMO, 	(11-APR-2025 09:17:25)
01/01/2007 00:00:00 , 165 , Arctic Aurora, 	(11-APR-2025 09:17:25)
01/01/2007 00:00:00 , 166 , WILPRIDE, 	(11-APR-2025 09:17:25)
01/01/2007 00:00:00 , 167 , LNG ONDO, 	(11-APR-2025 09:17:25)
01/01/2007 00:00:00 , 168 , Maran Gas Alexandria, 	(11-APR-2025 09:17:25)
01/01/2007 00:00:00 , 169 , Maran Gas Troy, 	(11-APR-2025 09:17:25)
01/01/2007 00:00:00 , 170 , Maran Gas Agamemnon, 	(11-APR-2025 09:17:25)
01/01/2007 00:00:00 , 171 , ASIA ENERGY, 	(11-APR-2025 09:17:25)
01/01/2007 00:00:00 , 172 , MARAN GAS MYSTRAS, 	(11-APR-2025 09:17:25)
01/01/2007 00:00:00 , 173 , Maran Gas Apollonia, 	(11-APR-2025 09:17:25)
01/01/2007 00:00:00 , 174 , Gaslog Gibraltar, 	(11-APR-2025 09:17:25)
01/01/2007 00:00:00 , 175 , British Emerald, 	(11-APR-2025 09:17:25)
01/01/2007 00:00:00 , 176 , Golar Glacier, 	(11-APR-2025 09:17:25)
01/01/2007 00:00:00 , 177 , Grace Cosmos, 	(11-APR-2025 09:17:25)
01/01/2007 00:00:00 , 178 , Clean Horizon, 	(11-APR-2025 09:17:25)
01/01/2007 00:00:00 , 179 , Gaslog Glasgow, 	(11-APR-2025 09:17:25)
01/01/2007 00:00:00 , 180 , Corcovado LNG, 	(11-APR-2025 09:17:25)
01/01/2007 00:00:00 , 181 , BW GDF Suez Brussels, 	(11-APR-2025 09:17:25)
01/01/2007 00:00:00 , 182 , Neo Energy, 	(11-APR-2025 09:17:25)
01/01/2007 00:00:00 , 183 , Ejnan , 	(11-APR-2025 09:17:25)
01/01/2007 00:00:00 , 184 , Granosa, 	(11-APR-2025 09:17:25)
01/01/2007 00:00:00 , 185 , Al Thakhira, 	(11-APR-2025 09:17:25)
01/01/2007 00:00:00 , 186 , LNG Bayelsa, 	(11-APR-2025 09:17:25)
01/01/2007 00:00:00 , 187 , Simaisma, 	(11-APR-2025 09:17:25)
01/01/2007 00:00:00 , 188 , LNG Cross River, 	(11-APR-2025 09:17:25)
01/01/2007 00:00:00 , 189 , LNG Maran Gas Asclepius, 	(11-APR-2025 09:17:25)
01/01/2007 00:00:00 , 190 , Grand Aniva, 	(11-APR-2025 09:17:25)
01/01/2007 00:00:00 , 191 , British Merchant, 	(11-APR-2025 09:17:25)
01/01/2007 00:00:00 , 192 , Gaselys, 	(11-APR-2025 09:17:25)
01/01/2007 00:00:00 , 193 , Galea, 	(11-APR-2025 09:17:25)
01/01/2007 00:00:00 , 194 , LNG Finima, 	(11-APR-2025 09:17:25)
01/01/2007 00:00:00 , 195 , Excel, 	(11-APR-2025 09:17:25)
01/01/2007 00:00:00 , 196 , Dummy Vessel, 	(11-APR-2025 09:17:25)
01/01/2007 00:00:00 , 197 , Mithane Shirley Elisabeth, 	(11-APR-2025 09:17:25)
01/01/2007 00:00:00 , 198 , Borno, 	(11-APR-2025 09:17:25)
01/01/2007 00:00:00 , 199 , Maesk Methane, 	(11-APR-2025 09:17:25)
01/01/2007 00:00:00 , 200 , Al Marrouna, 	(11-APR-2025 09:17:25)
01/01/2007 00:00:00 , 201 , Al Hamla, 	(11-APR-2025 09:17:25)
01/01/2007 00:00:00 , 202 , Al Gattara, 	(11-APR-2025 09:17:25)
01/01/2007 00:00:00 , 203 , Fuwairit, 	(11-APR-2025 09:17:25)
01/01/2007 00:00:00 , 204 , Al Areesh, 	(11-APR-2025 09:17:25)
01/01/2007 00:00:00 , 205 , Al Utouriya, 	(11-APR-2025 09:17:25)
01/01/2007 00:00:00 , 206 , LNG Sokoto, 	(11-APR-2025 09:17:25)
01/01/2007 00:00:00 , 207 , Maersk Marib, 	(11-APR-2025 09:17:25)
01/01/2007 00:00:00 , 208 , Al Ghariya, 	(11-APR-2025 09:17:25)
01/01/2007 00:00:00 , 209 , Al Khor, 	(11-APR-2025 09:17:25)
01/01/2007 00:00:00 , 210 , Al Zubarah, 	(11-APR-2025 09:17:25)
01/01/2007 00:00:00 , 211 , Al Safliya, 	(11-APR-2025 09:17:25)
01/01/2007 00:00:00 , 212 , AL BAHIYA, 	(11-APR-2025 09:17:25)
01/01/2007 00:00:00 , 213 , AL RUWAIS, 	(11-APR-2025 09:17:25)
01/01/2007 00:00:00 , 214 , Energy Navigator, 	(11-APR-2025 09:17:25)
01/01/2007 00:00:00 , 215 , Arctic Lady, 	(11-APR-2025 09:17:25)
01/01/2007 00:00:00 , 216 , AL HUWAILA, 	(11-APR-2025 09:17:25)
01/01/2007 00:00:00 , 217 , DUHAIL, 	(11-APR-2025 09:17:25)
01/01/2007 00:00:00 , 218 , LNG ADAMAWA, 	(11-APR-2025 09:17:25)
01/01/2007 00:00:00 , 219 , Maersk Arwa, 	(11-APR-2025 09:17:25)
01/01/2007 00:00:00 , 220 , AL KHARAITIYAT, 	(11-APR-2025 09:17:25)
01/01/2007 00:00:00 , 221 , AL GHARRAFA, 	(11-APR-2025 09:17:25)
01/01/2007 00:00:00 , 222 , AL Deebel, 	(11-APR-2025 09:17:25)
01/01/2007 00:00:00 , 223 , Mesaimeer, 	(11-APR-2025 09:17:25)
01/01/2007 00:00:00 , 224 , Al Oraiq, 	(11-APR-2025 09:17:25)
01/01/2007 00:00:00 , 225 , Al Khuwair, 	(11-APR-2025 09:17:25)
01/01/2007 00:00:00 , 226 , LNG Solaris, 	(11-APR-2025 09:17:25)
01/01/2007 00:00:00 , 227 , LNG Khattiya, 	(11-APR-2025 09:17:25)
01/01/2007 00:00:00 , 228 , TRINITY GLORY, 	(11-APR-2025 09:17:25)
01/01/2007 00:00:00 , 229 , GDF Suez Cape Ann, 	(11-APR-2025 09:17:25)
01/01/2007 00:00:00 , 230 , Iberica Knutsen, 	(11-APR-2025 09:17:25)
01/01/2007 00:00:00 , 231 , Methane Lydon Volney, 	(11-APR-2025 09:17:25)
01/01/2007 00:00:00 , 232 , Methane Rita Andrea, 	(11-APR-2025 09:17:25)
01/01/2007 00:00:00 , 233 , Catalunya Spirit, 	(11-APR-2025 09:17:25)
01/01/2007 00:00:00 , 234 , Tembek, 	(11-APR-2025 09:17:25)
01/01/2007 00:00:00 , 235 , Maersk Magellan, 	(11-APR-2025 09:17:25)
01/01/2007 00:00:00 , 236 , Gemmata, 	(11-APR-2025 09:17:25)
01/01/2007 00:00:00 , 237 , Galeomma, 	(11-APR-2025 09:17:25)
01/01/2007 00:00:00 , 238 , Gallina, 	(11-APR-2025 09:17:25)
01/01/2007 00:00:00 , 239 , LNG River Niger, 	(11-APR-2025 09:17:25)
01/01/2007 00:00:00 , 240 , Nizwa LNG, 	(11-APR-2025 09:17:25)
01/01/2007 00:00:00 , 241 , Muscat LNG, 	(11-APR-2025 09:17:25)
01/01/2007 00:00:00 , 242 , Castillo De Villalba, 	(11-APR-2025 09:17:25)
01/01/2007 00:00:00 , 243 , Maersk Qatar, 	(11-APR-2025 09:17:25)
01/01/2007 00:00:00 , 244 , Seri Balqis, 	(11-APR-2025 09:17:25)
01/01/2007 00:00:00 , 245 , Excallibur, 	(11-APR-2025 09:17:25)
01/01/2007 00:00:00 , 246 , Seri Angkasa, 	(11-APR-2025 09:17:25)
01/01/2007 00:00:00 , 247 , Grandis, 	(11-APR-2025 09:17:25)
01/01/2007 00:00:00 , 248 , Ibra LNG, 	(11-APR-2025 09:17:25)
01/01/2007 00:00:00 , 249 , Golar Frost, 	(11-APR-2025 09:17:25)
01/01/2007 00:00:00 , 250 , Clean Power, 	(11-APR-2025 09:17:25)
01/01/2007 00:00:00 , 251 , Arwa Spirit, 	(11-APR-2025 09:17:25)
01/01/2007 00:00:00 , 252 , Zekreet, 	(11-APR-2025 09:17:25)
01/01/2007 00:00:00 , 253 , Milaha Ras Laffan, 	(11-APR-2025 09:17:25)
01/01/2007 00:00:00 , 254 , ONAIZA, 	(11-APR-2025 09:17:25)
01/01/2007 00:00:00 , 255 , Al Aamriya, 	(11-APR-2025 09:17:25)
01/01/2007 00:00:00 , 256 , Al Daayen, 	(11-APR-2025 09:17:25)
01/01/2007 00:00:00 , 257 , Al Thumama, 	(11-APR-2025 09:17:25)
01/01/2007 00:00:00 , 258 , Fraiha, 	(11-APR-2025 09:17:25)
01/01/2007 00:00:00 , 259 , LNG Rivers, 	(11-APR-2025 09:17:25)
01/01/2007 00:00:00 , 260 , GDF SUEZ Point Fortin, 	(11-APR-2025 09:17:25)
01/01/2007 00:00:00 , 261 , Al Shamal, 	(11-APR-2025 09:17:25)
01/01/2007 00:00:00 , 262 , Al Sheehaniya, 	(11-APR-2025 09:17:25)
01/01/2007 00:00:00 , 263 , LNG AKWA IBOM, 	(11-APR-2025 09:17:25)
01/01/2007 00:00:00 , 264 , Madrid Spirit, 	(11-APR-2025 09:17:25)
01/01/2007 00:00:00 , 265 , Clean Ocean, 	(11-APR-2025 09:17:25)
01/01/2007 00:00:00 , 266 , SEISHU MARU, 	(11-APR-2025 09:17:25)
01/01/2007 00:00:00 , 267 , Valencia Knutsen, 	(11-APR-2025 09:17:25)
01/01/2007 00:00:00 , 268 , Golar Spirit, 	(11-APR-2025 09:17:25)
01/01/2007 00:00:00 , 269 , LNG Kano, 	(11-APR-2025 09:17:25)
01/01/2007 00:00:00 , 270 , HongKong Energy, 	(11-APR-2025 09:17:25)
01/01/2007 00:00:00 , 271 , MARVEL HAWK, 	(11-APR-2025 09:17:25)
01/01/2007 00:00:00 , 272 , ITL, 	(11-APR-2025 09:17:25)
01/01/2007 00:00:00 , 273 , Lena River, 	(11-APR-2025 09:17:25)
01/01/2007 00:00:00 , 274 , Energy Integrity, 	(11-APR-2025 09:17:25)
01/01/2007 00:00:00 , 275 , LNG Enterprise, 	(11-APR-2025 09:17:25)
01/01/2007 00:00:00 , 276 , WEN CHENG, 	(11-APR-2025 09:17:25)
01/01/2007 00:00:00 , 277 , TANGGUH PALUNG, 	(11-APR-2025 09:17:25)
01/01/2007 00:00:00 , 278 , EXTREMADURA KNUTSEN, 	(11-APR-2025 09:17:25)
01/01/2007 00:00:00 , 279 , AMORE MIO I, 	(11-APR-2025 09:17:25)
01/01/2007 00:00:00 , 280 , BW ENN SNOW LOTUS, 	(11-APR-2025 09:17:25)
01/01/2007 00:00:00 , 281 , Energy Endeavour, 	(11-APR-2025 09:17:25)
01/01/2007 00:00:00 , 282 , Wudang, 	(11-APR-2025 09:17:25)
01/01/2007 00:00:00 , 283 , Kool Blizzard, 	(11-APR-2025 09:17:25)
02/05/2022 00:00:00 , 2 , Titanic, 	(11-APR-2025 09:17:25)	 (Not Deleted)

TOTAL DATA DELETED : ,281,, 	(11-APR-2025 09:17:25)
 
<<ROLLBACK_END>>,<<FMS_SHIP_MST()>>,, 	(11-APR-2025 09:17:25)
 

<<ROLLBACK_START>>,<<FMS_ENTITY_TURNOVER_DTL()>>,,, 	(11-APR-2025 09:17:25)
 

TOTAL DATA DELETED : ,0,,, 	(11-APR-2025 09:17:25)
 

<<ROLLBACK_END>>,<<FMS_ENTITY_TURNOVER_DTL()>>,,, 	(11-APR-2025 09:17:25)
 

<<ROLLBACK_START>>,<<FMS_BANK_MST()>>,,, 	(11-APR-2025 09:17:25)
 
BANK_CD,BANK_NAME,BANK_ABBR,EFF_DATE,TIMESTAMP
1001,STANDARD CHARTERED BANK,SCB , 01/08/2022 00:00:00, 	(11-APR-2025 09:17:25)	 (Not Deleted)
1002,STATE BANK OF INDIA,SBI , 01/08/2022 08:01:54, 	(11-APR-2025 09:17:25)	 (Not Deleted)
1003,BANK OF BARODA,BOB , 01/08/2022 08:02:28, 	(11-APR-2025 09:17:25)	 (Not Deleted)
1004,DISTRICT BANK OF ARAVALLI,DOBA , 24/09/2023 00:00:00, 	(11-APR-2025 09:17:25)	 (Not Deleted)
1005,BANK OF MALABAR ,BOM , 28/05/2023 00:00:00, 	(11-APR-2025 09:17:25)	 (Not Deleted)
1006,HDFC Bank,HDFC , 31/10/2022 00:00:00, 	(11-APR-2025 09:17:25)	 (Not Deleted)

TOTAL DATA DELETED : ,0,,, 	(11-APR-2025 09:17:25)
 
<<ROLLBACK_END>>,<<FMS_BANK_MST()>>,,, 	(11-APR-2025 09:17:25)
 

<<ROLLBACK_START>>,<<FMS_EXCHG_RATE_ENTRY()>>, 	(11-APR-2025 09:17:25)
 
EXCHG_RATE_CD,EFF_DT,TIMESTAMP
6,09/09/2008 00:00:00, 	(11-APR-2025 09:17:26)
6,10/09/2008 00:00:00, 	(11-APR-2025 09:17:26)
6,14/09/2008 00:00:00, 	(11-APR-2025 09:17:26)
6,15/09/2008 00:00:00, 	(11-APR-2025 09:17:26)
6,16/09/2008 00:00:00, 	(11-APR-2025 09:17:26)
6,17/09/2008 00:00:00, 	(11-APR-2025 09:17:26)
6,18/09/2008 00:00:00, 	(11-APR-2025 09:17:26)
6,20/09/2008 00:00:00, 	(11-APR-2025 09:17:26)
6,21/09/2008 00:00:00, 	(11-APR-2025 09:17:26)
6,22/09/2008 00:00:00, 	(11-APR-2025 09:17:26)
6,23/09/2008 00:00:00, 	(11-APR-2025 09:17:26)
6,24/09/2008 00:00:00, 	(11-APR-2025 09:17:26)
6,28/09/2008 00:00:00, 	(11-APR-2025 09:17:26)
6,29/09/2008 00:00:00, 	(11-APR-2025 09:17:26)
6,30/09/2008 00:00:00, 	(11-APR-2025 09:17:26)
6,01/10/2008 00:00:00, 	(11-APR-2025 09:17:26)
6,02/10/2008 00:00:00, 	(11-APR-2025 09:17:26)
6,08/10/2008 00:00:00, 	(11-APR-2025 09:17:26)
6,09/10/2008 00:00:00, 	(11-APR-2025 09:17:26)
6,10/10/2008 00:00:00, 	(11-APR-2025 09:17:26)
6,11/10/2008 00:00:00, 	(11-APR-2025 09:17:26)
6,12/10/2008 00:00:00, 	(11-APR-2025 09:17:26)
6,25/10/2008 00:00:00, 	(11-APR-2025 09:17:26)
6,26/10/2008 00:00:00, 	(11-APR-2025 09:17:26)
6,27/10/2008 00:00:00, 	(11-APR-2025 09:17:26)
6,28/10/2008 00:00:00, 	(11-APR-2025 09:17:26)
6,29/10/2008 00:00:00, 	(11-APR-2025 09:17:26)
6,05/01/2009 00:00:00, 	(11-APR-2025 09:17:26)
6,06/01/2009 00:00:00, 	(11-APR-2025 09:17:26)
6,07/01/2009 00:00:00, 	(11-APR-2025 09:17:26)
6,08/01/2009 00:00:00, 	(11-APR-2025 09:17:26)
6,09/01/2009 00:00:00, 	(11-APR-2025 09:17:26)
6,01/03/2009 00:00:00, 	(11-APR-2025 09:17:26)
6,02/03/2009 00:00:00, 	(11-APR-2025 09:17:26)
6,03/03/2009 00:00:00, 	(11-APR-2025 09:17:26)
6,11/03/2009 00:00:00, 	(11-APR-2025 09:17:26)
6,12/03/2009 00:00:00, 	(11-APR-2025 09:17:26)
6,13/03/2009 00:00:00, 	(11-APR-2025 09:17:26)
6,14/03/2009 00:00:00, 	(11-APR-2025 09:17:26)
6,15/03/2009 00:00:00, 	(11-APR-2025 09:17:26)
6,24/03/2009 00:00:00, 	(11-APR-2025 09:17:26)
6,25/03/2009 00:00:00, 	(11-APR-2025 09:17:26)
6,26/03/2009 00:00:00, 	(11-APR-2025 09:17:26)
6,27/03/2009 00:00:00, 	(11-APR-2025 09:17:26)
6,28/03/2009 00:00:00, 	(11-APR-2025 09:17:26)
6,29/03/2009 00:00:00, 	(11-APR-2025 09:17:26)
6,30/03/2009 00:00:00, 	(11-APR-2025 09:17:26)
6,31/03/2009 00:00:00, 	(11-APR-2025 09:17:26)
6,07/04/2009 00:00:00, 	(11-APR-2025 09:17:26)
6,08/04/2009 00:00:00, 	(11-APR-2025 09:17:26)
6,09/04/2009 00:00:00, 	(11-APR-2025 09:17:26)
6,10/04/2009 00:00:00, 	(11-APR-2025 09:17:26)
6,11/04/2009 00:00:00, 	(11-APR-2025 09:17:26)
6,12/04/2009 00:00:00, 	(11-APR-2025 09:17:26)
6,13/04/2009 00:00:00, 	(11-APR-2025 09:17:26)
6,14/04/2009 00:00:00, 	(11-APR-2025 09:17:26)
6,26/04/2009 00:00:00, 	(11-APR-2025 09:17:26)
6,27/04/2009 00:00:00, 	(11-APR-2025 09:17:26)
6,28/04/2009 00:00:00, 	(11-APR-2025 09:17:26)
6,29/04/2009 00:00:00, 	(11-APR-2025 09:17:26)
6,30/04/2009 00:00:00, 	(11-APR-2025 09:17:26)
6,11/05/2009 00:00:00, 	(11-APR-2025 09:17:26)
6,12/05/2009 00:00:00, 	(11-APR-2025 09:17:26)
6,13/05/2009 00:00:00, 	(11-APR-2025 09:17:26)
6,14/05/2009 00:00:00, 	(11-APR-2025 09:17:26)
6,15/05/2009 00:00:00, 	(11-APR-2025 09:17:26)
6,26/05/2009 00:00:00, 	(11-APR-2025 09:17:26)
6,27/05/2009 00:00:00, 	(11-APR-2025 09:17:26)
6,28/05/2009 00:00:00, 	(11-APR-2025 09:17:26)
6,29/05/2009 00:00:00, 	(11-APR-2025 09:17:26)
6,30/05/2009 00:00:00, 	(11-APR-2025 09:17:26)
6,11/06/2009 00:00:00, 	(11-APR-2025 09:17:26)
6,12/06/2009 00:00:00, 	(11-APR-2025 09:17:26)
6,13/06/2009 00:00:00, 	(11-APR-2025 09:17:26)
6,14/06/2009 00:00:00, 	(11-APR-2025 09:17:26)
6,15/06/2009 00:00:00, 	(11-APR-2025 09:17:26)
6,17/06/2009 00:00:00, 	(11-APR-2025 09:17:26)
6,18/06/2009 00:00:00, 	(11-APR-2025 09:17:26)
6,19/06/2009 00:00:00, 	(11-APR-2025 09:17:26)
6,20/06/2009 00:00:00, 	(11-APR-2025 09:17:26)
6,21/06/2009 00:00:00, 	(11-APR-2025 09:17:26)
6,22/06/2009 00:00:00, 	(11-APR-2025 09:17:26)
6,23/06/2009 00:00:00, 	(11-APR-2025 09:17:26)
6,24/06/2009 00:00:00, 	(11-APR-2025 09:17:26)
6,10/07/2009 00:00:00, 	(11-APR-2025 09:17:26)
6,11/07/2009 00:00:00, 	(11-APR-2025 09:17:26)
6,12/07/2009 00:00:00, 	(11-APR-2025 09:17:26)
6,13/07/2009 00:00:00, 	(11-APR-2025 09:17:26)
6,14/07/2009 00:00:00, 	(11-APR-2025 09:17:26)
6,15/07/2009 00:00:00, 	(11-APR-2025 09:17:26)
6,16/07/2009 00:00:00, 	(11-APR-2025 09:17:26)
6,17/07/2009 00:00:00, 	(11-APR-2025 09:17:26)
6,18/07/2009 00:00:00, 	(11-APR-2025 09:17:26)
6,03/08/2009 00:00:00, 	(11-APR-2025 09:17:26)
6,04/08/2009 00:00:00, 	(11-APR-2025 09:17:26)
6,05/08/2009 00:00:00, 	(11-APR-2025 09:17:26)
6,06/08/2009 00:00:00, 	(11-APR-2025 09:17:26)
6,07/08/2009 00:00:00, 	(11-APR-2025 09:17:26)
6,08/08/2009 00:00:00, 	(11-APR-2025 09:17:26)
6,14/08/2009 00:00:00, 	(11-APR-2025 09:17:26)
6,15/08/2009 00:00:00, 	(11-APR-2025 09:17:26)
6,16/08/2009 00:00:00, 	(11-APR-2025 09:17:26)
6,17/08/2009 00:00:00, 	(11-APR-2025 09:17:26)
6,18/08/2009 00:00:00, 	(11-APR-2025 09:17:26)
6,24/08/2009 00:00:00, 	(11-APR-2025 09:17:26)
6,25/08/2009 00:00:00, 	(11-APR-2025 09:17:26)
6,26/08/2009 00:00:00, 	(11-APR-2025 09:17:26)
6,27/08/2009 00:00:00, 	(11-APR-2025 09:17:26)
6,28/08/2009 00:00:00, 	(11-APR-2025 09:17:26)
6,29/08/2009 00:00:00, 	(11-APR-2025 09:17:26)
6,30/08/2009 00:00:00, 	(11-APR-2025 09:17:26)
6,10/09/2009 00:00:00, 	(11-APR-2025 09:17:26)
6,11/09/2009 00:00:00, 	(11-APR-2025 09:17:26)
6,12/09/2009 00:00:00, 	(11-APR-2025 09:17:26)
6,13/09/2009 00:00:00, 	(11-APR-2025 09:17:26)
6,14/09/2009 00:00:00, 	(11-APR-2025 09:17:26)
6,21/09/2009 00:00:00, 	(11-APR-2025 09:17:26)
6,22/09/2009 00:00:00, 	(11-APR-2025 09:17:26)
6,23/09/2009 00:00:00, 	(11-APR-2025 09:17:26)
6,24/09/2009 00:00:00, 	(11-APR-2025 09:17:26)
6,25/09/2009 00:00:00, 	(11-APR-2025 09:17:26)
6,26/09/2009 00:00:00, 	(11-APR-2025 09:17:26)
6,27/09/2009 00:00:00, 	(11-APR-2025 09:17:26)
6,28/09/2009 00:00:00, 	(11-APR-2025 09:17:26)
6,29/09/2009 00:00:00, 	(11-APR-2025 09:17:26)
6,08/10/2009 00:00:00, 	(11-APR-2025 09:17:26)
6,09/10/2009 00:00:00, 	(11-APR-2025 09:17:26)
6,10/10/2009 00:00:00, 	(11-APR-2025 09:17:26)
6,11/10/2009 00:00:00, 	(11-APR-2025 09:17:26)
6,12/10/2009 00:00:00, 	(11-APR-2025 09:17:26)
6,19/10/2009 00:00:00, 	(11-APR-2025 09:17:26)
6,20/10/2009 00:00:00, 	(11-APR-2025 09:17:26)
6,21/10/2009 00:00:00, 	(11-APR-2025 09:17:26)
6,22/10/2009 00:00:00, 	(11-APR-2025 09:17:26)
6,23/10/2009 00:00:00, 	(11-APR-2025 09:17:26)
6,01/11/2009 00:00:00, 	(11-APR-2025 09:17:26)
6,02/11/2009 00:00:00, 	(11-APR-2025 09:17:26)
6,03/11/2009 00:00:00, 	(11-APR-2025 09:17:26)
6,04/11/2009 00:00:00, 	(11-APR-2025 09:17:26)
6,05/11/2009 00:00:00, 	(11-APR-2025 09:17:26)
6,06/11/2009 00:00:00, 	(11-APR-2025 09:17:26)
6,07/11/2009 00:00:00, 	(11-APR-2025 09:17:26)
6,08/11/2009 00:00:00, 	(11-APR-2025 09:17:26)
6,01/12/2009 00:00:00, 	(11-APR-2025 09:17:26)
6,02/12/2009 00:00:00, 	(11-APR-2025 09:17:26)
6,03/12/2009 00:00:00, 	(11-APR-2025 09:17:26)
6,04/12/2009 00:00:00, 	(11-APR-2025 09:17:26)
6,23/03/2010 00:00:00, 	(11-APR-2025 09:17:26)
6,24/03/2010 00:00:00, 	(11-APR-2025 09:17:26)
6,25/03/2010 00:00:00, 	(11-APR-2025 09:17:26)
6,26/03/2010 00:00:00, 	(11-APR-2025 09:17:26)
6,27/03/2010 00:00:00, 	(11-APR-2025 09:17:26)
6,21/04/2010 00:00:00, 	(11-APR-2025 09:17:26)
6,23/04/2010 00:00:00, 	(11-APR-2025 09:17:26)
6,24/04/2010 00:00:00, 	(11-APR-2025 09:17:26)
6,25/04/2010 00:00:00, 	(11-APR-2025 09:17:26)
6,30/05/2010 00:00:00, 	(11-APR-2025 09:17:26)
6,31/05/2010 00:00:00, 	(11-APR-2025 09:17:26)
6,01/06/2010 00:00:00, 	(11-APR-2025 09:17:26)
6,02/06/2010 00:00:00, 	(11-APR-2025 09:17:26)
6,03/06/2010 00:00:00, 	(11-APR-2025 09:17:26)
6,01/08/2010 00:00:00, 	(11-APR-2025 09:17:26)
6,02/08/2010 00:00:00, 	(11-APR-2025 09:17:26)
6,03/08/2010 00:00:00, 	(11-APR-2025 09:17:26)
6,04/08/2010 00:00:00, 	(11-APR-2025 09:17:26)
6,05/08/2010 00:00:00, 	(11-APR-2025 09:17:26)
6,12/09/2010 00:00:00, 	(11-APR-2025 09:17:26)
6,13/09/2010 00:00:00, 	(11-APR-2025 09:17:26)
6,14/09/2010 00:00:00, 	(11-APR-2025 09:17:26)
6,15/09/2010 00:00:00, 	(11-APR-2025 09:17:26)
6,16/09/2010 00:00:00, 	(11-APR-2025 09:17:26)
6,24/09/2010 00:00:00, 	(11-APR-2025 09:17:26)
6,25/09/2010 00:00:00, 	(11-APR-2025 09:17:26)
6,26/09/2010 00:00:00, 	(11-APR-2025 09:17:26)
6,27/09/2010 00:00:00, 	(11-APR-2025 09:17:26)
6,28/09/2010 00:00:00, 	(11-APR-2025 09:17:26)
6,04/10/2010 00:00:00, 	(11-APR-2025 09:17:26)
6,17/02/2010 00:00:00, 	(11-APR-2025 09:17:26)
6,15/02/2010 00:00:00, 	(11-APR-2025 09:17:26)
6,06/10/2010 00:00:00, 	(11-APR-2025 09:17:26)
6,07/10/2010 00:00:00, 	(11-APR-2025 09:17:26)
6,08/10/2010 00:00:00, 	(11-APR-2025 09:17:26)
6,12/04/2005 00:00:00, 	(11-APR-2025 09:17:26)
6,13/04/2005 00:00:00, 	(11-APR-2025 09:17:26)
6,14/04/2005 00:00:00, 	(11-APR-2025 09:17:26)
6,15/04/2005 00:00:00, 	(11-APR-2025 09:17:26)
6,16/04/2005 00:00:00, 	(11-APR-2025 09:17:26)
6,17/04/2005 00:00:00, 	(11-APR-2025 09:17:26)
6,11/06/2005 00:00:00, 	(11-APR-2025 09:17:26)
6,12/06/2005 00:00:00, 	(11-APR-2025 09:17:26)
6,13/06/2005 00:00:00, 	(11-APR-2025 09:17:26)
6,14/06/2005 00:00:00, 	(11-APR-2025 09:17:26)
6,15/06/2005 00:00:00, 	(11-APR-2025 09:17:26)
6,16/06/2005 00:00:00, 	(11-APR-2025 09:17:26)
6,01/10/2005 00:00:00, 	(11-APR-2025 09:17:26)
6,02/10/2005 00:00:00, 	(11-APR-2025 09:17:26)
6,03/10/2005 00:00:00, 	(11-APR-2025 09:17:26)
6,04/10/2005 00:00:00, 	(11-APR-2025 09:17:26)
6,05/10/2005 00:00:00, 	(11-APR-2025 09:17:26)
6,15/04/2006 00:00:00, 	(11-APR-2025 09:17:26)
6,11/04/2006 00:00:00, 	(11-APR-2025 09:17:26)
6,12/04/2006 00:00:00, 	(11-APR-2025 09:17:26)
6,13/04/2006 00:00:00, 	(11-APR-2025 09:17:26)
6,14/04/2006 00:00:00, 	(11-APR-2025 09:17:26)
6,27/05/2006 00:00:00, 	(11-APR-2025 09:17:26)
6,28/05/2006 00:00:00, 	(11-APR-2025 09:17:26)
6,29/05/2006 00:00:00, 	(11-APR-2025 09:17:26)
6,30/05/2006 00:00:00, 	(11-APR-2025 09:17:26)
6,27/04/2006 00:00:00, 	(11-APR-2025 09:17:26)
6,28/04/2006 00:00:00, 	(11-APR-2025 09:17:26)
6,29/04/2006 00:00:00, 	(11-APR-2025 09:17:26)
6,30/04/2006 00:00:00, 	(11-APR-2025 09:17:26)
6,01/05/2006 00:00:00, 	(11-APR-2025 09:17:26)
6,19/05/2006 00:00:00, 	(11-APR-2025 09:17:26)
6,20/05/2006 00:00:00, 	(11-APR-2025 09:17:26)
6,21/05/2006 00:00:00, 	(11-APR-2025 09:17:26)
6,22/05/2006 00:00:00, 	(11-APR-2025 09:17:26)
6,23/05/2006 00:00:00, 	(11-APR-2025 09:17:26)
6,30/06/2006 00:00:00, 	(11-APR-2025 09:17:26)
6,01/07/2006 00:00:00, 	(11-APR-2025 09:17:26)
6,02/07/2006 00:00:00, 	(11-APR-2025 09:17:26)
6,03/07/2006 00:00:00, 	(11-APR-2025 09:17:26)
6,04/07/2006 00:00:00, 	(11-APR-2025 09:17:26)
6,31/08/2006 00:00:00, 	(11-APR-2025 09:17:26)
6,01/09/2006 00:00:00, 	(11-APR-2025 09:17:26)
6,02/09/2006 00:00:00, 	(11-APR-2025 09:17:26)
6,03/09/2006 00:00:00, 	(11-APR-2025 09:17:26)
6,04/09/2006 00:00:00, 	(11-APR-2025 09:17:26)
6,12/09/2006 00:00:00, 	(11-APR-2025 09:17:26)
6,13/09/2006 00:00:00, 	(11-APR-2025 09:17:26)
6,14/09/2006 00:00:00, 	(11-APR-2025 09:17:26)
6,15/09/2006 00:00:00, 	(11-APR-2025 09:17:26)
6,16/09/2006 00:00:00, 	(11-APR-2025 09:17:26)
6,06/10/2006 00:00:00, 	(11-APR-2025 09:17:26)
6,07/10/2006 00:00:00, 	(11-APR-2025 09:17:26)
6,08/10/2006 00:00:00, 	(11-APR-2025 09:17:26)
6,09/10/2006 00:00:00, 	(11-APR-2025 09:17:26)
6,10/10/2006 00:00:00, 	(11-APR-2025 09:17:26)
6,19/10/2006 00:00:00, 	(11-APR-2025 09:17:26)
6,20/10/2006 00:00:00, 	(11-APR-2025 09:17:26)
6,21/10/2006 00:00:00, 	(11-APR-2025 09:17:26)
6,22/10/2006 00:00:00, 	(11-APR-2025 09:17:26)
6,23/10/2006 00:00:00, 	(11-APR-2025 09:17:26)
6,10/11/2006 00:00:00, 	(11-APR-2025 09:17:26)
6,11/11/2006 00:00:00, 	(11-APR-2025 09:17:26)
6,12/11/2006 00:00:00, 	(11-APR-2025 09:17:26)
6,13/11/2006 00:00:00, 	(11-APR-2025 09:17:26)
6,14/11/2006 00:00:00, 	(11-APR-2025 09:17:26)
6,24/11/2006 00:00:00, 	(11-APR-2025 09:17:26)
6,25/11/2006 00:00:00, 	(11-APR-2025 09:17:26)
6,26/11/2006 00:00:00, 	(11-APR-2025 09:17:26)
6,27/11/2006 00:00:00, 	(11-APR-2025 09:17:26)
6,28/11/2006 00:00:00, 	(11-APR-2025 09:17:26)
6,15/12/2006 00:00:00, 	(11-APR-2025 09:17:26)
6,16/12/2006 00:00:00, 	(11-APR-2025 09:17:26)
6,17/12/2006 00:00:00, 	(11-APR-2025 09:17:26)
6,18/12/2006 00:00:00, 	(11-APR-2025 09:17:26)
6,19/12/2006 00:00:00, 	(11-APR-2025 09:17:26)
6,24/12/2006 00:00:00, 	(11-APR-2025 09:17:26)
6,25/12/2006 00:00:00, 	(11-APR-2025 09:17:26)
6,26/12/2006 00:00:00, 	(11-APR-2025 09:17:26)
6,27/12/2006 00:00:00, 	(11-APR-2025 09:17:26)
6,28/12/2006 00:00:00, 	(11-APR-2025 09:17:26)
6,24/01/2007 00:00:00, 	(11-APR-2025 09:17:26)
6,25/01/2007 00:00:00, 	(11-APR-2025 09:17:26)
6,26/01/2007 00:00:00, 	(11-APR-2025 09:17:26)
6,27/01/2007 00:00:00, 	(11-APR-2025 09:17:26)
6,28/01/2007 00:00:00, 	(11-APR-2025 09:17:26)
6,29/01/2007 00:00:00, 	(11-APR-2025 09:17:26)
6,30/01/2007 00:00:00, 	(11-APR-2025 09:17:26)
6,09/02/2007 00:00:00, 	(11-APR-2025 09:17:26)
6,10/02/2007 00:00:00, 	(11-APR-2025 09:17:26)
6,11/02/2007 00:00:00, 	(11-APR-2025 09:17:26)
6,12/02/2007 00:00:00, 	(11-APR-2025 09:17:26)
6,13/02/2007 00:00:00, 	(11-APR-2025 09:17:26)
6,24/02/2007 00:00:00, 	(11-APR-2025 09:17:26)
6,25/02/2007 00:00:00, 	(11-APR-2025 09:17:26)
6,26/02/2007 00:00:00, 	(11-APR-2025 09:17:26)
6,27/02/2007 00:00:00, 	(11-APR-2025 09:17:26)
6,28/02/2007 00:00:00, 	(11-APR-2025 09:17:26)
6,02/03/2007 00:00:00, 	(11-APR-2025 09:17:26)
6,03/03/2007 00:00:00, 	(11-APR-2025 09:17:26)
6,04/03/2007 00:00:00, 	(11-APR-2025 09:17:26)
6,05/03/2007 00:00:00, 	(11-APR-2025 09:17:26)
6,06/03/2007 00:00:00, 	(11-APR-2025 09:17:26)
6,21/03/2007 00:00:00, 	(11-APR-2025 09:17:26)
6,22/03/2007 00:00:00, 	(11-APR-2025 09:17:26)
6,23/03/2007 00:00:00, 	(11-APR-2025 09:17:26)
6,24/03/2007 00:00:00, 	(11-APR-2025 09:17:26)
6,25/03/2007 00:00:00, 	(11-APR-2025 09:17:26)
6,02/04/2007 00:00:00, 	(11-APR-2025 09:17:26)
6,03/04/2007 00:00:00, 	(11-APR-2025 09:17:26)
6,04/04/2007 00:00:00, 	(11-APR-2025 09:17:26)
6,05/04/2007 00:00:00, 	(11-APR-2025 09:17:26)
6,06/04/2007 00:00:00, 	(11-APR-2025 09:17:26)
6,17/04/2007 00:00:00, 	(11-APR-2025 09:17:26)
6,18/04/2007 00:00:00, 	(11-APR-2025 09:17:26)
6,19/04/2007 00:00:00, 	(11-APR-2025 09:17:26)
6,20/04/2007 00:00:00, 	(11-APR-2025 09:17:26)
6,21/04/2007 00:00:00, 	(11-APR-2025 09:17:26)
6,22/04/2007 00:00:00, 	(11-APR-2025 09:17:26)
6,28/04/2007 00:00:00, 	(11-APR-2025 09:17:26)
6,29/04/2007 00:00:00, 	(11-APR-2025 09:17:26)
6,30/04/2007 00:00:00, 	(11-APR-2025 09:17:26)
6,01/05/2007 00:00:00, 	(11-APR-2025 09:17:26)
6,02/05/2007 00:00:00, 	(11-APR-2025 09:17:26)
6,03/05/2007 00:00:00, 	(11-APR-2025 09:17:26)
6,04/05/2007 00:00:00, 	(11-APR-2025 09:17:26)
6,05/05/2007 00:00:00, 	(11-APR-2025 09:17:26)
6,06/05/2007 00:00:00, 	(11-APR-2025 09:17:26)
6,20/05/2007 00:00:00, 	(11-APR-2025 09:17:26)
6,21/05/2007 00:00:00, 	(11-APR-2025 09:17:26)
6,22/05/2007 00:00:00, 	(11-APR-2025 09:17:26)
6,23/05/2007 00:00:00, 	(11-APR-2025 09:17:26)
6,24/05/2007 00:00:00, 	(11-APR-2025 09:17:26)
6,25/05/2007 00:00:00, 	(11-APR-2025 09:17:26)
6,26/05/2007 00:00:00, 	(11-APR-2025 09:17:26)
6,31/05/2007 00:00:00, 	(11-APR-2025 09:17:26)
6,01/06/2007 00:00:00, 	(11-APR-2025 09:17:26)
6,02/06/2007 00:00:00, 	(11-APR-2025 09:17:26)
6,03/06/2007 00:00:00, 	(11-APR-2025 09:17:26)
6,04/06/2007 00:00:00, 	(11-APR-2025 09:17:26)
6,17/06/2007 00:00:00, 	(11-APR-2025 09:17:26)
6,18/06/2007 00:00:00, 	(11-APR-2025 09:17:26)
6,19/06/2007 00:00:00, 	(11-APR-2025 09:17:26)
6,20/06/2007 00:00:00, 	(11-APR-2025 09:17:26)
6,21/06/2007 00:00:00, 	(11-APR-2025 09:17:26)
6,26/06/2007 00:00:00, 	(11-APR-2025 09:17:26)
6,27/06/2007 00:00:00, 	(11-APR-2025 09:17:26)
6,28/06/2007 00:00:00, 	(11-APR-2025 09:17:26)
6,29/06/2007 00:00:00, 	(11-APR-2025 09:17:26)
6,30/06/2007 00:00:00, 	(11-APR-2025 09:17:26)
6,06/08/2007 00:00:00, 	(11-APR-2025 09:17:26)
6,07/08/2007 00:00:00, 	(11-APR-2025 09:17:26)
6,08/08/2007 00:00:00, 	(11-APR-2025 09:17:26)
6,09/08/2007 00:00:00, 	(11-APR-2025 09:17:26)
6,10/08/2007 00:00:00, 	(11-APR-2025 09:17:26)
6,11/08/2007 00:00:00, 	(11-APR-2025 09:17:26)
6,12/08/2007 00:00:00, 	(11-APR-2025 09:17:26)
6,13/08/2007 00:00:00, 	(11-APR-2025 09:17:26)
6,14/08/2007 00:00:00, 	(11-APR-2025 09:17:26)
6,22/08/2007 00:00:00, 	(11-APR-2025 09:17:26)
6,23/08/2007 00:00:00, 	(11-APR-2025 09:17:26)
6,24/08/2007 00:00:00, 	(11-APR-2025 09:17:26)
6,25/08/2007 00:00:00, 	(11-APR-2025 09:17:26)
6,26/08/2007 00:00:00, 	(11-APR-2025 09:17:26)
6,04/09/2007 00:00:00, 	(11-APR-2025 09:17:26)
6,05/09/2007 00:00:00, 	(11-APR-2025 09:17:26)
6,06/09/2007 00:00:00, 	(11-APR-2025 09:17:26)
6,07/09/2007 00:00:00, 	(11-APR-2025 09:17:26)
6,08/09/2007 00:00:00, 	(11-APR-2025 09:17:26)
6,17/09/2007 00:00:00, 	(11-APR-2025 09:17:26)
6,18/09/2007 00:00:00, 	(11-APR-2025 09:17:26)
6,19/09/2007 00:00:00, 	(11-APR-2025 09:17:26)
6,20/09/2007 00:00:00, 	(11-APR-2025 09:17:26)
6,21/09/2007 00:00:00, 	(11-APR-2025 09:17:26)
6,23/09/2007 00:00:00, 	(11-APR-2025 09:17:26)
6,24/09/2007 00:00:00, 	(11-APR-2025 09:17:26)
6,25/09/2007 00:00:00, 	(11-APR-2025 09:17:26)
6,26/09/2007 00:00:00, 	(11-APR-2025 09:17:26)
6,27/09/2007 00:00:00, 	(11-APR-2025 09:17:26)
6,05/10/2007 00:00:00, 	(11-APR-2025 09:17:26)
6,06/10/2007 00:00:00, 	(11-APR-2025 09:17:26)
6,22/04/2010 00:00:00, 	(11-APR-2025 09:17:26)
6,28/04/2010 00:00:00, 	(11-APR-2025 09:17:26)
6,07/10/2007 00:00:00, 	(11-APR-2025 09:17:26)
6,08/10/2007 00:00:00, 	(11-APR-2025 09:17:26)
6,09/10/2007 00:00:00, 	(11-APR-2025 09:17:26)
6,21/10/2007 00:00:00, 	(11-APR-2025 09:17:26)
6,22/10/2007 00:00:00, 	(11-APR-2025 09:17:26)
6,23/10/2007 00:00:00, 	(11-APR-2025 09:17:26)
6,24/10/2007 00:00:00, 	(11-APR-2025 09:17:26)
6,25/10/2007 00:00:00, 	(11-APR-2025 09:17:26)
6,10/11/2007 00:00:00, 	(11-APR-2025 09:17:26)
6,11/11/2007 00:00:00, 	(11-APR-2025 09:17:26)
6,12/11/2007 00:00:00, 	(11-APR-2025 09:17:26)
6,13/11/2007 00:00:00, 	(11-APR-2025 09:17:26)
6,14/11/2007 00:00:00, 	(11-APR-2025 09:17:26)
6,22/11/2007 00:00:00, 	(11-APR-2025 09:17:26)
6,23/11/2007 00:00:00, 	(11-APR-2025 09:17:26)
6,24/11/2007 00:00:00, 	(11-APR-2025 09:17:26)
6,25/11/2007 00:00:00, 	(11-APR-2025 09:17:26)
6,26/11/2007 00:00:00, 	(11-APR-2025 09:17:26)
6,27/11/2007 00:00:00, 	(11-APR-2025 09:17:26)
6,28/11/2007 00:00:00, 	(11-APR-2025 09:17:26)
6,29/11/2007 00:00:00, 	(11-APR-2025 09:17:26)
6,30/11/2007 00:00:00, 	(11-APR-2025 09:17:26)
6,01/12/2007 00:00:00, 	(11-APR-2025 09:17:26)
6,02/12/2007 00:00:00, 	(11-APR-2025 09:17:26)
6,14/12/2007 00:00:00, 	(11-APR-2025 09:17:26)
6,15/12/2007 00:00:00, 	(11-APR-2025 09:17:26)
6,17/12/2007 00:00:00, 	(11-APR-2025 09:17:26)
6,18/12/2007 00:00:00, 	(11-APR-2025 09:17:26)
6,20/12/2007 00:00:00, 	(11-APR-2025 09:17:26)
6,21/12/2007 00:00:00, 	(11-APR-2025 09:17:26)
6,22/12/2007 00:00:00, 	(11-APR-2025 09:17:26)
6,23/12/2007 00:00:00, 	(11-APR-2025 09:17:26)
6,24/12/2007 00:00:00, 	(11-APR-2025 09:17:26)
6,05/01/2008 00:00:00, 	(11-APR-2025 09:17:26)
6,06/01/2008 00:00:00, 	(11-APR-2025 09:17:26)
6,07/01/2008 00:00:00, 	(11-APR-2025 09:17:26)
6,08/01/2008 00:00:00, 	(11-APR-2025 09:17:26)
6,09/01/2008 00:00:00, 	(11-APR-2025 09:17:26)
6,10/01/2008 00:00:00, 	(11-APR-2025 09:17:26)
6,11/01/2008 00:00:00, 	(11-APR-2025 09:17:26)
6,12/01/2008 00:00:00, 	(11-APR-2025 09:17:26)
6,13/01/2008 00:00:00, 	(11-APR-2025 09:17:26)
6,14/01/2008 00:00:00, 	(11-APR-2025 09:17:26)
6,27/01/2008 00:00:00, 	(11-APR-2025 09:17:26)
6,28/01/2008 00:00:00, 	(11-APR-2025 09:17:26)
6,29/01/2008 00:00:00, 	(11-APR-2025 09:17:26)
6,30/01/2008 00:00:00, 	(11-APR-2025 09:17:26)
6,31/01/2008 00:00:00, 	(11-APR-2025 09:17:26)
6,01/02/2008 00:00:00, 	(11-APR-2025 09:17:26)
6,07/02/2008 00:00:00, 	(11-APR-2025 09:17:26)
6,08/02/2008 00:00:00, 	(11-APR-2025 09:17:26)
6,09/02/2008 00:00:00, 	(11-APR-2025 09:17:26)
6,10/02/2008 00:00:00, 	(11-APR-2025 09:17:26)
6,11/02/2008 00:00:00, 	(11-APR-2025 09:17:26)
6,21/02/2008 00:00:00, 	(11-APR-2025 09:17:26)
6,22/02/2008 00:00:00, 	(11-APR-2025 09:17:26)
6,23/02/2008 00:00:00, 	(11-APR-2025 09:17:26)
6,24/02/2008 00:00:00, 	(11-APR-2025 09:17:26)
6,25/02/2008 00:00:00, 	(11-APR-2025 09:17:26)
6,01/03/2008 00:00:00, 	(11-APR-2025 09:17:26)
6,02/03/2008 00:00:00, 	(11-APR-2025 09:17:26)
6,03/03/2008 00:00:00, 	(11-APR-2025 09:17:26)
6,04/03/2008 00:00:00, 	(11-APR-2025 09:17:26)
6,13/03/2008 00:00:00, 	(11-APR-2025 09:17:26)
6,14/03/2008 00:00:00, 	(11-APR-2025 09:17:26)
6,15/03/2008 00:00:00, 	(11-APR-2025 09:17:26)
6,16/03/2008 00:00:00, 	(11-APR-2025 09:17:26)
6,17/03/2008 00:00:00, 	(11-APR-2025 09:17:26)
6,21/03/2008 00:00:00, 	(11-APR-2025 09:17:26)
6,22/03/2008 00:00:00, 	(11-APR-2025 09:17:26)
6,23/03/2008 00:00:00, 	(11-APR-2025 09:17:26)
6,24/03/2008 00:00:00, 	(11-APR-2025 09:17:26)
6,25/03/2008 00:00:00, 	(11-APR-2025 09:17:26)
6,26/03/2008 00:00:00, 	(11-APR-2025 09:17:26)
6,27/03/2008 00:00:00, 	(11-APR-2025 09:17:26)
6,28/03/2008 00:00:00, 	(11-APR-2025 09:17:26)
6,07/04/2008 00:00:00, 	(11-APR-2025 09:17:26)
6,08/04/2008 00:00:00, 	(11-APR-2025 09:17:26)
6,09/04/2008 00:00:00, 	(11-APR-2025 09:17:26)
6,10/04/2008 00:00:00, 	(11-APR-2025 09:17:26)
6,11/04/2008 00:00:00, 	(11-APR-2025 09:17:26)
6,19/04/2008 00:00:00, 	(11-APR-2025 09:17:26)
6,20/04/2008 00:00:00, 	(11-APR-2025 09:17:26)
6,21/04/2008 00:00:00, 	(11-APR-2025 09:17:26)
6,22/04/2008 00:00:00, 	(11-APR-2025 09:17:26)
6,23/04/2008 00:00:00, 	(11-APR-2025 09:17:26)
6,27/04/2008 00:00:00, 	(11-APR-2025 09:17:26)
6,28/04/2008 00:00:00, 	(11-APR-2025 09:17:26)
6,29/04/2008 00:00:00, 	(11-APR-2025 09:17:26)
6,30/04/2008 00:00:00, 	(11-APR-2025 09:17:26)
6,01/05/2008 00:00:00, 	(11-APR-2025 09:17:26)
6,05/05/2008 00:00:00, 	(11-APR-2025 09:17:26)
6,06/05/2008 00:00:00, 	(11-APR-2025 09:17:26)
6,07/05/2008 00:00:00, 	(11-APR-2025 09:17:26)
6,08/05/2008 00:00:00, 	(11-APR-2025 09:17:26)
6,09/05/2008 00:00:00, 	(11-APR-2025 09:17:26)
6,11/05/2008 00:00:00, 	(11-APR-2025 09:17:26)
6,12/05/2008 00:00:00, 	(11-APR-2025 09:17:26)
6,13/05/2008 00:00:00, 	(11-APR-2025 09:17:26)
6,14/05/2008 00:00:00, 	(11-APR-2025 09:17:26)
6,15/05/2008 00:00:00, 	(11-APR-2025 09:17:26)
6,16/05/2008 00:00:00, 	(11-APR-2025 09:17:26)
6,17/05/2008 00:00:00, 	(11-APR-2025 09:17:26)
6,18/05/2008 00:00:00, 	(11-APR-2025 09:17:26)
6,19/05/2008 00:00:00, 	(11-APR-2025 09:17:26)
6,20/05/2008 00:00:00, 	(11-APR-2025 09:17:26)
6,21/05/2008 00:00:00, 	(11-APR-2025 09:17:26)
6,22/05/2008 00:00:00, 	(11-APR-2025 09:17:26)
6,23/05/2008 00:00:00, 	(11-APR-2025 09:17:26)
6,24/05/2008 00:00:00, 	(11-APR-2025 09:17:26)
6,26/05/2008 00:00:00, 	(11-APR-2025 09:17:26)
6,27/05/2008 00:00:00, 	(11-APR-2025 09:17:26)
6,28/05/2008 00:00:00, 	(11-APR-2025 09:17:26)
6,29/05/2008 00:00:00, 	(11-APR-2025 09:17:26)
6,30/05/2008 00:00:00, 	(11-APR-2025 09:17:26)
6,11/06/2008 00:00:00, 	(11-APR-2025 09:17:26)
6,12/06/2008 00:00:00, 	(11-APR-2025 09:17:26)
6,13/06/2008 00:00:00, 	(11-APR-2025 09:17:26)
6,14/06/2008 00:00:00, 	(11-APR-2025 09:17:26)
6,15/06/2008 00:00:00, 	(11-APR-2025 09:17:26)
6,18/06/2008 00:00:00, 	(11-APR-2025 09:17:26)
6,19/06/2008 00:00:00, 	(11-APR-2025 09:17:26)
6,20/06/2008 00:00:00, 	(11-APR-2025 09:17:26)
6,21/06/2008 00:00:00, 	(11-APR-2025 09:17:26)
6,22/06/2008 00:00:00, 	(11-APR-2025 09:17:26)
6,18/07/2008 00:00:00, 	(11-APR-2025 09:17:26)
6,19/07/2008 00:00:00, 	(11-APR-2025 09:17:26)
6,20/07/2008 00:00:00, 	(11-APR-2025 09:17:26)
6,21/07/2008 00:00:00, 	(11-APR-2025 09:17:26)
6,22/07/2008 00:00:00, 	(11-APR-2025 09:17:26)
6,24/07/2008 00:00:00, 	(11-APR-2025 09:17:26)
6,25/07/2008 00:00:00, 	(11-APR-2025 09:17:26)
6,26/07/2008 00:00:00, 	(11-APR-2025 09:17:26)
6,27/07/2008 00:00:00, 	(11-APR-2025 09:17:26)
6,28/07/2008 00:00:00, 	(11-APR-2025 09:17:26)
6,04/08/2008 00:00:00, 	(11-APR-2025 09:17:26)
6,05/08/2008 00:00:00, 	(11-APR-2025 09:17:26)
6,06/08/2008 00:00:00, 	(11-APR-2025 09:17:26)
6,07/08/2008 00:00:00, 	(11-APR-2025 09:17:26)
6,08/08/2008 00:00:00, 	(11-APR-2025 09:17:26)
6,09/08/2008 00:00:00, 	(11-APR-2025 09:17:26)
6,10/08/2008 00:00:00, 	(11-APR-2025 09:17:26)
6,11/08/2008 00:00:00, 	(11-APR-2025 09:17:26)
6,12/08/2008 00:00:00, 	(11-APR-2025 09:17:26)
6,13/08/2008 00:00:00, 	(11-APR-2025 09:17:26)
6,18/08/2008 00:00:00, 	(11-APR-2025 09:17:26)
6,19/08/2008 00:00:00, 	(11-APR-2025 09:17:26)
6,20/08/2008 00:00:00, 	(11-APR-2025 09:17:26)
6,21/08/2008 00:00:00, 	(11-APR-2025 09:17:26)
6,22/08/2008 00:00:00, 	(11-APR-2025 09:17:26)
6,26/08/2008 00:00:00, 	(11-APR-2025 09:17:26)
6,27/08/2008 00:00:00, 	(11-APR-2025 09:17:26)
6,28/08/2008 00:00:00, 	(11-APR-2025 09:17:26)
6,29/08/2008 00:00:00, 	(11-APR-2025 09:17:26)
6,30/08/2008 00:00:00, 	(11-APR-2025 09:17:26)
6,06/09/2008 00:00:00, 	(11-APR-2025 09:17:26)
6,07/09/2008 00:00:00, 	(11-APR-2025 09:17:26)
6,08/09/2008 00:00:00, 	(11-APR-2025 09:17:26)
6,05/10/2010 00:00:00, 	(11-APR-2025 09:17:26)
6,30/03/2005 00:00:00, 	(11-APR-2025 09:17:26)
6,02/06/2011 00:00:00, 	(11-APR-2025 09:17:26)
6,02/03/2011 00:00:00, 	(11-APR-2025 09:17:26)
6,01/12/2010 00:00:00, 	(11-APR-2025 09:17:26)
6,01/07/2011 00:00:00, 	(11-APR-2025 09:17:26)
6,01/02/2011 00:00:00, 	(11-APR-2025 09:17:26)
6,01/08/2011 00:00:00, 	(11-APR-2025 09:17:26)
6,01/10/2011 00:00:00, 	(11-APR-2025 09:17:26)
6,01/01/2012 00:00:00, 	(11-APR-2025 09:17:26)
6,01/03/2012 00:00:00, 	(11-APR-2025 09:17:26)
6,09/05/2012 00:00:00, 	(11-APR-2025 09:17:26)
6,23/07/2012 00:00:00, 	(11-APR-2025 09:17:26)
6,22/08/2012 00:00:00, 	(11-APR-2025 09:17:26)
6,01/04/2006 00:00:00, 	(11-APR-2025 09:17:26)
6,24/10/2008 00:00:00, 	(11-APR-2025 09:17:26)
6,01/11/2010 00:00:00, 	(11-APR-2025 09:17:26)
6,01/10/2010 00:00:00, 	(11-APR-2025 09:17:26)
6,02/10/2010 00:00:00, 	(11-APR-2025 09:17:26)
6,03/10/2010 00:00:00, 	(11-APR-2025 09:17:26)
6,15/11/2013 00:00:00, 	(11-APR-2025 09:17:26)
6,10/09/2014 00:00:00, 	(11-APR-2025 09:17:26)
6,23/09/2014 00:00:00, 	(11-APR-2025 09:17:26)
6,02/04/2013 00:00:00, 	(11-APR-2025 09:17:26)
6,30/01/2017 00:00:00, 	(11-APR-2025 09:17:26)
6,02/01/2015 00:00:00, 	(11-APR-2025 09:17:26)
6,22/02/2015 00:00:00, 	(11-APR-2025 09:17:26)
6,19/07/2016 00:00:00, 	(11-APR-2025 09:17:26)
6,20/02/2015 00:00:00, 	(11-APR-2025 09:17:26)
6,16/03/2015 00:00:00, 	(11-APR-2025 09:17:26)
6,12/09/2014 00:00:00, 	(11-APR-2025 09:17:26)
6,07/07/2016 00:00:00, 	(11-APR-2025 09:17:27)
6,27/01/2017 00:00:00, 	(11-APR-2025 09:17:27)
6,28/01/2017 00:00:00, 	(11-APR-2025 09:17:27)
6,29/01/2017 00:00:00, 	(11-APR-2025 09:17:27)
6,22/08/2013 00:00:00, 	(11-APR-2025 09:17:27)
6,31/10/2014 00:00:00, 	(11-APR-2025 09:17:27)
6,16/11/2013 00:00:00, 	(11-APR-2025 09:17:27)
6,03/06/2014 00:00:00, 	(11-APR-2025 09:17:27)
6,03/04/2013 00:00:00, 	(11-APR-2025 09:17:27)
6,25/06/2013 00:00:00, 	(11-APR-2025 09:17:27)
6,08/08/2014 00:00:00, 	(11-APR-2025 09:17:27)
6,03/10/2013 00:00:00, 	(11-APR-2025 09:17:27)
6,02/10/2013 00:00:00, 	(11-APR-2025 09:17:27)
6,12/12/2014 00:00:00, 	(11-APR-2025 09:17:27)
6,17/05/2013 00:00:00, 	(11-APR-2025 09:17:27)
6,28/11/2014 00:00:00, 	(11-APR-2025 09:17:27)
6,18/05/2013 00:00:00, 	(11-APR-2025 09:17:27)
6,21/08/2020 00:00:00, 	(11-APR-2025 09:17:27)
2,31/08/2020 00:00:00, 	(11-APR-2025 09:17:27)
4,31/08/2020 00:00:00, 	(11-APR-2025 09:17:27)
5,31/08/2020 00:00:00, 	(11-APR-2025 09:17:27)
4,01/10/2020 00:00:00, 	(11-APR-2025 09:17:27)
2,01/10/2020 00:00:00, 	(11-APR-2025 09:17:27)
5,01/10/2020 00:00:00, 	(11-APR-2025 09:17:27)
4,08/10/2020 00:00:00, 	(11-APR-2025 09:17:27)
2,08/10/2020 00:00:00, 	(11-APR-2025 09:17:27)
5,08/10/2020 00:00:00, 	(11-APR-2025 09:17:27)
4,30/10/2020 00:00:00, 	(11-APR-2025 09:17:27)
2,30/10/2020 00:00:00, 	(11-APR-2025 09:17:27)
5,30/10/2020 00:00:00, 	(11-APR-2025 09:17:27)
6,25/11/2020 00:00:00, 	(11-APR-2025 09:17:27)
2,30/11/2020 00:00:00, 	(11-APR-2025 09:17:27)
4,30/11/2020 00:00:00, 	(11-APR-2025 09:17:27)
5,30/11/2020 00:00:00, 	(11-APR-2025 09:17:27)
2,15/12/2020 00:00:00, 	(11-APR-2025 09:17:27)
4,15/12/2020 00:00:00, 	(11-APR-2025 09:17:27)
5,15/12/2020 00:00:00, 	(11-APR-2025 09:17:27)
2,31/12/2020 00:00:00, 	(11-APR-2025 09:17:27)
4,31/12/2020 00:00:00, 	(11-APR-2025 09:17:27)
5,31/12/2020 00:00:00, 	(11-APR-2025 09:17:27)
2,12/01/2021 00:00:00, 	(11-APR-2025 09:17:27)
4,12/01/2021 00:00:00, 	(11-APR-2025 09:17:27)
5,12/01/2021 00:00:00, 	(11-APR-2025 09:17:27)
2,04/02/2021 00:00:00, 	(11-APR-2025 09:17:27)
5,04/02/2021 00:00:00, 	(11-APR-2025 09:17:27)
2,05/02/2021 00:00:00, 	(11-APR-2025 09:17:27)
5,05/02/2021 00:00:00, 	(11-APR-2025 09:17:27)
2,15/02/2021 00:00:00, 	(11-APR-2025 09:17:27)
4,15/02/2021 00:00:00, 	(11-APR-2025 09:17:27)
5,15/02/2021 00:00:00, 	(11-APR-2025 09:17:27)
6,11/02/2021 00:00:00, 	(11-APR-2025 09:17:27)
4,22/03/2021 00:00:00, 	(11-APR-2025 09:17:27)
2,22/03/2021 00:00:00, 	(11-APR-2025 09:17:27)
5,22/03/2021 00:00:00, 	(11-APR-2025 09:17:27)
6,21/06/2021 00:00:00, 	(11-APR-2025 09:17:27)
2,12/07/2021 00:00:00, 	(11-APR-2025 09:17:27)
4,12/07/2021 00:00:00, 	(11-APR-2025 09:17:27)
5,12/07/2021 00:00:00, 	(11-APR-2025 09:17:27)
6,13/08/2021 00:00:00, 	(11-APR-2025 09:17:27)
2,01/09/2021 00:00:00, 	(11-APR-2025 09:17:27)
2,27/09/2021 00:00:00, 	(11-APR-2025 09:17:27)
4,27/09/2021 00:00:00, 	(11-APR-2025 09:17:27)
5,27/09/2021 00:00:00, 	(11-APR-2025 09:17:27)
2,30/09/2021 00:00:00, 	(11-APR-2025 09:17:27)
2,29/11/2021 00:00:00, 	(11-APR-2025 09:17:27)
4,29/11/2021 00:00:00, 	(11-APR-2025 09:17:27)
5,29/11/2021 00:00:00, 	(11-APR-2025 09:17:27)
2,15/12/2021 00:00:00, 	(11-APR-2025 09:17:27)
4,15/12/2021 00:00:00, 	(11-APR-2025 09:17:27)
5,15/12/2021 00:00:00, 	(11-APR-2025 09:17:27)
2,31/12/2021 00:00:00, 	(11-APR-2025 09:17:27)
4,31/12/2021 00:00:00, 	(11-APR-2025 09:17:27)
5,31/12/2021 00:00:00, 	(11-APR-2025 09:17:27)
6,27/08/2019 00:00:00, 	(11-APR-2025 09:17:27)
6,21/08/2019 00:00:00, 	(11-APR-2025 09:17:27)
6,19/08/2019 00:00:00, 	(11-APR-2025 09:17:27)
6,08/03/2019 00:00:00, 	(11-APR-2025 09:17:27)
6,17/05/2019 00:00:00, 	(11-APR-2025 09:17:27)
6,05/04/2019 00:00:00, 	(11-APR-2025 09:17:27)
6,31/07/2019 00:00:00, 	(11-APR-2025 09:17:27)
6,05/07/2019 00:00:00, 	(11-APR-2025 09:17:27)
6,25/07/2019 00:00:00, 	(11-APR-2025 09:17:27)
6,02/05/2019 00:00:00, 	(11-APR-2025 09:17:27)
6,04/11/2019 00:00:00, 	(11-APR-2025 09:17:27)
6,23/12/2019 00:00:00, 	(11-APR-2025 09:17:27)
6,27/12/2019 00:00:00, 	(11-APR-2025 09:17:27)
6,30/12/2019 00:00:00, 	(11-APR-2025 09:17:27)
6,06/03/2020 00:00:00, 	(11-APR-2025 09:17:27)
6,13/03/2020 00:00:00, 	(11-APR-2025 09:17:27)
6,26/03/2020 00:00:00, 	(11-APR-2025 09:17:27)
6,17/06/2020 00:00:00, 	(11-APR-2025 09:17:27)
2,30/06/2020 00:00:00, 	(11-APR-2025 09:17:27)
4,30/06/2020 00:00:00, 	(11-APR-2025 09:17:27)
5,30/06/2020 00:00:00, 	(11-APR-2025 09:17:27)
4,10/07/2020 00:00:00, 	(11-APR-2025 09:17:27)
2,10/07/2020 00:00:00, 	(11-APR-2025 09:17:27)
5,10/07/2020 00:00:00, 	(11-APR-2025 09:17:27)
6,07/07/2020 00:00:00, 	(11-APR-2025 09:17:27)
2,24/08/2020 00:00:00, 	(11-APR-2025 09:17:27)
4,24/08/2020 00:00:00, 	(11-APR-2025 09:17:27)
5,24/08/2020 00:00:00, 	(11-APR-2025 09:17:27)
6,27/08/2020 00:00:00, 	(11-APR-2025 09:17:27)
4,30/08/2020 00:00:00, 	(11-APR-2025 09:17:27)
2,30/08/2020 00:00:00, 	(11-APR-2025 09:17:27)
5,30/08/2020 00:00:00, 	(11-APR-2025 09:17:27)
4,15/10/2020 00:00:00, 	(11-APR-2025 09:17:27)
2,15/10/2020 00:00:00, 	(11-APR-2025 09:17:27)
5,15/10/2020 00:00:00, 	(11-APR-2025 09:17:27)
4,27/10/2020 00:00:00, 	(11-APR-2025 09:17:27)
2,27/10/2020 00:00:00, 	(11-APR-2025 09:17:27)
5,27/10/2020 00:00:00, 	(11-APR-2025 09:17:27)
6,26/10/2020 00:00:00, 	(11-APR-2025 09:17:27)
6,27/10/2020 00:00:00, 	(11-APR-2025 09:17:27)
6,22/10/2020 00:00:00, 	(11-APR-2025 09:17:27)
6,04/05/2020 00:00:00, 	(11-APR-2025 09:17:27)
6,19/05/2020 00:00:00, 	(11-APR-2025 09:17:27)
6,22/05/2020 00:00:00, 	(11-APR-2025 09:17:27)
6,27/05/2020 00:00:00, 	(11-APR-2025 09:17:27)
4,31/07/2020 00:00:00, 	(11-APR-2025 09:17:27)
5,31/07/2020 00:00:00, 	(11-APR-2025 09:17:27)
6,30/07/2020 00:00:00, 	(11-APR-2025 09:17:27)
2,22/09/2020 00:00:00, 	(11-APR-2025 09:17:27)
4,22/09/2020 00:00:00, 	(11-APR-2025 09:17:27)
5,22/09/2020 00:00:00, 	(11-APR-2025 09:17:27)
6,09/10/2020 00:00:00, 	(11-APR-2025 09:17:27)
4,09/10/2020 00:00:00, 	(11-APR-2025 09:17:27)
2,09/10/2020 00:00:00, 	(11-APR-2025 09:17:27)
5,09/10/2020 00:00:00, 	(11-APR-2025 09:17:27)
2,10/10/2020 00:00:00, 	(11-APR-2025 09:17:27)
4,10/10/2020 00:00:00, 	(11-APR-2025 09:17:27)
5,10/10/2020 00:00:00, 	(11-APR-2025 09:17:27)
4,13/10/2020 00:00:00, 	(11-APR-2025 09:17:27)
2,13/10/2020 00:00:00, 	(11-APR-2025 09:17:27)
5,13/10/2020 00:00:00, 	(11-APR-2025 09:17:27)
2,17/10/2020 00:00:00, 	(11-APR-2025 09:17:27)
4,17/10/2020 00:00:00, 	(11-APR-2025 09:17:27)
5,17/10/2020 00:00:00, 	(11-APR-2025 09:17:27)
6,14/10/2020 00:00:00, 	(11-APR-2025 09:17:27)
4,14/10/2020 00:00:00, 	(11-APR-2025 09:17:27)
2,14/10/2020 00:00:00, 	(11-APR-2025 09:17:27)
5,14/10/2020 00:00:00, 	(11-APR-2025 09:17:27)
4,23/10/2020 00:00:00, 	(11-APR-2025 09:17:27)
2,23/10/2020 00:00:00, 	(11-APR-2025 09:17:27)
5,23/10/2020 00:00:00, 	(11-APR-2025 09:17:27)
2,07/12/2020 00:00:00, 	(11-APR-2025 09:17:27)
4,07/12/2020 00:00:00, 	(11-APR-2025 09:17:27)
5,07/12/2020 00:00:00, 	(11-APR-2025 09:17:27)
6,19/02/2021 00:00:00, 	(11-APR-2025 09:17:27)
6,22/02/2021 00:00:00, 	(11-APR-2025 09:17:27)
4,21/02/2021 00:00:00, 	(11-APR-2025 09:17:27)
4,23/02/2021 00:00:00, 	(11-APR-2025 09:17:27)
2,21/02/2021 00:00:00, 	(11-APR-2025 09:17:27)
5,21/02/2021 00:00:00, 	(11-APR-2025 09:17:27)
2,23/02/2021 00:00:00, 	(11-APR-2025 09:17:27)
5,23/02/2021 00:00:00, 	(11-APR-2025 09:17:27)
6,02/03/2021 00:00:00, 	(11-APR-2025 09:17:27)
4,03/03/2021 00:00:00, 	(11-APR-2025 09:17:27)
2,03/03/2021 00:00:00, 	(11-APR-2025 09:17:27)
5,03/03/2021 00:00:00, 	(11-APR-2025 09:17:27)
5,13/03/2020 00:00:00, 	(11-APR-2025 09:17:27)
2,13/03/2020 00:00:00, 	(11-APR-2025 09:17:27)
4,13/03/2020 00:00:00, 	(11-APR-2025 09:17:27)
5,15/06/2020 00:00:00, 	(11-APR-2025 09:17:27)
2,31/07/2020 00:00:00, 	(11-APR-2025 09:17:27)
4,29/09/2020 00:00:00, 	(11-APR-2025 09:17:27)
2,29/09/2020 00:00:00, 	(11-APR-2025 09:17:27)
5,29/09/2020 00:00:00, 	(11-APR-2025 09:17:27)
2,13/11/2020 00:00:00, 	(11-APR-2025 09:17:27)
4,13/11/2020 00:00:00, 	(11-APR-2025 09:17:27)
5,13/11/2020 00:00:00, 	(11-APR-2025 09:17:27)
6,03/11/2020 00:00:00, 	(11-APR-2025 09:17:27)
6,04/11/2020 00:00:00, 	(11-APR-2025 09:17:27)
6,13/11/2020 00:00:00, 	(11-APR-2025 09:17:27)
2,21/12/2020 00:00:00, 	(11-APR-2025 09:17:27)
4,21/12/2020 00:00:00, 	(11-APR-2025 09:17:27)
5,21/12/2020 00:00:00, 	(11-APR-2025 09:17:27)
6,09/12/2020 00:00:00, 	(11-APR-2025 09:17:27)
6,15/12/2020 00:00:00, 	(11-APR-2025 09:17:27)
6,22/12/2020 00:00:00, 	(11-APR-2025 09:17:27)
4,30/12/2020 00:00:00, 	(11-APR-2025 09:17:27)
2,30/12/2020 00:00:00, 	(11-APR-2025 09:17:27)
5,30/12/2020 00:00:00, 	(11-APR-2025 09:17:27)
4,29/01/2021 00:00:00, 	(11-APR-2025 09:17:27)
2,29/01/2021 00:00:00, 	(11-APR-2025 09:17:27)
5,29/01/2021 00:00:00, 	(11-APR-2025 09:17:27)
2,26/02/2021 00:00:00, 	(11-APR-2025 09:17:27)
4,26/02/2021 00:00:00, 	(11-APR-2025 09:17:27)
5,26/02/2021 00:00:00, 	(11-APR-2025 09:17:27)
4,12/03/2021 00:00:00, 	(11-APR-2025 09:17:27)
2,12/03/2021 00:00:00, 	(11-APR-2025 09:17:27)
5,12/03/2021 00:00:00, 	(11-APR-2025 09:17:27)
6,04/10/2019 00:00:00, 	(11-APR-2025 09:17:27)
6,22/10/2019 00:00:00, 	(11-APR-2025 09:17:27)
6,31/01/2020 00:00:00, 	(11-APR-2025 09:17:27)
6,13/02/2020 00:00:00, 	(11-APR-2025 09:17:27)
6,19/02/2020 00:00:00, 	(11-APR-2025 09:17:27)
4,15/06/2020 00:00:00, 	(11-APR-2025 09:17:27)
5,05/06/2020 00:00:00, 	(11-APR-2025 09:17:27)
4,14/08/2020 00:00:00, 	(11-APR-2025 09:17:27)
2,14/08/2020 00:00:00, 	(11-APR-2025 09:17:27)
5,14/08/2020 00:00:00, 	(11-APR-2025 09:17:27)
2,04/09/2020 00:00:00, 	(11-APR-2025 09:17:27)
4,04/09/2020 00:00:00, 	(11-APR-2025 09:17:27)
5,04/09/2020 00:00:00, 	(11-APR-2025 09:17:27)
2,15/09/2020 00:00:00, 	(11-APR-2025 09:17:27)
4,15/09/2020 00:00:00, 	(11-APR-2025 09:17:27)
5,15/09/2020 00:00:00, 	(11-APR-2025 09:17:27)
6,15/09/2020 00:00:00, 	(11-APR-2025 09:17:27)
6,24/09/2020 00:00:00, 	(11-APR-2025 09:17:27)
2,03/09/2020 00:00:00, 	(11-APR-2025 09:17:27)
2,20/09/2020 00:00:00, 	(11-APR-2025 09:17:27)
2,30/09/2020 00:00:00, 	(11-APR-2025 09:17:27)
4,03/09/2020 00:00:00, 	(11-APR-2025 09:17:27)
5,03/09/2020 00:00:00, 	(11-APR-2025 09:17:27)
4,20/09/2020 00:00:00, 	(11-APR-2025 09:17:27)
5,20/09/2020 00:00:00, 	(11-APR-2025 09:17:27)
4,30/09/2020 00:00:00, 	(11-APR-2025 09:17:27)
5,30/09/2020 00:00:00, 	(11-APR-2025 09:17:27)
4,31/10/2020 00:00:00, 	(11-APR-2025 09:17:27)
2,31/10/2020 00:00:00, 	(11-APR-2025 09:17:27)
5,31/10/2020 00:00:00, 	(11-APR-2025 09:17:27)
4,20/11/2020 00:00:00, 	(11-APR-2025 09:17:27)
2,20/11/2020 00:00:00, 	(11-APR-2025 09:17:27)
5,20/11/2020 00:00:00, 	(11-APR-2025 09:17:27)
2,19/11/2020 00:00:00, 	(11-APR-2025 09:17:27)
4,19/11/2020 00:00:00, 	(11-APR-2025 09:17:27)
5,19/11/2020 00:00:00, 	(11-APR-2025 09:17:27)
4,29/11/2020 00:00:00, 	(11-APR-2025 09:17:27)
2,29/11/2020 00:00:00, 	(11-APR-2025 09:17:27)
5,29/11/2020 00:00:00, 	(11-APR-2025 09:17:27)
4,06/01/2021 00:00:00, 	(11-APR-2025 09:17:27)
2,06/01/2021 00:00:00, 	(11-APR-2025 09:17:27)
5,06/01/2021 00:00:00, 	(11-APR-2025 09:17:27)
2,15/01/2021 00:00:00, 	(11-APR-2025 09:17:27)
4,15/01/2021 00:00:00, 	(11-APR-2025 09:17:27)
5,15/01/2021 00:00:00, 	(11-APR-2025 09:17:27)
4,04/02/2021 00:00:00, 	(11-APR-2025 09:17:27)
4,05/02/2021 00:00:00, 	(11-APR-2025 09:17:27)
6,16/01/2020 00:00:00, 	(11-APR-2025 09:17:27)
6,21/01/2020 00:00:00, 	(11-APR-2025 09:17:27)
2,15/06/2020 00:00:00, 	(11-APR-2025 09:17:27)
2,15/09/2021 00:00:00, 	(11-APR-2025 09:17:27)
4,15/09/2021 00:00:00, 	(11-APR-2025 09:17:27)
5,15/09/2021 00:00:00, 	(11-APR-2025 09:17:27)
4,30/09/2021 00:00:00, 	(11-APR-2025 09:17:27)
5,30/09/2021 00:00:00, 	(11-APR-2025 09:17:27)
2,29/09/2021 00:00:00, 	(11-APR-2025 09:17:27)
4,29/09/2021 00:00:00, 	(11-APR-2025 09:17:27)
5,29/09/2021 00:00:00, 	(11-APR-2025 09:17:27)
2,06/10/2021 00:00:00, 	(11-APR-2025 09:17:27)
4,06/10/2021 00:00:00, 	(11-APR-2025 09:17:27)
5,06/10/2021 00:00:00, 	(11-APR-2025 09:17:27)
2,12/01/2022 00:00:00, 	(11-APR-2025 09:17:27)
4,12/01/2022 00:00:00, 	(11-APR-2025 09:17:27)
5,12/01/2022 00:00:00, 	(11-APR-2025 09:17:27)
2,04/03/2022 00:00:00, 	(11-APR-2025 09:17:27)
4,04/03/2022 00:00:00, 	(11-APR-2025 09:17:27)
5,04/03/2022 00:00:00, 	(11-APR-2025 09:17:27)
2,07/03/2022 00:00:00, 	(11-APR-2025 09:17:27)
4,07/03/2022 00:00:00, 	(11-APR-2025 09:17:27)
5,07/03/2022 00:00:00, 	(11-APR-2025 09:17:27)
2,18/04/2022 00:00:00, 	(11-APR-2025 09:17:27)
4,18/04/2022 00:00:00, 	(11-APR-2025 09:17:27)
5,18/04/2022 00:00:00, 	(11-APR-2025 09:17:27)
2,03/05/2022 00:00:00, 	(11-APR-2025 09:17:27)
4,03/05/2022 00:00:00, 	(11-APR-2025 09:17:27)
5,03/05/2022 00:00:00, 	(11-APR-2025 09:17:27)
2,09/05/2022 00:00:00, 	(11-APR-2025 09:17:27)
4,09/05/2022 00:00:00, 	(11-APR-2025 09:17:27)
5,09/05/2022 00:00:00, 	(11-APR-2025 09:17:27)
2,01/06/2022 00:00:00, 	(11-APR-2025 09:17:27)
4,01/06/2022 00:00:00, 	(11-APR-2025 09:17:27)
5,01/06/2022 00:00:00, 	(11-APR-2025 09:17:27)
2,02/08/2022 00:00:00, 	(11-APR-2025 09:17:27)
4,02/08/2022 00:00:00, 	(11-APR-2025 09:17:27)
5,02/08/2022 00:00:00, 	(11-APR-2025 09:17:27)
2,31/08/2022 00:00:00, 	(11-APR-2025 09:17:27)
2,15/09/2022 00:00:00, 	(11-APR-2025 09:17:27)
4,15/09/2022 00:00:00, 	(11-APR-2025 09:17:27)
5,15/09/2022 00:00:00, 	(11-APR-2025 09:17:27)
2,30/09/2022 00:00:00, 	(11-APR-2025 09:17:27)
4,30/09/2022 00:00:00, 	(11-APR-2025 09:17:27)
5,30/09/2022 00:00:00, 	(11-APR-2025 09:17:27)
2,28/10/2022 00:00:00, 	(11-APR-2025 09:17:27)
4,28/10/2022 00:00:00, 	(11-APR-2025 09:17:27)
5,28/10/2022 00:00:00, 	(11-APR-2025 09:17:27)
4,29/10/2022 00:00:00, 	(11-APR-2025 09:17:27)
5,29/10/2022 00:00:00, 	(11-APR-2025 09:17:27)
6,23/03/2021 00:00:00, 	(11-APR-2025 09:17:27)
4,25/03/2021 00:00:00, 	(11-APR-2025 09:17:27)
2,25/03/2021 00:00:00, 	(11-APR-2025 09:17:27)
5,25/03/2021 00:00:00, 	(11-APR-2025 09:17:27)
2,31/03/2021 00:00:00, 	(11-APR-2025 09:17:27)
4,31/03/2021 00:00:00, 	(11-APR-2025 09:17:27)
5,31/03/2021 00:00:00, 	(11-APR-2025 09:17:27)
2,30/04/2021 00:00:00, 	(11-APR-2025 09:17:27)
4,30/04/2021 00:00:00, 	(11-APR-2025 09:17:27)
5,30/04/2021 00:00:00, 	(11-APR-2025 09:17:27)
2,29/04/2021 00:00:00, 	(11-APR-2025 09:17:27)
4,29/04/2021 00:00:00, 	(11-APR-2025 09:17:27)
5,29/04/2021 00:00:00, 	(11-APR-2025 09:17:27)
2,24/05/2021 00:00:00, 	(11-APR-2025 09:17:27)
4,24/05/2021 00:00:00, 	(11-APR-2025 09:17:27)
5,24/05/2021 00:00:00, 	(11-APR-2025 09:17:27)
6,02/06/2021 00:00:00, 	(11-APR-2025 09:17:27)
2,15/06/2021 00:00:00, 	(11-APR-2025 09:17:27)
4,15/06/2021 00:00:00, 	(11-APR-2025 09:17:27)
5,15/06/2021 00:00:00, 	(11-APR-2025 09:17:27)
2,29/06/2021 00:00:00, 	(11-APR-2025 09:17:27)
4,29/06/2021 00:00:00, 	(11-APR-2025 09:17:27)
5,29/06/2021 00:00:00, 	(11-APR-2025 09:17:27)
6,26/07/2021 00:00:00, 	(11-APR-2025 09:17:27)
6,28/07/2021 00:00:00, 	(11-APR-2025 09:17:27)
5,05/05/2022 00:00:00, 	(11-APR-2025 09:17:27)
2,08/08/2022 00:00:00, 	(11-APR-2025 09:17:27)
4,08/08/2022 00:00:00, 	(11-APR-2025 09:17:27)
5,08/08/2022 00:00:00, 	(11-APR-2025 09:17:27)
2,14/10/2022 00:00:00, 	(11-APR-2025 09:17:27)
4,14/10/2022 00:00:00, 	(11-APR-2025 09:17:27)
5,14/10/2022 00:00:00, 	(11-APR-2025 09:17:27)
2,31/10/2022 00:00:00, 	(11-APR-2025 09:17:27)
4,31/10/2022 00:00:00, 	(11-APR-2025 09:17:27)
5,31/10/2022 00:00:00, 	(11-APR-2025 09:17:27)
4,30/10/2022 00:00:00, 	(11-APR-2025 09:17:27)
4,25/11/2022 00:00:00, 	(11-APR-2025 09:17:27)
5,25/11/2022 00:00:00, 	(11-APR-2025 09:17:27)
4,28/11/2022 00:00:00, 	(11-APR-2025 09:17:27)
5,28/11/2022 00:00:00, 	(11-APR-2025 09:17:27)
4,30/12/2022 00:00:00, 	(11-APR-2025 09:17:27)
5,30/12/2022 00:00:00, 	(11-APR-2025 09:17:27)
2,19/05/2021 00:00:00, 	(11-APR-2025 09:17:27)
4,19/05/2021 00:00:00, 	(11-APR-2025 09:17:27)
5,19/05/2021 00:00:00, 	(11-APR-2025 09:17:27)
2,25/06/2021 00:00:00, 	(11-APR-2025 09:17:27)
4,25/06/2021 00:00:00, 	(11-APR-2025 09:17:27)
5,25/06/2021 00:00:00, 	(11-APR-2025 09:17:27)
6,02/07/2021 00:00:00, 	(11-APR-2025 09:17:27)
2,30/08/2021 00:00:00, 	(11-APR-2025 09:17:27)
4,30/08/2021 00:00:00, 	(11-APR-2025 09:17:27)
5,30/08/2021 00:00:00, 	(11-APR-2025 09:17:27)
4,01/09/2021 00:00:00, 	(11-APR-2025 09:17:27)
5,01/09/2021 00:00:00, 	(11-APR-2025 09:17:27)
2,07/09/2021 00:00:00, 	(11-APR-2025 09:17:27)
4,07/09/2021 00:00:00, 	(11-APR-2025 09:17:27)
5,07/09/2021 00:00:00, 	(11-APR-2025 09:17:27)
2,15/11/2021 00:00:00, 	(11-APR-2025 09:17:27)
4,15/11/2021 00:00:00, 	(11-APR-2025 09:17:27)
5,15/11/2021 00:00:00, 	(11-APR-2025 09:17:27)
6,12/11/2021 00:00:00, 	(11-APR-2025 09:17:27)
2,01/12/2021 00:00:00, 	(11-APR-2025 09:17:27)
4,01/12/2021 00:00:00, 	(11-APR-2025 09:17:27)
5,01/12/2021 00:00:00, 	(11-APR-2025 09:17:27)
2,21/02/2022 00:00:00, 	(11-APR-2025 09:17:27)
4,21/02/2022 00:00:00, 	(11-APR-2025 09:17:27)
5,21/02/2022 00:00:00, 	(11-APR-2025 09:17:27)
4,28/02/2022 00:00:00, 	(11-APR-2025 09:17:27)
2,28/02/2022 00:00:00, 	(11-APR-2025 09:17:27)
5,28/02/2022 00:00:00, 	(11-APR-2025 09:17:27)
4,25/02/2022 00:00:00, 	(11-APR-2025 09:17:27)
2,04/04/2022 00:00:00, 	(11-APR-2025 09:17:27)
4,04/04/2022 00:00:00, 	(11-APR-2025 09:17:27)
5,04/04/2022 00:00:00, 	(11-APR-2025 09:17:27)
2,30/03/2022 00:00:00, 	(11-APR-2025 09:17:27)
4,30/03/2022 00:00:00, 	(11-APR-2025 09:17:27)
5,30/03/2022 00:00:00, 	(11-APR-2025 09:17:27)
2,05/04/2022 00:00:00, 	(11-APR-2025 09:17:27)
4,05/04/2022 00:00:00, 	(11-APR-2025 09:17:27)
5,05/04/2022 00:00:00, 	(11-APR-2025 09:17:27)
2,02/05/2022 00:00:00, 	(11-APR-2025 09:17:27)
4,02/05/2022 00:00:00, 	(11-APR-2025 09:17:27)
5,02/05/2022 00:00:00, 	(11-APR-2025 09:17:27)
2,12/05/2022 00:00:00, 	(11-APR-2025 09:17:27)
4,12/05/2022 00:00:00, 	(11-APR-2025 09:17:27)
5,12/05/2022 00:00:00, 	(11-APR-2025 09:17:27)
2,13/05/2022 00:00:00, 	(11-APR-2025 09:17:27)
4,13/05/2022 00:00:00, 	(11-APR-2025 09:17:27)
5,13/05/2022 00:00:00, 	(11-APR-2025 09:17:27)
2,30/05/2022 00:00:00, 	(11-APR-2025 09:17:27)
4,30/05/2022 00:00:00, 	(11-APR-2025 09:17:27)
5,30/05/2022 00:00:00, 	(11-APR-2025 09:17:27)
2,28/09/2022 00:00:00, 	(11-APR-2025 09:17:27)
4,28/09/2022 00:00:00, 	(11-APR-2025 09:17:27)
5,28/09/2022 00:00:00, 	(11-APR-2025 09:17:27)
4,19/03/2021 00:00:00, 	(11-APR-2025 09:17:27)
2,19/03/2021 00:00:00, 	(11-APR-2025 09:17:27)
5,19/03/2021 00:00:00, 	(11-APR-2025 09:17:27)
4,30/03/2021 00:00:00, 	(11-APR-2025 09:17:27)
2,02/04/2021 00:00:00, 	(11-APR-2025 09:17:27)
2,20/07/2021 00:00:00, 	(11-APR-2025 09:17:27)
4,20/07/2021 00:00:00, 	(11-APR-2025 09:17:27)
5,20/07/2021 00:00:00, 	(11-APR-2025 09:17:27)
2,30/07/2021 00:00:00, 	(11-APR-2025 09:17:27)
4,30/07/2021 00:00:00, 	(11-APR-2025 09:17:27)
5,30/07/2021 00:00:00, 	(11-APR-2025 09:17:27)
2,14/10/2021 00:00:00, 	(11-APR-2025 09:17:27)
4,14/10/2021 00:00:00, 	(11-APR-2025 09:17:27)
5,14/10/2021 00:00:00, 	(11-APR-2025 09:17:27)
4,14/01/2022 00:00:00, 	(11-APR-2025 09:17:27)
2,14/01/2022 00:00:00, 	(11-APR-2025 09:17:27)
5,14/01/2022 00:00:00, 	(11-APR-2025 09:17:27)
4,31/01/2022 00:00:00, 	(11-APR-2025 09:17:27)
2,31/01/2022 00:00:00, 	(11-APR-2025 09:17:27)
5,31/01/2022 00:00:00, 	(11-APR-2025 09:17:27)
4,28/01/2022 00:00:00, 	(11-APR-2025 09:17:27)
2,28/01/2022 00:00:00, 	(11-APR-2025 09:17:27)
5,28/01/2022 00:00:00, 	(11-APR-2025 09:17:27)
4,07/02/2022 00:00:00, 	(11-APR-2025 09:17:27)
2,07/02/2022 00:00:00, 	(11-APR-2025 09:17:27)
5,07/02/2022 00:00:00, 	(11-APR-2025 09:17:27)
2,17/03/2022 00:00:00, 	(11-APR-2025 09:17:27)
4,17/03/2022 00:00:00, 	(11-APR-2025 09:17:27)
5,17/03/2022 00:00:00, 	(11-APR-2025 09:17:27)
2,21/03/2022 00:00:00, 	(11-APR-2025 09:17:27)
4,21/03/2022 00:00:00, 	(11-APR-2025 09:17:27)
5,21/03/2022 00:00:00, 	(11-APR-2025 09:17:27)
2,21/04/2022 00:00:00, 	(11-APR-2025 09:17:27)
4,21/04/2022 00:00:00, 	(11-APR-2025 09:17:27)
5,21/04/2022 00:00:00, 	(11-APR-2025 09:17:27)
2,29/04/2022 00:00:00, 	(11-APR-2025 09:17:27)
4,29/04/2022 00:00:00, 	(11-APR-2025 09:17:27)
5,29/04/2022 00:00:00, 	(11-APR-2025 09:17:27)
2,19/05/2022 00:00:00, 	(11-APR-2025 09:17:27)
4,19/05/2022 00:00:00, 	(11-APR-2025 09:17:27)
5,19/05/2022 00:00:00, 	(11-APR-2025 09:17:27)
2,23/05/2022 00:00:00, 	(11-APR-2025 09:17:27)
4,23/05/2022 00:00:00, 	(11-APR-2025 09:17:27)
5,23/05/2022 00:00:00, 	(11-APR-2025 09:17:27)
2,15/06/2022 00:00:00, 	(11-APR-2025 09:17:27)
4,15/06/2022 00:00:00, 	(11-APR-2025 09:17:27)
5,15/06/2022 00:00:00, 	(11-APR-2025 09:17:27)
2,30/06/2022 00:00:00, 	(11-APR-2025 09:17:27)
4,30/06/2022 00:00:00, 	(11-APR-2025 09:17:27)
5,30/06/2022 00:00:00, 	(11-APR-2025 09:17:27)
4,29/07/2022 00:00:00, 	(11-APR-2025 09:17:27)
5,29/07/2022 00:00:00, 	(11-APR-2025 09:17:27)
6,27/10/2022 00:00:00, 	(11-APR-2025 09:17:27)
4,04/11/2022 00:00:00, 	(11-APR-2025 09:17:27)
5,04/11/2022 00:00:00, 	(11-APR-2025 09:17:27)
4,30/11/2022 00:00:00, 	(11-APR-2025 09:17:27)
2,01/02/2023 00:00:00, 	(11-APR-2025 09:17:27)
4,01/02/2023 00:00:00, 	(11-APR-2025 09:17:27)
5,01/02/2023 00:00:00, 	(11-APR-2025 09:17:27)
2,01/03/2023 00:00:00, 	(11-APR-2025 09:17:27)
4,01/03/2023 00:00:00, 	(11-APR-2025 09:17:27)
5,01/03/2023 00:00:00, 	(11-APR-2025 09:17:27)
2,28/04/2023 00:00:00, 	(11-APR-2025 09:17:27)
4,28/04/2023 00:00:00, 	(11-APR-2025 09:17:27)
5,28/04/2023 00:00:00, 	(11-APR-2025 09:17:27)
2,05/05/2023 00:00:00, 	(11-APR-2025 09:17:27)
4,05/05/2023 00:00:00, 	(11-APR-2025 09:17:27)
5,05/05/2023 00:00:00, 	(11-APR-2025 09:17:27)
2,09/08/2021 00:00:00, 	(11-APR-2025 09:17:27)
4,09/08/2021 00:00:00, 	(11-APR-2025 09:17:27)
5,09/08/2021 00:00:00, 	(11-APR-2025 09:17:27)
2,29/10/2021 00:00:00, 	(11-APR-2025 09:17:27)
4,29/10/2021 00:00:00, 	(11-APR-2025 09:17:27)
5,29/10/2021 00:00:00, 	(11-APR-2025 09:17:27)
2,05/11/2021 00:00:00, 	(11-APR-2025 09:17:27)
4,05/11/2021 00:00:00, 	(11-APR-2025 09:17:27)
5,05/11/2021 00:00:00, 	(11-APR-2025 09:17:27)
2,22/12/2021 00:00:00, 	(11-APR-2025 09:17:27)
4,22/12/2021 00:00:00, 	(11-APR-2025 09:17:27)
5,22/12/2021 00:00:00, 	(11-APR-2025 09:17:27)
2,24/12/2021 00:00:00, 	(11-APR-2025 09:17:27)
4,24/12/2021 00:00:00, 	(11-APR-2025 09:17:27)
5,24/12/2021 00:00:00, 	(11-APR-2025 09:17:27)
4,24/01/2022 00:00:00, 	(11-APR-2025 09:17:27)
2,24/01/2022 00:00:00, 	(11-APR-2025 09:17:27)
5,24/01/2022 00:00:00, 	(11-APR-2025 09:17:27)
2,28/03/2022 00:00:00, 	(11-APR-2025 09:17:27)
4,28/03/2022 00:00:00, 	(11-APR-2025 09:17:27)
5,28/03/2022 00:00:00, 	(11-APR-2025 09:17:27)
4,28/04/2022 00:00:00, 	(11-APR-2025 09:17:27)
5,28/04/2022 00:00:00, 	(11-APR-2025 09:17:27)
2,16/05/2022 00:00:00, 	(11-APR-2025 09:17:27)
4,16/05/2022 00:00:00, 	(11-APR-2025 09:17:27)
5,16/05/2022 00:00:00, 	(11-APR-2025 09:17:27)
2,29/07/2022 00:00:00, 	(11-APR-2025 09:17:27)
4,31/08/2022 00:00:00, 	(11-APR-2025 09:17:27)
5,31/08/2022 00:00:00, 	(11-APR-2025 09:17:27)
2,02/09/2022 00:00:00, 	(11-APR-2025 09:17:27)
4,02/09/2022 00:00:00, 	(11-APR-2025 09:17:27)
5,02/09/2022 00:00:00, 	(11-APR-2025 09:17:27)
2,21/09/2022 00:00:00, 	(11-APR-2025 09:17:27)
4,21/09/2022 00:00:00, 	(11-APR-2025 09:17:27)
5,21/09/2022 00:00:00, 	(11-APR-2025 09:17:27)
2,23/09/2022 00:00:00, 	(11-APR-2025 09:17:27)
4,23/09/2022 00:00:00, 	(11-APR-2025 09:17:27)
5,23/09/2022 00:00:00, 	(11-APR-2025 09:17:27)
4,29/09/2022 00:00:00, 	(11-APR-2025 09:17:27)
4,05/04/2021 00:00:00, 	(11-APR-2025 09:17:27)
2,05/04/2021 00:00:00, 	(11-APR-2025 09:17:27)
5,05/04/2021 00:00:00, 	(11-APR-2025 09:17:27)
2,05/05/2021 00:00:00, 	(11-APR-2025 09:17:27)
4,05/05/2021 00:00:00, 	(11-APR-2025 09:17:27)
5,05/05/2021 00:00:00, 	(11-APR-2025 09:17:27)
6,08/05/2021 00:00:00, 	(11-APR-2025 09:17:27)
6,10/05/2021 00:00:00, 	(11-APR-2025 09:17:27)
2,31/05/2021 00:00:00, 	(11-APR-2025 09:17:27)
4,31/05/2021 00:00:00, 	(11-APR-2025 09:17:27)
5,31/05/2021 00:00:00, 	(11-APR-2025 09:17:27)
2,03/06/2021 00:00:00, 	(11-APR-2025 09:17:27)
4,03/06/2021 00:00:00, 	(11-APR-2025 09:17:27)
5,03/06/2021 00:00:00, 	(11-APR-2025 09:17:27)
2,11/10/2021 00:00:00, 	(11-APR-2025 09:17:27)
4,11/10/2021 00:00:00, 	(11-APR-2025 09:17:27)
5,11/10/2021 00:00:00, 	(11-APR-2025 09:17:27)
4,14/02/2022 00:00:00, 	(11-APR-2025 09:17:27)
2,14/02/2022 00:00:00, 	(11-APR-2025 09:17:27)
5,14/02/2022 00:00:00, 	(11-APR-2025 09:17:27)
4,15/03/2022 00:00:00, 	(11-APR-2025 09:17:27)
2,15/03/2022 00:00:00, 	(11-APR-2025 09:17:27)
5,15/03/2022 00:00:00, 	(11-APR-2025 09:17:27)
2,31/03/2022 00:00:00, 	(11-APR-2025 09:17:27)
4,31/03/2022 00:00:00, 	(11-APR-2025 09:17:27)
5,31/03/2022 00:00:00, 	(11-APR-2025 09:17:27)
2,07/04/2022 00:00:00, 	(11-APR-2025 09:17:27)
4,07/04/2022 00:00:00, 	(11-APR-2025 09:17:27)
5,07/04/2022 00:00:00, 	(11-APR-2025 09:17:27)
2,25/04/2022 00:00:00, 	(11-APR-2025 09:17:27)
4,25/04/2022 00:00:00, 	(11-APR-2025 09:17:27)
5,25/04/2022 00:00:00, 	(11-APR-2025 09:17:27)
6,16/04/2022 00:00:00, 	(11-APR-2025 09:17:27)
2,05/05/2022 00:00:00, 	(11-APR-2025 09:17:27)
4,05/05/2022 00:00:00, 	(11-APR-2025 09:17:27)
2,18/02/2022 00:00:00, 	(11-APR-2025 09:17:27)
4,18/02/2022 00:00:00, 	(11-APR-2025 09:17:27)
5,18/02/2022 00:00:00, 	(11-APR-2025 09:17:27)
2,14/03/2022 00:00:00, 	(11-APR-2025 09:17:27)
4,14/03/2022 00:00:00, 	(11-APR-2025 09:17:27)
5,14/03/2022 00:00:00, 	(11-APR-2025 09:17:27)
2,11/04/2022 00:00:00, 	(11-APR-2025 09:17:27)
4,11/04/2022 00:00:00, 	(11-APR-2025 09:17:27)
5,11/04/2022 00:00:00, 	(11-APR-2025 09:17:27)
2,13/04/2022 00:00:00, 	(11-APR-2025 09:17:27)
4,13/04/2022 00:00:00, 	(11-APR-2025 09:17:27)
5,13/04/2022 00:00:00, 	(11-APR-2025 09:17:27)
2,28/04/2022 00:00:00, 	(11-APR-2025 09:17:27)
4,17/04/2022 00:00:00, 	(11-APR-2025 09:17:27)
2,26/05/2022 00:00:00, 	(11-APR-2025 09:17:27)
4,26/05/2022 00:00:00, 	(11-APR-2025 09:17:27)
5,26/05/2022 00:00:00, 	(11-APR-2025 09:17:27)
3,01/06/2022 00:00:00, 	(11-APR-2025 09:17:27)
2,12/08/2022 00:00:00, 	(11-APR-2025 09:17:27)
4,12/08/2022 00:00:00, 	(11-APR-2025 09:17:27)
5,12/08/2022 00:00:00, 	(11-APR-2025 09:17:27)
4,30/08/2022 00:00:00, 	(11-APR-2025 09:17:27)
2,29/10/2022 00:00:00, 	(11-APR-2025 09:17:27)
5,30/11/2022 00:00:00, 	(11-APR-2025 09:17:27)
4,29/11/2022 00:00:00, 	(11-APR-2025 09:17:27)
4,15/12/2022 00:00:00, 	(11-APR-2025 09:17:27)
5,15/12/2022 00:00:00, 	(11-APR-2025 09:17:27)
2,15/03/2021 00:00:00, 	(11-APR-2025 09:17:27)
4,15/03/2021 00:00:00, 	(11-APR-2025 09:17:27)
5,15/03/2021 00:00:00, 	(11-APR-2025 09:17:27)
4,02/04/2021 00:00:00, 	(11-APR-2025 09:17:27)
5,02/04/2021 00:00:00, 	(11-APR-2025 09:17:27)
2,20/04/2021 00:00:00, 	(11-APR-2025 09:17:27)
4,20/04/2021 00:00:00, 	(11-APR-2025 09:17:27)
5,20/04/2021 00:00:00, 	(11-APR-2025 09:17:27)
2,02/06/2021 00:00:00, 	(11-APR-2025 09:17:27)
4,02/06/2021 00:00:00, 	(11-APR-2025 09:17:27)
5,02/06/2021 00:00:00, 	(11-APR-2025 09:17:27)
2,28/05/2021 00:00:00, 	(11-APR-2025 09:17:27)
4,28/05/2021 00:00:00, 	(11-APR-2025 09:17:27)
5,28/05/2021 00:00:00, 	(11-APR-2025 09:17:27)
2,10/06/2021 00:00:00, 	(11-APR-2025 09:17:27)
4,10/06/2021 00:00:00, 	(11-APR-2025 09:17:27)
5,10/06/2021 00:00:00, 	(11-APR-2025 09:17:27)
2,30/11/2021 00:00:00, 	(11-APR-2025 09:17:27)
4,30/11/2021 00:00:00, 	(11-APR-2025 09:17:27)
5,30/11/2021 00:00:00, 	(11-APR-2025 09:17:27)
2,30/12/2021 00:00:00, 	(11-APR-2025 09:17:27)
4,30/12/2021 00:00:00, 	(11-APR-2025 09:17:27)
5,30/12/2021 00:00:00, 	(11-APR-2025 09:17:27)
4,15/02/2022 00:00:00, 	(11-APR-2025 09:17:27)
2,15/02/2022 00:00:00, 	(11-APR-2025 09:17:27)
5,15/02/2022 00:00:00, 	(11-APR-2025 09:17:27)
2,26/04/2022 00:00:00, 	(11-APR-2025 09:17:27)
4,26/04/2022 00:00:00, 	(11-APR-2025 09:17:27)
5,26/04/2022 00:00:00, 	(11-APR-2025 09:17:27)
2,31/05/2022 00:00:00, 	(11-APR-2025 09:17:27)
4,31/05/2022 00:00:00, 	(11-APR-2025 09:17:27)
5,31/05/2022 00:00:00, 	(11-APR-2025 09:17:27)
2,27/06/2022 00:00:00, 	(11-APR-2025 09:17:27)
4,27/06/2022 00:00:00, 	(11-APR-2025 09:17:27)
5,27/06/2022 00:00:00, 	(11-APR-2025 09:17:27)
2,08/07/2022 00:00:00, 	(11-APR-2025 09:17:27)
4,08/07/2022 00:00:00, 	(11-APR-2025 09:17:27)
5,08/07/2022 00:00:00, 	(11-APR-2025 09:17:27)
4,15/07/2022 00:00:00, 	(11-APR-2025 09:17:27)
2,15/07/2022 00:00:00, 	(11-APR-2025 09:17:27)
5,15/07/2022 00:00:00, 	(11-APR-2025 09:17:27)
4,15/11/2022 00:00:00, 	(11-APR-2025 09:17:27)
5,15/11/2022 00:00:00, 	(11-APR-2025 09:17:27)
4,19/12/2022 00:00:00, 	(11-APR-2025 09:17:27)
5,19/12/2022 00:00:00, 	(11-APR-2025 09:17:27)
4,23/12/2022 00:00:00, 	(11-APR-2025 09:17:27)
5,23/12/2022 00:00:00, 	(11-APR-2025 09:17:27)
2,15/04/2021 00:00:00, 	(11-APR-2025 09:17:27)
4,15/04/2021 00:00:00, 	(11-APR-2025 09:17:27)
5,15/04/2021 00:00:00, 	(11-APR-2025 09:17:27)
2,04/05/2021 00:00:00, 	(11-APR-2025 09:17:27)
4,04/05/2021 00:00:00, 	(11-APR-2025 09:17:27)
5,04/05/2021 00:00:00, 	(11-APR-2025 09:17:27)
2,14/05/2021 00:00:00, 	(11-APR-2025 09:17:27)
4,14/05/2021 00:00:00, 	(11-APR-2025 09:17:27)
5,14/05/2021 00:00:00, 	(11-APR-2025 09:17:27)
2,08/06/2021 00:00:00, 	(11-APR-2025 09:17:27)
4,08/06/2021 00:00:00, 	(11-APR-2025 09:17:27)
5,08/06/2021 00:00:00, 	(11-APR-2025 09:17:27)
2,30/06/2021 00:00:00, 	(11-APR-2025 09:17:27)
4,30/06/2021 00:00:00, 	(11-APR-2025 09:17:27)
5,30/06/2021 00:00:00, 	(11-APR-2025 09:17:27)
2,15/07/2021 00:00:00, 	(11-APR-2025 09:17:27)
4,15/07/2021 00:00:00, 	(11-APR-2025 09:17:27)
5,15/07/2021 00:00:00, 	(11-APR-2025 09:17:27)
2,13/08/2021 00:00:00, 	(11-APR-2025 09:17:27)
4,13/08/2021 00:00:00, 	(11-APR-2025 09:17:27)
5,13/08/2021 00:00:00, 	(11-APR-2025 09:17:27)
2,31/08/2021 00:00:00, 	(11-APR-2025 09:17:27)
4,31/08/2021 00:00:00, 	(11-APR-2025 09:17:27)
5,31/08/2021 00:00:00, 	(11-APR-2025 09:17:27)
4,20/07/2023 00:00:00, 	(11-APR-2025 09:17:27)
5,20/07/2023 00:00:00, 	(11-APR-2025 09:17:27)
4,25/07/2023 00:00:00, 	(11-APR-2025 09:17:27)
5,25/07/2023 00:00:00, 	(11-APR-2025 09:17:27)
2,26/07/2023 00:00:00, 	(11-APR-2025 09:17:27)
4,26/07/2023 00:00:00, 	(11-APR-2025 09:17:27)
5,26/07/2023 00:00:00, 	(11-APR-2025 09:17:27)
6,09/03/2023 00:00:00, 	(11-APR-2025 09:17:27)
6,29/03/2023 00:00:00, 	(11-APR-2025 09:17:27)
6,21/04/2023 00:00:00, 	(11-APR-2025 09:17:27)
6,04/05/2023 00:00:00, 	(11-APR-2025 09:17:27)
2,28/07/2023 00:00:00, 	(11-APR-2025 09:17:27)
4,28/07/2023 00:00:00, 	(11-APR-2025 09:17:27)
5,28/07/2023 00:00:00, 	(11-APR-2025 09:17:27)
4,30/07/2023 00:00:00, 	(11-APR-2025 09:17:27)
5,30/07/2023 00:00:00, 	(11-APR-2025 09:17:27)
4,31/07/2023 00:00:00, 	(11-APR-2025 09:17:27)
5,31/07/2023 00:00:00, 	(11-APR-2025 09:17:27)
2,01/08/2023 00:00:00, 	(11-APR-2025 09:17:27)
2,02/08/2023 00:00:00, 	(11-APR-2025 09:17:27)
4,01/08/2023 00:00:00, 	(11-APR-2025 09:17:27)
5,01/08/2023 00:00:00, 	(11-APR-2025 09:17:27)
4,02/08/2023 00:00:00, 	(11-APR-2025 09:17:27)
5,02/08/2023 00:00:00, 	(11-APR-2025 09:17:27)
2,11/08/2023 00:00:00, 	(11-APR-2025 09:17:27)
2,12/08/2023 00:00:00, 	(11-APR-2025 09:17:27)
4,11/08/2023 00:00:00, 	(11-APR-2025 09:17:27)
5,11/08/2023 00:00:00, 	(11-APR-2025 09:17:27)
4,12/08/2023 00:00:00, 	(11-APR-2025 09:17:27)
5,12/08/2023 00:00:00, 	(11-APR-2025 09:17:27)
2,20/08/2023 00:00:00, 	(11-APR-2025 09:17:27)
4,20/08/2023 00:00:00, 	(11-APR-2025 09:17:27)
5,20/08/2023 00:00:00, 	(11-APR-2025 09:17:27)
2,29/08/2023 00:00:00, 	(11-APR-2025 09:17:27)
2,30/08/2023 00:00:00, 	(11-APR-2025 09:17:27)
2,31/08/2023 00:00:00, 	(11-APR-2025 09:17:27)
4,29/08/2023 00:00:00, 	(11-APR-2025 09:17:27)
5,29/08/2023 00:00:00, 	(11-APR-2025 09:17:27)
4,30/08/2023 00:00:00, 	(11-APR-2025 09:17:27)
5,30/08/2023 00:00:00, 	(11-APR-2025 09:17:27)
4,31/08/2023 00:00:00, 	(11-APR-2025 09:17:27)
5,31/08/2023 00:00:00, 	(11-APR-2025 09:17:27)
2,04/09/2023 00:00:00, 	(11-APR-2025 09:17:27)
4,04/09/2023 00:00:00, 	(11-APR-2025 09:17:27)
5,04/09/2023 00:00:00, 	(11-APR-2025 09:17:27)
6,01/09/2023 00:00:00, 	(11-APR-2025 09:17:27)
6,02/09/2023 00:00:00, 	(11-APR-2025 09:17:27)
4,08/09/2023 00:00:00, 	(11-APR-2025 09:17:27)
5,08/09/2023 00:00:00, 	(11-APR-2025 09:17:27)
4,09/09/2023 00:00:00, 	(11-APR-2025 09:17:27)
2,20/10/2023 00:00:00, 	(11-APR-2025 09:17:27)
2,06/11/2023 00:00:00, 	(11-APR-2025 09:17:27)
2,07/11/2023 00:00:00, 	(11-APR-2025 09:17:27)
4,06/11/2023 00:00:00, 	(11-APR-2025 09:17:27)
5,06/11/2023 00:00:00, 	(11-APR-2025 09:17:27)
4,07/11/2023 00:00:00, 	(11-APR-2025 09:17:27)
5,07/11/2023 00:00:00, 	(11-APR-2025 09:17:27)
2,16/11/2023 00:00:00, 	(11-APR-2025 09:17:27)
2,17/11/2023 00:00:00, 	(11-APR-2025 09:17:27)
2,18/11/2023 00:00:00, 	(11-APR-2025 09:17:27)
2,20/11/2023 00:00:00, 	(11-APR-2025 09:17:27)
2,21/11/2023 00:00:00, 	(11-APR-2025 09:17:27)
4,16/11/2023 00:00:00, 	(11-APR-2025 09:17:27)
5,16/11/2023 00:00:00, 	(11-APR-2025 09:17:27)
4,17/11/2023 00:00:00, 	(11-APR-2025 09:17:27)
5,17/11/2023 00:00:00, 	(11-APR-2025 09:17:27)
4,18/11/2023 00:00:00, 	(11-APR-2025 09:17:27)
5,18/11/2023 00:00:00, 	(11-APR-2025 09:17:27)
4,20/11/2023 00:00:00, 	(11-APR-2025 09:17:27)
5,20/11/2023 00:00:00, 	(11-APR-2025 09:17:27)
4,21/11/2023 00:00:00, 	(11-APR-2025 09:17:27)
5,21/11/2023 00:00:00, 	(11-APR-2025 09:17:27)
2,14/12/2023 00:00:00, 	(11-APR-2025 09:17:27)
4,14/12/2023 00:00:00, 	(11-APR-2025 09:17:27)
5,14/12/2023 00:00:00, 	(11-APR-2025 09:17:27)
4,15/12/2023 00:00:00, 	(11-APR-2025 09:17:27)
5,15/12/2023 00:00:00, 	(11-APR-2025 09:17:27)
2,16/12/2023 00:00:00, 	(11-APR-2025 09:17:27)
4,16/12/2023 00:00:00, 	(11-APR-2025 09:17:27)
5,16/12/2023 00:00:00, 	(11-APR-2025 09:17:27)
2,19/12/2023 00:00:00, 	(11-APR-2025 09:17:27)
4,19/12/2023 00:00:00, 	(11-APR-2025 09:17:27)
5,19/12/2023 00:00:00, 	(11-APR-2025 09:17:27)
2,20/12/2023 00:00:00, 	(11-APR-2025 09:17:27)
4,20/12/2023 00:00:00, 	(11-APR-2025 09:17:27)
5,20/12/2023 00:00:00, 	(11-APR-2025 09:17:27)
4,16/01/2024 00:00:00, 	(11-APR-2025 09:17:27)
5,16/01/2024 00:00:00, 	(11-APR-2025 09:17:27)
2,01/02/2024 00:00:00, 	(11-APR-2025 09:17:27)
2,06/05/2023 00:00:00, 	(11-APR-2025 09:17:27)
4,06/05/2023 00:00:00, 	(11-APR-2025 09:17:27)
5,06/05/2023 00:00:00, 	(11-APR-2025 09:17:27)
2,08/05/2023 00:00:00, 	(11-APR-2025 09:17:27)
4,08/05/2023 00:00:00, 	(11-APR-2025 09:17:27)
5,08/05/2023 00:00:00, 	(11-APR-2025 09:17:27)
2,09/05/2023 00:00:00, 	(11-APR-2025 09:17:27)
4,09/05/2023 00:00:00, 	(11-APR-2025 09:17:27)
5,09/05/2023 00:00:00, 	(11-APR-2025 09:17:27)
2,12/05/2023 00:00:00, 	(11-APR-2025 09:17:27)
2,13/05/2023 00:00:00, 	(11-APR-2025 09:17:27)
4,12/05/2023 00:00:00, 	(11-APR-2025 09:17:27)
5,12/05/2023 00:00:00, 	(11-APR-2025 09:17:27)
4,13/05/2023 00:00:00, 	(11-APR-2025 09:17:27)
5,13/05/2023 00:00:00, 	(11-APR-2025 09:17:27)
2,14/05/2023 00:00:00, 	(11-APR-2025 09:17:27)
4,14/05/2023 00:00:00, 	(11-APR-2025 09:17:27)
5,14/05/2023 00:00:00, 	(11-APR-2025 09:17:27)
2,15/05/2023 00:00:00, 	(11-APR-2025 09:17:27)
4,15/05/2023 00:00:00, 	(11-APR-2025 09:17:27)
5,15/05/2023 00:00:00, 	(11-APR-2025 09:17:27)
2,24/05/2023 00:00:00, 	(11-APR-2025 09:17:27)
2,02/06/2023 00:00:00, 	(11-APR-2025 09:17:27)
2,08/06/2023 00:00:00, 	(11-APR-2025 09:17:27)
4,08/06/2023 00:00:00, 	(11-APR-2025 09:17:27)
5,08/06/2023 00:00:00, 	(11-APR-2025 09:17:27)
2,20/06/2023 00:00:00, 	(11-APR-2025 09:17:27)
4,20/06/2023 00:00:00, 	(11-APR-2025 09:17:27)
5,20/06/2023 00:00:00, 	(11-APR-2025 09:17:27)
2,30/07/2023 00:00:00, 	(11-APR-2025 09:17:27)
2,31/07/2023 00:00:00, 	(11-APR-2025 09:17:27)
2,07/08/2023 00:00:00, 	(11-APR-2025 09:17:27)
4,07/08/2023 00:00:00, 	(11-APR-2025 09:17:27)
5,07/08/2023 00:00:00, 	(11-APR-2025 09:17:27)
5,09/09/2023 00:00:00, 	(11-APR-2025 09:17:27)
4,10/09/2023 00:00:00, 	(11-APR-2025 09:17:27)
5,10/09/2023 00:00:00, 	(11-APR-2025 09:17:27)
4,11/09/2023 00:00:00, 	(11-APR-2025 09:17:27)
5,11/09/2023 00:00:00, 	(11-APR-2025 09:17:27)
2,12/09/2023 00:00:00, 	(11-APR-2025 09:17:27)
2,13/09/2023 00:00:00, 	(11-APR-2025 09:17:27)
4,12/09/2023 00:00:00, 	(11-APR-2025 09:17:27)
5,12/09/2023 00:00:00, 	(11-APR-2025 09:17:27)
4,13/09/2023 00:00:00, 	(11-APR-2025 09:17:27)
5,13/09/2023 00:00:00, 	(11-APR-2025 09:17:27)
2,14/09/2023 00:00:00, 	(11-APR-2025 09:17:27)
2,15/09/2023 00:00:00, 	(11-APR-2025 09:17:27)
4,14/09/2023 00:00:00, 	(11-APR-2025 09:17:27)
5,14/09/2023 00:00:00, 	(11-APR-2025 09:17:27)
2,02/01/2023 00:00:00, 	(11-APR-2025 09:17:27)
4,02/01/2023 00:00:00, 	(11-APR-2025 09:17:27)
5,02/01/2023 00:00:00, 	(11-APR-2025 09:17:27)
2,04/01/2023 00:00:00, 	(11-APR-2025 09:17:27)
2,06/01/2023 00:00:00, 	(11-APR-2025 09:17:27)
2,09/01/2023 00:00:00, 	(11-APR-2025 09:17:27)
2,12/01/2023 00:00:00, 	(11-APR-2025 09:17:27)
2,07/01/2023 00:00:00, 	(11-APR-2025 09:17:27)
2,08/01/2023 00:00:00, 	(11-APR-2025 09:17:27)
4,07/01/2023 00:00:00, 	(11-APR-2025 09:17:27)
5,07/01/2023 00:00:00, 	(11-APR-2025 09:17:27)
4,08/01/2023 00:00:00, 	(11-APR-2025 09:17:27)
5,08/01/2023 00:00:00, 	(11-APR-2025 09:17:27)
4,14/01/2023 00:00:00, 	(11-APR-2025 09:17:27)
5,14/01/2023 00:00:00, 	(11-APR-2025 09:17:27)
2,16/05/2023 00:00:00, 	(11-APR-2025 09:17:27)
4,16/05/2023 00:00:00, 	(11-APR-2025 09:17:27)
5,16/05/2023 00:00:00, 	(11-APR-2025 09:17:27)
4,22/05/2023 00:00:00, 	(11-APR-2025 09:17:27)
5,22/05/2023 00:00:00, 	(11-APR-2025 09:17:27)
4,23/05/2023 00:00:00, 	(11-APR-2025 09:17:27)
5,23/05/2023 00:00:00, 	(11-APR-2025 09:17:27)
2,03/06/2023 00:00:00, 	(11-APR-2025 09:17:27)
4,03/06/2023 00:00:00, 	(11-APR-2025 09:17:27)
5,03/06/2023 00:00:00, 	(11-APR-2025 09:17:27)
2,07/06/2023 00:00:00, 	(11-APR-2025 09:17:27)
4,07/06/2023 00:00:00, 	(11-APR-2025 09:17:27)
5,07/06/2023 00:00:00, 	(11-APR-2025 09:17:27)
2,14/06/2023 00:00:00, 	(11-APR-2025 09:17:27)
4,14/06/2023 00:00:00, 	(11-APR-2025 09:17:27)
5,14/06/2023 00:00:00, 	(11-APR-2025 09:17:27)
4,18/07/2023 00:00:00, 	(11-APR-2025 09:17:27)
5,18/07/2023 00:00:00, 	(11-APR-2025 09:17:27)
2,19/07/2023 00:00:00, 	(11-APR-2025 09:17:27)
4,19/07/2023 00:00:00, 	(11-APR-2025 09:17:27)
5,19/07/2023 00:00:00, 	(11-APR-2025 09:17:27)
2,27/07/2023 00:00:00, 	(11-APR-2025 09:17:27)
4,27/07/2023 00:00:00, 	(11-APR-2025 09:17:27)
5,27/07/2023 00:00:00, 	(11-APR-2025 09:17:27)
2,05/09/2023 00:00:00, 	(11-APR-2025 09:17:27)
2,06/09/2023 00:00:00, 	(11-APR-2025 09:17:27)
2,07/09/2023 00:00:00, 	(11-APR-2025 09:17:27)
4,05/09/2023 00:00:00, 	(11-APR-2025 09:17:27)
5,05/09/2023 00:00:00, 	(11-APR-2025 09:17:27)
4,06/09/2023 00:00:00, 	(11-APR-2025 09:17:27)
5,06/09/2023 00:00:00, 	(11-APR-2025 09:17:27)
4,07/09/2023 00:00:00, 	(11-APR-2025 09:17:27)
5,07/09/2023 00:00:00, 	(11-APR-2025 09:17:27)
4,15/09/2023 00:00:00, 	(11-APR-2025 09:17:27)
5,15/09/2023 00:00:00, 	(11-APR-2025 09:17:27)
2,16/09/2023 00:00:00, 	(11-APR-2025 09:17:27)
2,17/09/2023 00:00:00, 	(11-APR-2025 09:17:27)
4,16/09/2023 00:00:00, 	(11-APR-2025 09:17:27)
5,16/09/2023 00:00:00, 	(11-APR-2025 09:17:27)
4,17/09/2023 00:00:00, 	(11-APR-2025 09:17:27)
5,17/09/2023 00:00:00, 	(11-APR-2025 09:17:27)
2,18/09/2023 00:00:00, 	(11-APR-2025 09:17:27)
2,19/09/2023 00:00:00, 	(11-APR-2025 09:17:27)
4,18/09/2023 00:00:00, 	(11-APR-2025 09:17:27)
5,18/09/2023 00:00:00, 	(11-APR-2025 09:17:27)
4,19/09/2023 00:00:00, 	(11-APR-2025 09:17:27)
5,19/09/2023 00:00:00, 	(11-APR-2025 09:17:27)
2,20/09/2023 00:00:00, 	(11-APR-2025 09:17:27)
2,21/09/2023 00:00:00, 	(11-APR-2025 09:17:27)
4,20/09/2023 00:00:00, 	(11-APR-2025 09:17:27)
5,20/09/2023 00:00:00, 	(11-APR-2025 09:17:27)
4,21/09/2023 00:00:00, 	(11-APR-2025 09:17:27)
5,21/09/2023 00:00:00, 	(11-APR-2025 09:17:27)
2,22/09/2023 00:00:00, 	(11-APR-2025 09:17:27)
2,23/09/2023 00:00:00, 	(11-APR-2025 09:17:27)
2,24/09/2023 00:00:00, 	(11-APR-2025 09:17:27)
4,22/09/2023 00:00:00, 	(11-APR-2025 09:17:27)
2,14/04/2023 00:00:00, 	(11-APR-2025 09:17:27)
4,14/04/2023 00:00:00, 	(11-APR-2025 09:17:27)
5,14/04/2023 00:00:00, 	(11-APR-2025 09:17:27)
2,19/04/2023 00:00:00, 	(11-APR-2025 09:17:27)
2,20/04/2023 00:00:00, 	(11-APR-2025 09:17:27)
4,19/04/2023 00:00:00, 	(11-APR-2025 09:17:27)
5,19/04/2023 00:00:00, 	(11-APR-2025 09:17:27)
4,20/04/2023 00:00:00, 	(11-APR-2025 09:17:27)
5,20/04/2023 00:00:00, 	(11-APR-2025 09:17:27)
2,01/05/2023 00:00:00, 	(11-APR-2025 09:17:27)
4,01/05/2023 00:00:00, 	(11-APR-2025 09:17:27)
5,01/05/2023 00:00:00, 	(11-APR-2025 09:17:27)
2,19/05/2023 00:00:00, 	(11-APR-2025 09:17:27)
4,19/05/2023 00:00:00, 	(11-APR-2025 09:17:27)
5,19/05/2023 00:00:00, 	(11-APR-2025 09:17:27)
2,20/05/2023 00:00:00, 	(11-APR-2025 09:17:27)
4,20/05/2023 00:00:00, 	(11-APR-2025 09:17:27)
5,20/05/2023 00:00:00, 	(11-APR-2025 09:17:27)
2,25/05/2023 00:00:00, 	(11-APR-2025 09:17:27)
4,25/05/2023 00:00:00, 	(11-APR-2025 09:17:27)
5,25/05/2023 00:00:00, 	(11-APR-2025 09:17:27)
4,02/06/2023 00:00:00, 	(11-APR-2025 09:17:27)
5,02/06/2023 00:00:00, 	(11-APR-2025 09:17:27)
2,15/06/2023 00:00:00, 	(11-APR-2025 09:17:27)
4,15/06/2023 00:00:00, 	(11-APR-2025 09:17:27)
5,15/06/2023 00:00:00, 	(11-APR-2025 09:17:27)
2,19/06/2023 00:00:00, 	(11-APR-2025 09:17:27)
4,19/06/2023 00:00:00, 	(11-APR-2025 09:17:27)
5,19/06/2023 00:00:00, 	(11-APR-2025 09:17:27)
2,27/06/2023 00:00:00, 	(11-APR-2025 09:17:27)
4,27/06/2023 00:00:00, 	(11-APR-2025 09:17:27)
5,27/06/2023 00:00:00, 	(11-APR-2025 09:17:27)
2,29/06/2023 00:00:00, 	(11-APR-2025 09:17:27)
4,29/06/2023 00:00:00, 	(11-APR-2025 09:17:27)
5,29/06/2023 00:00:00, 	(11-APR-2025 09:17:27)
2,30/06/2023 00:00:00, 	(11-APR-2025 09:17:27)
4,30/06/2023 00:00:00, 	(11-APR-2025 09:17:27)
5,30/06/2023 00:00:00, 	(11-APR-2025 09:17:27)
2,01/07/2023 00:00:00, 	(11-APR-2025 09:17:27)
4,01/07/2023 00:00:00, 	(11-APR-2025 09:17:27)
5,01/07/2023 00:00:00, 	(11-APR-2025 09:17:27)
2,04/07/2023 00:00:00, 	(11-APR-2025 09:17:27)
4,04/07/2023 00:00:00, 	(11-APR-2025 09:17:27)
5,04/07/2023 00:00:00, 	(11-APR-2025 09:17:27)
2,06/07/2023 00:00:00, 	(11-APR-2025 09:17:27)
4,06/07/2023 00:00:00, 	(11-APR-2025 09:17:27)
5,06/07/2023 00:00:00, 	(11-APR-2025 09:17:27)
2,13/07/2023 00:00:00, 	(11-APR-2025 09:17:27)
4,13/07/2023 00:00:00, 	(11-APR-2025 09:17:27)
5,13/07/2023 00:00:00, 	(11-APR-2025 09:17:27)
2,18/07/2023 00:00:00, 	(11-APR-2025 09:17:27)
2,05/08/2023 00:00:00, 	(11-APR-2025 09:17:27)
4,05/08/2023 00:00:00, 	(11-APR-2025 09:17:27)
5,05/08/2023 00:00:00, 	(11-APR-2025 09:17:27)
2,08/08/2023 00:00:00, 	(11-APR-2025 09:17:27)
4,08/08/2023 00:00:00, 	(11-APR-2025 09:17:27)
5,08/08/2023 00:00:00, 	(11-APR-2025 09:17:27)
2,09/08/2023 00:00:00, 	(11-APR-2025 09:17:27)
2,10/08/2023 00:00:00, 	(11-APR-2025 09:17:27)
4,09/08/2023 00:00:00, 	(11-APR-2025 09:17:27)
5,09/08/2023 00:00:00, 	(11-APR-2025 09:17:27)
4,10/08/2023 00:00:00, 	(11-APR-2025 09:17:27)
2,13/01/2023 00:00:00, 	(11-APR-2025 09:17:27)
4,13/01/2023 00:00:00, 	(11-APR-2025 09:17:27)
5,13/01/2023 00:00:00, 	(11-APR-2025 09:17:27)
4,03/01/2023 00:00:00, 	(11-APR-2025 09:17:27)
5,03/01/2023 00:00:00, 	(11-APR-2025 09:17:27)
4,04/01/2023 00:00:00, 	(11-APR-2025 09:17:27)
5,04/01/2023 00:00:00, 	(11-APR-2025 09:17:27)
4,05/01/2023 00:00:00, 	(11-APR-2025 09:17:27)
5,05/01/2023 00:00:00, 	(11-APR-2025 09:17:27)
4,06/01/2023 00:00:00, 	(11-APR-2025 09:17:27)
5,06/01/2023 00:00:00, 	(11-APR-2025 09:17:27)
4,09/01/2023 00:00:00, 	(11-APR-2025 09:17:27)
5,09/01/2023 00:00:00, 	(11-APR-2025 09:17:27)
4,10/01/2023 00:00:00, 	(11-APR-2025 09:17:27)
5,10/01/2023 00:00:00, 	(11-APR-2025 09:17:27)
4,11/01/2023 00:00:00, 	(11-APR-2025 09:17:27)
5,11/01/2023 00:00:00, 	(11-APR-2025 09:17:27)
4,12/01/2023 00:00:00, 	(11-APR-2025 09:17:27)
5,12/01/2023 00:00:00, 	(11-APR-2025 09:17:27)
2,16/02/2023 00:00:00, 	(11-APR-2025 09:17:27)
2,17/02/2023 00:00:00, 	(11-APR-2025 09:17:27)
2,18/02/2023 00:00:00, 	(11-APR-2025 09:17:27)
2,19/02/2023 00:00:00, 	(11-APR-2025 09:17:27)
2,20/02/2023 00:00:00, 	(11-APR-2025 09:17:27)
2,21/02/2023 00:00:00, 	(11-APR-2025 09:17:27)
2,22/02/2023 00:00:00, 	(11-APR-2025 09:17:27)
2,23/02/2023 00:00:00, 	(11-APR-2025 09:17:27)
2,24/02/2023 00:00:00, 	(11-APR-2025 09:17:27)
2,25/02/2023 00:00:00, 	(11-APR-2025 09:17:27)
2,26/02/2023 00:00:00, 	(11-APR-2025 09:17:27)
2,27/02/2023 00:00:00, 	(11-APR-2025 09:17:27)
5,27/02/2023 00:00:00, 	(11-APR-2025 09:17:27)
4,16/02/2023 00:00:00, 	(11-APR-2025 09:17:27)
5,16/02/2023 00:00:00, 	(11-APR-2025 09:17:27)
4,17/02/2023 00:00:00, 	(11-APR-2025 09:17:27)
5,17/02/2023 00:00:00, 	(11-APR-2025 09:17:27)
4,18/02/2023 00:00:00, 	(11-APR-2025 09:17:27)
5,18/02/2023 00:00:00, 	(11-APR-2025 09:17:27)
4,19/02/2023 00:00:00, 	(11-APR-2025 09:17:27)
5,19/02/2023 00:00:00, 	(11-APR-2025 09:17:27)
4,20/02/2023 00:00:00, 	(11-APR-2025 09:17:27)
5,20/02/2023 00:00:00, 	(11-APR-2025 09:17:27)
4,21/02/2023 00:00:00, 	(11-APR-2025 09:17:27)
5,21/02/2023 00:00:00, 	(11-APR-2025 09:17:27)
4,22/02/2023 00:00:00, 	(11-APR-2025 09:17:27)
5,22/02/2023 00:00:00, 	(11-APR-2025 09:17:27)
4,23/02/2023 00:00:00, 	(11-APR-2025 09:17:27)
5,23/02/2023 00:00:00, 	(11-APR-2025 09:17:27)
4,24/02/2023 00:00:00, 	(11-APR-2025 09:17:27)
5,24/02/2023 00:00:00, 	(11-APR-2025 09:17:27)
4,25/02/2023 00:00:00, 	(11-APR-2025 09:17:27)
5,25/02/2023 00:00:00, 	(11-APR-2025 09:17:27)
4,26/02/2023 00:00:00, 	(11-APR-2025 09:17:27)
5,26/02/2023 00:00:00, 	(11-APR-2025 09:17:27)
2,21/03/2023 00:00:00, 	(11-APR-2025 09:17:27)
4,21/03/2023 00:00:00, 	(11-APR-2025 09:17:27)
5,21/03/2023 00:00:00, 	(11-APR-2025 09:17:27)
2,18/05/2023 00:00:00, 	(11-APR-2025 09:17:27)
4,18/05/2023 00:00:00, 	(11-APR-2025 09:17:27)
5,18/05/2023 00:00:00, 	(11-APR-2025 09:17:27)
4,24/05/2023 00:00:00, 	(11-APR-2025 09:17:27)
5,24/05/2023 00:00:00, 	(11-APR-2025 09:17:27)
2,29/05/2023 00:00:00, 	(11-APR-2025 09:17:27)
4,29/05/2023 00:00:00, 	(11-APR-2025 09:17:27)
5,29/05/2023 00:00:00, 	(11-APR-2025 09:17:27)
2,30/05/2023 00:00:00, 	(11-APR-2025 09:17:27)
4,30/05/2023 00:00:00, 	(11-APR-2025 09:17:27)
5,30/05/2023 00:00:00, 	(11-APR-2025 09:17:27)
2,12/06/2023 00:00:00, 	(11-APR-2025 09:17:27)
2,13/06/2023 00:00:00, 	(11-APR-2025 09:17:27)
4,12/06/2023 00:00:00, 	(11-APR-2025 09:17:27)
5,12/06/2023 00:00:00, 	(11-APR-2025 09:17:27)
4,13/06/2023 00:00:00, 	(11-APR-2025 09:17:27)
5,13/06/2023 00:00:00, 	(11-APR-2025 09:17:27)
2,16/06/2023 00:00:00, 	(11-APR-2025 09:17:27)
4,16/06/2023 00:00:00, 	(11-APR-2025 09:17:27)
5,16/06/2023 00:00:00, 	(11-APR-2025 09:17:27)
2,23/06/2023 00:00:00, 	(11-APR-2025 09:17:27)
2,24/06/2023 00:00:00, 	(11-APR-2025 09:17:27)
4,23/06/2023 00:00:00, 	(11-APR-2025 09:17:27)
5,23/06/2023 00:00:00, 	(11-APR-2025 09:17:27)
4,24/06/2023 00:00:00, 	(11-APR-2025 09:17:27)
5,24/06/2023 00:00:00, 	(11-APR-2025 09:17:27)
2,14/07/2023 00:00:00, 	(11-APR-2025 09:17:27)
4,14/07/2023 00:00:00, 	(11-APR-2025 09:17:27)
5,14/07/2023 00:00:00, 	(11-APR-2025 09:17:27)
2,29/07/2023 00:00:00, 	(11-APR-2025 09:17:27)
4,29/07/2023 00:00:00, 	(11-APR-2025 09:17:27)
5,29/07/2023 00:00:00, 	(11-APR-2025 09:17:27)
2,03/08/2023 00:00:00, 	(11-APR-2025 09:17:27)
2,04/08/2023 00:00:00, 	(11-APR-2025 09:17:27)
4,03/08/2023 00:00:00, 	(11-APR-2025 09:17:27)
5,03/08/2023 00:00:00, 	(11-APR-2025 09:17:27)
4,16/01/2023 00:00:00, 	(11-APR-2025 09:17:27)
5,16/01/2023 00:00:00, 	(11-APR-2025 09:17:27)
4,17/01/2023 00:00:00, 	(11-APR-2025 09:17:27)
5,17/01/2023 00:00:00, 	(11-APR-2025 09:17:27)
4,18/01/2023 00:00:00, 	(11-APR-2025 09:17:27)
5,18/01/2023 00:00:00, 	(11-APR-2025 09:17:27)
4,19/01/2023 00:00:00, 	(11-APR-2025 09:17:27)
5,19/01/2023 00:00:00, 	(11-APR-2025 09:17:27)
4,20/01/2023 00:00:00, 	(11-APR-2025 09:17:27)
5,20/01/2023 00:00:00, 	(11-APR-2025 09:17:27)
4,21/01/2023 00:00:00, 	(11-APR-2025 09:17:27)
5,21/01/2023 00:00:00, 	(11-APR-2025 09:17:27)
4,22/01/2023 00:00:00, 	(11-APR-2025 09:17:27)
5,22/01/2023 00:00:00, 	(11-APR-2025 09:17:27)
4,23/01/2023 00:00:00, 	(11-APR-2025 09:17:27)
5,23/01/2023 00:00:00, 	(11-APR-2025 09:17:27)
4,24/01/2023 00:00:00, 	(11-APR-2025 09:17:27)
5,24/01/2023 00:00:00, 	(11-APR-2025 09:17:27)
4,25/01/2023 00:00:00, 	(11-APR-2025 09:17:27)
5,25/01/2023 00:00:00, 	(11-APR-2025 09:17:27)
4,26/01/2023 00:00:00, 	(11-APR-2025 09:17:27)
5,26/01/2023 00:00:00, 	(11-APR-2025 09:17:27)
4,27/01/2023 00:00:00, 	(11-APR-2025 09:17:27)
5,27/01/2023 00:00:00, 	(11-APR-2025 09:17:27)
4,28/01/2023 00:00:00, 	(11-APR-2025 09:17:27)
5,28/01/2023 00:00:00, 	(11-APR-2025 09:17:27)
4,29/01/2023 00:00:00, 	(11-APR-2025 09:17:27)
5,29/01/2023 00:00:00, 	(11-APR-2025 09:17:27)
4,30/01/2023 00:00:00, 	(11-APR-2025 09:17:27)
5,30/01/2023 00:00:00, 	(11-APR-2025 09:17:27)
2,15/04/2023 00:00:00, 	(11-APR-2025 09:17:27)
4,15/04/2023 00:00:00, 	(11-APR-2025 09:17:27)
5,15/04/2023 00:00:00, 	(11-APR-2025 09:17:27)
2,03/05/2023 00:00:00, 	(11-APR-2025 09:17:27)
4,03/05/2023 00:00:00, 	(11-APR-2025 09:17:27)
5,03/05/2023 00:00:00, 	(11-APR-2025 09:17:27)
2,04/05/2023 00:00:00, 	(11-APR-2025 09:17:27)
4,04/05/2023 00:00:00, 	(11-APR-2025 09:17:27)
5,04/05/2023 00:00:00, 	(11-APR-2025 09:17:27)
2,21/06/2023 00:00:00, 	(11-APR-2025 09:17:27)
4,21/06/2023 00:00:00, 	(11-APR-2025 09:17:27)
5,21/06/2023 00:00:00, 	(11-APR-2025 09:17:27)
2,24/07/2023 00:00:00, 	(11-APR-2025 09:17:27)
4,24/07/2023 00:00:00, 	(11-APR-2025 09:17:27)
5,24/07/2023 00:00:00, 	(11-APR-2025 09:17:27)
4,04/08/2023 00:00:00, 	(11-APR-2025 09:17:27)
5,04/08/2023 00:00:00, 	(11-APR-2025 09:17:27)
5,10/08/2023 00:00:00, 	(11-APR-2025 09:17:27)
2,16/08/2023 00:00:00, 	(11-APR-2025 09:17:27)
4,16/08/2023 00:00:00, 	(11-APR-2025 09:17:27)
5,16/08/2023 00:00:00, 	(11-APR-2025 09:17:27)
2,17/08/2023 00:00:00, 	(11-APR-2025 09:17:27)
4,17/08/2023 00:00:00, 	(11-APR-2025 09:17:27)
5,17/08/2023 00:00:00, 	(11-APR-2025 09:17:27)
2,18/08/2023 00:00:00, 	(11-APR-2025 09:17:27)
2,19/08/2023 00:00:00, 	(11-APR-2025 09:17:27)
4,18/08/2023 00:00:00, 	(11-APR-2025 09:17:27)
5,18/08/2023 00:00:00, 	(11-APR-2025 09:17:27)
4,19/08/2023 00:00:00, 	(11-APR-2025 09:17:27)
5,19/08/2023 00:00:00, 	(11-APR-2025 09:17:27)
2,21/08/2023 00:00:00, 	(11-APR-2025 09:17:27)
2,22/08/2023 00:00:00, 	(11-APR-2025 09:17:27)
2,23/08/2023 00:00:00, 	(11-APR-2025 09:17:27)
2,15/02/2023 00:00:00, 	(11-APR-2025 09:17:27)
4,15/02/2023 00:00:00, 	(11-APR-2025 09:17:27)
5,15/02/2023 00:00:00, 	(11-APR-2025 09:17:27)
2,14/03/2023 00:00:00, 	(11-APR-2025 09:17:27)
2,15/03/2023 00:00:00, 	(11-APR-2025 09:17:27)
4,14/03/2023 00:00:00, 	(11-APR-2025 09:17:27)
5,14/03/2023 00:00:00, 	(11-APR-2025 09:17:27)
4,15/03/2023 00:00:00, 	(11-APR-2025 09:17:27)
5,15/03/2023 00:00:00, 	(11-APR-2025 09:17:27)
2,13/04/2023 00:00:00, 	(11-APR-2025 09:17:27)
4,13/04/2023 00:00:00, 	(11-APR-2025 09:17:27)
5,13/04/2023 00:00:00, 	(11-APR-2025 09:17:27)
2,22/05/2023 00:00:00, 	(11-APR-2025 09:17:27)
2,23/05/2023 00:00:00, 	(11-APR-2025 09:17:27)
2,31/05/2023 00:00:00, 	(11-APR-2025 09:17:27)
4,31/05/2023 00:00:00, 	(11-APR-2025 09:17:27)
5,31/05/2023 00:00:00, 	(11-APR-2025 09:17:27)
2,01/06/2023 00:00:00, 	(11-APR-2025 09:17:27)
4,01/06/2023 00:00:00, 	(11-APR-2025 09:17:27)
5,01/06/2023 00:00:00, 	(11-APR-2025 09:17:27)
2,22/06/2023 00:00:00, 	(11-APR-2025 09:17:27)
4,22/06/2023 00:00:00, 	(11-APR-2025 09:17:27)
5,22/06/2023 00:00:00, 	(11-APR-2025 09:17:27)
2,26/06/2023 00:00:00, 	(11-APR-2025 09:17:27)
4,26/06/2023 00:00:00, 	(11-APR-2025 09:17:27)
5,26/06/2023 00:00:00, 	(11-APR-2025 09:17:27)
2,05/07/2023 00:00:00, 	(11-APR-2025 09:17:27)
4,05/07/2023 00:00:00, 	(11-APR-2025 09:17:27)
5,05/07/2023 00:00:00, 	(11-APR-2025 09:17:27)
2,10/07/2023 00:00:00, 	(11-APR-2025 09:17:27)
4,10/07/2023 00:00:00, 	(11-APR-2025 09:17:27)
5,10/07/2023 00:00:00, 	(11-APR-2025 09:17:27)
2,12/07/2023 00:00:00, 	(11-APR-2025 09:17:27)
4,15/07/2023 00:00:00, 	(11-APR-2025 09:17:27)
5,15/07/2023 00:00:00, 	(11-APR-2025 09:17:27)
2,21/07/2023 00:00:00, 	(11-APR-2025 09:17:27)
2,22/07/2023 00:00:00, 	(11-APR-2025 09:17:27)
4,21/07/2023 00:00:00, 	(11-APR-2025 09:17:27)
5,21/07/2023 00:00:00, 	(11-APR-2025 09:17:27)
4,22/07/2023 00:00:00, 	(11-APR-2025 09:17:27)
5,22/07/2023 00:00:00, 	(11-APR-2025 09:17:27)
2,14/08/2023 00:00:00, 	(11-APR-2025 09:17:27)
4,14/08/2023 00:00:00, 	(11-APR-2025 09:17:27)
5,14/08/2023 00:00:00, 	(11-APR-2025 09:17:27)
2,24/08/2023 00:00:00, 	(11-APR-2025 09:17:27)
4,21/08/2023 00:00:00, 	(11-APR-2025 09:17:27)
5,21/08/2023 00:00:00, 	(11-APR-2025 09:17:27)
4,22/08/2023 00:00:00, 	(11-APR-2025 09:17:27)
5,22/08/2023 00:00:00, 	(11-APR-2025 09:17:27)
4,23/08/2023 00:00:00, 	(11-APR-2025 09:17:27)
5,23/08/2023 00:00:00, 	(11-APR-2025 09:17:27)
4,24/08/2023 00:00:00, 	(11-APR-2025 09:17:27)
5,24/08/2023 00:00:00, 	(11-APR-2025 09:17:27)
2,25/08/2023 00:00:00, 	(11-APR-2025 09:17:27)
2,26/08/2023 00:00:00, 	(11-APR-2025 09:17:27)
2,27/08/2023 00:00:00, 	(11-APR-2025 09:17:27)
4,25/08/2023 00:00:00, 	(11-APR-2025 09:17:27)
5,25/08/2023 00:00:00, 	(11-APR-2025 09:17:27)
4,26/08/2023 00:00:00, 	(11-APR-2025 09:17:27)
5,26/08/2023 00:00:00, 	(11-APR-2025 09:17:27)
4,27/08/2023 00:00:00, 	(11-APR-2025 09:17:27)
5,27/08/2023 00:00:00, 	(11-APR-2025 09:17:27)
2,28/08/2023 00:00:00, 	(11-APR-2025 09:17:27)
4,28/08/2023 00:00:00, 	(11-APR-2025 09:17:27)
5,28/08/2023 00:00:00, 	(11-APR-2025 09:17:27)
2,01/09/2023 00:00:00, 	(11-APR-2025 09:17:27)
2,02/09/2023 00:00:00, 	(11-APR-2025 09:17:27)
2,03/09/2023 00:00:00, 	(11-APR-2025 09:17:27)
4,01/09/2023 00:00:00, 	(11-APR-2025 09:17:27)
5,01/09/2023 00:00:00, 	(11-APR-2025 09:17:27)
4,02/09/2023 00:00:00, 	(11-APR-2025 09:17:27)
5,02/09/2023 00:00:00, 	(11-APR-2025 09:17:27)
4,03/09/2023 00:00:00, 	(11-APR-2025 09:17:27)
5,03/09/2023 00:00:00, 	(11-APR-2025 09:17:27)
2,08/09/2023 00:00:00, 	(11-APR-2025 09:17:27)
2,09/09/2023 00:00:00, 	(11-APR-2025 09:17:27)
2,10/09/2023 00:00:00, 	(11-APR-2025 09:17:27)
2,11/09/2023 00:00:00, 	(11-APR-2025 09:17:27)
2,16/01/2023 00:00:00, 	(11-APR-2025 09:17:27)
2,17/01/2023 00:00:00, 	(11-APR-2025 09:17:27)
2,18/01/2023 00:00:00, 	(11-APR-2025 09:17:27)
2,19/01/2023 00:00:00, 	(11-APR-2025 09:17:27)
2,20/01/2023 00:00:00, 	(11-APR-2025 09:17:27)
2,21/01/2023 00:00:00, 	(11-APR-2025 09:17:27)
2,22/01/2023 00:00:00, 	(11-APR-2025 09:17:27)
2,23/01/2023 00:00:00, 	(11-APR-2025 09:17:27)
2,24/01/2023 00:00:00, 	(11-APR-2025 09:17:27)
2,25/01/2023 00:00:00, 	(11-APR-2025 09:17:27)
2,26/01/2023 00:00:00, 	(11-APR-2025 09:17:27)
2,27/01/2023 00:00:00, 	(11-APR-2025 09:17:27)
2,28/01/2023 00:00:00, 	(11-APR-2025 09:17:27)
2,29/01/2023 00:00:00, 	(11-APR-2025 09:17:27)
2,30/01/2023 00:00:00, 	(11-APR-2025 09:17:27)
4,02/02/2023 00:00:00, 	(11-APR-2025 09:17:27)
5,02/02/2023 00:00:00, 	(11-APR-2025 09:17:27)
4,03/02/2023 00:00:00, 	(11-APR-2025 09:17:27)
5,03/02/2023 00:00:00, 	(11-APR-2025 09:17:27)
4,04/02/2023 00:00:00, 	(11-APR-2025 09:17:27)
5,04/02/2023 00:00:00, 	(11-APR-2025 09:17:27)
4,05/02/2023 00:00:00, 	(11-APR-2025 09:17:27)
5,05/02/2023 00:00:00, 	(11-APR-2025 09:17:27)
4,06/02/2023 00:00:00, 	(11-APR-2025 09:17:27)
5,06/02/2023 00:00:00, 	(11-APR-2025 09:17:27)
4,07/02/2023 00:00:00, 	(11-APR-2025 09:17:27)
5,07/02/2023 00:00:00, 	(11-APR-2025 09:17:27)
4,08/02/2023 00:00:00, 	(11-APR-2025 09:17:27)
5,08/02/2023 00:00:00, 	(11-APR-2025 09:17:27)
4,09/02/2023 00:00:00, 	(11-APR-2025 09:17:27)
5,09/02/2023 00:00:00, 	(11-APR-2025 09:17:27)
4,10/02/2023 00:00:00, 	(11-APR-2025 09:17:27)
5,10/02/2023 00:00:00, 	(11-APR-2025 09:17:27)
4,11/02/2023 00:00:00, 	(11-APR-2025 09:17:27)
5,11/02/2023 00:00:00, 	(11-APR-2025 09:17:27)
4,12/02/2023 00:00:00, 	(11-APR-2025 09:17:27)
5,12/02/2023 00:00:00, 	(11-APR-2025 09:17:27)
4,13/02/2023 00:00:00, 	(11-APR-2025 09:17:27)
5,13/02/2023 00:00:00, 	(11-APR-2025 09:17:27)
4,14/02/2023 00:00:00, 	(11-APR-2025 09:17:27)
5,14/02/2023 00:00:00, 	(11-APR-2025 09:17:27)
2,28/02/2023 00:00:00, 	(11-APR-2025 09:17:27)
4,28/02/2023 00:00:00, 	(11-APR-2025 09:17:27)
5,28/02/2023 00:00:00, 	(11-APR-2025 09:17:27)
4,27/02/2023 00:00:00, 	(11-APR-2025 09:17:27)
4,07/03/2023 00:00:00, 	(11-APR-2025 09:17:27)
2,07/03/2023 00:00:00, 	(11-APR-2025 09:17:27)
5,07/03/2023 00:00:00, 	(11-APR-2025 09:17:27)
2,31/03/2023 00:00:00, 	(11-APR-2025 09:17:27)
4,29/03/2023 00:00:00, 	(11-APR-2025 09:17:27)
2,29/04/2023 00:00:00, 	(11-APR-2025 09:17:27)
4,29/04/2023 00:00:00, 	(11-APR-2025 09:17:27)
5,29/04/2023 00:00:00, 	(11-APR-2025 09:17:27)
2,02/05/2023 00:00:00, 	(11-APR-2025 09:17:27)
4,02/05/2023 00:00:00, 	(11-APR-2025 09:17:27)
5,02/05/2023 00:00:00, 	(11-APR-2025 09:17:27)
2,10/05/2023 00:00:00, 	(11-APR-2025 09:17:27)
4,10/05/2023 00:00:00, 	(11-APR-2025 09:17:27)
5,10/05/2023 00:00:00, 	(11-APR-2025 09:17:27)
2,17/05/2023 00:00:00, 	(11-APR-2025 09:17:27)
4,17/05/2023 00:00:00, 	(11-APR-2025 09:17:27)
5,17/05/2023 00:00:00, 	(11-APR-2025 09:17:27)
2,21/05/2023 00:00:00, 	(11-APR-2025 09:17:27)
4,21/05/2023 00:00:00, 	(11-APR-2025 09:17:27)
5,21/05/2023 00:00:00, 	(11-APR-2025 09:17:27)
2,26/05/2023 00:00:00, 	(11-APR-2025 09:17:27)
4,26/05/2023 00:00:00, 	(11-APR-2025 09:17:27)
5,26/05/2023 00:00:00, 	(11-APR-2025 09:17:27)
2,05/06/2023 00:00:00, 	(11-APR-2025 09:17:27)
4,05/06/2023 00:00:00, 	(11-APR-2025 09:17:27)
5,05/06/2023 00:00:00, 	(11-APR-2025 09:17:27)
2,06/06/2023 00:00:00, 	(11-APR-2025 09:17:27)
4,06/06/2023 00:00:00, 	(11-APR-2025 09:17:27)
5,06/06/2023 00:00:00, 	(11-APR-2025 09:17:27)
2,09/06/2023 00:00:00, 	(11-APR-2025 09:17:27)
4,09/06/2023 00:00:00, 	(11-APR-2025 09:17:27)
5,09/06/2023 00:00:00, 	(11-APR-2025 09:17:27)
2,10/06/2023 00:00:00, 	(11-APR-2025 09:17:27)
4,10/06/2023 00:00:00, 	(11-APR-2025 09:17:27)
5,10/06/2023 00:00:00, 	(11-APR-2025 09:17:27)
4,12/07/2023 00:00:00, 	(11-APR-2025 09:17:27)
5,12/07/2023 00:00:00, 	(11-APR-2025 09:17:27)
2,15/07/2023 00:00:00, 	(11-APR-2025 09:17:27)
2,25/07/2023 00:00:00, 	(11-APR-2025 09:17:27)
2,02/02/2023 00:00:00, 	(11-APR-2025 09:17:27)
2,03/02/2023 00:00:00, 	(11-APR-2025 09:17:27)
2,04/02/2023 00:00:00, 	(11-APR-2025 09:17:27)
2,05/02/2023 00:00:00, 	(11-APR-2025 09:17:27)
2,06/02/2023 00:00:00, 	(11-APR-2025 09:17:27)
2,07/02/2023 00:00:00, 	(11-APR-2025 09:17:27)
2,08/02/2023 00:00:00, 	(11-APR-2025 09:17:27)
2,09/02/2023 00:00:00, 	(11-APR-2025 09:17:27)
2,10/02/2023 00:00:00, 	(11-APR-2025 09:17:27)
2,11/02/2023 00:00:00, 	(11-APR-2025 09:17:27)
2,12/02/2023 00:00:00, 	(11-APR-2025 09:17:27)
2,13/02/2023 00:00:00, 	(11-APR-2025 09:17:27)
2,14/02/2023 00:00:00, 	(11-APR-2025 09:17:27)
4,28/03/2023 00:00:00, 	(11-APR-2025 09:17:27)
2,28/03/2023 00:00:00, 	(11-APR-2025 09:17:27)
5,28/03/2023 00:00:00, 	(11-APR-2025 09:17:27)
4,31/03/2023 00:00:00, 	(11-APR-2025 09:17:27)
5,31/03/2023 00:00:00, 	(11-APR-2025 09:17:27)
2,11/05/2023 00:00:00, 	(11-APR-2025 09:17:27)
4,11/05/2023 00:00:00, 	(11-APR-2025 09:17:27)
5,11/05/2023 00:00:00, 	(11-APR-2025 09:17:27)
2,17/06/2023 00:00:00, 	(11-APR-2025 09:17:27)
4,17/06/2023 00:00:00, 	(11-APR-2025 09:17:27)
5,17/06/2023 00:00:00, 	(11-APR-2025 09:17:27)
2,28/06/2023 00:00:00, 	(11-APR-2025 09:17:27)
4,28/06/2023 00:00:00, 	(11-APR-2025 09:17:27)
5,28/06/2023 00:00:00, 	(11-APR-2025 09:17:27)
2,03/07/2023 00:00:00, 	(11-APR-2025 09:17:27)
4,03/07/2023 00:00:00, 	(11-APR-2025 09:17:27)
5,03/07/2023 00:00:00, 	(11-APR-2025 09:17:27)
2,07/07/2023 00:00:00, 	(11-APR-2025 09:17:27)
2,08/07/2023 00:00:00, 	(11-APR-2025 09:17:27)
4,07/07/2023 00:00:00, 	(11-APR-2025 09:17:27)
5,07/07/2023 00:00:00, 	(11-APR-2025 09:17:27)
4,08/07/2023 00:00:00, 	(11-APR-2025 09:17:27)
5,08/07/2023 00:00:00, 	(11-APR-2025 09:17:27)
2,11/07/2023 00:00:00, 	(11-APR-2025 09:17:27)
4,11/07/2023 00:00:00, 	(11-APR-2025 09:17:27)
5,11/07/2023 00:00:00, 	(11-APR-2025 09:17:27)
2,17/07/2023 00:00:00, 	(11-APR-2025 09:17:27)
4,17/07/2023 00:00:00, 	(11-APR-2025 09:17:27)
5,17/07/2023 00:00:00, 	(11-APR-2025 09:17:27)
2,20/07/2023 00:00:00, 	(11-APR-2025 09:17:27)
4,18/10/2023 00:00:00, 	(11-APR-2025 09:17:27)
5,18/10/2023 00:00:00, 	(11-APR-2025 09:17:27)
4,19/10/2023 00:00:00, 	(11-APR-2025 09:17:27)
5,19/10/2023 00:00:00, 	(11-APR-2025 09:17:27)
2,27/11/2023 00:00:00, 	(11-APR-2025 09:17:27)
4,27/11/2023 00:00:00, 	(11-APR-2025 09:17:27)
5,27/11/2023 00:00:00, 	(11-APR-2025 09:17:27)
4,28/11/2023 00:00:00, 	(11-APR-2025 09:17:27)
5,28/11/2023 00:00:00, 	(11-APR-2025 09:17:27)
2,22/11/2023 00:00:00, 	(11-APR-2025 09:17:27)
2,23/11/2023 00:00:00, 	(11-APR-2025 09:17:27)
2,24/11/2023 00:00:00, 	(11-APR-2025 09:17:27)
4,22/11/2023 00:00:00, 	(11-APR-2025 09:17:27)
5,22/11/2023 00:00:00, 	(11-APR-2025 09:17:27)
4,23/11/2023 00:00:00, 	(11-APR-2025 09:17:27)
5,23/11/2023 00:00:00, 	(11-APR-2025 09:17:27)
4,24/11/2023 00:00:00, 	(11-APR-2025 09:17:27)
5,24/11/2023 00:00:00, 	(11-APR-2025 09:17:27)
2,04/12/2023 00:00:00, 	(11-APR-2025 09:17:27)
2,12/12/2023 00:00:00, 	(11-APR-2025 09:17:27)
4,12/12/2023 00:00:00, 	(11-APR-2025 09:17:27)
5,12/12/2023 00:00:00, 	(11-APR-2025 09:17:27)
2,01/01/2024 00:00:00, 	(11-APR-2025 09:17:27)
4,01/01/2024 00:00:00, 	(11-APR-2025 09:17:27)
5,01/01/2024 00:00:00, 	(11-APR-2025 09:17:27)
2,02/01/2024 00:00:00, 	(11-APR-2025 09:17:27)
4,02/01/2024 00:00:00, 	(11-APR-2025 09:17:27)
5,02/01/2024 00:00:00, 	(11-APR-2025 09:17:27)
2,03/01/2024 00:00:00, 	(11-APR-2025 09:17:27)
4,03/01/2024 00:00:00, 	(11-APR-2025 09:17:27)
5,03/01/2024 00:00:00, 	(11-APR-2025 09:17:27)
2,08/01/2024 00:00:00, 	(11-APR-2025 09:17:27)
2,09/01/2024 00:00:00, 	(11-APR-2025 09:17:27)
4,08/01/2024 00:00:00, 	(11-APR-2025 09:17:27)
5,08/01/2024 00:00:00, 	(11-APR-2025 09:17:27)
4,09/01/2024 00:00:00, 	(11-APR-2025 09:17:27)
5,09/01/2024 00:00:00, 	(11-APR-2025 09:17:27)
2,27/02/2024 00:00:00, 	(11-APR-2025 09:17:27)
4,27/02/2024 00:00:00, 	(11-APR-2025 09:17:27)
5,27/02/2024 00:00:00, 	(11-APR-2025 09:17:27)
2,29/02/2024 00:00:00, 	(11-APR-2025 09:17:27)
4,29/02/2024 00:00:00, 	(11-APR-2025 09:17:27)
5,29/02/2024 00:00:00, 	(11-APR-2025 09:17:27)
2,04/10/2023 00:00:00, 	(11-APR-2025 09:17:27)
2,05/10/2023 00:00:00, 	(11-APR-2025 09:17:27)
2,06/10/2023 00:00:00, 	(11-APR-2025 09:17:27)
2,16/10/2023 00:00:00, 	(11-APR-2025 09:17:27)
2,17/10/2023 00:00:00, 	(11-APR-2025 09:17:27)
4,16/10/2023 00:00:00, 	(11-APR-2025 09:17:27)
5,16/10/2023 00:00:00, 	(11-APR-2025 09:17:27)
4,17/10/2023 00:00:00, 	(11-APR-2025 09:17:27)
5,17/10/2023 00:00:00, 	(11-APR-2025 09:17:27)
4,20/10/2023 00:00:00, 	(11-APR-2025 09:17:27)
5,20/10/2023 00:00:00, 	(11-APR-2025 09:17:27)
2,23/10/2023 00:00:00, 	(11-APR-2025 09:17:27)
4,23/10/2023 00:00:00, 	(11-APR-2025 09:17:27)
5,23/10/2023 00:00:00, 	(11-APR-2025 09:17:27)
2,30/10/2023 00:00:00, 	(11-APR-2025 09:17:27)
4,30/10/2023 00:00:00, 	(11-APR-2025 09:17:27)
5,30/10/2023 00:00:00, 	(11-APR-2025 09:17:27)
2,01/11/2023 00:00:00, 	(11-APR-2025 09:17:27)
2,02/11/2023 00:00:00, 	(11-APR-2025 09:17:27)
2,08/11/2023 00:00:00, 	(11-APR-2025 09:17:27)
4,08/11/2023 00:00:00, 	(11-APR-2025 09:17:27)
5,08/11/2023 00:00:00, 	(11-APR-2025 09:17:27)
2,09/11/2023 00:00:00, 	(11-APR-2025 09:17:27)
4,09/11/2023 00:00:00, 	(11-APR-2025 09:17:27)
5,09/11/2023 00:00:00, 	(11-APR-2025 09:17:27)
2,10/11/2023 00:00:00, 	(11-APR-2025 09:17:27)
2,13/11/2023 00:00:00, 	(11-APR-2025 09:17:27)
4,10/11/2023 00:00:00, 	(11-APR-2025 09:17:27)
5,10/11/2023 00:00:00, 	(11-APR-2025 09:17:27)
4,13/11/2023 00:00:00, 	(11-APR-2025 09:17:27)
5,13/11/2023 00:00:00, 	(11-APR-2025 09:17:27)
2,28/11/2023 00:00:00, 	(11-APR-2025 09:17:27)
6,20/11/2023 00:00:00, 	(11-APR-2025 09:17:27)
2,29/11/2023 00:00:00, 	(11-APR-2025 09:17:27)
4,29/11/2023 00:00:00, 	(11-APR-2025 09:17:27)
5,29/11/2023 00:00:00, 	(11-APR-2025 09:17:27)
2,30/11/2023 00:00:00, 	(11-APR-2025 09:17:27)
4,30/11/2023 00:00:00, 	(11-APR-2025 09:17:27)
5,30/11/2023 00:00:00, 	(11-APR-2025 09:17:27)
2,08/12/2023 00:00:00, 	(11-APR-2025 09:17:27)
4,08/12/2023 00:00:00, 	(11-APR-2025 09:17:27)
5,08/12/2023 00:00:00, 	(11-APR-2025 09:17:27)
2,27/12/2023 00:00:00, 	(11-APR-2025 09:17:27)
4,27/12/2023 00:00:00, 	(11-APR-2025 09:17:27)
5,27/12/2023 00:00:00, 	(11-APR-2025 09:17:27)
5,16/02/2024 00:00:00, 	(11-APR-2025 09:17:27)
2,17/02/2024 00:00:00, 	(11-APR-2025 09:17:27)
4,17/02/2024 00:00:00, 	(11-APR-2025 09:17:27)
5,17/02/2024 00:00:00, 	(11-APR-2025 09:17:27)
2,19/02/2024 00:00:00, 	(11-APR-2025 09:17:27)
4,19/02/2024 00:00:00, 	(11-APR-2025 09:17:27)
5,19/02/2024 00:00:00, 	(11-APR-2025 09:17:27)
2,22/02/2024 00:00:00, 	(11-APR-2025 09:17:27)
4,22/02/2024 00:00:00, 	(11-APR-2025 09:17:27)
5,22/02/2024 00:00:00, 	(11-APR-2025 09:17:27)
2,23/02/2024 00:00:00, 	(11-APR-2025 09:17:27)
4,23/02/2024 00:00:00, 	(11-APR-2025 09:17:27)
5,23/02/2024 00:00:00, 	(11-APR-2025 09:17:27)
2,26/02/2024 00:00:00, 	(11-APR-2025 09:17:27)
4,26/02/2024 00:00:00, 	(11-APR-2025 09:17:27)
5,26/02/2024 00:00:00, 	(11-APR-2025 09:17:27)
2,25/09/2023 00:00:00, 	(11-APR-2025 09:17:27)
4,25/09/2023 00:00:00, 	(11-APR-2025 09:17:27)
5,25/09/2023 00:00:00, 	(11-APR-2025 09:17:27)
2,26/09/2023 00:00:00, 	(11-APR-2025 09:17:27)
2,27/09/2023 00:00:00, 	(11-APR-2025 09:17:27)
4,26/09/2023 00:00:00, 	(11-APR-2025 09:17:27)
5,26/09/2023 00:00:00, 	(11-APR-2025 09:17:27)
4,27/09/2023 00:00:00, 	(11-APR-2025 09:17:27)
5,27/09/2023 00:00:00, 	(11-APR-2025 09:17:27)
6,26/09/2023 00:00:00, 	(11-APR-2025 09:17:27)
2,21/10/2023 00:00:00, 	(11-APR-2025 09:17:27)
4,21/10/2023 00:00:00, 	(11-APR-2025 09:17:27)
5,21/10/2023 00:00:00, 	(11-APR-2025 09:17:27)
2,26/10/2023 00:00:00, 	(11-APR-2025 09:17:27)
4,26/10/2023 00:00:00, 	(11-APR-2025 09:17:27)
5,26/10/2023 00:00:00, 	(11-APR-2025 09:17:27)
2,31/10/2023 00:00:00, 	(11-APR-2025 09:17:27)
4,31/10/2023 00:00:00, 	(11-APR-2025 09:17:27)
5,31/10/2023 00:00:00, 	(11-APR-2025 09:17:27)
2,15/11/2023 00:00:00, 	(11-APR-2025 09:17:27)
4,15/11/2023 00:00:00, 	(11-APR-2025 09:17:27)
5,15/11/2023 00:00:00, 	(11-APR-2025 09:17:27)
2,05/12/2023 00:00:00, 	(11-APR-2025 09:17:27)
4,05/12/2023 00:00:00, 	(11-APR-2025 09:17:27)
5,05/12/2023 00:00:00, 	(11-APR-2025 09:17:27)
2,15/12/2023 00:00:00, 	(11-APR-2025 09:17:28)
2,28/12/2023 00:00:00, 	(11-APR-2025 09:17:28)
4,28/12/2023 00:00:00, 	(11-APR-2025 09:17:28)
5,28/12/2023 00:00:00, 	(11-APR-2025 09:17:28)
2,29/12/2023 00:00:00, 	(11-APR-2025 09:17:28)
4,29/12/2023 00:00:00, 	(11-APR-2025 09:17:28)
5,29/12/2023 00:00:00, 	(11-APR-2025 09:17:28)
2,30/12/2023 00:00:00, 	(11-APR-2025 09:17:28)
4,30/12/2023 00:00:00, 	(11-APR-2025 09:17:28)
5,30/12/2023 00:00:00, 	(11-APR-2025 09:17:28)
2,05/01/2024 00:00:00, 	(11-APR-2025 09:17:28)
4,05/01/2024 00:00:00, 	(11-APR-2025 09:17:28)
5,05/01/2024 00:00:00, 	(11-APR-2025 09:17:28)
2,16/01/2024 00:00:00, 	(11-APR-2025 09:17:28)
2,29/01/2024 00:00:00, 	(11-APR-2025 09:17:28)
4,29/01/2024 00:00:00, 	(11-APR-2025 09:17:28)
5,29/01/2024 00:00:00, 	(11-APR-2025 09:17:28)
2,02/02/2024 00:00:00, 	(11-APR-2025 09:17:28)
4,02/02/2024 00:00:00, 	(11-APR-2025 09:17:28)
5,02/02/2024 00:00:00, 	(11-APR-2025 09:17:28)
2,21/02/2024 00:00:00, 	(11-APR-2025 09:17:28)
4,21/02/2024 00:00:00, 	(11-APR-2025 09:17:28)
5,21/02/2024 00:00:00, 	(11-APR-2025 09:17:28)
2,07/03/2024 00:00:00, 	(11-APR-2025 09:17:28)
4,07/03/2024 00:00:00, 	(11-APR-2025 09:17:28)
5,07/03/2024 00:00:00, 	(11-APR-2025 09:17:28)
2,11/03/2024 00:00:00, 	(11-APR-2025 09:17:28)
4,11/03/2024 00:00:00, 	(11-APR-2025 09:17:28)
5,11/03/2024 00:00:00, 	(11-APR-2025 09:17:28)
2,12/03/2024 00:00:00, 	(11-APR-2025 09:17:28)
4,12/03/2024 00:00:00, 	(11-APR-2025 09:17:28)
5,12/03/2024 00:00:00, 	(11-APR-2025 09:17:28)
2,13/03/2024 00:00:00, 	(11-APR-2025 09:17:28)
4,13/03/2024 00:00:00, 	(11-APR-2025 09:17:28)
5,13/03/2024 00:00:00, 	(11-APR-2025 09:17:28)
2,14/03/2024 00:00:00, 	(11-APR-2025 09:17:28)
4,14/03/2024 00:00:00, 	(11-APR-2025 09:17:28)
5,14/03/2024 00:00:00, 	(11-APR-2025 09:17:28)
2,15/03/2024 00:00:00, 	(11-APR-2025 09:17:28)
4,15/03/2024 00:00:00, 	(11-APR-2025 09:17:28)
5,15/03/2024 00:00:00, 	(11-APR-2025 09:17:28)
2,16/03/2024 00:00:00, 	(11-APR-2025 09:17:28)
4,16/03/2024 00:00:00, 	(11-APR-2025 09:17:28)
5,16/03/2024 00:00:00, 	(11-APR-2025 09:17:28)
4,18/03/2024 00:00:00, 	(11-APR-2025 09:17:28)
2,18/03/2024 00:00:00, 	(11-APR-2025 09:17:28)
5,18/03/2024 00:00:00, 	(11-APR-2025 09:17:28)
2,08/03/2024 00:00:00, 	(11-APR-2025 09:17:28)
4,08/03/2024 00:00:00, 	(11-APR-2025 09:17:28)
5,08/03/2024 00:00:00, 	(11-APR-2025 09:17:28)
2,19/03/2024 00:00:00, 	(11-APR-2025 09:17:28)
4,19/03/2024 00:00:00, 	(11-APR-2025 09:17:28)
5,19/03/2024 00:00:00, 	(11-APR-2025 09:17:28)
2,20/03/2024 00:00:00, 	(11-APR-2025 09:17:28)
4,20/03/2024 00:00:00, 	(11-APR-2025 09:17:28)
5,20/03/2024 00:00:00, 	(11-APR-2025 09:17:28)
2,21/03/2024 00:00:00, 	(11-APR-2025 09:17:28)
4,21/03/2024 00:00:00, 	(11-APR-2025 09:17:28)
5,21/03/2024 00:00:00, 	(11-APR-2025 09:17:28)
2,22/03/2024 00:00:00, 	(11-APR-2025 09:17:28)
4,22/03/2024 00:00:00, 	(11-APR-2025 09:17:28)
5,22/03/2024 00:00:00, 	(11-APR-2025 09:17:28)
2,25/03/2024 00:00:00, 	(11-APR-2025 09:17:28)
2,26/03/2024 00:00:00, 	(11-APR-2025 09:17:28)
4,25/03/2024 00:00:00, 	(11-APR-2025 09:17:28)
5,25/03/2024 00:00:00, 	(11-APR-2025 09:17:28)
4,26/03/2024 00:00:00, 	(11-APR-2025 09:17:28)
5,26/03/2024 00:00:00, 	(11-APR-2025 09:17:28)
2,27/03/2024 00:00:00, 	(11-APR-2025 09:17:28)
4,27/03/2024 00:00:00, 	(11-APR-2025 09:17:28)
5,27/03/2024 00:00:00, 	(11-APR-2025 09:17:28)
2,28/03/2024 00:00:00, 	(11-APR-2025 09:17:28)
4,28/03/2024 00:00:00, 	(11-APR-2025 09:17:28)
5,28/03/2024 00:00:00, 	(11-APR-2025 09:17:28)
2,30/03/2024 00:00:00, 	(11-APR-2025 09:17:28)
4,30/03/2024 00:00:00, 	(11-APR-2025 09:17:28)
5,30/03/2024 00:00:00, 	(11-APR-2025 09:17:28)
2,02/04/2024 00:00:00, 	(11-APR-2025 09:17:28)
2,03/04/2024 00:00:00, 	(11-APR-2025 09:17:28)
4,02/04/2024 00:00:00, 	(11-APR-2025 09:17:28)
5,02/04/2024 00:00:00, 	(11-APR-2025 09:17:28)
4,03/04/2024 00:00:00, 	(11-APR-2025 09:17:28)
5,03/04/2024 00:00:00, 	(11-APR-2025 09:17:28)
2,11/04/2024 00:00:00, 	(11-APR-2025 09:17:28)
2,12/04/2024 00:00:00, 	(11-APR-2025 09:17:28)
2,15/04/2024 00:00:00, 	(11-APR-2025 09:17:28)
4,11/04/2024 00:00:00, 	(11-APR-2025 09:17:28)
5,11/04/2024 00:00:00, 	(11-APR-2025 09:17:28)
4,12/04/2024 00:00:00, 	(11-APR-2025 09:17:28)
5,12/04/2024 00:00:00, 	(11-APR-2025 09:17:28)
4,15/04/2024 00:00:00, 	(11-APR-2025 09:17:28)
5,15/04/2024 00:00:00, 	(11-APR-2025 09:17:28)
2,09/05/2024 00:00:00, 	(11-APR-2025 09:17:28)
4,09/05/2024 00:00:00, 	(11-APR-2025 09:17:28)
5,09/05/2024 00:00:00, 	(11-APR-2025 09:17:28)
2,10/05/2024 00:00:00, 	(11-APR-2025 09:17:28)
4,10/05/2024 00:00:00, 	(11-APR-2025 09:17:28)
5,10/05/2024 00:00:00, 	(11-APR-2025 09:17:28)
4,22/05/2024 00:00:00, 	(11-APR-2025 09:17:28)
5,22/05/2024 00:00:00, 	(11-APR-2025 09:17:28)
2,27/05/2024 00:00:00, 	(11-APR-2025 09:17:28)
2,05/06/2024 00:00:00, 	(11-APR-2025 09:17:28)
4,05/06/2024 00:00:00, 	(11-APR-2025 09:17:28)
5,05/06/2024 00:00:00, 	(11-APR-2025 09:17:28)
2,10/06/2024 00:00:00, 	(11-APR-2025 09:17:28)
4,10/06/2024 00:00:00, 	(11-APR-2025 09:17:28)
5,10/06/2024 00:00:00, 	(11-APR-2025 09:17:28)
2,02/07/2024 00:00:00, 	(11-APR-2025 09:17:28)
2,03/07/2024 00:00:00, 	(11-APR-2025 09:17:28)
2,04/07/2024 00:00:00, 	(11-APR-2025 09:17:28)
2,05/07/2024 00:00:00, 	(11-APR-2025 09:17:28)
4,02/07/2024 00:00:00, 	(11-APR-2025 09:17:28)
5,02/07/2024 00:00:00, 	(11-APR-2025 09:17:28)
4,03/07/2024 00:00:00, 	(11-APR-2025 09:17:28)
5,03/07/2024 00:00:00, 	(11-APR-2025 09:17:28)
4,04/07/2024 00:00:00, 	(11-APR-2025 09:17:28)
5,04/07/2024 00:00:00, 	(11-APR-2025 09:17:28)
4,05/07/2024 00:00:00, 	(11-APR-2025 09:17:28)
5,05/07/2024 00:00:00, 	(11-APR-2025 09:17:28)
2,16/07/2024 00:00:00, 	(11-APR-2025 09:17:28)
2,18/07/2024 00:00:00, 	(11-APR-2025 09:17:28)
4,16/07/2024 00:00:00, 	(11-APR-2025 09:17:28)
5,16/07/2024 00:00:00, 	(11-APR-2025 09:17:28)
4,18/07/2024 00:00:00, 	(11-APR-2025 09:17:28)
5,18/07/2024 00:00:00, 	(11-APR-2025 09:17:28)
4,09/08/2024 00:00:00, 	(11-APR-2025 09:17:28)
5,09/08/2024 00:00:00, 	(11-APR-2025 09:17:28)
2,13/08/2024 00:00:00, 	(11-APR-2025 09:17:28)
4,13/08/2024 00:00:00, 	(11-APR-2025 09:17:28)
5,13/08/2024 00:00:00, 	(11-APR-2025 09:17:28)
2,22/04/2024 00:00:00, 	(11-APR-2025 09:17:28)
4,22/04/2024 00:00:00, 	(11-APR-2025 09:17:28)
5,22/04/2024 00:00:00, 	(11-APR-2025 09:17:28)
4,24/04/2024 00:00:00, 	(11-APR-2025 09:17:28)
5,24/04/2024 00:00:00, 	(11-APR-2025 09:17:28)
2,26/04/2024 00:00:00, 	(11-APR-2025 09:17:28)
4,26/04/2024 00:00:00, 	(11-APR-2025 09:17:28)
5,26/04/2024 00:00:00, 	(11-APR-2025 09:17:28)
2,29/04/2024 00:00:00, 	(11-APR-2025 09:17:28)
4,29/04/2024 00:00:00, 	(11-APR-2025 09:17:28)
5,29/04/2024 00:00:00, 	(11-APR-2025 09:17:28)
2,30/04/2024 00:00:00, 	(11-APR-2025 09:17:28)
4,30/04/2024 00:00:00, 	(11-APR-2025 09:17:28)
5,30/04/2024 00:00:00, 	(11-APR-2025 09:17:28)
2,01/05/2024 00:00:00, 	(11-APR-2025 09:17:28)
4,01/05/2024 00:00:00, 	(11-APR-2025 09:17:28)
5,01/05/2024 00:00:00, 	(11-APR-2025 09:17:28)
2,02/05/2024 00:00:00, 	(11-APR-2025 09:17:28)
2,03/05/2024 00:00:00, 	(11-APR-2025 09:17:28)
2,04/05/2024 00:00:00, 	(11-APR-2025 09:17:28)
4,02/05/2024 00:00:00, 	(11-APR-2025 09:17:28)
5,02/05/2024 00:00:00, 	(11-APR-2025 09:17:28)
2,12/01/2024 00:00:00, 	(11-APR-2025 09:17:28)
4,12/01/2024 00:00:00, 	(11-APR-2025 09:17:28)
5,12/01/2024 00:00:00, 	(11-APR-2025 09:17:28)
2,22/01/2024 00:00:00, 	(11-APR-2025 09:17:28)
2,23/01/2024 00:00:00, 	(11-APR-2025 09:17:28)
4,22/01/2024 00:00:00, 	(11-APR-2025 09:17:28)
5,22/01/2024 00:00:00, 	(11-APR-2025 09:17:28)
4,23/01/2024 00:00:00, 	(11-APR-2025 09:17:28)
5,23/01/2024 00:00:00, 	(11-APR-2025 09:17:28)
6,20/01/2024 00:00:00, 	(11-APR-2025 09:17:28)
2,09/02/2024 00:00:00, 	(11-APR-2025 09:17:28)
5,22/09/2023 00:00:00, 	(11-APR-2025 09:17:28)
4,23/09/2023 00:00:00, 	(11-APR-2025 09:17:28)
5,23/09/2023 00:00:00, 	(11-APR-2025 09:17:28)
4,24/09/2023 00:00:00, 	(11-APR-2025 09:17:28)
5,24/09/2023 00:00:00, 	(11-APR-2025 09:17:28)
2,19/10/2023 00:00:00, 	(11-APR-2025 09:17:28)
4,01/11/2023 00:00:00, 	(11-APR-2025 09:17:28)
5,01/11/2023 00:00:00, 	(11-APR-2025 09:17:28)
4,02/11/2023 00:00:00, 	(11-APR-2025 09:17:28)
5,02/11/2023 00:00:00, 	(11-APR-2025 09:17:28)
2,01/12/2023 00:00:00, 	(11-APR-2025 09:17:28)
4,01/12/2023 00:00:00, 	(11-APR-2025 09:17:28)
5,01/12/2023 00:00:00, 	(11-APR-2025 09:17:28)
2,11/12/2023 00:00:00, 	(11-APR-2025 09:17:28)
4,11/12/2023 00:00:00, 	(11-APR-2025 09:17:28)
5,11/12/2023 00:00:00, 	(11-APR-2025 09:17:28)
2,13/12/2023 00:00:00, 	(11-APR-2025 09:17:28)
4,13/12/2023 00:00:00, 	(11-APR-2025 09:17:28)
5,13/12/2023 00:00:00, 	(11-APR-2025 09:17:28)
2,10/01/2024 00:00:00, 	(11-APR-2025 09:17:28)
4,10/01/2024 00:00:00, 	(11-APR-2025 09:17:28)
5,10/01/2024 00:00:00, 	(11-APR-2025 09:17:28)
2,18/01/2024 00:00:00, 	(11-APR-2025 09:17:28)
4,18/01/2024 00:00:00, 	(11-APR-2025 09:17:28)
5,18/01/2024 00:00:00, 	(11-APR-2025 09:17:28)
2,24/01/2024 00:00:00, 	(11-APR-2025 09:17:28)
4,24/01/2024 00:00:00, 	(11-APR-2025 09:17:28)
5,24/01/2024 00:00:00, 	(11-APR-2025 09:17:28)
2,31/01/2024 00:00:00, 	(11-APR-2025 09:17:28)
4,31/01/2024 00:00:00, 	(11-APR-2025 09:17:28)
5,31/01/2024 00:00:00, 	(11-APR-2025 09:17:28)
4,09/02/2024 00:00:00, 	(11-APR-2025 09:17:28)
5,09/02/2024 00:00:00, 	(11-APR-2025 09:17:28)
2,12/02/2024 00:00:00, 	(11-APR-2025 09:17:28)
4,12/02/2024 00:00:00, 	(11-APR-2025 09:17:28)
5,12/02/2024 00:00:00, 	(11-APR-2025 09:17:28)
4,14/02/2024 00:00:00, 	(11-APR-2025 09:17:28)
5,14/02/2024 00:00:00, 	(11-APR-2025 09:17:28)
2,16/02/2024 00:00:00, 	(11-APR-2025 09:17:28)
4,16/02/2024 00:00:00, 	(11-APR-2025 09:17:28)
4,01/02/2024 00:00:00, 	(11-APR-2025 09:17:28)
5,01/02/2024 00:00:00, 	(11-APR-2025 09:17:28)
2,01/03/2024 00:00:00, 	(11-APR-2025 09:17:28)
2,02/03/2024 00:00:00, 	(11-APR-2025 09:17:28)
4,01/03/2024 00:00:00, 	(11-APR-2025 09:17:28)
5,01/03/2024 00:00:00, 	(11-APR-2025 09:17:28)
4,02/03/2024 00:00:00, 	(11-APR-2025 09:17:28)
5,02/03/2024 00:00:00, 	(11-APR-2025 09:17:28)
2,12/10/2023 00:00:00, 	(11-APR-2025 09:17:28)
2,13/10/2023 00:00:00, 	(11-APR-2025 09:17:28)
2,25/10/2023 00:00:00, 	(11-APR-2025 09:17:28)
4,25/10/2023 00:00:00, 	(11-APR-2025 09:17:28)
4,12/10/2023 00:00:00, 	(11-APR-2025 09:17:28)
5,12/10/2023 00:00:00, 	(11-APR-2025 09:17:28)
4,13/10/2023 00:00:00, 	(11-APR-2025 09:17:28)
5,13/10/2023 00:00:00, 	(11-APR-2025 09:17:28)
5,25/10/2023 00:00:00, 	(11-APR-2025 09:17:28)
2,27/10/2023 00:00:00, 	(11-APR-2025 09:17:28)
4,27/10/2023 00:00:00, 	(11-APR-2025 09:17:28)
5,27/10/2023 00:00:00, 	(11-APR-2025 09:17:28)
2,21/12/2023 00:00:00, 	(11-APR-2025 09:17:28)
4,21/12/2023 00:00:00, 	(11-APR-2025 09:17:28)
5,21/12/2023 00:00:00, 	(11-APR-2025 09:17:28)
2,17/01/2024 00:00:00, 	(11-APR-2025 09:17:28)
4,17/01/2024 00:00:00, 	(11-APR-2025 09:17:28)
5,17/01/2024 00:00:00, 	(11-APR-2025 09:17:28)
2,19/01/2024 00:00:00, 	(11-APR-2025 09:17:28)
4,19/01/2024 00:00:00, 	(11-APR-2025 09:17:28)
5,19/01/2024 00:00:00, 	(11-APR-2025 09:17:28)
2,20/01/2024 00:00:00, 	(11-APR-2025 09:17:28)
4,20/01/2024 00:00:00, 	(11-APR-2025 09:17:28)
5,20/01/2024 00:00:00, 	(11-APR-2025 09:17:28)
2,25/01/2024 00:00:00, 	(11-APR-2025 09:17:28)
4,25/01/2024 00:00:00, 	(11-APR-2025 09:17:28)
5,25/01/2024 00:00:00, 	(11-APR-2025 09:17:28)
2,30/01/2024 00:00:00, 	(11-APR-2025 09:17:28)
4,30/01/2024 00:00:00, 	(11-APR-2025 09:17:28)
5,30/01/2024 00:00:00, 	(11-APR-2025 09:17:28)
4,07/02/2024 00:00:00, 	(11-APR-2025 09:17:28)
5,07/02/2024 00:00:00, 	(11-APR-2025 09:17:28)
2,13/02/2024 00:00:00, 	(11-APR-2025 09:17:28)
4,13/02/2024 00:00:00, 	(11-APR-2025 09:17:28)
5,13/02/2024 00:00:00, 	(11-APR-2025 09:17:28)
2,14/02/2024 00:00:00, 	(11-APR-2025 09:17:28)
2,06/03/2024 00:00:00, 	(11-APR-2025 09:17:28)
4,06/03/2024 00:00:00, 	(11-APR-2025 09:17:28)
5,06/03/2024 00:00:00, 	(11-APR-2025 09:17:28)
2,07/10/2023 00:00:00, 	(11-APR-2025 09:17:28)
2,08/10/2023 00:00:00, 	(11-APR-2025 09:17:28)
2,09/10/2023 00:00:00, 	(11-APR-2025 09:17:28)
4,07/10/2023 00:00:00, 	(11-APR-2025 09:17:28)
5,07/10/2023 00:00:00, 	(11-APR-2025 09:17:28)
4,08/10/2023 00:00:00, 	(11-APR-2025 09:17:28)
5,08/10/2023 00:00:00, 	(11-APR-2025 09:17:28)
4,09/10/2023 00:00:00, 	(11-APR-2025 09:17:28)
5,09/10/2023 00:00:00, 	(11-APR-2025 09:17:28)
2,10/10/2023 00:00:00, 	(11-APR-2025 09:17:28)
2,11/10/2023 00:00:00, 	(11-APR-2025 09:17:28)
4,10/10/2023 00:00:00, 	(11-APR-2025 09:17:28)
5,10/10/2023 00:00:00, 	(11-APR-2025 09:17:28)
4,11/10/2023 00:00:00, 	(11-APR-2025 09:17:28)
5,11/10/2023 00:00:00, 	(11-APR-2025 09:17:28)
2,03/11/2023 00:00:00, 	(11-APR-2025 09:17:28)
2,04/11/2023 00:00:00, 	(11-APR-2025 09:17:28)
4,03/11/2023 00:00:00, 	(11-APR-2025 09:17:28)
5,03/11/2023 00:00:00, 	(11-APR-2025 09:17:28)
4,04/11/2023 00:00:00, 	(11-APR-2025 09:17:28)
5,04/11/2023 00:00:00, 	(11-APR-2025 09:17:28)
2,02/12/2023 00:00:00, 	(11-APR-2025 09:17:28)
4,02/12/2023 00:00:00, 	(11-APR-2025 09:17:28)
5,02/12/2023 00:00:00, 	(11-APR-2025 09:17:28)
4,04/12/2023 00:00:00, 	(11-APR-2025 09:17:28)
5,04/12/2023 00:00:00, 	(11-APR-2025 09:17:28)
2,06/12/2023 00:00:00, 	(11-APR-2025 09:17:28)
4,06/12/2023 00:00:00, 	(11-APR-2025 09:17:28)
5,06/12/2023 00:00:00, 	(11-APR-2025 09:17:28)
2,07/12/2023 00:00:00, 	(11-APR-2025 09:17:28)
4,07/12/2023 00:00:00, 	(11-APR-2025 09:17:28)
5,07/12/2023 00:00:00, 	(11-APR-2025 09:17:28)
2,18/12/2023 00:00:00, 	(11-APR-2025 09:17:28)
4,18/12/2023 00:00:00, 	(11-APR-2025 09:17:28)
5,18/12/2023 00:00:00, 	(11-APR-2025 09:17:28)
2,22/12/2023 00:00:00, 	(11-APR-2025 09:17:28)
4,22/12/2023 00:00:00, 	(11-APR-2025 09:17:28)
5,22/12/2023 00:00:00, 	(11-APR-2025 09:17:28)
2,26/12/2023 00:00:00, 	(11-APR-2025 09:17:28)
4,26/12/2023 00:00:00, 	(11-APR-2025 09:17:28)
5,26/12/2023 00:00:00, 	(11-APR-2025 09:17:28)
2,04/01/2024 00:00:00, 	(11-APR-2025 09:17:28)
4,04/01/2024 00:00:00, 	(11-APR-2025 09:17:28)
5,04/01/2024 00:00:00, 	(11-APR-2025 09:17:28)
2,06/01/2024 00:00:00, 	(11-APR-2025 09:17:28)
4,06/01/2024 00:00:00, 	(11-APR-2025 09:17:28)
5,06/01/2024 00:00:00, 	(11-APR-2025 09:17:28)
2,11/01/2024 00:00:00, 	(11-APR-2025 09:17:28)
4,11/01/2024 00:00:00, 	(11-APR-2025 09:17:28)
5,11/01/2024 00:00:00, 	(11-APR-2025 09:17:28)
2,15/01/2024 00:00:00, 	(11-APR-2025 09:17:28)
4,15/01/2024 00:00:00, 	(11-APR-2025 09:17:28)
5,15/01/2024 00:00:00, 	(11-APR-2025 09:17:28)
2,03/02/2024 00:00:00, 	(11-APR-2025 09:17:28)
4,03/02/2024 00:00:00, 	(11-APR-2025 09:17:28)
5,03/02/2024 00:00:00, 	(11-APR-2025 09:17:28)
2,05/02/2024 00:00:00, 	(11-APR-2025 09:17:28)
4,05/02/2024 00:00:00, 	(11-APR-2025 09:17:28)
5,05/02/2024 00:00:00, 	(11-APR-2025 09:17:28)
2,06/02/2024 00:00:00, 	(11-APR-2025 09:17:28)
4,06/02/2024 00:00:00, 	(11-APR-2025 09:17:28)
5,06/02/2024 00:00:00, 	(11-APR-2025 09:17:28)
2,07/02/2024 00:00:00, 	(11-APR-2025 09:17:28)
2,08/02/2024 00:00:00, 	(11-APR-2025 09:17:28)
4,08/02/2024 00:00:00, 	(11-APR-2025 09:17:28)
5,08/02/2024 00:00:00, 	(11-APR-2025 09:17:28)
2,15/02/2024 00:00:00, 	(11-APR-2025 09:17:28)
4,15/02/2024 00:00:00, 	(11-APR-2025 09:17:28)
5,15/02/2024 00:00:00, 	(11-APR-2025 09:17:28)
2,20/02/2024 00:00:00, 	(11-APR-2025 09:17:28)
4,20/02/2024 00:00:00, 	(11-APR-2025 09:17:28)
5,20/02/2024 00:00:00, 	(11-APR-2025 09:17:28)
2,28/02/2024 00:00:00, 	(11-APR-2025 09:17:28)
4,28/02/2024 00:00:00, 	(11-APR-2025 09:17:28)
5,28/02/2024 00:00:00, 	(11-APR-2025 09:17:28)
2,04/03/2024 00:00:00, 	(11-APR-2025 09:17:28)
2,05/03/2024 00:00:00, 	(11-APR-2025 09:17:28)
4,04/03/2024 00:00:00, 	(11-APR-2025 09:17:28)
5,04/03/2024 00:00:00, 	(11-APR-2025 09:17:28)
4,05/03/2024 00:00:00, 	(11-APR-2025 09:17:28)
5,05/03/2024 00:00:00, 	(11-APR-2025 09:17:28)
2,28/09/2023 00:00:00, 	(11-APR-2025 09:17:28)
2,29/09/2023 00:00:00, 	(11-APR-2025 09:17:28)
4,28/09/2023 00:00:00, 	(11-APR-2025 09:17:28)
5,28/09/2023 00:00:00, 	(11-APR-2025 09:17:28)
4,29/09/2023 00:00:00, 	(11-APR-2025 09:17:28)
5,29/09/2023 00:00:00, 	(11-APR-2025 09:17:28)
2,30/09/2023 00:00:00, 	(11-APR-2025 09:17:28)
4,30/09/2023 00:00:00, 	(11-APR-2025 09:17:28)
5,30/09/2023 00:00:00, 	(11-APR-2025 09:17:28)
2,01/10/2023 00:00:00, 	(11-APR-2025 09:17:28)
2,02/10/2023 00:00:00, 	(11-APR-2025 09:17:28)
2,03/10/2023 00:00:00, 	(11-APR-2025 09:17:28)
4,01/10/2023 00:00:00, 	(11-APR-2025 09:17:28)
5,01/10/2023 00:00:00, 	(11-APR-2025 09:17:28)
4,02/10/2023 00:00:00, 	(11-APR-2025 09:17:28)
5,02/10/2023 00:00:00, 	(11-APR-2025 09:17:28)
4,03/10/2023 00:00:00, 	(11-APR-2025 09:17:28)
5,03/10/2023 00:00:00, 	(11-APR-2025 09:17:28)
4,04/10/2023 00:00:00, 	(11-APR-2025 09:17:28)
5,04/10/2023 00:00:00, 	(11-APR-2025 09:17:28)
4,05/10/2023 00:00:00, 	(11-APR-2025 09:17:28)
5,05/10/2023 00:00:00, 	(11-APR-2025 09:17:28)
4,06/10/2023 00:00:00, 	(11-APR-2025 09:17:28)
5,06/10/2023 00:00:00, 	(11-APR-2025 09:17:28)
2,18/10/2023 00:00:00, 	(11-APR-2025 09:17:28)
5,29/01/2025 00:00:00, 	(11-APR-2025 09:17:28)
2,11/02/2025 00:00:00, 	(11-APR-2025 09:17:28)
2,12/02/2025 00:00:00, 	(11-APR-2025 09:17:28)
4,11/02/2025 00:00:00, 	(11-APR-2025 09:17:28)
5,11/02/2025 00:00:00, 	(11-APR-2025 09:17:28)
4,12/02/2025 00:00:00, 	(11-APR-2025 09:17:28)
5,12/02/2025 00:00:00, 	(11-APR-2025 09:17:28)
2,31/01/2025 00:00:00, 	(11-APR-2025 09:17:28)
4,31/01/2025 00:00:00, 	(11-APR-2025 09:17:28)
5,31/01/2025 00:00:00, 	(11-APR-2025 09:17:28)
2,10/02/2025 00:00:00, 	(11-APR-2025 09:17:28)
4,10/02/2025 00:00:00, 	(11-APR-2025 09:17:28)
5,10/02/2025 00:00:00, 	(11-APR-2025 09:17:28)
2,18/01/2025 00:00:00, 	(11-APR-2025 09:17:28)
2,20/01/2025 00:00:00, 	(11-APR-2025 09:17:28)
2,28/01/2025 00:00:00, 	(11-APR-2025 09:17:28)
4,28/01/2025 00:00:00, 	(11-APR-2025 09:17:28)
5,28/01/2025 00:00:00, 	(11-APR-2025 09:17:28)
2,23/01/2025 00:00:00, 	(11-APR-2025 09:17:28)
4,23/01/2025 00:00:00, 	(11-APR-2025 09:17:28)
5,23/01/2025 00:00:00, 	(11-APR-2025 09:17:28)
2,16/01/2025 00:00:00, 	(11-APR-2025 09:17:28)
4,16/01/2025 00:00:00, 	(11-APR-2025 09:17:28)
5,16/01/2025 00:00:00, 	(11-APR-2025 09:17:28)
2,01/02/2025 00:00:00, 	(11-APR-2025 09:17:28)
2,03/02/2025 00:00:00, 	(11-APR-2025 09:17:28)
4,01/02/2025 00:00:00, 	(11-APR-2025 09:17:28)
5,01/02/2025 00:00:00, 	(11-APR-2025 09:17:28)
4,03/02/2025 00:00:00, 	(11-APR-2025 09:17:28)
5,03/02/2025 00:00:00, 	(11-APR-2025 09:17:28)
2,17/01/2025 00:00:00, 	(11-APR-2025 09:17:28)
4,17/01/2025 00:00:00, 	(11-APR-2025 09:17:28)
5,17/01/2025 00:00:00, 	(11-APR-2025 09:17:28)
2,06/02/2025 00:00:00, 	(11-APR-2025 09:17:28)
4,06/02/2025 00:00:00, 	(11-APR-2025 09:17:28)
5,06/02/2025 00:00:00, 	(11-APR-2025 09:17:28)
2,05/02/2025 00:00:00, 	(11-APR-2025 09:17:28)
4,05/02/2025 00:00:00, 	(11-APR-2025 09:17:28)
5,05/02/2025 00:00:00, 	(11-APR-2025 09:17:28)
2,07/02/2025 00:00:00, 	(11-APR-2025 09:17:28)
4,07/02/2025 00:00:00, 	(11-APR-2025 09:17:28)
5,07/02/2025 00:00:00, 	(11-APR-2025 09:17:28)
4,03/05/2024 00:00:00, 	(11-APR-2025 09:17:28)
5,03/05/2024 00:00:00, 	(11-APR-2025 09:17:28)
4,04/05/2024 00:00:00, 	(11-APR-2025 09:17:28)
5,04/05/2024 00:00:00, 	(11-APR-2025 09:17:28)
2,14/05/2024 00:00:00, 	(11-APR-2025 09:17:28)
4,14/05/2024 00:00:00, 	(11-APR-2025 09:17:28)
5,14/05/2024 00:00:00, 	(11-APR-2025 09:17:28)
2,15/05/2024 00:00:00, 	(11-APR-2025 09:17:28)
4,15/05/2024 00:00:00, 	(11-APR-2025 09:17:28)
5,15/05/2024 00:00:00, 	(11-APR-2025 09:17:28)
2,18/05/2024 00:00:00, 	(11-APR-2025 09:17:28)
4,18/05/2024 00:00:00, 	(11-APR-2025 09:17:28)
5,18/05/2024 00:00:00, 	(11-APR-2025 09:17:28)
2,20/05/2024 00:00:00, 	(11-APR-2025 09:17:28)
4,20/05/2024 00:00:00, 	(11-APR-2025 09:17:28)
5,20/05/2024 00:00:00, 	(11-APR-2025 09:17:28)
2,23/05/2024 00:00:00, 	(11-APR-2025 09:17:28)
4,23/05/2024 00:00:00, 	(11-APR-2025 09:17:28)
5,23/05/2024 00:00:00, 	(11-APR-2025 09:17:28)
2,28/05/2024 00:00:00, 	(11-APR-2025 09:17:28)
2,29/05/2024 00:00:00, 	(11-APR-2025 09:17:28)
4,28/05/2024 00:00:00, 	(11-APR-2025 09:17:28)
5,28/05/2024 00:00:00, 	(11-APR-2025 09:17:28)
4,29/05/2024 00:00:00, 	(11-APR-2025 09:17:28)
5,29/05/2024 00:00:00, 	(11-APR-2025 09:17:28)
2,30/05/2024 00:00:00, 	(11-APR-2025 09:17:28)
4,30/05/2024 00:00:00, 	(11-APR-2025 09:17:28)
5,30/05/2024 00:00:00, 	(11-APR-2025 09:17:28)
2,12/06/2024 00:00:00, 	(11-APR-2025 09:17:28)
2,13/06/2024 00:00:00, 	(11-APR-2025 09:17:28)
4,12/06/2024 00:00:00, 	(11-APR-2025 09:17:28)
5,12/06/2024 00:00:00, 	(11-APR-2025 09:17:28)
4,13/06/2024 00:00:00, 	(11-APR-2025 09:17:28)
5,13/06/2024 00:00:00, 	(11-APR-2025 09:17:28)
2,18/06/2024 00:00:00, 	(11-APR-2025 09:17:28)
2,19/06/2024 00:00:00, 	(11-APR-2025 09:17:28)
4,18/06/2024 00:00:00, 	(11-APR-2025 09:17:28)
5,18/06/2024 00:00:00, 	(11-APR-2025 09:17:28)
4,19/06/2024 00:00:00, 	(11-APR-2025 09:17:28)
5,19/06/2024 00:00:00, 	(11-APR-2025 09:17:28)
2,25/06/2024 00:00:00, 	(11-APR-2025 09:17:28)
4,25/06/2024 00:00:00, 	(11-APR-2025 09:17:28)
5,25/06/2024 00:00:00, 	(11-APR-2025 09:17:28)
2,26/06/2024 00:00:00, 	(11-APR-2025 09:17:28)
4,26/06/2024 00:00:00, 	(11-APR-2025 09:17:28)
5,26/06/2024 00:00:00, 	(11-APR-2025 09:17:28)
2,28/06/2024 00:00:00, 	(11-APR-2025 09:17:28)
4,28/06/2024 00:00:00, 	(11-APR-2025 09:17:28)
5,28/06/2024 00:00:00, 	(11-APR-2025 09:17:28)
2,06/07/2024 00:00:00, 	(11-APR-2025 09:17:28)
2,08/07/2024 00:00:00, 	(11-APR-2025 09:17:28)
2,09/07/2024 00:00:00, 	(11-APR-2025 09:17:28)
4,09/07/2024 00:00:00, 	(11-APR-2025 09:17:28)
5,09/07/2024 00:00:00, 	(11-APR-2025 09:17:28)
2,15/07/2024 00:00:00, 	(11-APR-2025 09:17:28)
4,15/07/2024 00:00:00, 	(11-APR-2025 09:17:28)
5,15/07/2024 00:00:00, 	(11-APR-2025 09:17:28)
2,22/07/2024 00:00:00, 	(11-APR-2025 09:17:28)
4,22/07/2024 00:00:00, 	(11-APR-2025 09:17:28)
5,22/07/2024 00:00:00, 	(11-APR-2025 09:17:28)
2,23/07/2024 00:00:00, 	(11-APR-2025 09:17:28)
4,23/07/2024 00:00:00, 	(11-APR-2025 09:17:28)
5,23/07/2024 00:00:00, 	(11-APR-2025 09:17:28)
2,29/07/2024 00:00:00, 	(11-APR-2025 09:17:28)
2,06/04/2024 00:00:00, 	(11-APR-2025 09:17:28)
4,06/04/2024 00:00:00, 	(11-APR-2025 09:17:28)
5,06/04/2024 00:00:00, 	(11-APR-2025 09:17:28)
2,18/04/2024 00:00:00, 	(11-APR-2025 09:17:28)
4,18/04/2024 00:00:00, 	(11-APR-2025 09:17:28)
5,18/04/2024 00:00:00, 	(11-APR-2025 09:17:28)
2,13/05/2024 00:00:00, 	(11-APR-2025 09:17:28)
4,13/05/2024 00:00:00, 	(11-APR-2025 09:17:28)
5,13/05/2024 00:00:00, 	(11-APR-2025 09:17:28)
2,31/05/2024 00:00:00, 	(11-APR-2025 09:17:28)
4,31/05/2024 00:00:00, 	(11-APR-2025 09:17:28)
5,31/05/2024 00:00:00, 	(11-APR-2025 09:17:28)
2,26/07/2024 00:00:00, 	(11-APR-2025 09:17:28)
4,26/07/2024 00:00:00, 	(11-APR-2025 09:17:28)
5,26/07/2024 00:00:00, 	(11-APR-2025 09:17:28)
2,30/07/2024 00:00:00, 	(11-APR-2025 09:17:28)
4,29/07/2024 00:00:00, 	(11-APR-2025 09:17:28)
5,29/07/2024 00:00:00, 	(11-APR-2025 09:17:28)
4,30/07/2024 00:00:00, 	(11-APR-2025 09:17:28)
5,30/07/2024 00:00:00, 	(11-APR-2025 09:17:28)
2,09/08/2024 00:00:00, 	(11-APR-2025 09:17:28)
2,16/08/2024 00:00:00, 	(11-APR-2025 09:17:28)
4,16/08/2024 00:00:00, 	(11-APR-2025 09:17:28)
5,16/08/2024 00:00:00, 	(11-APR-2025 09:17:28)
2,17/08/2024 00:00:00, 	(11-APR-2025 09:17:28)
2,19/08/2024 00:00:00, 	(11-APR-2025 09:17:28)
2,20/08/2024 00:00:00, 	(11-APR-2025 09:17:28)
4,17/08/2024 00:00:00, 	(11-APR-2025 09:17:28)
5,17/08/2024 00:00:00, 	(11-APR-2025 09:17:28)
4,19/08/2024 00:00:00, 	(11-APR-2025 09:17:28)
5,19/08/2024 00:00:00, 	(11-APR-2025 09:17:28)
4,20/08/2024 00:00:00, 	(11-APR-2025 09:17:28)
5,20/08/2024 00:00:00, 	(11-APR-2025 09:17:28)
2,22/08/2024 00:00:00, 	(11-APR-2025 09:17:28)
4,22/08/2024 00:00:00, 	(11-APR-2025 09:17:28)
5,22/08/2024 00:00:00, 	(11-APR-2025 09:17:28)
2,23/08/2024 00:00:00, 	(11-APR-2025 09:17:28)
4,23/08/2024 00:00:00, 	(11-APR-2025 09:17:28)
5,23/08/2024 00:00:00, 	(11-APR-2025 09:17:28)
2,02/09/2024 00:00:00, 	(11-APR-2025 09:17:28)
4,02/09/2024 00:00:00, 	(11-APR-2025 09:17:28)
5,02/09/2024 00:00:00, 	(11-APR-2025 09:17:28)
4,03/09/2024 00:00:00, 	(11-APR-2025 09:17:28)
5,03/09/2024 00:00:00, 	(11-APR-2025 09:17:28)
2,04/09/2024 00:00:00, 	(11-APR-2025 09:17:28)
2,05/09/2024 00:00:00, 	(11-APR-2025 09:17:28)
4,09/09/2024 00:00:00, 	(11-APR-2025 09:17:28)
5,09/09/2024 00:00:00, 	(11-APR-2025 09:17:28)
2,30/09/2024 00:00:00, 	(11-APR-2025 09:17:28)
4,30/09/2024 00:00:00, 	(11-APR-2025 09:17:28)
5,30/09/2024 00:00:00, 	(11-APR-2025 09:17:28)
2,05/10/2024 00:00:00, 	(11-APR-2025 09:17:28)
2,07/10/2024 00:00:00, 	(11-APR-2025 09:17:28)
4,05/10/2024 00:00:00, 	(11-APR-2025 09:17:28)
5,05/10/2024 00:00:00, 	(11-APR-2025 09:17:28)
4,07/10/2024 00:00:00, 	(11-APR-2025 09:17:28)
5,07/10/2024 00:00:00, 	(11-APR-2025 09:17:28)
2,08/10/2024 00:00:00, 	(11-APR-2025 09:17:28)
2,09/10/2024 00:00:00, 	(11-APR-2025 09:17:28)
4,08/10/2024 00:00:00, 	(11-APR-2025 09:17:28)
5,08/10/2024 00:00:00, 	(11-APR-2025 09:17:28)
4,09/10/2024 00:00:00, 	(11-APR-2025 09:17:28)
5,09/10/2024 00:00:00, 	(11-APR-2025 09:17:28)
2,28/10/2024 00:00:00, 	(11-APR-2025 09:17:28)
4,28/10/2024 00:00:00, 	(11-APR-2025 09:17:28)
5,28/10/2024 00:00:00, 	(11-APR-2025 09:17:28)
4,01/11/2024 00:00:00, 	(11-APR-2025 09:17:28)
5,01/11/2024 00:00:00, 	(11-APR-2025 09:17:28)
4,02/11/2024 00:00:00, 	(11-APR-2025 09:17:28)
5,02/11/2024 00:00:00, 	(11-APR-2025 09:17:28)
2,16/11/2024 00:00:00, 	(11-APR-2025 09:17:28)
4,16/11/2024 00:00:00, 	(11-APR-2025 09:17:28)
5,16/11/2024 00:00:00, 	(11-APR-2025 09:17:28)
2,18/11/2024 00:00:00, 	(11-APR-2025 09:17:28)
4,18/11/2024 00:00:00, 	(11-APR-2025 09:17:28)
5,18/11/2024 00:00:00, 	(11-APR-2025 09:17:28)
2,21/11/2024 00:00:00, 	(11-APR-2025 09:17:28)
4,21/11/2024 00:00:00, 	(11-APR-2025 09:17:28)
5,21/11/2024 00:00:00, 	(11-APR-2025 09:17:28)
2,10/12/2024 00:00:00, 	(11-APR-2025 09:17:28)
4,10/12/2024 00:00:00, 	(11-APR-2025 09:17:28)
5,10/12/2024 00:00:00, 	(11-APR-2025 09:17:28)
4,30/12/2024 00:00:00, 	(11-APR-2025 09:17:28)
5,30/12/2024 00:00:00, 	(11-APR-2025 09:17:28)
5,06/01/2025 00:00:00, 	(11-APR-2025 09:17:28)
2,07/01/2025 00:00:00, 	(11-APR-2025 09:17:28)
4,07/01/2025 00:00:00, 	(11-APR-2025 09:17:28)
5,07/01/2025 00:00:00, 	(11-APR-2025 09:17:28)
2,09/01/2025 00:00:00, 	(11-APR-2025 09:17:28)
2,10/01/2025 00:00:00, 	(11-APR-2025 09:17:28)
4,09/01/2025 00:00:00, 	(11-APR-2025 09:17:28)
2,16/04/2024 00:00:00, 	(11-APR-2025 09:17:28)
4,16/04/2024 00:00:00, 	(11-APR-2025 09:17:28)
5,16/04/2024 00:00:00, 	(11-APR-2025 09:17:28)
2,19/04/2024 00:00:00, 	(11-APR-2025 09:17:28)
2,20/04/2024 00:00:00, 	(11-APR-2025 09:17:28)
4,19/04/2024 00:00:00, 	(11-APR-2025 09:17:28)
5,19/04/2024 00:00:00, 	(11-APR-2025 09:17:28)
4,20/04/2024 00:00:00, 	(11-APR-2025 09:17:28)
5,20/04/2024 00:00:00, 	(11-APR-2025 09:17:28)
2,23/04/2024 00:00:00, 	(11-APR-2025 09:17:28)
4,23/04/2024 00:00:00, 	(11-APR-2025 09:17:28)
5,23/04/2024 00:00:00, 	(11-APR-2025 09:17:28)
2,24/04/2024 00:00:00, 	(11-APR-2025 09:17:28)
2,24/05/2024 00:00:00, 	(11-APR-2025 09:17:28)
4,24/05/2024 00:00:00, 	(11-APR-2025 09:17:28)
5,24/05/2024 00:00:00, 	(11-APR-2025 09:17:28)
2,14/06/2024 00:00:00, 	(11-APR-2025 09:17:28)
2,15/06/2024 00:00:00, 	(11-APR-2025 09:17:28)
4,14/06/2024 00:00:00, 	(11-APR-2025 09:17:28)
5,14/06/2024 00:00:00, 	(11-APR-2025 09:17:28)
4,15/06/2024 00:00:00, 	(11-APR-2025 09:17:28)
5,15/06/2024 00:00:00, 	(11-APR-2025 09:17:28)
2,20/06/2024 00:00:00, 	(11-APR-2025 09:17:28)
4,20/06/2024 00:00:00, 	(11-APR-2025 09:17:28)
5,20/06/2024 00:00:00, 	(11-APR-2025 09:17:28)
6,02/07/2024 00:00:00, 	(11-APR-2025 09:17:28)
2,12/08/2024 00:00:00, 	(11-APR-2025 09:17:28)
4,12/08/2024 00:00:00, 	(11-APR-2025 09:17:28)
5,12/08/2024 00:00:00, 	(11-APR-2025 09:17:28)
2,18/09/2024 00:00:00, 	(11-APR-2025 09:17:28)
4,18/09/2024 00:00:00, 	(11-APR-2025 09:17:28)
5,18/09/2024 00:00:00, 	(11-APR-2025 09:17:28)
4,19/09/2024 00:00:00, 	(11-APR-2025 09:17:28)
5,19/09/2024 00:00:00, 	(11-APR-2025 09:17:28)
2,25/09/2024 00:00:00, 	(11-APR-2025 09:17:28)
4,26/09/2024 00:00:00, 	(11-APR-2025 09:17:28)
5,26/09/2024 00:00:00, 	(11-APR-2025 09:17:28)
2,27/09/2024 00:00:00, 	(11-APR-2025 09:17:28)
4,27/09/2024 00:00:00, 	(11-APR-2025 09:17:28)
5,27/09/2024 00:00:00, 	(11-APR-2025 09:17:28)
2,10/10/2024 00:00:00, 	(11-APR-2025 09:17:28)
4,10/10/2024 00:00:00, 	(11-APR-2025 09:17:28)
5,10/10/2024 00:00:00, 	(11-APR-2025 09:17:28)
2,11/10/2024 00:00:00, 	(11-APR-2025 09:17:28)
4,11/10/2024 00:00:00, 	(11-APR-2025 09:17:28)
5,11/10/2024 00:00:00, 	(11-APR-2025 09:17:28)
2,24/10/2024 00:00:00, 	(11-APR-2025 09:17:28)
4,24/10/2024 00:00:00, 	(11-APR-2025 09:17:28)
5,24/10/2024 00:00:00, 	(11-APR-2025 09:17:28)
2,12/11/2024 00:00:00, 	(11-APR-2025 09:17:28)
4,12/11/2024 00:00:00, 	(11-APR-2025 09:17:28)
5,12/11/2024 00:00:00, 	(11-APR-2025 09:17:28)
2,15/11/2024 00:00:00, 	(11-APR-2025 09:17:28)
4,15/11/2024 00:00:00, 	(11-APR-2025 09:17:28)
5,15/11/2024 00:00:00, 	(11-APR-2025 09:17:28)
2,20/11/2024 00:00:00, 	(11-APR-2025 09:17:28)
4,20/11/2024 00:00:00, 	(11-APR-2025 09:17:28)
5,20/11/2024 00:00:00, 	(11-APR-2025 09:17:28)
2,29/11/2024 00:00:00, 	(11-APR-2025 09:17:28)
4,29/11/2024 00:00:00, 	(11-APR-2025 09:17:28)
5,29/11/2024 00:00:00, 	(11-APR-2025 09:17:28)
2,02/12/2024 00:00:00, 	(11-APR-2025 09:17:28)
2,03/12/2024 00:00:00, 	(11-APR-2025 09:17:28)
2,04/12/2024 00:00:00, 	(11-APR-2025 09:17:28)
4,02/12/2024 00:00:00, 	(11-APR-2025 09:17:28)
5,02/12/2024 00:00:00, 	(11-APR-2025 09:17:28)
4,03/12/2024 00:00:00, 	(11-APR-2025 09:17:28)
5,03/12/2024 00:00:00, 	(11-APR-2025 09:17:28)
4,04/12/2024 00:00:00, 	(11-APR-2025 09:17:28)
5,04/12/2024 00:00:00, 	(11-APR-2025 09:17:28)
4,03/01/2025 00:00:00, 	(11-APR-2025 09:17:28)
5,03/01/2025 00:00:00, 	(11-APR-2025 09:17:28)
2,08/01/2025 00:00:00, 	(11-APR-2025 09:17:28)
2,03/01/2025 00:00:00, 	(11-APR-2025 09:17:28)
4,08/01/2025 00:00:00, 	(11-APR-2025 09:17:28)
5,08/01/2025 00:00:00, 	(11-APR-2025 09:17:28)
5,09/01/2025 00:00:00, 	(11-APR-2025 09:17:28)
4,10/01/2025 00:00:00, 	(11-APR-2025 09:17:28)
5,10/01/2025 00:00:00, 	(11-APR-2025 09:17:28)
2,13/01/2025 00:00:00, 	(11-APR-2025 09:17:28)
4,13/01/2025 00:00:00, 	(11-APR-2025 09:17:28)
5,13/01/2025 00:00:00, 	(11-APR-2025 09:17:28)
2,15/01/2025 00:00:00, 	(11-APR-2025 09:17:28)
4,15/01/2025 00:00:00, 	(11-APR-2025 09:17:28)
5,15/01/2025 00:00:00, 	(11-APR-2025 09:17:28)
2,14/01/2025 00:00:00, 	(11-APR-2025 09:17:28)
4,14/01/2025 00:00:00, 	(11-APR-2025 09:17:28)
5,14/01/2025 00:00:00, 	(11-APR-2025 09:17:28)
4,04/04/2024 00:00:00, 	(11-APR-2025 09:17:28)
5,04/04/2024 00:00:00, 	(11-APR-2025 09:17:28)
4,05/04/2024 00:00:00, 	(11-APR-2025 09:17:28)
5,05/04/2024 00:00:00, 	(11-APR-2025 09:17:28)
2,11/06/2024 00:00:00, 	(11-APR-2025 09:17:28)
4,11/06/2024 00:00:00, 	(11-APR-2025 09:17:28)
5,11/06/2024 00:00:00, 	(11-APR-2025 09:17:28)
2,24/06/2024 00:00:00, 	(11-APR-2025 09:17:28)
4,24/06/2024 00:00:00, 	(11-APR-2025 09:17:28)
5,24/06/2024 00:00:00, 	(11-APR-2025 09:17:28)
2,27/06/2024 00:00:00, 	(11-APR-2025 09:17:28)
4,27/06/2024 00:00:00, 	(11-APR-2025 09:17:28)
5,27/06/2024 00:00:00, 	(11-APR-2025 09:17:28)
4,06/07/2024 00:00:00, 	(11-APR-2025 09:17:28)
5,06/07/2024 00:00:00, 	(11-APR-2025 09:17:28)
4,08/07/2024 00:00:00, 	(11-APR-2025 09:17:28)
5,08/07/2024 00:00:00, 	(11-APR-2025 09:17:28)
2,11/07/2024 00:00:00, 	(11-APR-2025 09:17:28)
4,11/07/2024 00:00:00, 	(11-APR-2025 09:17:28)
5,11/07/2024 00:00:00, 	(11-APR-2025 09:17:28)
2,12/07/2024 00:00:00, 	(11-APR-2025 09:17:28)
4,12/07/2024 00:00:00, 	(11-APR-2025 09:17:28)
5,12/07/2024 00:00:00, 	(11-APR-2025 09:17:28)
2,19/07/2024 00:00:00, 	(11-APR-2025 09:17:28)
2,20/07/2024 00:00:00, 	(11-APR-2025 09:17:28)
4,19/07/2024 00:00:00, 	(11-APR-2025 09:17:28)
5,19/07/2024 00:00:00, 	(11-APR-2025 09:17:28)
4,20/07/2024 00:00:00, 	(11-APR-2025 09:17:28)
5,20/07/2024 00:00:00, 	(11-APR-2025 09:17:28)
2,24/07/2024 00:00:00, 	(11-APR-2025 09:17:28)
4,24/07/2024 00:00:00, 	(11-APR-2025 09:17:28)
5,24/07/2024 00:00:00, 	(11-APR-2025 09:17:28)
2,25/07/2024 00:00:00, 	(11-APR-2025 09:17:28)
4,25/07/2024 00:00:00, 	(11-APR-2025 09:17:28)
5,25/07/2024 00:00:00, 	(11-APR-2025 09:17:28)
2,31/07/2024 00:00:00, 	(11-APR-2025 09:17:28)
4,31/07/2024 00:00:00, 	(11-APR-2025 09:17:28)
5,31/07/2024 00:00:00, 	(11-APR-2025 09:17:28)
2,01/08/2024 00:00:00, 	(11-APR-2025 09:17:28)
2,02/08/2024 00:00:00, 	(11-APR-2025 09:17:28)
4,01/08/2024 00:00:00, 	(11-APR-2025 09:17:28)
5,01/08/2024 00:00:00, 	(11-APR-2025 09:17:28)
4,02/08/2024 00:00:00, 	(11-APR-2025 09:17:28)
5,02/08/2024 00:00:00, 	(11-APR-2025 09:17:28)
2,27/08/2024 00:00:00, 	(11-APR-2025 09:17:28)
4,27/08/2024 00:00:00, 	(11-APR-2025 09:17:28)
5,27/08/2024 00:00:00, 	(11-APR-2025 09:17:28)
2,28/08/2024 00:00:00, 	(11-APR-2025 09:17:28)
4,28/08/2024 00:00:00, 	(11-APR-2025 09:17:28)
5,28/08/2024 00:00:00, 	(11-APR-2025 09:17:28)
2,31/08/2024 00:00:00, 	(11-APR-2025 09:17:28)
4,31/08/2024 00:00:00, 	(11-APR-2025 09:17:28)
5,31/08/2024 00:00:00, 	(11-APR-2025 09:17:28)
2,20/09/2024 00:00:00, 	(11-APR-2025 09:17:28)
4,20/09/2024 00:00:00, 	(11-APR-2025 09:17:28)
5,20/09/2024 00:00:00, 	(11-APR-2025 09:17:28)
2,21/09/2024 00:00:00, 	(11-APR-2025 09:17:28)
4,21/09/2024 00:00:00, 	(11-APR-2025 09:17:28)
5,21/09/2024 00:00:00, 	(11-APR-2025 09:17:28)
2,23/09/2024 00:00:00, 	(11-APR-2025 09:17:28)
4,23/09/2024 00:00:00, 	(11-APR-2025 09:17:28)
5,23/09/2024 00:00:00, 	(11-APR-2025 09:17:28)
2,24/09/2024 00:00:00, 	(11-APR-2025 09:17:28)
4,24/09/2024 00:00:00, 	(11-APR-2025 09:17:28)
5,24/09/2024 00:00:00, 	(11-APR-2025 09:17:28)
2,01/10/2024 00:00:00, 	(11-APR-2025 09:17:28)
2,03/10/2024 00:00:00, 	(11-APR-2025 09:17:28)
4,01/10/2024 00:00:00, 	(11-APR-2025 09:17:28)
5,01/10/2024 00:00:00, 	(11-APR-2025 09:17:28)
4,03/10/2024 00:00:00, 	(11-APR-2025 09:17:28)
5,03/10/2024 00:00:00, 	(11-APR-2025 09:17:28)
2,04/10/2024 00:00:00, 	(11-APR-2025 09:17:28)
4,04/10/2024 00:00:00, 	(11-APR-2025 09:17:28)
5,04/10/2024 00:00:00, 	(11-APR-2025 09:17:28)
2,14/10/2024 00:00:00, 	(11-APR-2025 09:17:28)
2,15/10/2024 00:00:00, 	(11-APR-2025 09:17:28)
4,14/10/2024 00:00:00, 	(11-APR-2025 09:17:28)
5,14/10/2024 00:00:00, 	(11-APR-2025 09:17:28)
4,15/10/2024 00:00:00, 	(11-APR-2025 09:17:28)
5,15/10/2024 00:00:00, 	(11-APR-2025 09:17:28)
4,16/10/2024 00:00:00, 	(11-APR-2025 09:17:28)
5,16/10/2024 00:00:00, 	(11-APR-2025 09:17:28)
4,17/10/2024 00:00:00, 	(11-APR-2025 09:17:28)
5,17/10/2024 00:00:00, 	(11-APR-2025 09:17:28)
4,18/10/2024 00:00:00, 	(11-APR-2025 09:17:28)
5,18/10/2024 00:00:00, 	(11-APR-2025 09:17:28)
4,19/10/2024 00:00:00, 	(11-APR-2025 09:17:28)
2,04/04/2024 00:00:00, 	(11-APR-2025 09:17:28)
2,05/04/2024 00:00:00, 	(11-APR-2025 09:17:28)
2,09/04/2024 00:00:00, 	(11-APR-2025 09:17:28)
4,09/04/2024 00:00:00, 	(11-APR-2025 09:17:28)
5,09/04/2024 00:00:00, 	(11-APR-2025 09:17:28)
4,16/05/2024 00:00:00, 	(11-APR-2025 09:17:28)
5,16/05/2024 00:00:00, 	(11-APR-2025 09:17:28)
4,17/05/2024 00:00:00, 	(11-APR-2025 09:17:28)
5,17/05/2024 00:00:00, 	(11-APR-2025 09:17:28)
2,01/06/2024 00:00:00, 	(11-APR-2025 09:17:28)
2,03/06/2024 00:00:00, 	(11-APR-2025 09:17:28)
5,03/06/2024 00:00:00, 	(11-APR-2025 09:17:28)
2,04/06/2024 00:00:00, 	(11-APR-2025 09:17:28)
4,04/06/2024 00:00:00, 	(11-APR-2025 09:17:28)
5,04/06/2024 00:00:00, 	(11-APR-2025 09:17:28)
4,10/07/2024 00:00:00, 	(11-APR-2025 09:17:28)
5,10/07/2024 00:00:00, 	(11-APR-2025 09:17:28)
2,08/08/2024 00:00:00, 	(11-APR-2025 09:17:28)
2,26/08/2024 00:00:00, 	(11-APR-2025 09:17:28)
4,26/08/2024 00:00:00, 	(11-APR-2025 09:17:28)
5,26/08/2024 00:00:00, 	(11-APR-2025 09:17:28)
2,29/08/2024 00:00:00, 	(11-APR-2025 09:17:28)
2,30/08/2024 00:00:00, 	(11-APR-2025 09:17:28)
4,25/09/2024 00:00:00, 	(11-APR-2025 09:17:28)
5,25/09/2024 00:00:00, 	(11-APR-2025 09:17:28)
2,26/09/2024 00:00:00, 	(11-APR-2025 09:17:28)
5,19/10/2024 00:00:00, 	(11-APR-2025 09:17:28)
4,21/10/2024 00:00:00, 	(11-APR-2025 09:17:28)
5,21/10/2024 00:00:00, 	(11-APR-2025 09:17:28)
2,23/10/2024 00:00:00, 	(11-APR-2025 09:17:28)
4,23/10/2024 00:00:00, 	(11-APR-2025 09:17:28)
5,23/10/2024 00:00:00, 	(11-APR-2025 09:17:28)
2,25/10/2024 00:00:00, 	(11-APR-2025 09:17:28)
4,25/10/2024 00:00:00, 	(11-APR-2025 09:17:28)
5,25/10/2024 00:00:00, 	(11-APR-2025 09:17:28)
2,29/10/2024 00:00:00, 	(11-APR-2025 09:17:28)
4,29/10/2024 00:00:00, 	(11-APR-2025 09:17:28)
5,29/10/2024 00:00:00, 	(11-APR-2025 09:17:28)
2,30/10/2024 00:00:00, 	(11-APR-2025 09:17:28)
2,31/10/2024 00:00:00, 	(11-APR-2025 09:17:28)
4,30/10/2024 00:00:00, 	(11-APR-2025 09:17:28)
5,30/10/2024 00:00:00, 	(11-APR-2025 09:17:28)
4,31/10/2024 00:00:00, 	(11-APR-2025 09:17:28)
5,31/10/2024 00:00:00, 	(11-APR-2025 09:17:28)
2,01/11/2024 00:00:00, 	(11-APR-2025 09:17:28)
2,04/11/2024 00:00:00, 	(11-APR-2025 09:17:28)
4,04/11/2024 00:00:00, 	(11-APR-2025 09:17:28)
5,04/11/2024 00:00:00, 	(11-APR-2025 09:17:28)
4,05/11/2024 00:00:00, 	(11-APR-2025 09:17:28)
2,05/11/2024 00:00:00, 	(11-APR-2025 09:17:28)
5,05/11/2024 00:00:00, 	(11-APR-2025 09:17:28)
2,06/11/2024 00:00:00, 	(11-APR-2025 09:17:28)
4,06/11/2024 00:00:00, 	(11-APR-2025 09:17:28)
5,06/11/2024 00:00:00, 	(11-APR-2025 09:17:28)
2,02/11/2024 00:00:00, 	(11-APR-2025 09:17:28)
2,07/11/2024 00:00:00, 	(11-APR-2025 09:17:28)
4,07/11/2024 00:00:00, 	(11-APR-2025 09:17:28)
5,07/11/2024 00:00:00, 	(11-APR-2025 09:17:28)
2,13/11/2024 00:00:00, 	(11-APR-2025 09:17:28)
4,13/11/2024 00:00:00, 	(11-APR-2025 09:17:28)
5,13/11/2024 00:00:00, 	(11-APR-2025 09:17:28)
2,14/11/2024 00:00:00, 	(11-APR-2025 09:17:28)
4,14/11/2024 00:00:00, 	(11-APR-2025 09:17:28)
5,14/11/2024 00:00:00, 	(11-APR-2025 09:17:28)
2,25/11/2024 00:00:00, 	(11-APR-2025 09:17:28)
2,26/11/2024 00:00:00, 	(11-APR-2025 09:17:28)
4,25/11/2024 00:00:00, 	(11-APR-2025 09:17:28)
5,25/11/2024 00:00:00, 	(11-APR-2025 09:17:28)
4,26/11/2024 00:00:00, 	(11-APR-2025 09:17:28)
5,26/11/2024 00:00:00, 	(11-APR-2025 09:17:28)
2,27/11/2024 00:00:00, 	(11-APR-2025 09:17:28)
2,28/11/2024 00:00:00, 	(11-APR-2025 09:17:28)
4,27/11/2024 00:00:00, 	(11-APR-2025 09:17:28)
5,27/11/2024 00:00:00, 	(11-APR-2025 09:17:28)
4,28/11/2024 00:00:00, 	(11-APR-2025 09:17:28)
5,28/11/2024 00:00:00, 	(11-APR-2025 09:17:28)
2,30/11/2024 00:00:00, 	(11-APR-2025 09:17:28)
4,30/11/2024 00:00:00, 	(11-APR-2025 09:17:28)
5,30/11/2024 00:00:00, 	(11-APR-2025 09:17:28)
2,05/12/2024 00:00:00, 	(11-APR-2025 09:17:28)
4,05/12/2024 00:00:00, 	(11-APR-2025 09:17:28)
5,05/12/2024 00:00:00, 	(11-APR-2025 09:17:28)
2,06/12/2024 00:00:00, 	(11-APR-2025 09:17:28)
4,06/12/2024 00:00:00, 	(11-APR-2025 09:17:28)
5,06/12/2024 00:00:00, 	(11-APR-2025 09:17:28)
2,07/12/2024 00:00:00, 	(11-APR-2025 09:17:28)
4,07/12/2024 00:00:00, 	(11-APR-2025 09:17:28)
5,07/12/2024 00:00:00, 	(11-APR-2025 09:17:28)
2,12/12/2024 00:00:00, 	(11-APR-2025 09:17:28)
4,12/12/2024 00:00:00, 	(11-APR-2025 09:17:28)
5,12/12/2024 00:00:00, 	(11-APR-2025 09:17:28)
2,19/12/2024 00:00:00, 	(11-APR-2025 09:17:28)
2,08/04/2024 00:00:00, 	(11-APR-2025 09:17:28)
4,08/04/2024 00:00:00, 	(11-APR-2025 09:17:28)
5,08/04/2024 00:00:00, 	(11-APR-2025 09:17:28)
2,10/04/2024 00:00:00, 	(11-APR-2025 09:17:28)
4,10/04/2024 00:00:00, 	(11-APR-2025 09:17:28)
5,10/04/2024 00:00:00, 	(11-APR-2025 09:17:28)
2,17/04/2024 00:00:00, 	(11-APR-2025 09:17:28)
4,17/04/2024 00:00:00, 	(11-APR-2025 09:17:28)
5,17/04/2024 00:00:00, 	(11-APR-2025 09:17:28)
2,25/04/2024 00:00:00, 	(11-APR-2025 09:17:28)
4,25/04/2024 00:00:00, 	(11-APR-2025 09:17:28)
5,25/04/2024 00:00:00, 	(11-APR-2025 09:17:28)
2,06/05/2024 00:00:00, 	(11-APR-2025 09:17:28)
2,07/05/2024 00:00:00, 	(11-APR-2025 09:17:28)
2,08/05/2024 00:00:00, 	(11-APR-2025 09:17:28)
4,06/05/2024 00:00:00, 	(11-APR-2025 09:17:28)
5,06/05/2024 00:00:00, 	(11-APR-2025 09:17:28)
4,07/05/2024 00:00:00, 	(11-APR-2025 09:17:28)
5,07/05/2024 00:00:00, 	(11-APR-2025 09:17:28)
4,08/05/2024 00:00:00, 	(11-APR-2025 09:17:28)
5,08/05/2024 00:00:00, 	(11-APR-2025 09:17:28)
2,16/05/2024 00:00:00, 	(11-APR-2025 09:17:28)
2,17/05/2024 00:00:00, 	(11-APR-2025 09:17:28)
2,21/05/2024 00:00:00, 	(11-APR-2025 09:17:28)
4,21/05/2024 00:00:00, 	(11-APR-2025 09:17:28)
5,21/05/2024 00:00:00, 	(11-APR-2025 09:17:28)
2,22/05/2024 00:00:00, 	(11-APR-2025 09:17:28)
2,29/06/2024 00:00:00, 	(11-APR-2025 09:17:28)
4,29/06/2024 00:00:00, 	(11-APR-2025 09:17:28)
5,29/06/2024 00:00:00, 	(11-APR-2025 09:17:28)
2,01/07/2024 00:00:00, 	(11-APR-2025 09:17:28)
4,01/07/2024 00:00:00, 	(11-APR-2025 09:17:28)
5,01/07/2024 00:00:00, 	(11-APR-2025 09:17:28)
2,06/08/2024 00:00:00, 	(11-APR-2025 09:17:28)
4,06/08/2024 00:00:00, 	(11-APR-2025 09:17:28)
5,06/08/2024 00:00:00, 	(11-APR-2025 09:17:28)
2,14/08/2024 00:00:00, 	(11-APR-2025 09:17:28)
4,14/08/2024 00:00:00, 	(11-APR-2025 09:17:28)
5,14/08/2024 00:00:00, 	(11-APR-2025 09:17:28)
2,21/08/2024 00:00:00, 	(11-APR-2025 09:17:28)
4,21/08/2024 00:00:00, 	(11-APR-2025 09:17:28)
5,21/08/2024 00:00:00, 	(11-APR-2025 09:17:28)
2,03/09/2024 00:00:00, 	(11-APR-2025 09:17:28)
4,04/09/2024 00:00:00, 	(11-APR-2025 09:17:28)
5,04/09/2024 00:00:00, 	(11-APR-2025 09:17:28)
4,05/09/2024 00:00:00, 	(11-APR-2025 09:17:28)
5,05/09/2024 00:00:00, 	(11-APR-2025 09:17:28)
2,06/09/2024 00:00:00, 	(11-APR-2025 09:17:28)
4,06/09/2024 00:00:00, 	(11-APR-2025 09:17:28)
5,06/09/2024 00:00:00, 	(11-APR-2025 09:17:28)
2,09/09/2024 00:00:00, 	(11-APR-2025 09:17:28)
2,10/09/2024 00:00:00, 	(11-APR-2025 09:17:28)
2,11/09/2024 00:00:00, 	(11-APR-2025 09:17:28)
4,10/09/2024 00:00:00, 	(11-APR-2025 09:17:28)
5,10/09/2024 00:00:00, 	(11-APR-2025 09:17:28)
4,11/09/2024 00:00:00, 	(11-APR-2025 09:17:28)
5,11/09/2024 00:00:00, 	(11-APR-2025 09:17:28)
2,12/09/2024 00:00:00, 	(11-APR-2025 09:17:28)
4,12/09/2024 00:00:00, 	(11-APR-2025 09:17:28)
5,12/09/2024 00:00:00, 	(11-APR-2025 09:17:28)
2,13/09/2024 00:00:00, 	(11-APR-2025 09:17:28)
4,13/09/2024 00:00:00, 	(11-APR-2025 09:17:28)
5,13/09/2024 00:00:00, 	(11-APR-2025 09:17:28)
2,19/11/2024 00:00:00, 	(11-APR-2025 09:17:28)
4,19/11/2024 00:00:00, 	(11-APR-2025 09:17:28)
5,19/11/2024 00:00:00, 	(11-APR-2025 09:17:28)
2,22/11/2024 00:00:00, 	(11-APR-2025 09:17:28)
4,22/11/2024 00:00:00, 	(11-APR-2025 09:17:28)
5,22/11/2024 00:00:00, 	(11-APR-2025 09:17:28)
2,09/12/2024 00:00:00, 	(11-APR-2025 09:17:28)
4,09/12/2024 00:00:00, 	(11-APR-2025 09:17:28)
5,09/12/2024 00:00:00, 	(11-APR-2025 09:17:28)
2,11/12/2024 00:00:00, 	(11-APR-2025 09:17:28)
4,11/12/2024 00:00:00, 	(11-APR-2025 09:17:28)
5,11/12/2024 00:00:00, 	(11-APR-2025 09:17:28)
4,18/12/2024 00:00:00, 	(11-APR-2025 09:17:28)
5,18/12/2024 00:00:00, 	(11-APR-2025 09:17:28)
4,19/12/2024 00:00:00, 	(11-APR-2025 09:17:28)
5,19/12/2024 00:00:00, 	(11-APR-2025 09:17:28)
2,20/12/2024 00:00:00, 	(11-APR-2025 09:17:28)
4,27/05/2024 00:00:00, 	(11-APR-2025 09:17:28)
5,27/05/2024 00:00:00, 	(11-APR-2025 09:17:28)
4,01/06/2024 00:00:00, 	(11-APR-2025 09:17:28)
5,01/06/2024 00:00:00, 	(11-APR-2025 09:17:28)
4,03/06/2024 00:00:00, 	(11-APR-2025 09:17:28)
2,06/06/2024 00:00:00, 	(11-APR-2025 09:17:28)
4,06/06/2024 00:00:00, 	(11-APR-2025 09:17:28)
5,06/06/2024 00:00:00, 	(11-APR-2025 09:17:28)
2,07/06/2024 00:00:00, 	(11-APR-2025 09:17:28)
4,07/06/2024 00:00:00, 	(11-APR-2025 09:17:28)
5,07/06/2024 00:00:00, 	(11-APR-2025 09:17:28)
2,21/06/2024 00:00:00, 	(11-APR-2025 09:17:28)
4,21/06/2024 00:00:00, 	(11-APR-2025 09:17:28)
5,21/06/2024 00:00:00, 	(11-APR-2025 09:17:28)
2,10/07/2024 00:00:00, 	(11-APR-2025 09:17:28)
2,03/08/2024 00:00:00, 	(11-APR-2025 09:17:28)
2,05/08/2024 00:00:00, 	(11-APR-2025 09:17:28)
4,03/08/2024 00:00:00, 	(11-APR-2025 09:17:28)
5,03/08/2024 00:00:00, 	(11-APR-2025 09:17:28)
4,05/08/2024 00:00:00, 	(11-APR-2025 09:17:28)
5,05/08/2024 00:00:00, 	(11-APR-2025 09:17:28)
2,07/08/2024 00:00:00, 	(11-APR-2025 09:17:28)
4,07/08/2024 00:00:00, 	(11-APR-2025 09:17:28)
5,07/08/2024 00:00:00, 	(11-APR-2025 09:17:28)
4,08/08/2024 00:00:00, 	(11-APR-2025 09:17:28)
5,08/08/2024 00:00:00, 	(11-APR-2025 09:17:28)
4,29/08/2024 00:00:00, 	(11-APR-2025 09:17:28)
5,29/08/2024 00:00:00, 	(11-APR-2025 09:17:28)
4,30/08/2024 00:00:00, 	(11-APR-2025 09:17:28)
5,30/08/2024 00:00:00, 	(11-APR-2025 09:17:28)
2,17/09/2024 00:00:00, 	(11-APR-2025 09:17:28)
4,17/09/2024 00:00:00, 	(11-APR-2025 09:17:28)
5,17/09/2024 00:00:00, 	(11-APR-2025 09:17:28)
2,19/09/2024 00:00:00, 	(11-APR-2025 09:17:28)
2,22/10/2024 00:00:00, 	(11-APR-2025 09:17:28)
4,22/10/2024 00:00:00, 	(11-APR-2025 09:17:28)
5,22/10/2024 00:00:00, 	(11-APR-2025 09:17:28)
2,16/10/2024 00:00:00, 	(11-APR-2025 09:17:28)
2,17/10/2024 00:00:00, 	(11-APR-2025 09:17:28)
2,18/10/2024 00:00:00, 	(11-APR-2025 09:17:28)
2,19/10/2024 00:00:00, 	(11-APR-2025 09:17:28)
2,21/10/2024 00:00:00, 	(11-APR-2025 09:17:28)
2,08/11/2024 00:00:00, 	(11-APR-2025 09:17:28)
4,08/11/2024 00:00:00, 	(11-APR-2025 09:17:28)
5,08/11/2024 00:00:00, 	(11-APR-2025 09:17:28)
2,11/11/2024 00:00:00, 	(11-APR-2025 09:17:28)
4,11/11/2024 00:00:00, 	(11-APR-2025 09:17:28)
5,11/11/2024 00:00:00, 	(11-APR-2025 09:17:28)
2,13/12/2024 00:00:00, 	(11-APR-2025 09:17:28)
4,13/12/2024 00:00:00, 	(11-APR-2025 09:17:28)
5,13/12/2024 00:00:00, 	(11-APR-2025 09:17:28)
2,16/12/2024 00:00:00, 	(11-APR-2025 09:17:28)
4,16/12/2024 00:00:00, 	(11-APR-2025 09:17:28)
5,16/12/2024 00:00:00, 	(11-APR-2025 09:17:28)
2,17/12/2024 00:00:00, 	(11-APR-2025 09:17:28)
4,17/12/2024 00:00:00, 	(11-APR-2025 09:17:28)
5,17/12/2024 00:00:00, 	(11-APR-2025 09:17:28)
2,18/12/2024 00:00:00, 	(11-APR-2025 09:17:28)
4,20/12/2024 00:00:00, 	(11-APR-2025 09:17:28)
5,20/12/2024 00:00:00, 	(11-APR-2025 09:17:28)
2,21/12/2024 00:00:00, 	(11-APR-2025 09:17:28)
4,21/12/2024 00:00:00, 	(11-APR-2025 09:17:28)
5,21/12/2024 00:00:00, 	(11-APR-2025 09:17:28)
2,23/12/2024 00:00:00, 	(11-APR-2025 09:17:28)
4,22/12/2024 00:00:00, 	(11-APR-2025 09:17:28)
4,23/12/2024 00:00:00, 	(11-APR-2025 09:17:28)
5,23/12/2024 00:00:00, 	(11-APR-2025 09:17:28)
2,24/12/2024 00:00:00, 	(11-APR-2025 09:17:28)
4,24/12/2024 00:00:00, 	(11-APR-2025 09:17:28)
5,24/12/2024 00:00:00, 	(11-APR-2025 09:17:28)
2,26/12/2024 00:00:00, 	(11-APR-2025 09:17:28)
4,26/12/2024 00:00:00, 	(11-APR-2025 09:17:28)
5,26/12/2024 00:00:00, 	(11-APR-2025 09:17:28)
2,27/12/2024 00:00:00, 	(11-APR-2025 09:17:28)
4,27/12/2024 00:00:00, 	(11-APR-2025 09:17:28)
5,27/12/2024 00:00:00, 	(11-APR-2025 09:17:28)
2,30/12/2024 00:00:00, 	(11-APR-2025 09:17:28)
2,31/12/2024 00:00:00, 	(11-APR-2025 09:17:28)
4,31/12/2024 00:00:00, 	(11-APR-2025 09:17:28)
5,31/12/2024 00:00:00, 	(11-APR-2025 09:17:28)
2,01/01/2025 00:00:00, 	(11-APR-2025 09:17:28)
2,02/01/2025 00:00:00, 	(11-APR-2025 09:17:28)
4,01/01/2025 00:00:00, 	(11-APR-2025 09:17:28)
5,01/01/2025 00:00:00, 	(11-APR-2025 09:17:28)
4,02/01/2025 00:00:00, 	(11-APR-2025 09:17:28)
5,02/01/2025 00:00:00, 	(11-APR-2025 09:17:28)
2,04/01/2025 00:00:00, 	(11-APR-2025 09:17:28)
4,04/01/2025 00:00:00, 	(11-APR-2025 09:17:28)
5,04/01/2025 00:00:00, 	(11-APR-2025 09:17:28)
2,06/01/2025 00:00:00, 	(11-APR-2025 09:17:28)
4,06/01/2025 00:00:00, 	(11-APR-2025 09:17:28)
4,18/01/2025 00:00:00, 	(11-APR-2025 09:17:28)
5,18/01/2025 00:00:00, 	(11-APR-2025 09:17:28)
4,20/01/2025 00:00:00, 	(11-APR-2025 09:17:28)
5,20/01/2025 00:00:00, 	(11-APR-2025 09:17:28)
2,21/01/2025 00:00:00, 	(11-APR-2025 09:17:28)
4,21/01/2025 00:00:00, 	(11-APR-2025 09:17:28)
5,21/01/2025 00:00:00, 	(11-APR-2025 09:17:28)
2,22/01/2025 00:00:00, 	(11-APR-2025 09:17:28)
4,22/01/2025 00:00:00, 	(11-APR-2025 09:17:28)
5,22/01/2025 00:00:00, 	(11-APR-2025 09:17:28)
2,24/01/2025 00:00:00, 	(11-APR-2025 09:17:28)
4,24/01/2025 00:00:00, 	(11-APR-2025 09:17:28)
5,24/01/2025 00:00:00, 	(11-APR-2025 09:17:28)
2,27/01/2025 00:00:00, 	(11-APR-2025 09:17:28)
4,27/01/2025 00:00:00, 	(11-APR-2025 09:17:28)
5,27/01/2025 00:00:00, 	(11-APR-2025 09:17:28)
2,30/01/2025 00:00:00, 	(11-APR-2025 09:17:28)
4,30/01/2025 00:00:00, 	(11-APR-2025 09:17:28)
5,30/01/2025 00:00:00, 	(11-APR-2025 09:17:28)
2,04/02/2025 00:00:00, 	(11-APR-2025 09:17:28)
4,04/02/2025 00:00:00, 	(11-APR-2025 09:17:28)
5,04/02/2025 00:00:00, 	(11-APR-2025 09:17:28)
2,29/01/2025 00:00:00, 	(11-APR-2025 09:17:28)
4,29/01/2025 00:00:00, 	(11-APR-2025 09:17:28)
1,17/01/2023 00:00:00, 	(11-APR-2025 09:17:30)	 (Not Deleted)
2,01/11/2022 00:00:00, 	(11-APR-2025 09:17:30)	 (Not Deleted)
2,02/11/2022 00:00:00, 	(11-APR-2025 09:17:30)	 (Not Deleted)
2,03/11/2022 00:00:00, 	(11-APR-2025 09:17:30)	 (Not Deleted)
2,04/11/2022 00:00:00, 	(11-APR-2025 09:17:30)	 (Not Deleted)
2,05/11/2022 00:00:00, 	(11-APR-2025 09:17:30)	 (Not Deleted)
2,06/11/2022 00:00:00, 	(11-APR-2025 09:17:30)	 (Not Deleted)
2,07/11/2022 00:00:00, 	(11-APR-2025 09:17:30)	 (Not Deleted)
2,08/11/2022 00:00:00, 	(11-APR-2025 09:17:30)	 (Not Deleted)
2,09/11/2022 00:00:00, 	(11-APR-2025 09:17:30)	 (Not Deleted)
2,10/11/2022 00:00:00, 	(11-APR-2025 09:17:30)	 (Not Deleted)
2,11/11/2022 00:00:00, 	(11-APR-2025 09:17:30)	 (Not Deleted)
2,12/11/2022 00:00:00, 	(11-APR-2025 09:17:30)	 (Not Deleted)
2,13/11/2022 00:00:00, 	(11-APR-2025 09:17:30)	 (Not Deleted)
2,14/11/2022 00:00:00, 	(11-APR-2025 09:17:30)	 (Not Deleted)
2,15/11/2022 00:00:00, 	(11-APR-2025 09:17:30)	 (Not Deleted)
2,16/11/2022 00:00:00, 	(11-APR-2025 09:17:30)	 (Not Deleted)
2,17/11/2022 00:00:00, 	(11-APR-2025 09:17:30)	 (Not Deleted)
2,18/11/2022 00:00:00, 	(11-APR-2025 09:17:30)	 (Not Deleted)
2,19/11/2022 00:00:00, 	(11-APR-2025 09:17:30)	 (Not Deleted)
2,20/11/2022 00:00:00, 	(11-APR-2025 09:17:30)	 (Not Deleted)
2,21/11/2022 00:00:00, 	(11-APR-2025 09:17:30)	 (Not Deleted)
2,22/11/2022 00:00:00, 	(11-APR-2025 09:17:30)	 (Not Deleted)
2,23/11/2022 00:00:00, 	(11-APR-2025 09:17:30)	 (Not Deleted)
2,24/11/2022 00:00:00, 	(11-APR-2025 09:17:30)	 (Not Deleted)
2,25/11/2022 00:00:00, 	(11-APR-2025 09:17:30)	 (Not Deleted)
2,26/11/2022 00:00:00, 	(11-APR-2025 09:17:30)	 (Not Deleted)
2,27/11/2022 00:00:00, 	(11-APR-2025 09:17:30)	 (Not Deleted)
2,28/11/2022 00:00:00, 	(11-APR-2025 09:17:30)	 (Not Deleted)
2,29/11/2022 00:00:00, 	(11-APR-2025 09:17:30)	 (Not Deleted)
2,30/11/2022 00:00:00, 	(11-APR-2025 09:17:30)	 (Not Deleted)
2,01/12/2022 00:00:00, 	(11-APR-2025 09:17:30)	 (Not Deleted)
2,02/12/2022 00:00:00, 	(11-APR-2025 09:17:30)	 (Not Deleted)
2,03/12/2022 00:00:00, 	(11-APR-2025 09:17:30)	 (Not Deleted)
2,04/12/2022 00:00:00, 	(11-APR-2025 09:17:30)	 (Not Deleted)
2,05/12/2022 00:00:00, 	(11-APR-2025 09:17:30)	 (Not Deleted)
2,06/12/2022 00:00:00, 	(11-APR-2025 09:17:30)	 (Not Deleted)
2,07/12/2022 00:00:00, 	(11-APR-2025 09:17:30)	 (Not Deleted)
2,08/12/2022 00:00:00, 	(11-APR-2025 09:17:30)	 (Not Deleted)
2,09/12/2022 00:00:00, 	(11-APR-2025 09:17:30)	 (Not Deleted)
2,10/12/2022 00:00:00, 	(11-APR-2025 09:17:30)	 (Not Deleted)
2,11/12/2022 00:00:00, 	(11-APR-2025 09:17:30)	 (Not Deleted)
2,12/12/2022 00:00:00, 	(11-APR-2025 09:17:30)	 (Not Deleted)
2,13/12/2022 00:00:00, 	(11-APR-2025 09:17:30)	 (Not Deleted)
2,14/12/2022 00:00:00, 	(11-APR-2025 09:17:30)	 (Not Deleted)
2,15/12/2022 00:00:00, 	(11-APR-2025 09:17:30)	 (Not Deleted)
2,16/12/2022 00:00:00, 	(11-APR-2025 09:17:30)	 (Not Deleted)
2,17/12/2022 00:00:00, 	(11-APR-2025 09:17:30)	 (Not Deleted)
2,18/12/2022 00:00:00, 	(11-APR-2025 09:17:30)	 (Not Deleted)
2,19/12/2022 00:00:00, 	(11-APR-2025 09:17:30)	 (Not Deleted)
2,20/12/2022 00:00:00, 	(11-APR-2025 09:17:30)	 (Not Deleted)
2,21/12/2022 00:00:00, 	(11-APR-2025 09:17:30)	 (Not Deleted)
2,22/12/2022 00:00:00, 	(11-APR-2025 09:17:30)	 (Not Deleted)
2,23/12/2022 00:00:00, 	(11-APR-2025 09:17:30)	 (Not Deleted)
2,24/12/2022 00:00:00, 	(11-APR-2025 09:17:30)	 (Not Deleted)
2,25/12/2022 00:00:00, 	(11-APR-2025 09:17:30)	 (Not Deleted)
2,26/12/2022 00:00:00, 	(11-APR-2025 09:17:30)	 (Not Deleted)
2,27/12/2022 00:00:00, 	(11-APR-2025 09:17:30)	 (Not Deleted)
2,28/12/2022 00:00:00, 	(11-APR-2025 09:17:30)	 (Not Deleted)
2,29/12/2022 00:00:00, 	(11-APR-2025 09:17:30)	 (Not Deleted)
2,30/12/2022 00:00:00, 	(11-APR-2025 09:17:30)	 (Not Deleted)
2,03/01/2023 00:00:00, 	(11-APR-2025 09:17:30)	 (Not Deleted)
2,05/01/2023 00:00:00, 	(11-APR-2025 09:17:30)	 (Not Deleted)
2,10/01/2023 00:00:00, 	(11-APR-2025 09:17:30)	 (Not Deleted)
2,11/01/2023 00:00:00, 	(11-APR-2025 09:17:30)	 (Not Deleted)
2,14/01/2023 00:00:00, 	(11-APR-2025 09:17:30)	 (Not Deleted)
2,15/01/2023 00:00:00, 	(11-APR-2025 09:17:30)	 (Not Deleted)
2,31/01/2023 00:00:00, 	(11-APR-2025 09:17:30)	 (Not Deleted)
2,01/04/2023 00:00:00, 	(11-APR-2025 09:17:30)	 (Not Deleted)
2,02/04/2023 00:00:00, 	(11-APR-2025 09:17:30)	 (Not Deleted)
2,03/04/2023 00:00:00, 	(11-APR-2025 09:17:30)	 (Not Deleted)
2,04/04/2023 00:00:00, 	(11-APR-2025 09:17:30)	 (Not Deleted)
2,05/04/2023 00:00:00, 	(11-APR-2025 09:17:30)	 (Not Deleted)
3,01/11/2022 00:00:00, 	(11-APR-2025 09:17:30)	 (Not Deleted)
3,17/11/2022 00:00:00, 	(11-APR-2025 09:17:30)	 (Not Deleted)
3,01/01/2023 00:00:00, 	(11-APR-2025 09:17:30)	 (Not Deleted)
3,02/01/2023 00:00:00, 	(11-APR-2025 09:17:30)	 (Not Deleted)
3,03/01/2023 00:00:00, 	(11-APR-2025 09:17:30)	 (Not Deleted)
3,15/01/2023 00:00:00, 	(11-APR-2025 09:17:30)	 (Not Deleted)
3,16/01/2023 00:00:00, 	(11-APR-2025 09:17:30)	 (Not Deleted)
3,17/01/2023 00:00:00, 	(11-APR-2025 09:17:30)	 (Not Deleted)
3,18/01/2023 00:00:00, 	(11-APR-2025 09:17:30)	 (Not Deleted)
4,15/01/2023 00:00:00, 	(11-APR-2025 09:17:30)	 (Not Deleted)
4,31/01/2023 00:00:00, 	(11-APR-2025 09:17:30)	 (Not Deleted)
4,01/04/2023 00:00:00, 	(11-APR-2025 09:17:30)	 (Not Deleted)
4,03/04/2023 00:00:00, 	(11-APR-2025 09:17:30)	 (Not Deleted)
4,04/04/2023 00:00:00, 	(11-APR-2025 09:17:30)	 (Not Deleted)
4,06/04/2023 00:00:00, 	(11-APR-2025 09:17:30)	 (Not Deleted)
5,15/01/2023 00:00:00, 	(11-APR-2025 09:17:30)	 (Not Deleted)
5,31/01/2023 00:00:00, 	(11-APR-2025 09:17:30)	 (Not Deleted)
5,01/04/2023 00:00:00, 	(11-APR-2025 09:17:30)	 (Not Deleted)
5,03/04/2023 00:00:00, 	(11-APR-2025 09:17:30)	 (Not Deleted)
5,04/04/2023 00:00:00, 	(11-APR-2025 09:17:30)	 (Not Deleted)
6,01/07/2024 00:00:00, 	(11-APR-2025 09:17:30)	 (Not Deleted)

TOTAL DATA DELETED : ,2954, 	(11-APR-2025 09:17:30)
 

<<ROLLBACK_END>>,<<FMS_EXCHG_RATE_ENTRY()>>, 	(11-APR-2025 09:17:30)
 

<<ROLLBACK_START>>,<<FMS_INT_PAY_RATE_ENTRY()>>, 	(11-APR-2025 09:17:30)
 
INT_RATE_CD,EFF_DT,TIMESTAMP
1,15/01/2022 00:00:00, 	(11-APR-2025 09:17:30)
1,20/01/2022 00:00:00, 	(11-APR-2025 09:17:30)
1,21/10/2022 00:00:00, 	(11-APR-2025 09:17:30)
1,08/11/2022 00:00:00, 	(11-APR-2025 09:17:30)
1,07/01/2022 00:00:00, 	(11-APR-2025 09:17:30)
1,31/12/2021 00:00:00, 	(11-APR-2025 09:17:30)
1,26/04/2022 00:00:00, 	(11-APR-2025 09:17:30)
1,30/04/2022 00:00:00, 	(11-APR-2025 09:17:30)
1,06/05/2022 00:00:00, 	(11-APR-2025 09:17:30)
1,08/11/2021 00:00:00, 	(11-APR-2025 09:17:30)
1,15/11/2021 00:00:00, 	(11-APR-2025 09:17:30)
1,20/11/2021 00:00:00, 	(11-APR-2025 09:17:30)
1,31/10/2021 00:00:00, 	(11-APR-2025 09:17:30)
1,04/02/2023 00:00:00, 	(11-APR-2025 09:17:30)
2,01/01/2010 00:00:00, 	(11-APR-2025 09:17:30)
2,11/03/2010 00:00:00, 	(11-APR-2025 09:17:30)
1,17/02/2010 00:00:00, 	(11-APR-2025 09:17:30)
1,01/11/2022 00:00:00, 	(11-APR-2025 09:17:30)	 (Not Deleted)

TOTAL DATA DELETED : ,17, 	(11-APR-2025 09:17:30)
 

<<ROLLBACK_END>>,<<FMS_INT_PAY_RATE_ENTRY()>>, 	(11-APR-2025 09:17:30)
 

<<ROLLBACK_START>>,<<FMS_COUNTERPARTY_BU_DTL()>>,,,, 	(11-APR-2025 09:17:30)
 

TOTAL DATA DELETED : ,0,,,, 	(11-APR-2025 09:17:30)
 

<<ROLLBACK_END>>,<<FMS_COUNTERPARTY_BU_DTL()>>,,,, 	(11-APR-2025 09:17:30)
 

<<ROLLBACK_START>>,<<FMS_COUNTERPARTY_PLANT_DTL()>>,,,, 	(11-APR-2025 09:17:30)
 

TOTAL DATA DELETED : ,0,,,, 	(11-APR-2025 09:17:30)
 

<<ROLLBACK_END>>,<<FMS_COUNTERPARTY_PLANT_DTL()>>,,,, 	(11-APR-2025 09:17:30)
 

<<ROLLBACK_START>>,<<FMS_COMPANY_OWNER_ADDR_MST()>>,, 	(11-APR-2025 09:17:30)
 
COMPANY_CD,ADRESS_TYPE,EFF_DT,TIMESTAMP
2,B,26/11/2020 00:00:00, 	(11-APR-2025 09:17:30)
2,C,26/11/2020 00:00:00, 	(11-APR-2025 09:17:30)
1,C,28/07/2017 00:00:00, 	(11-APR-2025 09:17:30)	 (Not Deleted)
1,R,01/09/2000 00:00:00, 	(11-APR-2025 09:17:30)	 (Not Deleted)
1,R,01/09/2001 00:00:00, 	(11-APR-2025 09:17:30)	 (Not Deleted)
2,R,01/09/2000 00:00:00, 	(11-APR-2025 09:17:30)	 (Not Deleted)

TOTAL DATA DELETED : ,2,, 	(11-APR-2025 09:17:30)
 

<<ROLLBACK_END>>,<<FMS_COMPANY_OWNER_ADDR_MST()>>,, 	(11-APR-2025 09:17:30)
 

<<ROLLBACK_START>>,<<FMS_ENTITY_ADDR_MST()>>,,,, 	(11-APR-2025 09:17:30)
 

TOTAL DATA DELETED : ,0,,,, 	(11-APR-2025 09:17:30)
 

<<ROLLBACK_END>>,<<FMS_ENTITY_ADDR_MST()>>,,,, 	(11-APR-2025 09:17:30)
 

<<ROLLBACK_START>>,<<FMS_SECTOR_MST()>>, 	(11-APR-2025 09:17:30)
 
CD,ABBR,TIMESTAMP
1 , RESELLERS, 	(11-APR-2025 09:17:30)	 (Not Deleted)
2 , ElLECTRICAL/ ELECTRONICS, 	(11-APR-2025 09:17:30)	 (Not Deleted)
3 , HEAVY MACHINES, 	(11-APR-2025 09:17:30)	 (Not Deleted)
4 , LIGHT MACHINES, 	(11-APR-2025 09:17:30)	 (Not Deleted)
5 , AIRCRAFTS, 	(11-APR-2025 09:17:30)	 (Not Deleted)
6 , SHIPBUILD. & REPAIRS, 	(11-APR-2025 09:17:30)	 (Not Deleted)
7 , TRUCKS&PASS VEHICALS, 	(11-APR-2025 09:17:30)	 (Not Deleted)
8 , SCOOTERS ETC, 	(11-APR-2025 09:17:30)	 (Not Deleted)
9 , HIGH PRESSURE VESSEL, 	(11-APR-2025 09:17:30)	 (Not Deleted)
10 , MECH. MISCELLANEOUS, 	(11-APR-2025 09:17:30)	 (Not Deleted)
11 , STRUCTURAL WORKS, 	(11-APR-2025 09:17:30)	 (Not Deleted)
12 , IRON & STEEL PLANTS, 	(11-APR-2025 09:17:30)	 (Not Deleted)
13 , IRON & STEEL REWORKS, 	(11-APR-2025 09:17:30)	 (Not Deleted)
14 , ALUMINIUM, 	(11-APR-2025 09:17:30)	 (Not Deleted)
15 , FOUNDRIES/CASTINGS, 	(11-APR-2025 09:17:30)	 (Not Deleted)
16 , FERROUS ALLOYS, 	(11-APR-2025 09:17:30)	 (Not Deleted)
17 , METAL. MISCELLANEOUS, 	(11-APR-2025 09:17:30)	 (Not Deleted)
18 , CANDLE INDUSTRY, 	(11-APR-2025 09:17:30)	 (Not Deleted)
19 , MATCHES, 	(11-APR-2025 09:17:30)	 (Not Deleted)
20 , RUBBER TYRES & TUBES, 	(11-APR-2025 09:17:30)	 (Not Deleted)
21 , PAPER PRODUCTS, 	(11-APR-2025 09:17:30)	 (Not Deleted)
22 , INDU ABRASIVES, 	(11-APR-2025 09:17:30)	 (Not Deleted)
23 , GLASS/CERAMICS ETC, 	(11-APR-2025 09:17:30)	 (Not Deleted)
24 , PACKING MATERIALS, 	(11-APR-2025 09:17:30)	 (Not Deleted)
25 , PLASTIC INDUSTRIES, 	(11-APR-2025 09:17:30)	 (Not Deleted)
26 , LEATHER, 	(11-APR-2025 09:17:30)	 (Not Deleted)
27 , PROCESSOR, 	(11-APR-2025 09:17:30)	 (Not Deleted)
28 , TOBACCO PRODUCTS, 	(11-APR-2025 09:17:30)	 (Not Deleted)
29 , INDUS. MISCELLANEOUS, 	(11-APR-2025 09:17:30)	 (Not Deleted)
30 , COTTON MILLS HOSIERY, 	(11-APR-2025 09:17:30)	 (Not Deleted)
31 , JUTE MILLS, 	(11-APR-2025 09:17:30)	 (Not Deleted)
32 , SYN.FIBRE/RAYON MF, 	(11-APR-2025 09:17:30)	 (Not Deleted)
33 , TEXTI. MISCELLANEOUS, 	(11-APR-2025 09:17:30)	 (Not Deleted)
34 , PET.EXPLO&PROD, 	(11-APR-2025 09:17:30)	 (Not Deleted)
35 , IRON ORE, 	(11-APR-2025 09:17:30)	 (Not Deleted)
36 , COAL, 	(11-APR-2025 09:17:30)	 (Not Deleted)
37 , BAUXITE, 	(11-APR-2025 09:17:30)	 (Not Deleted)
38 , MANGANESE, 	(11-APR-2025 09:17:30)	 (Not Deleted)
39 , STONE QUARRYING, 	(11-APR-2025 09:17:30)	 (Not Deleted)
40 , MINING MISCELLANEOUS, 	(11-APR-2025 09:17:30)	 (Not Deleted)
41 , POST & TELEGRAPHS, 	(11-APR-2025 09:17:30)	 (Not Deleted)
42 , STATE ELEC. BOARDS, 	(11-APR-2025 09:17:30)	 (Not Deleted)
43 , CATERING & HOTELS, 	(11-APR-2025 09:17:30)	 (Not Deleted)
44 , UNIVERSITIES ETC, 	(11-APR-2025 09:17:30)	 (Not Deleted)
45 , LAUNDRIES, 	(11-APR-2025 09:17:30)	 (Not Deleted)
46 , REFINERIES, 	(11-APR-2025 09:17:30)	 (Not Deleted)
47 , TPP-OIL, 	(11-APR-2025 09:17:30)	 (Not Deleted)
48 , HYDEL POWER PLANTS, 	(11-APR-2025 09:17:30)	 (Not Deleted)
49 , ATOMIC POWER PLANTS, 	(11-APR-2025 09:17:30)	 (Not Deleted)
50 , GAS TURBINES, 	(11-APR-2025 09:17:30)	 (Not Deleted)
51 , POWER MISCELLANEOUS, 	(11-APR-2025 09:17:30)	 (Not Deleted)
52 , RAILWAYS, 	(11-APR-2025 09:17:30)	 (Not Deleted)
53 , OTHER ROAD TRANSPORT, 	(11-APR-2025 09:17:30)	 (Not Deleted)
54 , STATE ROAD TRANSPORT, 	(11-APR-2025 09:17:30)	 (Not Deleted)
55 , SHIP. COASTAL, 	(11-APR-2025 09:17:30)	 (Not Deleted)
56 , SHIP. INTERNATIONAL, 	(11-APR-2025 09:17:30)	 (Not Deleted)
57 , INLAND WATERWAYS, 	(11-APR-2025 09:17:30)	 (Not Deleted)
58 , OTHERS (PORT TRUST), 	(11-APR-2025 09:17:30)	 (Not Deleted)
59 , DOMESTIC DIST., 	(11-APR-2025 09:17:30)	 (Not Deleted)
60 , INDUSTRIAL DIST., 	(11-APR-2025 09:17:30)	 (Not Deleted)
61 , OWN CONSUMPTION, 	(11-APR-2025 09:17:30)	 (Not Deleted)
62 , PARALLEL MARKETERS, 	(11-APR-2025 09:17:30)	 (Not Deleted)
63 , TEA PLANTATION, 	(11-APR-2025 09:17:30)	 (Not Deleted)
64 , RUBBER/COFFEE ETC, 	(11-APR-2025 09:17:30)	 (Not Deleted)
65 , FORESTRY&TIMBER, 	(11-APR-2025 09:17:30)	 (Not Deleted)
66 , AGRI.CROPS/ORCHARD, 	(11-APR-2025 09:17:30)	 (Not Deleted)
67 , SUGAR MILLS, 	(11-APR-2025 09:17:30)	 (Not Deleted)
68 , FLOUR MILLS ETC, 	(11-APR-2025 09:17:30)	 (Not Deleted)
69 , VEG. OIL MILLS, 	(11-APR-2025 09:17:30)	 (Not Deleted)
70 , FOOD PROCESSING, 	(11-APR-2025 09:17:30)	 (Not Deleted)
71 , DAIRIES&MILK PROC, 	(11-APR-2025 09:17:30)	 (Not Deleted)
72 , FISHERIES, 	(11-APR-2025 09:17:30)	 (Not Deleted)
73 , AGRI. MISCELLANEOUS, 	(11-APR-2025 09:17:30)	 (Not Deleted)
74 , DOMESTIC AIRLINES, 	(11-APR-2025 09:17:30)	 (Not Deleted)
75 , FOREIGN AIRLINES, 	(11-APR-2025 09:17:30)	 (Not Deleted)
76 , DAIRIES&MILK PROC, 	(11-APR-2025 09:17:30)	 (Not Deleted)
77 , FERTILISER-GAS BASED, 	(11-APR-2025 09:17:30)	 (Not Deleted)
78 , CAUSTIC SODA ETC., 	(11-APR-2025 09:17:30)	 (Not Deleted)
79 , HEAVY ACIDS, 	(11-APR-2025 09:17:30)	 (Not Deleted)
80 , OTHER INORG.CHEM, 	(11-APR-2025 09:17:30)	 (Not Deleted)
81 , PETRO-CHEM OTHERS, 	(11-APR-2025 09:17:30)	 (Not Deleted)
82 , PETROCHEM -GAS BASED, 	(11-APR-2025 09:17:30)	 (Not Deleted)
83 , DYES & DYE STUFFS, 	(11-APR-2025 09:17:30)	 (Not Deleted)
84 , SYNTHETIC RUBBER, 	(11-APR-2025 09:17:30)	 (Not Deleted)
85 , PESTI./AGRO CHEM, 	(11-APR-2025 09:17:30)	 (Not Deleted)
86 , OTHER ORG.CHEMICAL, 	(11-APR-2025 09:17:30)	 (Not Deleted)
87 , DRUGS&PHARMACEUTICAL, 	(11-APR-2025 09:17:30)	 (Not Deleted)
88 , PAINTS ETC, 	(11-APR-2025 09:17:30)	 (Not Deleted)
89 , INDU EXPLOSIVE, 	(11-APR-2025 09:17:30)	 (Not Deleted)
90 , CALCINATION PLANTS, 	(11-APR-2025 09:17:30)	 (Not Deleted)
91 , SOAPS ETC, 	(11-APR-2025 09:17:30)	 (Not Deleted)
92 , MISC CHEM INDU, 	(11-APR-2025 09:17:30)	 (Not Deleted)
93 , CEMENT/BUILD MAT, 	(11-APR-2025 09:17:30)	 (Not Deleted)
94 , BITUMEN/BUILD.MAT, 	(11-APR-2025 09:17:30)	 (Not Deleted)
95 , CIVIL MISCELLANEOUS, 	(11-APR-2025 09:17:30)	 (Not Deleted)
96 , City or Local Natural Gas Distribution, 	(11-APR-2025 09:17:30)	 (Not Deleted)
97 , LDC, 	(11-APR-2025 09:17:30)	 (Not Deleted)
98 , TEST, 	(11-APR-2025 09:17:30)	 (Not Deleted)
99 , AGRI. MISCELLANEOUS, 	(11-APR-2025 09:17:30)	 (Not Deleted)

TOTAL DATA DELETED : ,0, 	(11-APR-2025 09:17:30)
 
<<ROLLBACK_END>>,<<FMS_SECTOR_MST()>>, 	(11-APR-2025 09:17:30)
 

<<ROLLBACK_START>>,<<FMS_SECTOR_DTL()>>, 	(11-APR-2025 09:17:30)
 
CD,EFF_DT,TIMESTAMP
1 , 27/08/2010 00:00:00 ,  	(11-APR-2025 09:17:30)
2 , 27/08/2010 00:00:00 ,  	(11-APR-2025 09:17:30)
3 , 27/08/2010 00:00:00 ,  	(11-APR-2025 09:17:30)
4 , 27/08/2010 00:00:00 ,  	(11-APR-2025 09:17:30)
5 , 27/08/2010 00:00:00 ,  	(11-APR-2025 09:17:30)
6 , 27/08/2010 00:00:00 ,  	(11-APR-2025 09:17:30)
7 , 27/08/2010 00:00:00 ,  	(11-APR-2025 09:17:30)
8 , 27/08/2010 00:00:00 ,  	(11-APR-2025 09:17:30)
9 , 27/08/2010 00:00:00 ,  	(11-APR-2025 09:17:30)
10 , 27/08/2010 00:00:00 ,  	(11-APR-2025 09:17:30)
11 , 27/08/2010 00:00:00 ,  	(11-APR-2025 09:17:30)
12 , 27/08/2010 00:00:00 ,  	(11-APR-2025 09:17:30)
13 , 27/08/2010 00:00:00 ,  	(11-APR-2025 09:17:30)
14 , 27/08/2010 00:00:00 ,  	(11-APR-2025 09:17:30)
15 , 27/08/2010 00:00:00 ,  	(11-APR-2025 09:17:30)
16 , 27/08/2010 00:00:00 ,  	(11-APR-2025 09:17:30)
17 , 27/08/2010 00:00:00 ,  	(11-APR-2025 09:17:30)
18 , 27/08/2010 00:00:00 ,  	(11-APR-2025 09:17:30)
19 , 27/08/2010 00:00:00 ,  	(11-APR-2025 09:17:30)
20 , 27/08/2010 00:00:00 ,  	(11-APR-2025 09:17:30)
21 , 27/08/2010 00:00:00 ,  	(11-APR-2025 09:17:30)
22 , 27/08/2010 00:00:00 ,  	(11-APR-2025 09:17:30)
23 , 27/08/2010 00:00:00 ,  	(11-APR-2025 09:17:30)
24 , 27/08/2010 00:00:00 ,  	(11-APR-2025 09:17:30)
25 , 27/08/2010 00:00:00 ,  	(11-APR-2025 09:17:30)
26 , 27/08/2010 00:00:00 ,  	(11-APR-2025 09:17:30)
27 , 27/08/2010 00:00:00 ,  	(11-APR-2025 09:17:30)
28 , 27/08/2010 00:00:00 ,  	(11-APR-2025 09:17:30)
29 , 27/08/2010 00:00:00 ,  	(11-APR-2025 09:17:30)
30 , 27/08/2010 00:00:00 ,  	(11-APR-2025 09:17:30)
31 , 27/08/2010 00:00:00 ,  	(11-APR-2025 09:17:30)
32 , 27/08/2010 00:00:00 ,  	(11-APR-2025 09:17:30)
33 , 27/08/2010 00:00:00 ,  	(11-APR-2025 09:17:30)
34 , 27/08/2010 00:00:00 ,  	(11-APR-2025 09:17:30)
35 , 27/08/2010 00:00:00 ,  	(11-APR-2025 09:17:30)
36 , 27/08/2010 00:00:00 ,  	(11-APR-2025 09:17:30)
37 , 27/08/2010 00:00:00 ,  	(11-APR-2025 09:17:30)
38 , 27/08/2010 00:00:00 ,  	(11-APR-2025 09:17:30)
39 , 27/08/2010 00:00:00 ,  	(11-APR-2025 09:17:30)
40 , 27/08/2010 00:00:00 ,  	(11-APR-2025 09:17:30)
41 , 27/08/2010 00:00:00 ,  	(11-APR-2025 09:17:30)
42 , 27/08/2010 00:00:00 ,  	(11-APR-2025 09:17:30)
43 , 27/08/2010 00:00:00 ,  	(11-APR-2025 09:17:30)
44 , 27/08/2010 00:00:00 ,  	(11-APR-2025 09:17:30)
45 , 27/08/2010 00:00:00 ,  	(11-APR-2025 09:17:30)
46 , 27/08/2010 00:00:00 ,  	(11-APR-2025 09:17:30)
47 , 27/08/2010 00:00:00 ,  	(11-APR-2025 09:17:30)
48 , 27/08/2010 00:00:00 ,  	(11-APR-2025 09:17:30)
49 , 27/08/2010 00:00:00 ,  	(11-APR-2025 09:17:30)
50 , 27/08/2010 00:00:00 ,  	(11-APR-2025 09:17:30)
51 , 27/08/2010 00:00:00 ,  	(11-APR-2025 09:17:30)
52 , 27/08/2010 00:00:00 ,  	(11-APR-2025 09:17:30)
53 , 27/08/2010 00:00:00 ,  	(11-APR-2025 09:17:30)
54 , 27/08/2010 00:00:00 ,  	(11-APR-2025 09:17:30)
55 , 27/08/2010 00:00:00 ,  	(11-APR-2025 09:17:30)
56 , 27/08/2010 00:00:00 ,  	(11-APR-2025 09:17:30)
57 , 27/08/2010 00:00:00 ,  	(11-APR-2025 09:17:30)
58 , 27/08/2010 00:00:00 ,  	(11-APR-2025 09:17:30)
59 , 27/08/2010 00:00:00 ,  	(11-APR-2025 09:17:30)
60 , 27/08/2010 00:00:00 ,  	(11-APR-2025 09:17:30)
61 , 27/08/2010 00:00:00 ,  	(11-APR-2025 09:17:30)
62 , 27/08/2010 00:00:00 ,  	(11-APR-2025 09:17:30)
63 , 27/08/2010 00:00:00 ,  	(11-APR-2025 09:17:30)
64 , 27/08/2010 00:00:00 ,  	(11-APR-2025 09:17:30)
65 , 27/08/2010 00:00:00 ,  	(11-APR-2025 09:17:30)
66 , 27/08/2010 00:00:00 ,  	(11-APR-2025 09:17:30)
67 , 27/08/2010 00:00:00 ,  	(11-APR-2025 09:17:30)
68 , 27/08/2010 00:00:00 ,  	(11-APR-2025 09:17:30)
69 , 27/08/2010 00:00:00 ,  	(11-APR-2025 09:17:30)
70 , 27/08/2010 00:00:00 ,  	(11-APR-2025 09:17:30)
71 , 27/08/2010 00:00:00 ,  	(11-APR-2025 09:17:30)
72 , 27/08/2010 00:00:00 ,  	(11-APR-2025 09:17:30)
73 , 27/08/2010 00:00:00 ,  	(11-APR-2025 09:17:30)
74 , 27/08/2010 00:00:00 ,  	(11-APR-2025 09:17:30)
75 , 27/08/2010 00:00:00 ,  	(11-APR-2025 09:17:30)
77 , 27/08/2010 00:00:00 ,  	(11-APR-2025 09:17:30)
78 , 27/08/2010 00:00:00 ,  	(11-APR-2025 09:17:30)
79 , 27/08/2010 00:00:00 ,  	(11-APR-2025 09:17:30)
80 , 27/08/2010 00:00:00 ,  	(11-APR-2025 09:17:30)
81 , 27/08/2010 00:00:00 ,  	(11-APR-2025 09:17:30)
82 , 27/08/2010 00:00:00 ,  	(11-APR-2025 09:17:30)
83 , 27/08/2010 00:00:00 ,  	(11-APR-2025 09:17:30)
84 , 27/08/2010 00:00:00 ,  	(11-APR-2025 09:17:30)
85 , 27/08/2010 00:00:00 ,  	(11-APR-2025 09:17:30)
86 , 27/08/2010 00:00:00 ,  	(11-APR-2025 09:17:30)
87 , 27/08/2010 00:00:00 ,  	(11-APR-2025 09:17:30)
88 , 27/08/2010 00:00:00 ,  	(11-APR-2025 09:17:30)
89 , 27/08/2010 00:00:00 ,  	(11-APR-2025 09:17:30)
90 , 27/08/2010 00:00:00 ,  	(11-APR-2025 09:17:30)
91 , 27/08/2010 00:00:00 ,  	(11-APR-2025 09:17:30)
92 , 27/08/2010 00:00:00 ,  	(11-APR-2025 09:17:30)
93 , 27/08/2010 00:00:00 ,  	(11-APR-2025 09:17:30)
94 , 27/08/2010 00:00:00 ,  	(11-APR-2025 09:17:30)
95 , 27/08/2010 00:00:00 ,  	(11-APR-2025 09:17:30)
96 , 27/08/2010 00:00:00 ,  	(11-APR-2025 09:17:30)
97 , 27/08/2010 00:00:00 ,  	(11-APR-2025 09:17:30)

TOTAL DATA DELETED : ,96, 	(11-APR-2025 09:17:30)
 
<<ROLLBACK_END>>,<<FMS_SECTOR_DTL()>>, 	(11-APR-2025 09:17:30)
 

<<ROLLBACK_START>>,<<FMS_ENTITY_REQ_DTL>>,,, 	(11-APR-2025 09:17:30)
 
COMPANY_CD,COUNTERPARTY_CD,SEQ_NO,ENTIY,TIMESTAMP
2,19,1,C, 	(11-APR-2025 09:17:30)
2,17,1,C, 	(11-APR-2025 09:17:30)
2,18,1,C, 	(11-APR-2025 09:17:30)
2,4,2,T, 	(11-APR-2025 09:17:30)
2,8,2,R, 	(11-APR-2025 09:17:30)
2,16,1,C, 	(11-APR-2025 09:17:30)
1,14,1,C, 	(11-APR-2025 09:17:30)	 (Not Deleted)
1,14,1,C, 	(11-APR-2025 09:17:30)	 (Not Deleted)
1,14,2,C, 	(11-APR-2025 09:17:30)	 (Not Deleted)
1,14,1,C, 	(11-APR-2025 09:17:30)	 (Not Deleted)
1,14,1,C, 	(11-APR-2025 09:17:30)	 (Not Deleted)
1,14,2,C, 	(11-APR-2025 09:17:30)	 (Not Deleted)
1,14,1,C, 	(11-APR-2025 09:17:30)	 (Not Deleted)
1,14,2,C, 	(11-APR-2025 09:17:30)	 (Not Deleted)
1,14,1,C, 	(11-APR-2025 09:17:30)	 (Not Deleted)
1,14,2,C, 	(11-APR-2025 09:17:30)	 (Not Deleted)
1,14,1,C, 	(11-APR-2025 09:17:30)	 (Not Deleted)
1,14,1,C, 	(11-APR-2025 09:17:30)	 (Not Deleted)
1,14,1,C, 	(11-APR-2025 09:17:30)	 (Not Deleted)
1,14,1,C, 	(11-APR-2025 09:17:30)	 (Not Deleted)
1,14,2,C, 	(11-APR-2025 09:17:30)	 (Not Deleted)
1,14,1,C, 	(11-APR-2025 09:17:30)	 (Not Deleted)
1,14,1,C, 	(11-APR-2025 09:17:30)	 (Not Deleted)
1,14,2,C, 	(11-APR-2025 09:17:30)	 (Not Deleted)
1,14,3,C, 	(11-APR-2025 09:17:30)	 (Not Deleted)
1,14,4,C, 	(11-APR-2025 09:17:30)	 (Not Deleted)
1,14,5,C, 	(11-APR-2025 09:17:30)	 (Not Deleted)
1,14,6,C, 	(11-APR-2025 09:17:30)	 (Not Deleted)
1,14,1,C, 	(11-APR-2025 09:17:30)	 (Not Deleted)
1,14,1,C, 	(11-APR-2025 09:17:30)	 (Not Deleted)
1,14,2,C, 	(11-APR-2025 09:17:30)	 (Not Deleted)
1,14,3,C, 	(11-APR-2025 09:17:30)	 (Not Deleted)
1,14,4,C, 	(11-APR-2025 09:17:30)	 (Not Deleted)
1,14,5,C, 	(11-APR-2025 09:17:30)	 (Not Deleted)
1,14,1,C, 	(11-APR-2025 09:17:30)	 (Not Deleted)
1,14,1,C, 	(11-APR-2025 09:17:30)	 (Not Deleted)
1,14,1,C, 	(11-APR-2025 09:17:30)	 (Not Deleted)
2,14,1,C, 	(11-APR-2025 09:17:30)	 (Not Deleted)
2,14,1,C, 	(11-APR-2025 09:17:30)	 (Not Deleted)
2,14,2,C, 	(11-APR-2025 09:17:30)	 (Not Deleted)
2,14,1,C, 	(11-APR-2025 09:17:30)	 (Not Deleted)
2,14,1,C, 	(11-APR-2025 09:17:30)	 (Not Deleted)
2,14,1,C, 	(11-APR-2025 09:17:30)	 (Not Deleted)
2,14,1,C, 	(11-APR-2025 09:17:30)	 (Not Deleted)
2,14,2,C, 	(11-APR-2025 09:17:30)	 (Not Deleted)
2,14,1,C, 	(11-APR-2025 09:17:30)	 (Not Deleted)
2,14,1,C, 	(11-APR-2025 09:17:30)	 (Not Deleted)
2,14,1,C, 	(11-APR-2025 09:17:30)	 (Not Deleted)
2,14,2,C, 	(11-APR-2025 09:17:30)	 (Not Deleted)
2,14,1,C, 	(11-APR-2025 09:17:30)	 (Not Deleted)
2,14,2,C, 	(11-APR-2025 09:17:30)	 (Not Deleted)
2,14,1,C, 	(11-APR-2025 09:17:30)	 (Not Deleted)
2,14,1,C, 	(11-APR-2025 09:17:30)	 (Not Deleted)
2,14,1,C, 	(11-APR-2025 09:17:30)	 (Not Deleted)
2,14,1,C, 	(11-APR-2025 09:17:30)	 (Not Deleted)
2,14,1,C, 	(11-APR-2025 09:17:30)	 (Not Deleted)

TOTAL DATA DELETED : ,6,,, 	(11-APR-2025 09:17:30)
 
<<ROLLBACK_END>>,<<FMS_ENTITY_REQ_DTL()>>,,, 	(11-APR-2025 09:17:30)
 

<<ROLLBACK_START>>,<<FMS_COUNTERPARTY_MST>>,,, 	(11-APR-2025 09:17:30)
 
COUNTERPARTY_CD,EFF_DT,TIMESTAMP
2,19 , KRIBHCO,05/12/2007 00:00:00 ,  	(11-APR-2025 09:17:30)
2,10 , BGL,11/10/2022 00:00:00 ,  	(11-APR-2025 09:17:30)
2,17 , GSFC,14/03/2016 00:00:00 ,  	(11-APR-2025 09:17:30)
2,18 , VIDUWIL,01/01/2021 00:00:00 ,  	(11-APR-2025 09:17:30)
2,16 , GNFC,24/05/2022 00:00:00 ,  	(11-APR-2025 09:17:30)
2,11 , NEL,14/12/2022 00:00:00 ,  	(11-APR-2025 09:17:30)
2,14 , TASTELI,30/12/2022 00:00:00 ,  	(11-APR-2025 09:17:30)

TOTAL DATA DELETED :, 7,,, 	(11-APR-2025 09:17:30)
 
<<ROLLBACK_END>>,<<FMS_COUNTERPARTY_MST()>>,,, 	(11-APR-2025 09:17:30)
 