
<<START>>,<<FMS_ENTITY_CONTACT_MST>>,, 	(27-FEB-2025 11:01:58)
 
ABBR,COUNTERPARTY_CD,ENTITY,SEQ_NO,EFF_DT,TYPE,TIMESTAMP
RIL,1,C,52,31/01/2018 00:00:00,RLNG, 	(27-FEB-2025 11:01:58)
RIL,1,C,52,31/01/2018 00:00:00,RLNG, 	(27-FEB-2025 11:01:58)
RIL,1,C,5,10/02/2012 00:00:00,RLNG, 	(27-FEB-2025 11:01:58)
RIL,1,C,5,10/02/2012 00:00:00,RLNG, 	(27-FEB-2025 11:01:59)
RIL,1,C,18,31/01/2018 00:00:00,RLNG, 	(27-FEB-2025 11:01:59)
RIL,1,C,18,31/01/2018 00:00:00,RLNG, 	(27-FEB-2025 11:01:59)
RIL,1,C,32,14/09/2008 00:00:00,RLNG, 	(27-FEB-2025 11:01:59)
RIL,1,C,32,14/09/2008 00:00:00,RLNG, 	(27-FEB-2025 11:01:59)
RIL,1,C,20,14/09/2008 00:00:00,RLNG, 	(27-FEB-2025 11:01:59)
RIL,1,C,20,14/09/2008 00:00:00,RLNG, 	(27-FEB-2025 11:01:59)
RIL,1,C,23,14/09/2008 00:00:00,RLNG, 	(27-FEB-2025 11:01:59)
RIL,1,C,23,14/09/2008 00:00:00,RLNG, 	(27-FEB-2025 11:01:59)
RIL,1,C,17,14/09/2008 00:00:00,RLNG, 	(27-FEB-2025 11:01:59)
RIL,1,C,17,14/09/2008 00:00:00,RLNG, 	(27-FEB-2025 11:01:59)
RIL,1,C,18,14/09/2008 00:00:00,RLNG, 	(27-FEB-2025 11:01:59)
RIL,1,C,18,14/09/2008 00:00:00,RLNG, 	(27-FEB-2025 11:01:59)
RIL,1,C,2,14/09/2008 00:00:00,RLNG, 	(27-FEB-2025 11:01:59)
RIL,1,C,2,14/09/2008 00:00:00,RLNG, 	(27-FEB-2025 11:01:59)
RIL,1,C,3,14/09/2008 00:00:00,RLNG, 	(27-FEB-2025 11:01:59)
RIL,1,C,3,14/09/2008 00:00:00,RLNG, 	(27-FEB-2025 11:01:59)
RIL,1,C,19,14/09/2008 00:00:00,RLNG, 	(27-FEB-2025 11:01:59)
RIL,1,C,19,14/09/2008 00:00:00,RLNG, 	(27-FEB-2025 11:01:59)
RIL,1,C,58,01/01/2020 00:00:00,RLNG, 	(27-FEB-2025 11:01:59)
RIL,1,C,58,01/01/2020 00:00:00,RLNG, 	(27-FEB-2025 11:01:59)
RIL,1,C,14,14/09/2008 00:00:00,RLNG, 	(27-FEB-2025 11:01:59)
RIL,1,C,14,14/09/2008 00:00:00,RLNG, 	(27-FEB-2025 11:01:59)
RIL,1,C,27,14/09/2008 00:00:00,RLNG, 	(27-FEB-2025 11:01:59)
RIL,1,C,27,14/09/2008 00:00:00,RLNG, 	(27-FEB-2025 11:01:59)
RIL,1,C,22,14/09/2008 00:00:00,RLNG, 	(27-FEB-2025 11:01:59)
RIL,1,C,22,14/09/2008 00:00:00,RLNG, 	(27-FEB-2025 11:01:59)
RIL,1,C,16,14/09/2008 00:00:00,RLNG, 	(27-FEB-2025 11:01:59)
RIL,1,C,16,14/09/2008 00:00:00,RLNG, 	(27-FEB-2025 11:01:59)
RIL,1,C,60,01/01/2020 00:00:00,RLNG, 	(27-FEB-2025 11:01:59)
RIL,1,C,60,01/01/2020 00:00:00,RLNG, 	(27-FEB-2025 11:01:59)
RIL,1,C,7,14/09/2008 00:00:00,RLNG, 	(27-FEB-2025 11:01:59)
RIL,1,C,7,14/09/2008 00:00:00,RLNG, 	(27-FEB-2025 11:01:59)
RIL,1,C,21,14/09/2008 00:00:00,RLNG, 	(27-FEB-2025 11:01:59)
RIL,1,C,21,14/09/2008 00:00:00,RLNG, 	(27-FEB-2025 11:01:59)
RIL,1,C,9,14/09/2008 00:00:00,RLNG, 	(27-FEB-2025 11:01:59)
RIL,1,C,9,14/09/2008 00:00:00,RLNG, 	(27-FEB-2025 11:01:59)
RIL,1,C,11,14/09/2008 00:00:00,RLNG, 	(27-FEB-2025 11:01:59)
RIL,1,C,11,14/09/2008 00:00:00,RLNG, 	(27-FEB-2025 11:01:59)
RIL,1,C,13,14/09/2008 00:00:00,RLNG, 	(27-FEB-2025 11:01:59)
RIL,1,C,13,14/09/2008 00:00:00,RLNG, 	(27-FEB-2025 11:01:59)
RIL,1,C,5,14/09/2008 00:00:00,RLNG, 	(27-FEB-2025 11:01:59)
RIL,1,C,5,14/09/2008 00:00:00,RLNG, 	(27-FEB-2025 11:01:59)
RIL,1,C,59,01/01/2020 00:00:00,RLNG, 	(27-FEB-2025 11:01:59)
RIL,1,C,59,01/01/2020 00:00:00,RLNG, 	(27-FEB-2025 11:01:59)
RIL,1,C,24,14/09/2008 00:00:00,RLNG, 	(27-FEB-2025 11:01:59)
RIL,1,C,24,14/09/2008 00:00:00,RLNG, 	(27-FEB-2025 11:01:59)
RIL,1,C,4,14/09/2008 00:00:00,RLNG, 	(27-FEB-2025 11:01:59)
RIL,1,C,4,14/09/2008 00:00:00,RLNG, 	(27-FEB-2025 11:01:59)
RIL,1,C,15,14/09/2008 00:00:00,RLNG, 	(27-FEB-2025 11:01:59)
RIL,1,C,15,14/09/2008 00:00:00,RLNG, 	(27-FEB-2025 11:01:59)
RIL,1,C,8,14/09/2008 00:00:00,RLNG, 	(27-FEB-2025 11:01:59)
RIL,1,C,8,14/09/2008 00:00:00,RLNG, 	(27-FEB-2025 11:01:59)
RIL,1,C,26,14/09/2008 00:00:00,RLNG, 	(27-FEB-2025 11:01:59)
RIL,1,C,26,14/09/2008 00:00:00,RLNG, 	(27-FEB-2025 11:01:59)
RIL,1,C,1,14/09/2008 00:00:00,RLNG, 	(27-FEB-2025 11:01:59)
RIL,1,C,1,14/09/2008 00:00:00,RLNG, 	(27-FEB-2025 11:01:59)
RIL,1,C,25,14/09/2008 00:00:00,RLNG, 	(27-FEB-2025 11:01:59)
RIL,1,C,25,14/09/2008 00:00:00,RLNG, 	(27-FEB-2025 11:01:59)
RIL,1,C,18,31/01/2018 00:00:00,RLNG, 	(27-FEB-2025 11:01:59)
RIL,1,C,18,31/01/2018 00:00:00,RLNG, 	(27-FEB-2025 11:01:59)
RIL,1,C,53,31/01/2018 00:00:00,RLNG, 	(27-FEB-2025 11:01:59)
RIL,1,C,53,31/01/2018 00:00:00,RLNG, 	(27-FEB-2025 11:01:59)
RIL,1,C,3,10/02/2012 00:00:00,RLNG, 	(27-FEB-2025 11:01:59)
RIL,1,C,3,10/02/2012 00:00:00,RLNG, 	(27-FEB-2025 11:01:59)
RIL,1,C,29,14/09/2008 00:00:00,RLNG, 	(27-FEB-2025 11:01:59)
RIL,1,C,29,14/09/2008 00:00:00,RLNG, 	(27-FEB-2025 11:01:59)
RIL,1,C,30,14/09/2008 00:00:00,RLNG, 	(27-FEB-2025 11:01:59)
RIL,1,C,30,14/09/2008 00:00:00,RLNG, 	(27-FEB-2025 11:01:59)
RIL,1,C,31,14/09/2008 00:00:00,RLNG, 	(27-FEB-2025 11:01:59)
RIL,1,C,31,14/09/2008 00:00:00,RLNG, 	(27-FEB-2025 11:01:59)
RIL,1,C,33,14/09/2008 00:00:00,RLNG, 	(27-FEB-2025 11:01:59)
RIL,1,C,33,14/09/2008 00:00:00,RLNG, 	(27-FEB-2025 11:01:59)
RIL,1,C,34,21/01/2018 00:00:00,RLNG, 	(27-FEB-2025 11:01:59)
RIL,1,C,34,01/04/2011 00:00:00,RLNG, 	(27-FEB-2025 11:01:59)
RIL,1,C,34,21/01/2018 00:00:00,RLNG, 	(27-FEB-2025 11:01:59)
RIL,1,C,34,14/09/2008 00:00:00,RLNG, 	(27-FEB-2025 11:01:59)
RIL,1,C,34,01/04/2011 00:00:00,RLNG, 	(27-FEB-2025 11:01:59)
RIL,1,C,34,14/09/2008 00:00:00,RLNG, 	(27-FEB-2025 11:01:59)
RIL,1,C,34,31/01/2018 00:00:00,RLNG, 	(27-FEB-2025 11:01:59)
RIL,1,C,34,31/01/2018 00:00:00,RLNG, 	(27-FEB-2025 11:01:59)
RIL,1,C,35,14/09/2008 00:00:00,RLNG, 	(27-FEB-2025 11:01:59)
RIL,1,C,35,14/09/2008 00:00:00,RLNG, 	(27-FEB-2025 11:01:59)
RIL,1,C,18,14/09/2008 00:00:00,RLNG, 	(27-FEB-2025 11:01:59)
RIL,1,C,18,14/09/2008 00:00:00,RLNG, 	(27-FEB-2025 11:01:59)
RIL,1,C,37,01/01/2013 00:00:00,RLNG, 	(27-FEB-2025 11:01:59)
RIL,1,C,37,01/01/2013 00:00:00,RLNG, 	(27-FEB-2025 11:01:59)
RIL,1,C,38,01/09/2013 00:00:00,RLNG, 	(27-FEB-2025 11:01:59)
RIL,1,C,38,01/09/2013 00:00:00,RLNG, 	(27-FEB-2025 11:01:59)
RIL,1,C,39,01/09/2013 00:00:00,RLNG, 	(27-FEB-2025 11:01:59)
RIL,1,C,39,01/09/2013 00:00:00,RLNG, 	(27-FEB-2025 11:01:59)
RIL,1,C,40,26/09/2013 00:00:00,RLNG, 	(27-FEB-2025 11:01:59)
RIL,1,C,40,26/09/2013 00:00:00,RLNG, 	(27-FEB-2025 11:01:59)
RIL,1,C,41,28/02/2017 00:00:00,RLNG, 	(27-FEB-2025 11:01:59)
RIL,1,C,41,28/02/2017 00:00:00,RLNG, 	(27-FEB-2025 11:01:59)
RIL,1,C,42,28/02/2017 00:00:00,RLNG, 	(27-FEB-2025 11:01:59)
RIL,1,C,42,28/02/2017 00:00:00,RLNG, 	(27-FEB-2025 11:01:59)
RIL,1,C,43,01/07/2017 00:00:00,RLNG, 	(27-FEB-2025 11:01:59)
RIL,1,C,43,01/07/2017 00:00:00,RLNG, 	(27-FEB-2025 11:01:59)
RIL,1,C,44,01/07/2017 00:00:00,RLNG, 	(27-FEB-2025 11:01:59)
RIL,1,C,44,01/07/2017 00:00:00,RLNG, 	(27-FEB-2025 11:01:59)
RIL,1,C,68,01/06/2021 00:00:00,RLNG, 	(27-FEB-2025 11:01:59)
RIL,1,C,68,01/06/2021 00:00:00,RLNG, 	(27-FEB-2025 11:01:59)
RIL,1,C,69,01/06/2021 00:00:00,RLNG, 	(27-FEB-2025 11:01:59)
RIL,1,C,69,01/06/2021 00:00:00,RLNG, 	(27-FEB-2025 11:01:59)
RIL,1,C,70,01/07/2021 00:00:00,RLNG, 	(27-FEB-2025 11:01:59)
RIL,1,C,70,01/07/2021 00:00:00,RLNG, 	(27-FEB-2025 11:01:59)
RIL,1,C,71,01/07/2021 00:00:00,RLNG, 	(27-FEB-2025 11:01:59)
RIL,1,C,71,01/07/2021 00:00:00,RLNG, 	(27-FEB-2025 11:01:59)
RIL,1,C,72,01/07/2021 00:00:00,RLNG, 	(27-FEB-2025 11:01:59)
RIL,1,C,72,01/07/2021 00:00:00,RLNG, 	(27-FEB-2025 11:01:59)
RIL,1,C,73,01/07/2021 00:00:00,RLNG, 	(27-FEB-2025 11:01:59)
RIL,1,C,73,01/07/2021 00:00:00,RLNG, 	(27-FEB-2025 11:01:59)
RIL,1,C,62,01/01/2020 00:00:00,RLNG, 	(27-FEB-2025 11:01:59)
RIL,1,C,62,01/01/2020 00:00:00,RLNG, 	(27-FEB-2025 11:01:59)
RIL,1,C,65,01/01/2020 00:00:00,RLNG, 	(27-FEB-2025 11:01:59)
RIL,1,C,65,01/01/2020 00:00:00,RLNG, 	(27-FEB-2025 11:01:59)
RIL,1,C,66,01/01/2020 00:00:00,RLNG, 	(27-FEB-2025 11:01:59)
RIL,1,C,66,01/01/2020 00:00:00,RLNG, 	(27-FEB-2025 11:01:59)
RIL,1,C,67,01/01/2020 00:00:00,RLNG, 	(27-FEB-2025 11:01:59)
RIL,1,C,67,01/01/2020 00:00:00,RLNG, 	(27-FEB-2025 11:01:59)
RIL,1,C,51,31/01/2018 00:00:00,RLNG, 	(27-FEB-2025 11:01:59)
RIL,1,C,51,31/01/2018 00:00:00,RLNG, 	(27-FEB-2025 11:01:59)
RIL,1,C,61,01/01/2020 00:00:00,RLNG, 	(27-FEB-2025 11:01:59)
RIL,1,C,61,01/01/2020 00:00:00,RLNG, 	(27-FEB-2025 11:01:59)
RIL,1,C,47,31/01/2018 00:00:00,RLNG, 	(27-FEB-2025 11:01:59)
RIL,1,C,47,31/01/2018 00:00:00,RLNG, 	(27-FEB-2025 11:01:59)
RIL,1,C,48,31/01/2018 00:00:00,RLNG, 	(27-FEB-2025 11:01:59)
RIL,1,C,48,31/01/2018 00:00:00,RLNG, 	(27-FEB-2025 11:01:59)
RIL,1,C,49,31/01/2018 00:00:00,RLNG, 	(27-FEB-2025 11:01:59)
RIL,1,C,49,31/01/2018 00:00:00,RLNG, 	(27-FEB-2025 11:01:59)
RIL,1,C,50,31/01/2018 00:00:00,RLNG, 	(27-FEB-2025 11:01:59)
RIL,1,C,50,31/01/2018 00:00:00,RLNG, 	(27-FEB-2025 11:01:59)
RIL,1,C,56,31/01/2018 00:00:00,RLNG, 	(27-FEB-2025 11:01:59)
RIL,1,C,56,31/01/2018 00:00:00,RLNG, 	(27-FEB-2025 11:01:59)
RIL,1,C,57,31/01/2018 00:00:00,RLNG, 	(27-FEB-2025 11:01:59)
RIL,1,C,57,31/01/2018 00:00:00,RLNG, 	(27-FEB-2025 11:01:59)
RIL,1,C,46,31/01/2018 00:00:00,RLNG, 	(27-FEB-2025 11:01:59)
RIL,1,C,46,31/01/2018 00:00:00,RLNG, 	(27-FEB-2025 11:01:59)
RIL,1,C,63,01/01/2020 00:00:00,RLNG, 	(27-FEB-2025 11:01:59)
RIL,1,C,63,01/01/2020 00:00:00,RLNG, 	(27-FEB-2025 11:01:59)
RIL,1,C,64,01/01/2020 00:00:00,RLNG, 	(27-FEB-2025 11:01:59)
RIL,1,C,64,01/01/2020 00:00:00,RLNG, 	(27-FEB-2025 11:01:59)
RIL,1,C,52,31/01/2018 00:00:00,DLNG, 	(27-FEB-2025 11:01:59)
RIL,1,C,52,31/01/2018 00:00:00,DLNG, 	(27-FEB-2025 11:01:59)
RIL,1,C,5,10/02/2012 00:00:00,DLNG, 	(27-FEB-2025 11:01:59)
RIL,1,C,5,10/02/2012 00:00:00,DLNG, 	(27-FEB-2025 11:01:59)
RIL,1,C,18,31/01/2018 00:00:00,DLNG, 	(27-FEB-2025 11:01:59)
RIL,1,C,18,31/01/2018 00:00:00,DLNG, 	(27-FEB-2025 11:01:59)
RIL,1,C,32,14/09/2008 00:00:00,DLNG, 	(27-FEB-2025 11:01:59)
RIL,1,C,32,14/09/2008 00:00:00,DLNG, 	(27-FEB-2025 11:01:59)
RIL,1,C,20,14/09/2008 00:00:00,DLNG, 	(27-FEB-2025 11:01:59)
RIL,1,C,20,14/09/2008 00:00:00,DLNG, 	(27-FEB-2025 11:01:59)
RIL,1,C,23,14/09/2008 00:00:00,DLNG, 	(27-FEB-2025 11:01:59)
RIL,1,C,23,14/09/2008 00:00:00,DLNG, 	(27-FEB-2025 11:01:59)
RIL,1,C,17,14/09/2008 00:00:00,DLNG, 	(27-FEB-2025 11:01:59)
RIL,1,C,17,14/09/2008 00:00:00,DLNG, 	(27-FEB-2025 11:01:59)
RIL,1,C,18,14/09/2008 00:00:00,DLNG, 	(27-FEB-2025 11:01:59)
RIL,1,C,18,14/09/2008 00:00:00,DLNG, 	(27-FEB-2025 11:01:59)
RIL,1,C,2,14/09/2008 00:00:00,DLNG, 	(27-FEB-2025 11:01:59)
RIL,1,C,2,14/09/2008 00:00:00,DLNG, 	(27-FEB-2025 11:01:59)
RIL,1,C,3,14/09/2008 00:00:00,DLNG, 	(27-FEB-2025 11:01:59)
RIL,1,C,3,14/09/2008 00:00:00,DLNG, 	(27-FEB-2025 11:01:59)
RIL,1,C,19,14/09/2008 00:00:00,DLNG, 	(27-FEB-2025 11:01:59)
RIL,1,C,19,14/09/2008 00:00:00,DLNG, 	(27-FEB-2025 11:01:59)
RIL,1,C,58,01/01/2020 00:00:00,DLNG, 	(27-FEB-2025 11:01:59)
RIL,1,C,58,01/01/2020 00:00:00,DLNG, 	(27-FEB-2025 11:01:59)
RIL,1,C,14,14/09/2008 00:00:00,DLNG, 	(27-FEB-2025 11:01:59)
RIL,1,C,14,14/09/2008 00:00:00,DLNG, 	(27-FEB-2025 11:01:59)
RIL,1,C,27,14/09/2008 00:00:00,DLNG, 	(27-FEB-2025 11:01:59)
RIL,1,C,27,14/09/2008 00:00:00,DLNG, 	(27-FEB-2025 11:01:59)
RIL,1,C,22,14/09/2008 00:00:00,DLNG, 	(27-FEB-2025 11:02:00)
RIL,1,C,22,14/09/2008 00:00:00,DLNG, 	(27-FEB-2025 11:02:00)
RIL,1,C,16,14/09/2008 00:00:00,DLNG, 	(27-FEB-2025 11:02:00)
RIL,1,C,16,14/09/2008 00:00:00,DLNG, 	(27-FEB-2025 11:02:00)
RIL,1,C,60,01/01/2020 00:00:00,DLNG, 	(27-FEB-2025 11:02:00)
RIL,1,C,60,01/01/2020 00:00:00,DLNG, 	(27-FEB-2025 11:02:00)
RIL,1,C,7,14/09/2008 00:00:00,DLNG, 	(27-FEB-2025 11:02:00)
RIL,1,C,7,14/09/2008 00:00:00,DLNG, 	(27-FEB-2025 11:02:00)
RIL,1,C,21,14/09/2008 00:00:00,DLNG, 	(27-FEB-2025 11:02:00)
RIL,1,C,21,14/09/2008 00:00:00,DLNG, 	(27-FEB-2025 11:02:00)
RIL,1,C,9,14/09/2008 00:00:00,DLNG, 	(27-FEB-2025 11:02:00)
RIL,1,C,9,14/09/2008 00:00:00,DLNG, 	(27-FEB-2025 11:02:00)
RIL,1,C,11,14/09/2008 00:00:00,DLNG, 	(27-FEB-2025 11:02:00)
RIL,1,C,11,14/09/2008 00:00:00,DLNG, 	(27-FEB-2025 11:02:00)
RIL,1,C,13,14/09/2008 00:00:00,DLNG, 	(27-FEB-2025 11:02:00)
RIL,1,C,13,14/09/2008 00:00:00,DLNG, 	(27-FEB-2025 11:02:00)
RIL,1,C,5,14/09/2008 00:00:00,DLNG, 	(27-FEB-2025 11:02:00)
RIL,1,C,5,14/09/2008 00:00:00,DLNG, 	(27-FEB-2025 11:02:00)
RIL,1,C,59,01/01/2020 00:00:00,DLNG, 	(27-FEB-2025 11:02:00)
RIL,1,C,59,01/01/2020 00:00:00,DLNG, 	(27-FEB-2025 11:02:00)
RIL,1,C,24,14/09/2008 00:00:00,DLNG, 	(27-FEB-2025 11:02:00)
RIL,1,C,24,14/09/2008 00:00:00,DLNG, 	(27-FEB-2025 11:02:00)
RIL,1,C,4,14/09/2008 00:00:00,DLNG, 	(27-FEB-2025 11:02:00)
RIL,1,C,4,14/09/2008 00:00:00,DLNG, 	(27-FEB-2025 11:02:00)
RIL,1,C,15,14/09/2008 00:00:00,DLNG, 	(27-FEB-2025 11:02:00)
RIL,1,C,15,14/09/2008 00:00:00,DLNG, 	(27-FEB-2025 11:02:00)
RIL,1,C,8,14/09/2008 00:00:00,DLNG, 	(27-FEB-2025 11:02:00)
RIL,1,C,8,14/09/2008 00:00:00,DLNG, 	(27-FEB-2025 11:02:00)
RIL,1,C,26,14/09/2008 00:00:00,DLNG, 	(27-FEB-2025 11:02:00)
RIL,1,C,26,14/09/2008 00:00:00,DLNG, 	(27-FEB-2025 11:02:00)
RIL,1,C,1,14/09/2008 00:00:00,DLNG, 	(27-FEB-2025 11:02:00)
RIL,1,C,1,14/09/2008 00:00:00,DLNG, 	(27-FEB-2025 11:02:00)
RIL,1,C,25,14/09/2008 00:00:00,DLNG, 	(27-FEB-2025 11:02:00)
RIL,1,C,25,14/09/2008 00:00:00,DLNG, 	(27-FEB-2025 11:02:00)
RIL,1,C,18,31/01/2018 00:00:00,DLNG, 	(27-FEB-2025 11:02:00)
RIL,1,C,18,31/01/2018 00:00:00,DLNG, 	(27-FEB-2025 11:02:00)
RIL,1,C,53,31/01/2018 00:00:00,DLNG, 	(27-FEB-2025 11:02:00)
RIL,1,C,53,31/01/2018 00:00:00,DLNG, 	(27-FEB-2025 11:02:00)
RIL,1,C,3,10/02/2012 00:00:00,DLNG, 	(27-FEB-2025 11:02:00)
RIL,1,C,3,10/02/2012 00:00:00,DLNG, 	(27-FEB-2025 11:02:00)
RIL,1,C,29,14/09/2008 00:00:00,DLNG, 	(27-FEB-2025 11:02:00)
RIL,1,C,29,14/09/2008 00:00:00,DLNG, 	(27-FEB-2025 11:02:00)
RIL,1,C,30,14/09/2008 00:00:00,DLNG, 	(27-FEB-2025 11:02:00)
RIL,1,C,30,14/09/2008 00:00:00,DLNG, 	(27-FEB-2025 11:02:00)
RIL,1,C,31,14/09/2008 00:00:00,DLNG, 	(27-FEB-2025 11:02:00)
RIL,1,C,31,14/09/2008 00:00:00,DLNG, 	(27-FEB-2025 11:02:00)
RIL,1,C,33,14/09/2008 00:00:00,DLNG, 	(27-FEB-2025 11:02:00)
RIL,1,C,33,14/09/2008 00:00:00,DLNG, 	(27-FEB-2025 11:02:00)
RIL,1,C,34,21/01/2018 00:00:00,DLNG, 	(27-FEB-2025 11:02:00)
RIL,1,C,34,01/04/2011 00:00:00,DLNG, 	(27-FEB-2025 11:02:00)
RIL,1,C,34,21/01/2018 00:00:00,DLNG, 	(27-FEB-2025 11:02:00)
RIL,1,C,34,14/09/2008 00:00:00,DLNG, 	(27-FEB-2025 11:02:00)
RIL,1,C,34,01/04/2011 00:00:00,DLNG, 	(27-FEB-2025 11:02:00)
RIL,1,C,34,14/09/2008 00:00:00,DLNG, 	(27-FEB-2025 11:02:00)
RIL,1,C,34,31/01/2018 00:00:00,DLNG, 	(27-FEB-2025 11:02:00)
RIL,1,C,34,31/01/2018 00:00:00,DLNG, 	(27-FEB-2025 11:02:00)
RIL,1,C,35,14/09/2008 00:00:00,DLNG, 	(27-FEB-2025 11:02:00)
RIL,1,C,35,14/09/2008 00:00:00,DLNG, 	(27-FEB-2025 11:02:00)
RIL,1,C,18,14/09/2008 00:00:00,DLNG, 	(27-FEB-2025 11:02:00)
RIL,1,C,18,14/09/2008 00:00:00,DLNG, 	(27-FEB-2025 11:02:00)
RIL,1,C,37,01/01/2013 00:00:00,DLNG, 	(27-FEB-2025 11:02:00)
RIL,1,C,37,01/01/2013 00:00:00,DLNG, 	(27-FEB-2025 11:02:00)
RIL,1,C,38,01/09/2013 00:00:00,DLNG, 	(27-FEB-2025 11:02:00)
RIL,1,C,38,01/09/2013 00:00:00,DLNG, 	(27-FEB-2025 11:02:00)
RIL,1,C,39,01/09/2013 00:00:00,DLNG, 	(27-FEB-2025 11:02:00)
RIL,1,C,39,01/09/2013 00:00:00,DLNG, 	(27-FEB-2025 11:02:00)
RIL,1,C,40,26/09/2013 00:00:00,DLNG, 	(27-FEB-2025 11:02:00)
RIL,1,C,40,26/09/2013 00:00:00,DLNG, 	(27-FEB-2025 11:02:00)
RIL,1,C,41,28/02/2017 00:00:00,DLNG, 	(27-FEB-2025 11:02:00)
RIL,1,C,41,28/02/2017 00:00:00,DLNG, 	(27-FEB-2025 11:02:00)
RIL,1,C,42,28/02/2017 00:00:00,DLNG, 	(27-FEB-2025 11:02:00)
RIL,1,C,42,28/02/2017 00:00:00,DLNG, 	(27-FEB-2025 11:02:00)
RIL,1,C,43,01/07/2017 00:00:00,DLNG, 	(27-FEB-2025 11:02:00)
RIL,1,C,43,01/07/2017 00:00:00,DLNG, 	(27-FEB-2025 11:02:00)
RIL,1,C,44,01/07/2017 00:00:00,DLNG, 	(27-FEB-2025 11:02:00)
RIL,1,C,44,01/07/2017 00:00:00,DLNG, 	(27-FEB-2025 11:02:00)
RIL,1,C,68,01/06/2021 00:00:00,DLNG, 	(27-FEB-2025 11:02:00)
RIL,1,C,68,01/06/2021 00:00:00,DLNG, 	(27-FEB-2025 11:02:00)
RIL,1,C,69,01/06/2021 00:00:00,DLNG, 	(27-FEB-2025 11:02:00)
RIL,1,C,69,01/06/2021 00:00:00,DLNG, 	(27-FEB-2025 11:02:00)
RIL,1,C,70,01/07/2021 00:00:00,DLNG, 	(27-FEB-2025 11:02:00)
RIL,1,C,70,01/07/2021 00:00:00,DLNG, 	(27-FEB-2025 11:02:00)
RIL,1,C,71,01/07/2021 00:00:00,DLNG, 	(27-FEB-2025 11:02:00)
RIL,1,C,71,01/07/2021 00:00:00,DLNG, 	(27-FEB-2025 11:02:00)
RIL,1,C,72,01/07/2021 00:00:00,DLNG, 	(27-FEB-2025 11:02:00)
RIL,1,C,72,01/07/2021 00:00:00,DLNG, 	(27-FEB-2025 11:02:00)
RIL,1,C,73,01/07/2021 00:00:00,DLNG, 	(27-FEB-2025 11:02:00)
RIL,1,C,73,01/07/2021 00:00:00,DLNG, 	(27-FEB-2025 11:02:00)
RIL,1,C,62,01/01/2020 00:00:00,DLNG, 	(27-FEB-2025 11:02:00)
RIL,1,C,62,01/01/2020 00:00:00,DLNG, 	(27-FEB-2025 11:02:00)
RIL,1,C,65,01/01/2020 00:00:00,DLNG, 	(27-FEB-2025 11:02:00)
RIL,1,C,65,01/01/2020 00:00:00,DLNG, 	(27-FEB-2025 11:02:00)
RIL,1,C,66,01/01/2020 00:00:00,DLNG, 	(27-FEB-2025 11:02:00)
RIL,1,C,66,01/01/2020 00:00:00,DLNG, 	(27-FEB-2025 11:02:00)
RIL,1,C,67,01/01/2020 00:00:00,DLNG, 	(27-FEB-2025 11:02:00)
RIL,1,C,67,01/01/2020 00:00:00,DLNG, 	(27-FEB-2025 11:02:00)
RIL,1,C,51,31/01/2018 00:00:00,DLNG, 	(27-FEB-2025 11:02:00)
RIL,1,C,51,31/01/2018 00:00:00,DLNG, 	(27-FEB-2025 11:02:00)
RIL,1,C,61,01/01/2020 00:00:00,DLNG, 	(27-FEB-2025 11:02:00)
RIL,1,C,61,01/01/2020 00:00:00,DLNG, 	(27-FEB-2025 11:02:00)
RIL,1,C,47,31/01/2018 00:00:00,DLNG, 	(27-FEB-2025 11:02:00)
RIL,1,C,47,31/01/2018 00:00:00,DLNG, 	(27-FEB-2025 11:02:00)
RIL,1,C,48,31/01/2018 00:00:00,DLNG, 	(27-FEB-2025 11:02:00)
RIL,1,C,48,31/01/2018 00:00:00,DLNG, 	(27-FEB-2025 11:02:00)
RIL,1,C,49,31/01/2018 00:00:00,DLNG, 	(27-FEB-2025 11:02:00)
RIL,1,C,49,31/01/2018 00:00:00,DLNG, 	(27-FEB-2025 11:02:00)
RIL,1,C,50,31/01/2018 00:00:00,DLNG, 	(27-FEB-2025 11:02:00)
RIL,1,C,50,31/01/2018 00:00:00,DLNG, 	(27-FEB-2025 11:02:00)
RIL,1,C,56,31/01/2018 00:00:00,DLNG, 	(27-FEB-2025 11:02:00)
RIL,1,C,56,31/01/2018 00:00:00,DLNG, 	(27-FEB-2025 11:02:00)
RIL,1,C,57,31/01/2018 00:00:00,DLNG, 	(27-FEB-2025 11:02:00)
RIL,1,C,57,31/01/2018 00:00:00,DLNG, 	(27-FEB-2025 11:02:00)
RIL,1,C,46,31/01/2018 00:00:00,DLNG, 	(27-FEB-2025 11:02:00)
RIL,1,C,46,31/01/2018 00:00:00,DLNG, 	(27-FEB-2025 11:02:00)
RIL,1,C,63,01/01/2020 00:00:00,DLNG, 	(27-FEB-2025 11:02:00)
RIL,1,C,63,01/01/2020 00:00:00,DLNG, 	(27-FEB-2025 11:02:00)
RIL,1,C,64,01/01/2020 00:00:00,DLNG, 	(27-FEB-2025 11:02:00)
RIL,1,C,64,01/01/2020 00:00:00,DLNG, 	(27-FEB-2025 11:02:00)
MGL,2,C,4,16/07/2009 00:00:00,RLNG, 	(27-FEB-2025 11:02:00)
MGL,2,C,4,16/07/2009 00:00:00,RLNG, 	(27-FEB-2025 11:02:00)
MGL,2,C,3,09/05/2022 00:00:00,RLNG, 	(27-FEB-2025 11:02:00)
MGL,2,C,3,09/05/2022 00:00:00,RLNG, 	(27-FEB-2025 11:02:00)
MGL,2,C,3,16/07/2009 00:00:00,RLNG, 	(27-FEB-2025 11:02:00)
MGL,2,C,3,16/07/2009 00:00:00,RLNG, 	(27-FEB-2025 11:02:00)
MGL,2,C,2,16/07/2009 00:00:00,RLNG, 	(27-FEB-2025 11:02:00)
MGL,2,C,2,16/07/2009 00:00:00,RLNG, 	(27-FEB-2025 11:02:00)
MGL,2,C,5,16/07/2009 00:00:00,RLNG, 	(27-FEB-2025 11:02:00)
MGL,2,C,5,16/07/2009 00:00:00,RLNG, 	(27-FEB-2025 11:02:00)
MGL,2,C,7,01/08/2022 00:00:00,RLNG, 	(27-FEB-2025 11:02:00)
MGL,2,C,7,01/08/2022 00:00:00,RLNG, 	(27-FEB-2025 11:02:00)
MGL,2,C,6,17/08/2011 00:00:00,RLNG, 	(27-FEB-2025 11:02:00)
MGL,2,C,6,17/08/2011 00:00:00,RLNG, 	(27-FEB-2025 11:02:00)
MGL,2,C,4,16/07/2009 00:00:00,DLNG, 	(27-FEB-2025 11:02:00)
MGL,2,C,4,16/07/2009 00:00:00,DLNG, 	(27-FEB-2025 11:02:00)
MGL,2,C,3,09/05/2022 00:00:00,DLNG, 	(27-FEB-2025 11:02:00)
MGL,2,C,3,09/05/2022 00:00:00,DLNG, 	(27-FEB-2025 11:02:00)
MGL,2,C,3,16/07/2009 00:00:00,DLNG, 	(27-FEB-2025 11:02:00)
MGL,2,C,3,16/07/2009 00:00:00,DLNG, 	(27-FEB-2025 11:02:00)
MGL,2,C,2,16/07/2009 00:00:00,DLNG, 	(27-FEB-2025 11:02:00)
MGL,2,C,2,16/07/2009 00:00:00,DLNG, 	(27-FEB-2025 11:02:00)
MGL,2,C,5,16/07/2009 00:00:00,DLNG, 	(27-FEB-2025 11:02:00)
MGL,2,C,5,16/07/2009 00:00:00,DLNG, 	(27-FEB-2025 11:02:00)
MGL,2,C,7,01/08/2022 00:00:00,DLNG, 	(27-FEB-2025 11:02:00)
MGL,2,C,7,01/08/2022 00:00:00,DLNG, 	(27-FEB-2025 11:02:00)
MGL,2,C,6,17/08/2011 00:00:00,DLNG, 	(27-FEB-2025 11:02:00)
MGL,2,C,6,17/08/2011 00:00:00,DLNG, 	(27-FEB-2025 11:02:00)
GSPCL,3,C,2,21/04/2006 00:00:00,RLNG, 	(27-FEB-2025 11:02:00)
GSPCL,3,C,2,21/04/2006 00:00:00,RLNG, 	(27-FEB-2025 11:02:00)
GSPCL,3,C,16,01/04/2009 00:00:00,RLNG, 	(27-FEB-2025 11:02:00)
GSPCL,3,C,16,01/04/2009 00:00:00,RLNG, 	(27-FEB-2025 11:02:00)
GSPCL,3,C,3,01/04/2009 00:00:00,RLNG, 	(27-FEB-2025 11:02:00)
GSPCL,3,C,3,01/04/2009 00:00:00,RLNG, 	(27-FEB-2025 11:02:00)
GSPCL,3,C,20,01/04/2009 00:00:00,RLNG, 	(27-FEB-2025 11:02:00)
GSPCL,3,C,20,01/04/2009 00:00:00,RLNG, 	(27-FEB-2025 11:02:00)
GSPCL,3,C,2,24/03/2005 00:00:00,RLNG, 	(27-FEB-2025 11:02:00)
GSPCL,3,C,2,24/03/2005 00:00:00,RLNG, 	(27-FEB-2025 11:02:00)
GSPCL,3,C,3,21/04/2006 00:00:00,RLNG, 	(27-FEB-2025 11:02:00)
GSPCL,3,C,3,21/04/2006 00:00:00,RLNG, 	(27-FEB-2025 11:02:00)
GSPCL,3,C,3,24/03/2005 00:00:00,RLNG, 	(27-FEB-2025 11:02:00)
GSPCL,3,C,3,24/03/2005 00:00:00,RLNG, 	(27-FEB-2025 11:02:00)
GSPCL,3,C,1,24/03/2005 00:00:00,RLNG, 	(27-FEB-2025 11:02:00)
GSPCL,3,C,1,24/03/2005 00:00:00,RLNG, 	(27-FEB-2025 11:02:00)
GSPCL,3,C,12,24/03/2005 00:00:00,RLNG, 	(27-FEB-2025 11:02:00)
GSPCL,3,C,12,24/03/2005 00:00:00,RLNG, 	(27-FEB-2025 11:02:00)
GSPCL,3,C,15,21/04/2006 00:00:00,RLNG, 	(27-FEB-2025 11:02:00)
GSPCL,3,C,15,21/04/2006 00:00:00,RLNG, 	(27-FEB-2025 11:02:00)
GSPCL,3,C,10,21/04/2006 00:00:00,RLNG, 	(27-FEB-2025 11:02:00)
GSPCL,3,C,10,21/04/2006 00:00:00,RLNG, 	(27-FEB-2025 11:02:00)
GSPCL,3,C,8,24/03/2005 00:00:00,RLNG, 	(27-FEB-2025 11:02:00)
GSPCL,3,C,8,21/04/2006 00:00:00,RLNG, 	(27-FEB-2025 11:02:00)
GSPCL,3,C,8,21/04/2006 00:00:00,RLNG, 	(27-FEB-2025 11:02:00)
GSPCL,3,C,8,24/03/2005 00:00:00,RLNG, 	(27-FEB-2025 11:02:00)
GSPCL,3,C,11,21/04/2006 00:00:00,RLNG, 	(27-FEB-2025 11:02:00)
GSPCL,3,C,11,21/04/2006 00:00:00,RLNG, 	(27-FEB-2025 11:02:00)
GSPCL,3,C,11,24/03/2005 00:00:00,RLNG, 	(27-FEB-2025 11:02:00)
GSPCL,3,C,11,24/03/2005 00:00:00,RLNG, 	(27-FEB-2025 11:02:00)
GSPCL,3,C,13,21/04/2006 00:00:00,RLNG, 	(27-FEB-2025 11:02:00)
GSPCL,3,C,13,24/03/2005 00:00:00,RLNG, 	(27-FEB-2025 11:02:00)
GSPCL,3,C,13,21/04/2006 00:00:00,RLNG, 	(27-FEB-2025 11:02:00)
GSPCL,3,C,13,24/03/2005 00:00:00,RLNG, 	(27-FEB-2025 11:02:00)
GSPCL,3,C,14,21/04/2006 00:00:00,RLNG, 	(27-FEB-2025 11:02:00)
GSPCL,3,C,14,21/04/2006 00:00:00,RLNG, 	(27-FEB-2025 11:02:00)
GSPCL,3,C,9,21/04/2006 00:00:00,RLNG, 	(27-FEB-2025 11:02:00)
GSPCL,3,C,9,21/04/2006 00:00:00,RLNG, 	(27-FEB-2025 11:02:00)
GSPCL,3,C,2,21/04/2006 00:00:00,DLNG, 	(27-FEB-2025 11:02:00)
GSPCL,3,C,2,21/04/2006 00:00:00,DLNG, 	(27-FEB-2025 11:02:00)
GSPCL,3,C,16,01/04/2009 00:00:00,DLNG, 	(27-FEB-2025 11:02:00)
GSPCL,3,C,16,01/04/2009 00:00:00,DLNG, 	(27-FEB-2025 11:02:00)
GSPCL,3,C,3,01/04/2009 00:00:00,DLNG, 	(27-FEB-2025 11:02:00)
GSPCL,3,C,3,01/04/2009 00:00:00,DLNG, 	(27-FEB-2025 11:02:00)
GSPCL,3,C,20,01/04/2009 00:00:00,DLNG, 	(27-FEB-2025 11:02:00)
GSPCL,3,C,20,01/04/2009 00:00:00,DLNG, 	(27-FEB-2025 11:02:00)
GSPCL,3,C,2,24/03/2005 00:00:00,DLNG, 	(27-FEB-2025 11:02:00)
GSPCL,3,C,2,24/03/2005 00:00:00,DLNG, 	(27-FEB-2025 11:02:00)
GSPCL,3,C,3,21/04/2006 00:00:00,DLNG, 	(27-FEB-2025 11:02:00)
GSPCL,3,C,3,21/04/2006 00:00:00,DLNG, 	(27-FEB-2025 11:02:00)
GSPCL,3,C,3,24/03/2005 00:00:00,DLNG, 	(27-FEB-2025 11:02:00)
GSPCL,3,C,3,24/03/2005 00:00:00,DLNG, 	(27-FEB-2025 11:02:00)
GSPCL,3,C,1,24/03/2005 00:00:00,DLNG, 	(27-FEB-2025 11:02:00)
GSPCL,3,C,1,24/03/2005 00:00:00,DLNG, 	(27-FEB-2025 11:02:00)
GSPCL,3,C,12,24/03/2005 00:00:00,DLNG, 	(27-FEB-2025 11:02:00)
GSPCL,3,C,12,24/03/2005 00:00:00,DLNG, 	(27-FEB-2025 11:02:00)
GSPCL,3,C,15,21/04/2006 00:00:00,DLNG, 	(27-FEB-2025 11:02:00)
GSPCL,3,C,15,21/04/2006 00:00:00,DLNG, 	(27-FEB-2025 11:02:00)
GSPCL,3,C,10,21/04/2006 00:00:00,DLNG, 	(27-FEB-2025 11:02:00)
GSPCL,3,C,10,21/04/2006 00:00:00,DLNG, 	(27-FEB-2025 11:02:00)
GSPCL,3,C,8,24/03/2005 00:00:00,DLNG, 	(27-FEB-2025 11:02:00)
GSPCL,3,C,8,21/04/2006 00:00:00,DLNG, 	(27-FEB-2025 11:02:00)
GSPCL,3,C,8,21/04/2006 00:00:00,DLNG, 	(27-FEB-2025 11:02:00)
GSPCL,3,C,8,24/03/2005 00:00:00,DLNG, 	(27-FEB-2025 11:02:00)
GSPCL,3,C,11,21/04/2006 00:00:00,DLNG, 	(27-FEB-2025 11:02:00)
GSPCL,3,C,11,21/04/2006 00:00:00,DLNG, 	(27-FEB-2025 11:02:00)
GSPCL,3,C,11,24/03/2005 00:00:00,DLNG, 	(27-FEB-2025 11:02:00)
GSPCL,3,C,11,24/03/2005 00:00:00,DLNG, 	(27-FEB-2025 11:02:00)
GSPCL,3,C,13,21/04/2006 00:00:00,DLNG, 	(27-FEB-2025 11:02:00)
GSPCL,3,C,13,24/03/2005 00:00:00,DLNG, 	(27-FEB-2025 11:02:00)
GSPCL,3,C,13,21/04/2006 00:00:00,DLNG, 	(27-FEB-2025 11:02:00)
GSPCL,3,C,13,24/03/2005 00:00:00,DLNG, 	(27-FEB-2025 11:02:00)
GSPCL,3,C,14,21/04/2006 00:00:00,DLNG, 	(27-FEB-2025 11:02:00)
GSPCL,3,C,14,21/04/2006 00:00:00,DLNG, 	(27-FEB-2025 11:02:00)
GSPCL,3,C,9,21/04/2006 00:00:00,DLNG, 	(27-FEB-2025 11:02:00)
GSPCL,3,C,9,21/04/2006 00:00:00,DLNG, 	(27-FEB-2025 11:02:00)
Gail,4,C,44,01/05/2024 00:00:00,RLNG, 	(27-FEB-2025 11:02:00)
Gail,4,C,44,01/05/2024 00:00:00,RLNG, 	(27-FEB-2025 11:02:00)
Gail,4,C,47,01/08/2024 00:00:00,RLNG, 	(27-FEB-2025 11:02:00)
Gail,4,C,47,01/08/2024 00:00:00,RLNG, 	(27-FEB-2025 11:02:00)
Gail,4,C,1,01/06/2023 00:00:00,RLNG, 	(27-FEB-2025 11:02:00)
Gail,4,C,1,01/06/2023 00:00:00,RLNG, 	(27-FEB-2025 11:02:00)
Gail,4,C,2,01/06/2023 00:00:00,RLNG, 	(27-FEB-2025 11:02:00)
Gail,4,C,2,01/06/2023 00:00:00,RLNG, 	(27-FEB-2025 11:02:00)
Gail,4,C,33,01/06/2024 00:00:00,RLNG, 	(27-FEB-2025 11:02:00)
Gail,4,C,33,01/06/2024 00:00:00,RLNG, 	(27-FEB-2025 11:02:00)
Gail,4,C,3,01/11/2022 00:00:00,RLNG, 	(27-FEB-2025 11:02:00)
Gail,4,C,3,01/11/2022 00:00:00,RLNG, 	(27-FEB-2025 11:02:00)
Gail,4,C,42,01/05/2024 00:00:00,RLNG, 	(27-FEB-2025 11:02:00)
Gail,4,C,42,01/05/2024 00:00:00,RLNG, 	(27-FEB-2025 11:02:00)
Gail,4,C,43,01/05/2024 00:00:00,RLNG, 	(27-FEB-2025 11:02:00)
Gail,4,C,43,01/05/2024 00:00:00,RLNG, 	(27-FEB-2025 11:02:00)
Gail,4,C,33,08/03/2007 00:00:00,RLNG, 	(27-FEB-2025 11:02:00)
Gail,4,C,33,08/03/2007 00:00:00,RLNG, 	(27-FEB-2025 11:02:00)
Gail,4,C,21,08/03/2007 00:00:00,RLNG, 	(27-FEB-2025 11:02:00)
Gail,4,C,21,08/03/2007 00:00:00,RLNG, 	(27-FEB-2025 11:02:00)
Gail,4,C,24,08/03/2007 00:00:00,RLNG, 	(27-FEB-2025 11:02:00)
Gail,4,C,24,08/03/2007 00:00:00,RLNG, 	(27-FEB-2025 11:02:00)
Gail,4,C,45,01/05/2024 00:00:00,RLNG, 	(27-FEB-2025 11:02:00)
Gail,4,C,45,01/05/2024 00:00:00,RLNG, 	(27-FEB-2025 11:02:00)
Gail,4,C,46,01/05/2024 00:00:00,RLNG, 	(27-FEB-2025 11:02:00)
Gail,4,C,46,01/05/2024 00:00:00,RLNG, 	(27-FEB-2025 11:02:00)
Gail,4,C,40,01/07/2022 00:00:00,RLNG, 	(27-FEB-2025 11:02:00)
Gail,4,C,40,01/07/2022 00:00:00,RLNG, 	(27-FEB-2025 11:02:00)
Gail,4,C,48,01/08/2024 00:00:00,RLNG, 	(27-FEB-2025 11:02:00)
Gail,4,C,48,01/08/2024 00:00:00,RLNG, 	(27-FEB-2025 11:02:00)
Gail,4,C,7,08/03/2007 00:00:00,RLNG, 	(27-FEB-2025 11:02:00)
Gail,4,C,7,08/03/2007 00:00:00,RLNG, 	(27-FEB-2025 11:02:00)
Gail,4,C,27,08/03/2007 00:00:00,RLNG, 	(27-FEB-2025 11:02:00)
Gail,4,C,27,08/03/2007 00:00:00,RLNG, 	(27-FEB-2025 11:02:00)
Gail,4,C,38,01/07/2022 00:00:00,RLNG, 	(27-FEB-2025 11:02:00)
Gail,4,C,38,01/07/2022 00:00:00,RLNG, 	(27-FEB-2025 11:02:01)
Gail,4,C,19,08/03/2007 00:00:00,RLNG, 	(27-FEB-2025 11:02:01)
Gail,4,C,19,08/03/2007 00:00:00,RLNG, 	(27-FEB-2025 11:02:01)
Gail,4,C,39,01/07/2022 00:00:00,RLNG, 	(27-FEB-2025 11:02:01)
Gail,4,C,39,01/07/2022 00:00:00,RLNG, 	(27-FEB-2025 11:02:01)
Gail,4,C,49,01/08/2024 00:00:00,RLNG, 	(27-FEB-2025 11:02:01)
Gail,4,C,49,01/08/2024 00:00:00,RLNG, 	(27-FEB-2025 11:02:01)
Gail,4,C,3,01/06/2023 00:00:00,RLNG, 	(27-FEB-2025 11:02:01)
Gail,4,C,3,01/06/2023 00:00:00,RLNG, 	(27-FEB-2025 11:02:01)
Gail,4,C,34,01/07/2022 00:00:00,RLNG, 	(27-FEB-2025 11:02:01)
Gail,4,C,34,01/07/2022 00:00:00,RLNG, 	(27-FEB-2025 11:02:01)
Gail,4,C,36,01/07/2022 00:00:00,RLNG, 	(27-FEB-2025 11:02:01)
Gail,4,C,36,01/07/2022 00:00:00,RLNG, 	(27-FEB-2025 11:02:01)
Gail,4,C,35,01/07/2022 00:00:00,RLNG, 	(27-FEB-2025 11:02:01)
Gail,4,C,35,01/07/2022 00:00:00,RLNG, 	(27-FEB-2025 11:02:01)
Gail,4,C,37,01/07/2022 00:00:00,RLNG, 	(27-FEB-2025 11:02:01)
Gail,4,C,37,01/07/2022 00:00:00,RLNG, 	(27-FEB-2025 11:02:01)
Gail,4,C,28,01/06/2023 00:00:00,RLNG, 	(27-FEB-2025 11:02:01)
Gail,4,C,28,01/06/2023 00:00:00,RLNG, 	(27-FEB-2025 11:02:01)
Gail,4,C,6,28/05/2024 00:00:00,RLNG, 	(27-FEB-2025 11:02:01)
Gail,4,C,6,28/05/2024 00:00:00,RLNG, 	(27-FEB-2025 11:02:01)
Gail,4,C,44,01/05/2024 00:00:00,DLNG, 	(27-FEB-2025 11:02:01)
Gail,4,C,44,01/05/2024 00:00:00,DLNG, 	(27-FEB-2025 11:02:01)
Gail,4,C,47,01/08/2024 00:00:00,DLNG, 	(27-FEB-2025 11:02:01)
Gail,4,C,47,01/08/2024 00:00:00,DLNG, 	(27-FEB-2025 11:02:01)
Gail,4,C,1,01/06/2023 00:00:00,DLNG, 	(27-FEB-2025 11:02:01)
Gail,4,C,1,01/06/2023 00:00:00,DLNG, 	(27-FEB-2025 11:02:01)
Gail,4,C,2,01/06/2023 00:00:00,DLNG, 	(27-FEB-2025 11:02:01)
Gail,4,C,2,01/06/2023 00:00:00,DLNG, 	(27-FEB-2025 11:02:01)
Gail,4,C,33,01/06/2024 00:00:00,DLNG, 	(27-FEB-2025 11:02:01)
Gail,4,C,33,01/06/2024 00:00:00,DLNG, 	(27-FEB-2025 11:02:01)
Gail,4,C,3,01/11/2022 00:00:00,DLNG, 	(27-FEB-2025 11:02:01)
Gail,4,C,3,01/11/2022 00:00:00,DLNG, 	(27-FEB-2025 11:02:01)
Gail,4,C,42,01/05/2024 00:00:00,DLNG, 	(27-FEB-2025 11:02:01)
Gail,4,C,42,01/05/2024 00:00:00,DLNG, 	(27-FEB-2025 11:02:01)
Gail,4,C,43,01/05/2024 00:00:00,DLNG, 	(27-FEB-2025 11:02:01)
Gail,4,C,43,01/05/2024 00:00:00,DLNG, 	(27-FEB-2025 11:02:01)
Gail,4,C,33,08/03/2007 00:00:00,DLNG, 	(27-FEB-2025 11:02:01)
Gail,4,C,33,08/03/2007 00:00:00,DLNG, 	(27-FEB-2025 11:02:01)
Gail,4,C,21,08/03/2007 00:00:00,DLNG, 	(27-FEB-2025 11:02:01)
Gail,4,C,21,08/03/2007 00:00:00,DLNG, 	(27-FEB-2025 11:02:01)
Gail,4,C,24,08/03/2007 00:00:00,DLNG, 	(27-FEB-2025 11:02:01)
Gail,4,C,24,08/03/2007 00:00:00,DLNG, 	(27-FEB-2025 11:02:01)
Gail,4,C,45,01/05/2024 00:00:00,DLNG, 	(27-FEB-2025 11:02:01)
Gail,4,C,45,01/05/2024 00:00:00,DLNG, 	(27-FEB-2025 11:02:01)
Gail,4,C,46,01/05/2024 00:00:00,DLNG, 	(27-FEB-2025 11:02:01)
Gail,4,C,46,01/05/2024 00:00:00,DLNG, 	(27-FEB-2025 11:02:01)
Gail,4,C,40,01/07/2022 00:00:00,DLNG, 	(27-FEB-2025 11:02:01)
Gail,4,C,40,01/07/2022 00:00:00,DLNG, 	(27-FEB-2025 11:02:01)
Gail,4,C,48,01/08/2024 00:00:00,DLNG, 	(27-FEB-2025 11:02:01)
Gail,4,C,48,01/08/2024 00:00:00,DLNG, 	(27-FEB-2025 11:02:01)
Gail,4,C,7,08/03/2007 00:00:00,DLNG, 	(27-FEB-2025 11:02:01)
Gail,4,C,7,08/03/2007 00:00:00,DLNG, 	(27-FEB-2025 11:02:01)
Gail,4,C,27,08/03/2007 00:00:00,DLNG, 	(27-FEB-2025 11:02:01)
Gail,4,C,27,08/03/2007 00:00:00,DLNG, 	(27-FEB-2025 11:02:01)
Gail,4,C,38,01/07/2022 00:00:00,DLNG, 	(27-FEB-2025 11:02:01)
Gail,4,C,38,01/07/2022 00:00:00,DLNG, 	(27-FEB-2025 11:02:01)
Gail,4,C,19,08/03/2007 00:00:00,DLNG, 	(27-FEB-2025 11:02:01)
Gail,4,C,19,08/03/2007 00:00:00,DLNG, 	(27-FEB-2025 11:02:01)
Gail,4,C,39,01/07/2022 00:00:00,DLNG, 	(27-FEB-2025 11:02:01)
Gail,4,C,39,01/07/2022 00:00:00,DLNG, 	(27-FEB-2025 11:02:01)
Gail,4,C,49,01/08/2024 00:00:00,DLNG, 	(27-FEB-2025 11:02:01)
Gail,4,C,49,01/08/2024 00:00:00,DLNG, 	(27-FEB-2025 11:02:01)
Gail,4,C,3,01/06/2023 00:00:00,DLNG, 	(27-FEB-2025 11:02:01)
Gail,4,C,3,01/06/2023 00:00:00,DLNG, 	(27-FEB-2025 11:02:01)
Gail,4,C,34,01/07/2022 00:00:00,DLNG, 	(27-FEB-2025 11:02:01)
Gail,4,C,34,01/07/2022 00:00:00,DLNG, 	(27-FEB-2025 11:02:01)
Gail,4,C,36,01/07/2022 00:00:00,DLNG, 	(27-FEB-2025 11:02:01)
Gail,4,C,36,01/07/2022 00:00:00,DLNG, 	(27-FEB-2025 11:02:01)
Gail,4,C,35,01/07/2022 00:00:00,DLNG, 	(27-FEB-2025 11:02:01)
Gail,4,C,35,01/07/2022 00:00:00,DLNG, 	(27-FEB-2025 11:02:01)
Gail,4,C,37,01/07/2022 00:00:00,DLNG, 	(27-FEB-2025 11:02:01)
Gail,4,C,37,01/07/2022 00:00:00,DLNG, 	(27-FEB-2025 11:02:01)
Gail,4,C,28,01/06/2023 00:00:00,DLNG, 	(27-FEB-2025 11:02:01)
Gail,4,C,28,01/06/2023 00:00:00,DLNG, 	(27-FEB-2025 11:02:01)
Gail,4,C,6,28/05/2024 00:00:00,DLNG, 	(27-FEB-2025 11:02:01)
Gail,4,C,6,28/05/2024 00:00:00,DLNG, 	(27-FEB-2025 11:02:01)
Gail,4,R,10,01/09/2023 00:00:00,RLNG, 	(27-FEB-2025 11:02:01)
Gail,4,R,7,21/09/2023 00:00:00,RLNG, 	(27-FEB-2025 11:02:01)
Gail,4,R,7,01/09/2023 00:00:00,RLNG, 	(27-FEB-2025 11:02:01)
Gail,4,R,3,21/09/2023 00:00:00,RLNG, 	(27-FEB-2025 11:02:01)
Gail,4,R,3,01/09/2023 00:00:00,RLNG, 	(27-FEB-2025 11:02:01)
Gail,4,R,11,01/09/2023 00:00:00,RLNG, 	(27-FEB-2025 11:02:01)
Gail,4,R,13,01/10/2024 00:00:00,RLNG, 	(27-FEB-2025 11:02:01)
Gail,4,R,1,01/09/2023 00:00:00,RLNG, 	(27-FEB-2025 11:02:01)
Gail,4,R,12,01/08/2024 00:00:00,RLNG, 	(27-FEB-2025 11:02:01)
Gail,4,R,5,21/09/2023 00:00:00,RLNG, 	(27-FEB-2025 11:02:01)
Gail,4,R,5,01/09/2023 00:00:00,RLNG, 	(27-FEB-2025 11:02:01)
Gail,4,R,4,01/09/2023 00:00:00,RLNG, 	(27-FEB-2025 11:02:01)
Gail,4,R,4,21/09/2023 00:00:00,RLNG, 	(27-FEB-2025 11:02:01)
Gail,4,R,6,21/09/2023 00:00:00,RLNG, 	(27-FEB-2025 11:02:01)
Gail,4,R,6,01/09/2023 00:00:00,RLNG, 	(27-FEB-2025 11:02:01)
Gail,4,R,2,01/09/2023 00:00:00,RLNG, 	(27-FEB-2025 11:02:01)
Gail,4,R,8,01/09/2023 00:00:00,RLNG, 	(27-FEB-2025 11:02:01)
Gail,4,R,9,01/09/2023 00:00:00,RLNG, 	(27-FEB-2025 11:02:01)
Gail,4,R,10,01/09/2023 00:00:00,DLNG, 	(27-FEB-2025 11:02:01)
Gail,4,R,7,21/09/2023 00:00:00,DLNG, 	(27-FEB-2025 11:02:01)
Gail,4,R,7,01/09/2023 00:00:00,DLNG, 	(27-FEB-2025 11:02:01)
Gail,4,R,3,21/09/2023 00:00:00,DLNG, 	(27-FEB-2025 11:02:01)
Gail,4,R,3,01/09/2023 00:00:00,DLNG, 	(27-FEB-2025 11:02:01)
Gail,4,R,11,01/09/2023 00:00:00,DLNG, 	(27-FEB-2025 11:02:01)
Gail,4,R,13,01/10/2024 00:00:00,DLNG, 	(27-FEB-2025 11:02:01)
Gail,4,R,1,01/09/2023 00:00:00,DLNG, 	(27-FEB-2025 11:02:01)
Gail,4,R,12,01/08/2024 00:00:00,DLNG, 	(27-FEB-2025 11:02:01)
Gail,4,R,5,21/09/2023 00:00:00,DLNG, 	(27-FEB-2025 11:02:01)
Gail,4,R,5,01/09/2023 00:00:00,DLNG, 	(27-FEB-2025 11:02:01)
Gail,4,R,4,01/09/2023 00:00:00,DLNG, 	(27-FEB-2025 11:02:01)
Gail,4,R,4,21/09/2023 00:00:00,DLNG, 	(27-FEB-2025 11:02:01)
Gail,4,R,6,21/09/2023 00:00:00,DLNG, 	(27-FEB-2025 11:02:01)
Gail,4,R,6,01/09/2023 00:00:00,DLNG, 	(27-FEB-2025 11:02:01)
Gail,4,R,2,01/09/2023 00:00:00,DLNG, 	(27-FEB-2025 11:02:01)
Gail,4,R,8,01/09/2023 00:00:00,DLNG, 	(27-FEB-2025 11:02:01)
Gail,4,R,9,01/09/2023 00:00:00,DLNG, 	(27-FEB-2025 11:02:01)
BPL,5,C,1,09/04/2010 00:00:00,RLNG, 	(27-FEB-2025 11:02:01)
BPL,5,C,1,09/04/2010 00:00:00,RLNG, 	(27-FEB-2025 11:02:01)
BPL,5,C,2,09/04/2010 00:00:00,RLNG, 	(27-FEB-2025 11:02:01)
BPL,5,C,2,09/04/2010 00:00:00,RLNG, 	(27-FEB-2025 11:02:01)
BPL,5,C,3,09/04/2010 00:00:00,RLNG, 	(27-FEB-2025 11:02:01)
BPL,5,C,3,09/04/2010 00:00:00,RLNG, 	(27-FEB-2025 11:02:01)
BPL,5,C,1,09/04/2010 00:00:00,DLNG, 	(27-FEB-2025 11:02:01)
BPL,5,C,1,09/04/2010 00:00:00,DLNG, 	(27-FEB-2025 11:02:01)
BPL,5,C,2,09/04/2010 00:00:00,DLNG, 	(27-FEB-2025 11:02:01)
BPL,5,C,2,09/04/2010 00:00:00,DLNG, 	(27-FEB-2025 11:02:01)
BPL,5,C,3,09/04/2010 00:00:00,DLNG, 	(27-FEB-2025 11:02:01)
BPL,5,C,3,09/04/2010 00:00:00,DLNG, 	(27-FEB-2025 11:02:01)
ESL,7,C,3,26/08/2006 00:00:00,RLNG, 	(27-FEB-2025 11:02:01)
ESL,7,C,3,26/08/2006 00:00:00,RLNG, 	(27-FEB-2025 11:02:01)
ESL,7,C,2,26/08/2006 00:00:00,RLNG, 	(27-FEB-2025 11:02:01)
ESL,7,C,2,26/08/2006 00:00:00,RLNG, 	(27-FEB-2025 11:02:01)
ESL,7,C,6,26/08/2006 00:00:00,RLNG, 	(27-FEB-2025 11:02:01)
ESL,7,C,6,26/08/2006 00:00:00,RLNG, 	(27-FEB-2025 11:02:01)
ESL,7,C,1,26/08/2006 00:00:00,RLNG, 	(27-FEB-2025 11:02:01)
ESL,7,C,1,26/08/2006 00:00:00,RLNG, 	(27-FEB-2025 11:02:01)
ESL,7,C,4,26/08/2006 00:00:00,RLNG, 	(27-FEB-2025 11:02:01)
ESL,7,C,4,26/08/2006 00:00:00,RLNG, 	(27-FEB-2025 11:02:01)
ESL,7,C,7,26/08/2006 00:00:00,RLNG, 	(27-FEB-2025 11:02:01)
ESL,7,C,7,26/08/2006 00:00:00,RLNG, 	(27-FEB-2025 11:02:01)
ESL,7,C,8,26/08/2006 00:00:00,RLNG, 	(27-FEB-2025 11:02:01)
ESL,7,C,8,26/08/2006 00:00:00,RLNG, 	(27-FEB-2025 11:02:01)
ESL,7,C,5,26/08/2006 00:00:00,RLNG, 	(27-FEB-2025 11:02:01)
ESL,7,C,5,26/08/2006 00:00:00,RLNG, 	(27-FEB-2025 11:02:01)
ESL,7,C,3,26/08/2006 00:00:00,DLNG, 	(27-FEB-2025 11:02:01)
ESL,7,C,3,26/08/2006 00:00:00,DLNG, 	(27-FEB-2025 11:02:01)
ESL,7,C,2,26/08/2006 00:00:00,DLNG, 	(27-FEB-2025 11:02:01)
ESL,7,C,2,26/08/2006 00:00:00,DLNG, 	(27-FEB-2025 11:02:01)
ESL,7,C,6,26/08/2006 00:00:00,DLNG, 	(27-FEB-2025 11:02:01)
ESL,7,C,6,26/08/2006 00:00:00,DLNG, 	(27-FEB-2025 11:02:01)
ESL,7,C,1,26/08/2006 00:00:00,DLNG, 	(27-FEB-2025 11:02:01)
ESL,7,C,1,26/08/2006 00:00:00,DLNG, 	(27-FEB-2025 11:02:01)
ESL,7,C,4,26/08/2006 00:00:00,DLNG, 	(27-FEB-2025 11:02:01)
ESL,7,C,4,26/08/2006 00:00:00,DLNG, 	(27-FEB-2025 11:02:01)
ESL,7,C,7,26/08/2006 00:00:00,DLNG, 	(27-FEB-2025 11:02:01)
ESL,7,C,7,26/08/2006 00:00:00,DLNG, 	(27-FEB-2025 11:02:01)
ESL,7,C,8,26/08/2006 00:00:00,DLNG, 	(27-FEB-2025 11:02:01)
ESL,7,C,8,26/08/2006 00:00:00,DLNG, 	(27-FEB-2025 11:02:01)
ESL,7,C,5,26/08/2006 00:00:00,DLNG, 	(27-FEB-2025 11:02:01)
ESL,7,C,5,26/08/2006 00:00:00,DLNG, 	(27-FEB-2025 11:02:01)
NTPC,8,C,4,01/02/2024 00:00:00,RLNG, 	(27-FEB-2025 11:02:01)
NTPC,8,C,4,01/02/2024 00:00:00,RLNG, 	(27-FEB-2025 11:02:01)
NTPC,8,C,23,24/07/2023 00:00:00,RLNG, 	(27-FEB-2025 11:02:01)
NTPC,8,C,23,24/07/2023 00:00:00,RLNG, 	(27-FEB-2025 11:02:01)
NTPC,8,C,6,30/01/2024 00:00:00,RLNG, 	(27-FEB-2025 11:02:01)
NTPC,8,C,6,30/01/2024 00:00:00,RLNG, 	(27-FEB-2025 11:02:01)
NTPC,8,C,29,01/10/2022 00:00:00,RLNG, 	(27-FEB-2025 11:02:01)
NTPC,8,C,29,01/10/2022 00:00:00,RLNG, 	(27-FEB-2025 11:02:01)
NTPC,8,C,6,01/02/2024 00:00:00,RLNG, 	(27-FEB-2025 11:02:01)
NTPC,8,C,6,01/02/2024 00:00:00,RLNG, 	(27-FEB-2025 11:02:01)
NTPC,8,C,1,01/08/2023 00:00:00,RLNG, 	(27-FEB-2025 11:02:01)
NTPC,8,C,1,01/08/2023 00:00:00,RLNG, 	(27-FEB-2025 11:02:01)
NTPC,8,C,3,01/02/2024 00:00:00,RLNG, 	(27-FEB-2025 11:02:01)
NTPC,8,C,3,01/02/2024 00:00:00,RLNG, 	(27-FEB-2025 11:02:01)
NTPC,8,C,6,30/01/2024 00:00:00,RLNG, 	(27-FEB-2025 11:02:01)
NTPC,8,C,6,30/01/2024 00:00:00,RLNG, 	(27-FEB-2025 11:02:01)
NTPC,8,C,1,01/02/2024 00:00:00,RLNG, 	(27-FEB-2025 11:02:01)
NTPC,8,C,1,01/02/2024 00:00:00,RLNG, 	(27-FEB-2025 11:02:01)
NTPC,8,C,22,01/11/2023 00:00:00,RLNG, 	(27-FEB-2025 11:02:01)
NTPC,8,C,22,01/11/2023 00:00:00,RLNG, 	(27-FEB-2025 11:02:01)
NTPC,8,C,30,01/10/2022 00:00:00,RLNG, 	(27-FEB-2025 11:02:01)
NTPC,8,C,30,01/10/2022 00:00:00,RLNG, 	(27-FEB-2025 11:02:01)
NTPC,8,C,3,21/04/2010 00:00:00,RLNG, 	(27-FEB-2025 11:02:01)
NTPC,8,C,3,18/11/2006 00:00:00,RLNG, 	(27-FEB-2025 11:02:01)
NTPC,8,C,3,21/04/2010 00:00:00,RLNG, 	(27-FEB-2025 11:02:01)
NTPC,8,C,3,18/11/2006 00:00:00,RLNG, 	(27-FEB-2025 11:02:01)
NTPC,8,C,2,18/11/2006 00:00:00,RLNG, 	(27-FEB-2025 11:02:01)
NTPC,8,C,2,18/11/2006 00:00:00,RLNG, 	(27-FEB-2025 11:02:01)
NTPC,8,C,1,18/11/2006 00:00:00,RLNG, 	(27-FEB-2025 11:02:01)
NTPC,8,C,1,18/11/2006 00:00:00,RLNG, 	(27-FEB-2025 11:02:01)
NTPC,8,C,6,30/01/2024 00:00:00,RLNG, 	(27-FEB-2025 11:02:01)
NTPC,8,C,6,30/01/2024 00:00:00,RLNG, 	(27-FEB-2025 11:02:01)
NTPC,8,C,1,01/02/2024 00:00:00,RLNG, 	(27-FEB-2025 11:02:01)
NTPC,8,C,1,01/02/2024 00:00:00,RLNG, 	(27-FEB-2025 11:02:01)
NTPC,8,C,2,01/02/2024 00:00:00,RLNG, 	(27-FEB-2025 11:02:01)
NTPC,8,C,2,01/02/2024 00:00:00,RLNG, 	(27-FEB-2025 11:02:01)
NTPC,8,C,26,01/10/2022 00:00:00,RLNG, 	(27-FEB-2025 11:02:01)
NTPC,8,C,26,01/10/2022 00:00:00,RLNG, 	(27-FEB-2025 11:02:01)
NTPC,8,C,3,01/02/2024 00:00:00,RLNG, 	(27-FEB-2025 11:02:01)
NTPC,8,C,3,01/02/2024 00:00:00,RLNG, 	(27-FEB-2025 11:02:01)
NTPC,8,C,25,01/10/2022 00:00:00,RLNG, 	(27-FEB-2025 11:02:01)
NTPC,8,C,25,01/10/2022 00:00:00,RLNG, 	(27-FEB-2025 11:02:01)
NTPC,8,C,27,01/10/2022 00:00:00,RLNG, 	(27-FEB-2025 11:02:01)
NTPC,8,C,27,01/10/2022 00:00:00,RLNG, 	(27-FEB-2025 11:02:01)
NTPC,8,C,2,01/02/2024 00:00:00,RLNG, 	(27-FEB-2025 11:02:01)
NTPC,8,C,2,01/02/2024 00:00:00,RLNG, 	(27-FEB-2025 11:02:01)
NTPC,8,C,1,01/02/2024 00:00:00,RLNG, 	(27-FEB-2025 11:02:01)
NTPC,8,C,1,01/02/2024 00:00:00,RLNG, 	(27-FEB-2025 11:02:01)
NTPC,8,C,6,01/10/2022 00:00:00,RLNG, 	(27-FEB-2025 11:02:01)
NTPC,8,C,6,01/10/2022 00:00:00,RLNG, 	(27-FEB-2025 11:02:01)
NTPC,8,C,6,01/10/2022 00:00:00,RLNG, 	(27-FEB-2025 11:02:01)
NTPC,8,C,6,01/10/2022 00:00:00,RLNG, 	(27-FEB-2025 11:02:01)
NTPC,8,C,3,01/11/2023 00:00:00,RLNG, 	(27-FEB-2025 11:02:01)
NTPC,8,C,3,01/11/2023 00:00:00,RLNG, 	(27-FEB-2025 11:02:01)
NTPC,8,C,6,01/10/2022 00:00:00,RLNG, 	(27-FEB-2025 11:02:01)
NTPC,8,C,6,01/10/2022 00:00:00,RLNG, 	(27-FEB-2025 11:02:01)
NTPC,8,C,1,01/02/2024 00:00:00,RLNG, 	(27-FEB-2025 11:02:01)
NTPC,8,C,1,01/02/2024 00:00:00,RLNG, 	(27-FEB-2025 11:02:01)
NTPC,8,C,4,01/02/2024 00:00:00,RLNG, 	(27-FEB-2025 11:02:01)
NTPC,8,C,4,01/02/2024 00:00:00,RLNG, 	(27-FEB-2025 11:02:01)
NTPC,8,C,6,30/01/2024 00:00:00,RLNG, 	(27-FEB-2025 11:02:01)
NTPC,8,C,6,30/01/2024 00:00:00,RLNG, 	(27-FEB-2025 11:02:01)
NTPC,8,C,1,01/02/2024 00:00:00,RLNG, 	(27-FEB-2025 11:02:01)
NTPC,8,C,1,01/02/2024 00:00:00,RLNG, 	(27-FEB-2025 11:02:01)
NTPC,8,C,33,20/12/2023 00:00:00,RLNG, 	(27-FEB-2025 11:02:01)
NTPC,8,C,33,20/12/2023 00:00:00,RLNG, 	(27-FEB-2025 11:02:01)
NTPC,8,C,34,20/12/2023 00:00:00,RLNG, 	(27-FEB-2025 11:02:01)
NTPC,8,C,34,20/12/2023 00:00:00,RLNG, 	(27-FEB-2025 11:02:01)
NTPC,8,C,35,20/12/2023 00:00:00,RLNG, 	(27-FEB-2025 11:02:01)
NTPC,8,C,35,20/12/2023 00:00:00,RLNG, 	(27-FEB-2025 11:02:01)
NTPC,8,C,36,20/12/2023 00:00:00,RLNG, 	(27-FEB-2025 11:02:01)
NTPC,8,C,36,20/12/2023 00:00:00,RLNG, 	(27-FEB-2025 11:02:01)
NTPC,8,C,37,20/12/2023 00:00:00,RLNG, 	(27-FEB-2025 11:02:01)
NTPC,8,C,37,20/12/2023 00:00:00,RLNG, 	(27-FEB-2025 11:02:01)
NTPC,8,C,6,30/01/2024 00:00:00,RLNG, 	(27-FEB-2025 11:02:01)
NTPC,8,C,6,30/01/2024 00:00:00,RLNG, 	(27-FEB-2025 11:02:01)
NTPC,8,C,1,01/02/2024 00:00:00,RLNG, 	(27-FEB-2025 11:02:01)
NTPC,8,C,1,01/02/2024 00:00:00,RLNG, 	(27-FEB-2025 11:02:01)
NTPC,8,C,5,01/02/2024 00:00:00,RLNG, 	(27-FEB-2025 11:02:01)
NTPC,8,C,5,01/02/2024 00:00:00,RLNG, 	(27-FEB-2025 11:02:01)
NTPC,8,C,30,31/01/2024 00:00:00,RLNG, 	(27-FEB-2025 11:02:01)
NTPC,8,C,30,31/01/2024 00:00:00,RLNG, 	(27-FEB-2025 11:02:01)
NTPC,8,C,4,01/02/2024 00:00:00,DLNG, 	(27-FEB-2025 11:02:01)
NTPC,8,C,4,01/02/2024 00:00:00,DLNG, 	(27-FEB-2025 11:02:01)
NTPC,8,C,23,24/07/2023 00:00:00,DLNG, 	(27-FEB-2025 11:02:01)
NTPC,8,C,23,24/07/2023 00:00:00,DLNG, 	(27-FEB-2025 11:02:01)
NTPC,8,C,6,30/01/2024 00:00:00,DLNG, 	(27-FEB-2025 11:02:01)
NTPC,8,C,6,30/01/2024 00:00:00,DLNG, 	(27-FEB-2025 11:02:01)
NTPC,8,C,29,01/10/2022 00:00:00,DLNG, 	(27-FEB-2025 11:02:01)
NTPC,8,C,29,01/10/2022 00:00:00,DLNG, 	(27-FEB-2025 11:02:01)
NTPC,8,C,6,01/02/2024 00:00:00,DLNG, 	(27-FEB-2025 11:02:01)
NTPC,8,C,6,01/02/2024 00:00:00,DLNG, 	(27-FEB-2025 11:02:01)
NTPC,8,C,1,01/08/2023 00:00:00,DLNG, 	(27-FEB-2025 11:02:01)
NTPC,8,C,1,01/08/2023 00:00:00,DLNG, 	(27-FEB-2025 11:02:01)
NTPC,8,C,3,01/02/2024 00:00:00,DLNG, 	(27-FEB-2025 11:02:01)
NTPC,8,C,3,01/02/2024 00:00:00,DLNG, 	(27-FEB-2025 11:02:01)
NTPC,8,C,6,30/01/2024 00:00:00,DLNG, 	(27-FEB-2025 11:02:01)
NTPC,8,C,6,30/01/2024 00:00:00,DLNG, 	(27-FEB-2025 11:02:01)
NTPC,8,C,1,01/02/2024 00:00:00,DLNG, 	(27-FEB-2025 11:02:01)
NTPC,8,C,1,01/02/2024 00:00:00,DLNG, 	(27-FEB-2025 11:02:01)
NTPC,8,C,22,01/11/2023 00:00:00,DLNG, 	(27-FEB-2025 11:02:01)
NTPC,8,C,22,01/11/2023 00:00:00,DLNG, 	(27-FEB-2025 11:02:01)
NTPC,8,C,30,01/10/2022 00:00:00,DLNG, 	(27-FEB-2025 11:02:01)
NTPC,8,C,30,01/10/2022 00:00:00,DLNG, 	(27-FEB-2025 11:02:01)
NTPC,8,C,3,21/04/2010 00:00:00,DLNG, 	(27-FEB-2025 11:02:01)
NTPC,8,C,3,18/11/2006 00:00:00,DLNG, 	(27-FEB-2025 11:02:01)
NTPC,8,C,3,21/04/2010 00:00:00,DLNG, 	(27-FEB-2025 11:02:01)
NTPC,8,C,3,18/11/2006 00:00:00,DLNG, 	(27-FEB-2025 11:02:01)
NTPC,8,C,2,18/11/2006 00:00:00,DLNG, 	(27-FEB-2025 11:02:01)
NTPC,8,C,2,18/11/2006 00:00:00,DLNG, 	(27-FEB-2025 11:02:01)
NTPC,8,C,1,18/11/2006 00:00:00,DLNG, 	(27-FEB-2025 11:02:01)
NTPC,8,C,1,18/11/2006 00:00:00,DLNG, 	(27-FEB-2025 11:02:01)
NTPC,8,C,6,30/01/2024 00:00:00,DLNG, 	(27-FEB-2025 11:02:01)
NTPC,8,C,6,30/01/2024 00:00:00,DLNG, 	(27-FEB-2025 11:02:01)
NTPC,8,C,1,01/02/2024 00:00:00,DLNG, 	(27-FEB-2025 11:02:01)
NTPC,8,C,1,01/02/2024 00:00:00,DLNG, 	(27-FEB-2025 11:02:01)
NTPC,8,C,2,01/02/2024 00:00:00,DLNG, 	(27-FEB-2025 11:02:01)
NTPC,8,C,2,01/02/2024 00:00:00,DLNG, 	(27-FEB-2025 11:02:01)
NTPC,8,C,26,01/10/2022 00:00:00,DLNG, 	(27-FEB-2025 11:02:01)
NTPC,8,C,26,01/10/2022 00:00:00,DLNG, 	(27-FEB-2025 11:02:01)
NTPC,8,C,3,01/02/2024 00:00:00,DLNG, 	(27-FEB-2025 11:02:01)
NTPC,8,C,3,01/02/2024 00:00:00,DLNG, 	(27-FEB-2025 11:02:01)
NTPC,8,C,25,01/10/2022 00:00:00,DLNG, 	(27-FEB-2025 11:02:01)
NTPC,8,C,25,01/10/2022 00:00:00,DLNG, 	(27-FEB-2025 11:02:01)
NTPC,8,C,27,01/10/2022 00:00:00,DLNG, 	(27-FEB-2025 11:02:01)
NTPC,8,C,27,01/10/2022 00:00:00,DLNG, 	(27-FEB-2025 11:02:01)
NTPC,8,C,2,01/02/2024 00:00:00,DLNG, 	(27-FEB-2025 11:02:01)
NTPC,8,C,2,01/02/2024 00:00:00,DLNG, 	(27-FEB-2025 11:02:01)
NTPC,8,C,1,01/02/2024 00:00:00,DLNG, 	(27-FEB-2025 11:02:01)
NTPC,8,C,1,01/02/2024 00:00:00,DLNG, 	(27-FEB-2025 11:02:01)
NTPC,8,C,6,01/10/2022 00:00:00,DLNG, 	(27-FEB-2025 11:02:01)
NTPC,8,C,6,01/10/2022 00:00:00,DLNG, 	(27-FEB-2025 11:02:01)
NTPC,8,C,6,01/10/2022 00:00:00,DLNG, 	(27-FEB-2025 11:02:01)
NTPC,8,C,6,01/10/2022 00:00:00,DLNG, 	(27-FEB-2025 11:02:01)
NTPC,8,C,3,01/11/2023 00:00:00,DLNG, 	(27-FEB-2025 11:02:01)
NTPC,8,C,3,01/11/2023 00:00:00,DLNG, 	(27-FEB-2025 11:02:01)
NTPC,8,C,6,01/10/2022 00:00:00,DLNG, 	(27-FEB-2025 11:02:01)
NTPC,8,C,6,01/10/2022 00:00:00,DLNG, 	(27-FEB-2025 11:02:01)
NTPC,8,C,1,01/02/2024 00:00:00,DLNG, 	(27-FEB-2025 11:02:01)
NTPC,8,C,1,01/02/2024 00:00:00,DLNG, 	(27-FEB-2025 11:02:01)
NTPC,8,C,4,01/02/2024 00:00:00,DLNG, 	(27-FEB-2025 11:02:01)
NTPC,8,C,4,01/02/2024 00:00:00,DLNG, 	(27-FEB-2025 11:02:01)
NTPC,8,C,6,30/01/2024 00:00:00,DLNG, 	(27-FEB-2025 11:02:01)
NTPC,8,C,6,30/01/2024 00:00:00,DLNG, 	(27-FEB-2025 11:02:01)
NTPC,8,C,1,01/02/2024 00:00:00,DLNG, 	(27-FEB-2025 11:02:01)
NTPC,8,C,1,01/02/2024 00:00:00,DLNG, 	(27-FEB-2025 11:02:01)
NTPC,8,C,33,20/12/2023 00:00:00,DLNG, 	(27-FEB-2025 11:02:01)
NTPC,8,C,33,20/12/2023 00:00:00,DLNG, 	(27-FEB-2025 11:02:01)
NTPC,8,C,34,20/12/2023 00:00:00,DLNG, 	(27-FEB-2025 11:02:01)
NTPC,8,C,34,20/12/2023 00:00:00,DLNG, 	(27-FEB-2025 11:02:01)
NTPC,8,C,35,20/12/2023 00:00:00,DLNG, 	(27-FEB-2025 11:02:01)
NTPC,8,C,35,20/12/2023 00:00:00,DLNG, 	(27-FEB-2025 11:02:01)
NTPC,8,C,36,20/12/2023 00:00:00,DLNG, 	(27-FEB-2025 11:02:01)
NTPC,8,C,36,20/12/2023 00:00:00,DLNG, 	(27-FEB-2025 11:02:01)
NTPC,8,C,37,20/12/2023 00:00:00,DLNG, 	(27-FEB-2025 11:02:01)
NTPC,8,C,37,20/12/2023 00:00:00,DLNG, 	(27-FEB-2025 11:02:01)
NTPC,8,C,6,30/01/2024 00:00:00,DLNG, 	(27-FEB-2025 11:02:01)
NTPC,8,C,6,30/01/2024 00:00:00,DLNG, 	(27-FEB-2025 11:02:01)
NTPC,8,C,1,01/02/2024 00:00:00,DLNG, 	(27-FEB-2025 11:02:02)
NTPC,8,C,1,01/02/2024 00:00:00,DLNG, 	(27-FEB-2025 11:02:02)
NTPC,8,C,5,01/02/2024 00:00:00,DLNG, 	(27-FEB-2025 11:02:02)
NTPC,8,C,5,01/02/2024 00:00:00,DLNG, 	(27-FEB-2025 11:02:02)
NTPC,8,C,30,31/01/2024 00:00:00,DLNG, 	(27-FEB-2025 11:02:02)
NTPC,8,C,30,31/01/2024 00:00:00,DLNG, 	(27-FEB-2025 11:02:02)
KRIBHCO,9,C,14,01/01/2022 00:00:00,RLNG, 	(27-FEB-2025 11:02:02)
KRIBHCO,9,C,14,01/01/2022 00:00:00,RLNG, 	(27-FEB-2025 11:02:02)
KRIBHCO,9,C,15,01/01/2022 00:00:00,RLNG, 	(27-FEB-2025 11:02:02)
KRIBHCO,9,C,15,01/01/2022 00:00:00,RLNG, 	(27-FEB-2025 11:02:02)
KRIBHCO,9,C,16,01/01/2022 00:00:00,RLNG, 	(27-FEB-2025 11:02:02)
KRIBHCO,9,C,16,01/01/2022 00:00:00,RLNG, 	(27-FEB-2025 11:02:02)
KRIBHCO,9,C,1,05/12/2007 00:00:00,RLNG, 	(27-FEB-2025 11:02:02)
KRIBHCO,9,C,1,05/12/2007 00:00:00,RLNG, 	(27-FEB-2025 11:02:02)
KRIBHCO,9,C,9,05/12/2007 00:00:00,RLNG, 	(27-FEB-2025 11:02:02)
KRIBHCO,9,C,9,05/12/2007 00:00:00,RLNG, 	(27-FEB-2025 11:02:02)
KRIBHCO,9,C,13,01/01/2020 00:00:00,RLNG, 	(27-FEB-2025 11:02:02)
KRIBHCO,9,C,13,01/01/2020 00:00:00,RLNG, 	(27-FEB-2025 11:02:02)
KRIBHCO,9,C,1,05/12/2007 00:00:00,RLNG, 	(27-FEB-2025 11:02:02)
KRIBHCO,9,C,1,05/12/2007 00:00:00,RLNG, 	(27-FEB-2025 11:02:02)
KRIBHCO,9,C,12,01/01/2020 00:00:00,RLNG, 	(27-FEB-2025 11:02:02)
KRIBHCO,9,C,12,01/01/2020 00:00:00,RLNG, 	(27-FEB-2025 11:02:02)
KRIBHCO,9,C,1,05/12/2007 00:00:00,RLNG, 	(27-FEB-2025 11:02:02)
KRIBHCO,9,C,1,05/12/2007 00:00:00,RLNG, 	(27-FEB-2025 11:02:02)
KRIBHCO,9,C,4,05/12/2007 00:00:00,RLNG, 	(27-FEB-2025 11:02:02)
KRIBHCO,9,C,4,05/12/2007 00:00:00,RLNG, 	(27-FEB-2025 11:02:02)
KRIBHCO,9,C,6,05/12/2007 00:00:00,RLNG, 	(27-FEB-2025 11:02:02)
KRIBHCO,9,C,6,05/12/2007 00:00:00,RLNG, 	(27-FEB-2025 11:02:02)
KRIBHCO,9,C,2,05/12/2007 00:00:00,RLNG, 	(27-FEB-2025 11:02:02)
KRIBHCO,9,C,2,05/12/2007 00:00:00,RLNG, 	(27-FEB-2025 11:02:02)
KRIBHCO,9,C,8,05/12/2007 00:00:00,RLNG, 	(27-FEB-2025 11:02:02)
KRIBHCO,9,C,8,05/12/2007 00:00:00,RLNG, 	(27-FEB-2025 11:02:02)
KRIBHCO,9,C,7,05/12/2007 00:00:00,RLNG, 	(27-FEB-2025 11:02:02)
KRIBHCO,9,C,7,05/12/2007 00:00:00,RLNG, 	(27-FEB-2025 11:02:02)
KRIBHCO,9,C,5,05/12/2007 00:00:00,RLNG, 	(27-FEB-2025 11:02:02)
KRIBHCO,9,C,5,05/12/2007 00:00:00,RLNG, 	(27-FEB-2025 11:02:02)
KRIBHCO,9,C,3,05/12/2007 00:00:00,RLNG, 	(27-FEB-2025 11:02:02)
KRIBHCO,9,C,3,05/12/2007 00:00:00,RLNG, 	(27-FEB-2025 11:02:02)
KRIBHCO,9,C,11,05/12/2007 00:00:00,RLNG, 	(27-FEB-2025 11:02:02)
KRIBHCO,9,C,11,05/12/2007 00:00:00,RLNG, 	(27-FEB-2025 11:02:02)
KRIBHCO,9,C,1,05/12/2007 00:00:00,RLNG, 	(27-FEB-2025 11:02:02)
KRIBHCO,9,C,1,05/12/2007 00:00:00,RLNG, 	(27-FEB-2025 11:02:02)
KRIBHCO,9,C,10,05/12/2007 00:00:00,RLNG, 	(27-FEB-2025 11:02:02)
KRIBHCO,9,C,10,05/12/2007 00:00:00,RLNG, 	(27-FEB-2025 11:02:02)
KRIBHCO,9,C,14,01/01/2022 00:00:00,DLNG, 	(27-FEB-2025 11:02:02)
KRIBHCO,9,C,14,01/01/2022 00:00:00,DLNG, 	(27-FEB-2025 11:02:02)
KRIBHCO,9,C,15,01/01/2022 00:00:00,DLNG, 	(27-FEB-2025 11:02:02)
KRIBHCO,9,C,15,01/01/2022 00:00:00,DLNG, 	(27-FEB-2025 11:02:02)
KRIBHCO,9,C,16,01/01/2022 00:00:00,DLNG, 	(27-FEB-2025 11:02:02)
KRIBHCO,9,C,16,01/01/2022 00:00:00,DLNG, 	(27-FEB-2025 11:02:02)
KRIBHCO,9,C,1,05/12/2007 00:00:00,DLNG, 	(27-FEB-2025 11:02:02)
KRIBHCO,9,C,1,05/12/2007 00:00:00,DLNG, 	(27-FEB-2025 11:02:02)
KRIBHCO,9,C,9,05/12/2007 00:00:00,DLNG, 	(27-FEB-2025 11:02:02)
KRIBHCO,9,C,9,05/12/2007 00:00:00,DLNG, 	(27-FEB-2025 11:02:02)
KRIBHCO,9,C,13,01/01/2020 00:00:00,DLNG, 	(27-FEB-2025 11:02:02)
KRIBHCO,9,C,13,01/01/2020 00:00:00,DLNG, 	(27-FEB-2025 11:02:02)
KRIBHCO,9,C,1,05/12/2007 00:00:00,DLNG, 	(27-FEB-2025 11:02:02)
KRIBHCO,9,C,1,05/12/2007 00:00:00,DLNG, 	(27-FEB-2025 11:02:02)
KRIBHCO,9,C,12,01/01/2020 00:00:00,DLNG, 	(27-FEB-2025 11:02:02)
KRIBHCO,9,C,12,01/01/2020 00:00:00,DLNG, 	(27-FEB-2025 11:02:02)
KRIBHCO,9,C,1,05/12/2007 00:00:00,DLNG, 	(27-FEB-2025 11:02:02)
KRIBHCO,9,C,1,05/12/2007 00:00:00,DLNG, 	(27-FEB-2025 11:02:02)
KRIBHCO,9,C,4,05/12/2007 00:00:00,DLNG, 	(27-FEB-2025 11:02:02)
KRIBHCO,9,C,4,05/12/2007 00:00:00,DLNG, 	(27-FEB-2025 11:02:02)
KRIBHCO,9,C,6,05/12/2007 00:00:00,DLNG, 	(27-FEB-2025 11:02:02)
KRIBHCO,9,C,6,05/12/2007 00:00:00,DLNG, 	(27-FEB-2025 11:02:02)
KRIBHCO,9,C,2,05/12/2007 00:00:00,DLNG, 	(27-FEB-2025 11:02:02)
KRIBHCO,9,C,2,05/12/2007 00:00:00,DLNG, 	(27-FEB-2025 11:02:02)
KRIBHCO,9,C,8,05/12/2007 00:00:00,DLNG, 	(27-FEB-2025 11:02:02)
KRIBHCO,9,C,8,05/12/2007 00:00:00,DLNG, 	(27-FEB-2025 11:02:02)
KRIBHCO,9,C,7,05/12/2007 00:00:00,DLNG, 	(27-FEB-2025 11:02:02)
KRIBHCO,9,C,7,05/12/2007 00:00:00,DLNG, 	(27-FEB-2025 11:02:02)
KRIBHCO,9,C,5,05/12/2007 00:00:00,DLNG, 	(27-FEB-2025 11:02:02)
KRIBHCO,9,C,5,05/12/2007 00:00:00,DLNG, 	(27-FEB-2025 11:02:02)
KRIBHCO,9,C,3,05/12/2007 00:00:00,DLNG, 	(27-FEB-2025 11:02:02)
KRIBHCO,9,C,3,05/12/2007 00:00:00,DLNG, 	(27-FEB-2025 11:02:02)
KRIBHCO,9,C,11,05/12/2007 00:00:00,DLNG, 	(27-FEB-2025 11:02:02)
KRIBHCO,9,C,11,05/12/2007 00:00:00,DLNG, 	(27-FEB-2025 11:02:02)
KRIBHCO,9,C,1,05/12/2007 00:00:00,DLNG, 	(27-FEB-2025 11:02:02)
KRIBHCO,9,C,1,05/12/2007 00:00:00,DLNG, 	(27-FEB-2025 11:02:02)
KRIBHCO,9,C,10,05/12/2007 00:00:00,DLNG, 	(27-FEB-2025 11:02:02)
KRIBHCO,9,C,10,05/12/2007 00:00:00,DLNG, 	(27-FEB-2025 11:02:02)
DFPCL,10,C,11,20/04/2022 00:00:00,RLNG, 	(27-FEB-2025 11:02:02)
DFPCL,10,C,11,20/04/2022 00:00:00,RLNG, 	(27-FEB-2025 11:02:02)
DFPCL,10,C,10,03/12/2007 00:00:00,RLNG, 	(27-FEB-2025 11:02:02)
DFPCL,10,C,10,03/12/2007 00:00:00,RLNG, 	(27-FEB-2025 11:02:02)
DFPCL,10,C,12,03/12/2007 00:00:00,RLNG, 	(27-FEB-2025 11:02:02)
DFPCL,10,C,12,03/12/2007 00:00:00,RLNG, 	(27-FEB-2025 11:02:02)
DFPCL,10,C,6,03/12/2007 00:00:00,RLNG, 	(27-FEB-2025 11:02:02)
DFPCL,10,C,6,03/12/2007 00:00:00,RLNG, 	(27-FEB-2025 11:02:02)
DFPCL,10,C,11,03/12/2007 00:00:00,RLNG, 	(27-FEB-2025 11:02:02)
DFPCL,10,C,11,03/12/2007 00:00:00,RLNG, 	(27-FEB-2025 11:02:02)
DFPCL,10,C,11,20/04/2022 00:00:00,DLNG, 	(27-FEB-2025 11:02:02)
DFPCL,10,C,11,20/04/2022 00:00:00,DLNG, 	(27-FEB-2025 11:02:02)
DFPCL,10,C,10,03/12/2007 00:00:00,DLNG, 	(27-FEB-2025 11:02:02)
DFPCL,10,C,10,03/12/2007 00:00:00,DLNG, 	(27-FEB-2025 11:02:02)
DFPCL,10,C,12,03/12/2007 00:00:00,DLNG, 	(27-FEB-2025 11:02:02)
DFPCL,10,C,12,03/12/2007 00:00:00,DLNG, 	(27-FEB-2025 11:02:02)
DFPCL,10,C,6,03/12/2007 00:00:00,DLNG, 	(27-FEB-2025 11:02:02)
DFPCL,10,C,6,03/12/2007 00:00:00,DLNG, 	(27-FEB-2025 11:02:02)
DFPCL,10,C,11,03/12/2007 00:00:00,DLNG, 	(27-FEB-2025 11:02:02)
DFPCL,10,C,11,03/12/2007 00:00:00,DLNG, 	(27-FEB-2025 11:02:02)
AIGL,11,C,9,22/07/2009 00:00:00,RLNG, 	(27-FEB-2025 11:02:02)
AIGL,11,C,9,22/07/2009 00:00:00,RLNG, 	(27-FEB-2025 11:02:02)
AIGL,11,C,8,22/07/2009 00:00:00,RLNG, 	(27-FEB-2025 11:02:02)
AIGL,11,C,8,22/07/2009 00:00:00,RLNG, 	(27-FEB-2025 11:02:02)
AIGL,11,C,9,22/07/2009 00:00:00,DLNG, 	(27-FEB-2025 11:02:02)
AIGL,11,C,9,22/07/2009 00:00:00,DLNG, 	(27-FEB-2025 11:02:02)
AIGL,11,C,8,22/07/2009 00:00:00,DLNG, 	(27-FEB-2025 11:02:02)
AIGL,11,C,8,22/07/2009 00:00:00,DLNG, 	(27-FEB-2025 11:02:02)
KSFL,13,C,7,20/12/2007 00:00:00,RLNG, 	(27-FEB-2025 11:02:02)
KSFL,13,C,7,20/12/2007 00:00:00,RLNG, 	(27-FEB-2025 11:02:02)
KSFL,13,C,5,20/12/2007 00:00:00,RLNG, 	(27-FEB-2025 11:02:02)
KSFL,13,C,5,20/12/2007 00:00:00,RLNG, 	(27-FEB-2025 11:02:02)
KSFL,13,C,6,20/12/2007 00:00:00,RLNG, 	(27-FEB-2025 11:02:02)
KSFL,13,C,6,20/12/2007 00:00:00,RLNG, 	(27-FEB-2025 11:02:02)
KSFL,13,C,4,20/12/2007 00:00:00,RLNG, 	(27-FEB-2025 11:02:02)
KSFL,13,C,4,20/12/2007 00:00:00,RLNG, 	(27-FEB-2025 11:02:02)
KSFL,13,C,1,20/12/2007 00:00:00,RLNG, 	(27-FEB-2025 11:02:02)
KSFL,13,C,1,20/12/2007 00:00:00,RLNG, 	(27-FEB-2025 11:02:02)
KSFL,13,C,3,20/12/2007 00:00:00,RLNG, 	(27-FEB-2025 11:02:02)
KSFL,13,C,3,20/12/2007 00:00:00,RLNG, 	(27-FEB-2025 11:02:02)
KSFL,13,C,2,20/12/2007 00:00:00,RLNG, 	(27-FEB-2025 11:02:02)
KSFL,13,C,2,20/12/2007 00:00:00,RLNG, 	(27-FEB-2025 11:02:02)
KSFL,13,C,7,20/12/2007 00:00:00,DLNG, 	(27-FEB-2025 11:02:02)
KSFL,13,C,7,20/12/2007 00:00:00,DLNG, 	(27-FEB-2025 11:02:02)
KSFL,13,C,5,20/12/2007 00:00:00,DLNG, 	(27-FEB-2025 11:02:02)
KSFL,13,C,5,20/12/2007 00:00:00,DLNG, 	(27-FEB-2025 11:02:02)
KSFL,13,C,6,20/12/2007 00:00:00,DLNG, 	(27-FEB-2025 11:02:02)
KSFL,13,C,6,20/12/2007 00:00:00,DLNG, 	(27-FEB-2025 11:02:02)
KSFL,13,C,4,20/12/2007 00:00:00,DLNG, 	(27-FEB-2025 11:02:02)
KSFL,13,C,4,20/12/2007 00:00:00,DLNG, 	(27-FEB-2025 11:02:02)
KSFL,13,C,1,20/12/2007 00:00:00,DLNG, 	(27-FEB-2025 11:02:02)
KSFL,13,C,1,20/12/2007 00:00:00,DLNG, 	(27-FEB-2025 11:02:02)
KSFL,13,C,3,20/12/2007 00:00:00,DLNG, 	(27-FEB-2025 11:02:02)
KSFL,13,C,3,20/12/2007 00:00:00,DLNG, 	(27-FEB-2025 11:02:02)
KSFL,13,C,2,20/12/2007 00:00:00,DLNG, 	(27-FEB-2025 11:02:02)
KSFL,13,C,2,20/12/2007 00:00:00,DLNG, 	(27-FEB-2025 11:02:02)
MAHAGENCO,14,C,3,16/04/2008 00:00:00,RLNG, 	(27-FEB-2025 11:02:02)
MAHAGENCO,14,C,3,16/04/2008 00:00:00,RLNG, 	(27-FEB-2025 11:02:02)
MAHAGENCO,14,C,2,16/04/2008 00:00:00,RLNG, 	(27-FEB-2025 11:02:02)
MAHAGENCO,14,C,2,16/04/2008 00:00:00,RLNG, 	(27-FEB-2025 11:02:02)
MAHAGENCO,14,C,1,16/04/2008 00:00:00,RLNG, 	(27-FEB-2025 11:02:02)
MAHAGENCO,14,C,1,16/04/2008 00:00:00,RLNG, 	(27-FEB-2025 11:02:02)
MAHAGENCO,14,C,3,16/04/2008 00:00:00,DLNG, 	(27-FEB-2025 11:02:02)
MAHAGENCO,14,C,3,16/04/2008 00:00:00,DLNG, 	(27-FEB-2025 11:02:02)
MAHAGENCO,14,C,2,16/04/2008 00:00:00,DLNG, 	(27-FEB-2025 11:02:02)
MAHAGENCO,14,C,2,16/04/2008 00:00:00,DLNG, 	(27-FEB-2025 11:02:02)
MAHAGENCO,14,C,1,16/04/2008 00:00:00,DLNG, 	(27-FEB-2025 11:02:02)
MAHAGENCO,14,C,1,16/04/2008 00:00:00,DLNG, 	(27-FEB-2025 11:02:02)
NPL,15,C,2,28/02/2008 00:00:00,RLNG, 	(27-FEB-2025 11:02:02)
NPL,15,C,2,28/02/2008 00:00:00,RLNG, 	(27-FEB-2025 11:02:02)
NPL,15,C,1,28/02/2008 00:00:00,RLNG, 	(27-FEB-2025 11:02:02)
NPL,15,C,1,28/02/2008 00:00:00,RLNG, 	(27-FEB-2025 11:02:02)
NPL,15,C,3,28/02/2008 00:00:00,RLNG, 	(27-FEB-2025 11:02:02)
NPL,15,C,3,28/02/2008 00:00:00,RLNG, 	(27-FEB-2025 11:02:02)
NPL,15,C,2,28/02/2008 00:00:00,DLNG, 	(27-FEB-2025 11:02:02)
NPL,15,C,2,28/02/2008 00:00:00,DLNG, 	(27-FEB-2025 11:02:02)
NPL,15,C,1,28/02/2008 00:00:00,DLNG, 	(27-FEB-2025 11:02:02)
NPL,15,C,1,28/02/2008 00:00:00,DLNG, 	(27-FEB-2025 11:02:02)
NPL,15,C,3,28/02/2008 00:00:00,DLNG, 	(27-FEB-2025 11:02:02)
NPL,15,C,3,28/02/2008 00:00:00,DLNG, 	(27-FEB-2025 11:02:02)
SIGIL,16,C,4,20/06/2013 00:00:00,RLNG, 	(27-FEB-2025 11:02:02)
SIGIL,16,C,4,20/06/2013 00:00:00,RLNG, 	(27-FEB-2025 11:02:02)
SIGIL,16,C,4,20/06/2013 00:00:00,RLNG, 	(27-FEB-2025 11:02:02)
SIGIL,16,C,4,20/06/2013 00:00:00,RLNG, 	(27-FEB-2025 11:02:02)
SIGIL,16,C,3,01/04/2009 00:00:00,RLNG, 	(27-FEB-2025 11:02:02)
SIGIL,16,C,3,01/04/2009 00:00:00,RLNG, 	(27-FEB-2025 11:02:02)
SIGIL,16,C,3,01/04/2009 00:00:00,RLNG, 	(27-FEB-2025 11:02:02)
SIGIL,16,C,3,01/04/2009 00:00:00,RLNG, 	(27-FEB-2025 11:02:02)
SIGIL,16,C,1,01/04/2009 00:00:00,RLNG, 	(27-FEB-2025 11:02:02)
SIGIL,16,C,1,01/04/2009 00:00:00,RLNG, 	(27-FEB-2025 11:02:02)
SIGIL,16,C,1,01/04/2009 00:00:00,RLNG, 	(27-FEB-2025 11:02:02)
SIGIL,16,C,1,01/04/2009 00:00:00,RLNG, 	(27-FEB-2025 11:02:02)
SIGIL,16,C,2,01/04/2009 00:00:00,RLNG, 	(27-FEB-2025 11:02:02)
SIGIL,16,C,2,01/04/2009 00:00:00,RLNG, 	(27-FEB-2025 11:02:02)
SIGIL,16,C,2,01/04/2009 00:00:00,RLNG, 	(27-FEB-2025 11:02:02)
SIGIL,16,C,2,01/04/2009 00:00:00,RLNG, 	(27-FEB-2025 11:02:02)
SIGIL,16,C,4,20/06/2013 00:00:00,DLNG, 	(27-FEB-2025 11:02:02)
SIGIL,16,C,4,20/06/2013 00:00:00,DLNG, 	(27-FEB-2025 11:02:02)
SIGIL,16,C,4,20/06/2013 00:00:00,DLNG, 	(27-FEB-2025 11:02:02)
SIGIL,16,C,4,20/06/2013 00:00:00,DLNG, 	(27-FEB-2025 11:02:02)
SIGIL,16,C,3,01/04/2009 00:00:00,DLNG, 	(27-FEB-2025 11:02:02)
SIGIL,16,C,3,01/04/2009 00:00:00,DLNG, 	(27-FEB-2025 11:02:02)
SIGIL,16,C,3,01/04/2009 00:00:00,DLNG, 	(27-FEB-2025 11:02:02)
SIGIL,16,C,3,01/04/2009 00:00:00,DLNG, 	(27-FEB-2025 11:02:02)
SIGIL,16,C,1,01/04/2009 00:00:00,DLNG, 	(27-FEB-2025 11:02:02)
SIGIL,16,C,1,01/04/2009 00:00:00,DLNG, 	(27-FEB-2025 11:02:02)
SIGIL,16,C,1,01/04/2009 00:00:00,DLNG, 	(27-FEB-2025 11:02:02)
SIGIL,16,C,1,01/04/2009 00:00:00,DLNG, 	(27-FEB-2025 11:02:02)
SIGIL,16,C,2,01/04/2009 00:00:00,DLNG, 	(27-FEB-2025 11:02:02)
SIGIL,16,C,2,01/04/2009 00:00:00,DLNG, 	(27-FEB-2025 11:02:02)
SIGIL,16,C,2,01/04/2009 00:00:00,DLNG, 	(27-FEB-2025 11:02:02)
SIGIL,16,C,2,01/04/2009 00:00:00,DLNG, 	(27-FEB-2025 11:02:02)
GGCL,19,C,2,11/05/2012 00:00:00,RLNG, 	(27-FEB-2025 11:02:02)
GGCL,19,C,2,11/05/2012 00:00:00,RLNG, 	(27-FEB-2025 11:02:02)
GGCL,19,C,1,11/05/2012 00:00:00,RLNG, 	(27-FEB-2025 11:02:02)
GGCL,19,C,1,25/07/2012 00:00:00,RLNG, 	(27-FEB-2025 11:02:02)
GGCL,19,C,1,11/05/2012 00:00:00,RLNG, 	(27-FEB-2025 11:02:02)
GGCL,19,C,1,25/07/2012 00:00:00,RLNG, 	(27-FEB-2025 11:02:02)
GGCL,19,C,2,11/05/2012 00:00:00,DLNG, 	(27-FEB-2025 11:02:02)
GGCL,19,C,2,11/05/2012 00:00:00,DLNG, 	(27-FEB-2025 11:02:02)
GGCL,19,C,1,11/05/2012 00:00:00,DLNG, 	(27-FEB-2025 11:02:02)
GGCL,19,C,1,25/07/2012 00:00:00,DLNG, 	(27-FEB-2025 11:02:02)
GGCL,19,C,1,11/05/2012 00:00:00,DLNG, 	(27-FEB-2025 11:02:02)
GGCL,19,C,1,25/07/2012 00:00:00,DLNG, 	(27-FEB-2025 11:02:02)
TPL,20,C,10,20/12/2018 00:00:00,RLNG, 	(27-FEB-2025 11:02:02)
TPL,20,C,10,20/12/2018 00:00:00,RLNG, 	(27-FEB-2025 11:02:02)
TPL,20,C,9,20/12/2018 00:00:00,RLNG, 	(27-FEB-2025 11:02:02)
TPL,20,C,9,20/12/2018 00:00:00,RLNG, 	(27-FEB-2025 11:02:02)
TPL,20,C,3,01/09/2023 00:00:00,RLNG, 	(27-FEB-2025 11:02:02)
TPL,20,C,3,01/09/2023 00:00:00,RLNG, 	(27-FEB-2025 11:02:02)
TPL,20,C,1,04/08/2012 00:00:00,RLNG, 	(27-FEB-2025 11:02:02)
TPL,20,C,1,04/08/2012 00:00:00,RLNG, 	(27-FEB-2025 11:02:02)
TPL,20,C,9,01/09/2023 00:00:00,RLNG, 	(27-FEB-2025 11:02:02)
TPL,20,C,9,01/09/2023 00:00:00,RLNG, 	(27-FEB-2025 11:02:02)
TPL,20,C,2,01/09/2023 00:00:00,RLNG, 	(27-FEB-2025 11:02:02)
TPL,20,C,2,01/09/2023 00:00:00,RLNG, 	(27-FEB-2025 11:02:02)
TPL,20,C,10,20/12/2018 00:00:00,DLNG, 	(27-FEB-2025 11:02:02)
TPL,20,C,10,20/12/2018 00:00:00,DLNG, 	(27-FEB-2025 11:02:02)
TPL,20,C,9,20/12/2018 00:00:00,DLNG, 	(27-FEB-2025 11:02:02)
TPL,20,C,9,20/12/2018 00:00:00,DLNG, 	(27-FEB-2025 11:02:02)
TPL,20,C,3,01/09/2023 00:00:00,DLNG, 	(27-FEB-2025 11:02:02)
TPL,20,C,3,01/09/2023 00:00:00,DLNG, 	(27-FEB-2025 11:02:02)
TPL,20,C,1,04/08/2012 00:00:00,DLNG, 	(27-FEB-2025 11:02:02)
TPL,20,C,1,04/08/2012 00:00:00,DLNG, 	(27-FEB-2025 11:02:02)
TPL,20,C,9,01/09/2023 00:00:00,DLNG, 	(27-FEB-2025 11:02:02)
TPL,20,C,9,01/09/2023 00:00:00,DLNG, 	(27-FEB-2025 11:02:02)
TPL,20,C,2,01/09/2023 00:00:00,DLNG, 	(27-FEB-2025 11:02:02)
TPL,20,C,2,01/09/2023 00:00:00,DLNG, 	(27-FEB-2025 11:02:02)
WMSL,21,C,1,31/05/2011 00:00:00,RLNG, 	(27-FEB-2025 11:02:02)
WMSL,21,C,1,31/05/2011 00:00:00,RLNG, 	(27-FEB-2025 11:02:02)
WMSL,21,C,2,31/05/2011 00:00:00,RLNG, 	(27-FEB-2025 11:02:02)
WMSL,21,C,2,31/05/2011 00:00:00,RLNG, 	(27-FEB-2025 11:02:02)
WMSL,21,C,1,31/05/2011 00:00:00,DLNG, 	(27-FEB-2025 11:02:02)
WMSL,21,C,1,31/05/2011 00:00:00,DLNG, 	(27-FEB-2025 11:02:02)
WMSL,21,C,2,31/05/2011 00:00:00,DLNG, 	(27-FEB-2025 11:02:02)
WMSL,21,C,2,31/05/2011 00:00:00,DLNG, 	(27-FEB-2025 11:02:02)
MNGL,22,C,1,20/06/2013 00:00:00,RLNG, 	(27-FEB-2025 11:02:02)
MNGL,22,C,1,20/06/2013 00:00:00,RLNG, 	(27-FEB-2025 11:02:02)
MNGL,22,C,2,20/06/2013 00:00:00,RLNG, 	(27-FEB-2025 11:02:02)
MNGL,22,C,2,20/06/2013 00:00:00,RLNG, 	(27-FEB-2025 11:02:02)
MNGL,22,C,1,20/06/2013 00:00:00,DLNG, 	(27-FEB-2025 11:02:02)
MNGL,22,C,1,20/06/2013 00:00:00,DLNG, 	(27-FEB-2025 11:02:02)
MNGL,22,C,2,20/06/2013 00:00:00,DLNG, 	(27-FEB-2025 11:02:02)
MNGL,22,C,2,20/06/2013 00:00:00,DLNG, 	(27-FEB-2025 11:02:02)
IGL,23,C,19,01/12/2024 00:00:00,RLNG, 	(27-FEB-2025 11:02:02)
IGL,23,C,19,01/12/2024 00:00:00,RLNG, 	(27-FEB-2025 11:02:02)
IGL,23,C,1,01/12/2024 00:00:00,RLNG, 	(27-FEB-2025 11:02:02)
IGL,23,C,1,01/12/2024 00:00:00,RLNG, 	(27-FEB-2025 11:02:02)
IGL,23,C,1,12/09/2022 00:00:00,RLNG, 	(27-FEB-2025 11:02:02)
IGL,23,C,1,12/09/2022 00:00:00,RLNG, 	(27-FEB-2025 11:02:02)
IGL,23,C,5,01/01/2020 00:00:00,RLNG, 	(27-FEB-2025 11:02:02)
IGL,23,C,5,01/01/2020 00:00:00,RLNG, 	(27-FEB-2025 11:02:02)
IGL,23,C,5,20/01/2021 00:00:00,RLNG, 	(27-FEB-2025 11:02:02)
IGL,23,C,5,20/01/2021 00:00:00,RLNG, 	(27-FEB-2025 11:02:02)
IGL,23,C,14,12/09/2022 00:00:00,RLNG, 	(27-FEB-2025 11:02:02)
IGL,23,C,14,12/09/2022 00:00:00,RLNG, 	(27-FEB-2025 11:02:02)
IGL,23,C,1,12/09/2022 00:00:00,RLNG, 	(27-FEB-2025 11:02:02)
IGL,23,C,1,12/09/2022 00:00:00,RLNG, 	(27-FEB-2025 11:02:02)
IGL,23,C,6,01/01/2020 00:00:00,RLNG, 	(27-FEB-2025 11:02:02)
IGL,23,C,6,01/01/2020 00:00:00,RLNG, 	(27-FEB-2025 11:02:02)
IGL,23,C,8,01/01/2020 00:00:00,RLNG, 	(27-FEB-2025 11:02:02)
IGL,23,C,8,01/01/2020 00:00:00,RLNG, 	(27-FEB-2025 11:02:02)
IGL,23,C,9,01/01/2020 00:00:00,RLNG, 	(27-FEB-2025 11:02:02)
IGL,23,C,9,01/01/2020 00:00:00,RLNG, 	(27-FEB-2025 11:02:02)
IGL,23,C,16,01/01/2020 00:00:00,RLNG, 	(27-FEB-2025 11:02:02)
IGL,23,C,16,01/01/2020 00:00:00,RLNG, 	(27-FEB-2025 11:02:02)
IGL,23,C,17,01/01/2020 00:00:00,RLNG, 	(27-FEB-2025 11:02:02)
IGL,23,C,17,01/01/2020 00:00:00,RLNG, 	(27-FEB-2025 11:02:02)
IGL,23,C,1,12/09/2022 00:00:00,RLNG, 	(27-FEB-2025 11:02:02)
IGL,23,C,1,12/09/2022 00:00:00,RLNG, 	(27-FEB-2025 11:02:02)
IGL,23,C,15,12/09/2022 00:00:00,RLNG, 	(27-FEB-2025 11:02:02)
IGL,23,C,15,12/09/2022 00:00:00,RLNG, 	(27-FEB-2025 11:02:02)
IGL,23,C,5,01/01/2024 00:00:00,RLNG, 	(27-FEB-2025 11:02:02)
IGL,23,C,5,01/01/2024 00:00:00,RLNG, 	(27-FEB-2025 11:02:02)
IGL,23,C,18,01/05/2024 00:00:00,RLNG, 	(27-FEB-2025 11:02:02)
IGL,23,C,18,01/05/2024 00:00:00,RLNG, 	(27-FEB-2025 11:02:02)
IGL,23,C,1,12/09/2022 00:00:00,RLNG, 	(27-FEB-2025 11:02:02)
IGL,23,C,1,12/09/2022 00:00:00,RLNG, 	(27-FEB-2025 11:02:02)
IGL,23,C,19,01/12/2024 00:00:00,DLNG, 	(27-FEB-2025 11:02:02)
IGL,23,C,19,01/12/2024 00:00:00,DLNG, 	(27-FEB-2025 11:02:02)
IGL,23,C,1,01/12/2024 00:00:00,DLNG, 	(27-FEB-2025 11:02:02)
IGL,23,C,1,01/12/2024 00:00:00,DLNG, 	(27-FEB-2025 11:02:02)
IGL,23,C,1,12/09/2022 00:00:00,DLNG, 	(27-FEB-2025 11:02:02)
IGL,23,C,1,12/09/2022 00:00:00,DLNG, 	(27-FEB-2025 11:02:02)
IGL,23,C,5,01/01/2020 00:00:00,DLNG, 	(27-FEB-2025 11:02:02)
IGL,23,C,5,01/01/2020 00:00:00,DLNG, 	(27-FEB-2025 11:02:02)
IGL,23,C,5,20/01/2021 00:00:00,DLNG, 	(27-FEB-2025 11:02:02)
IGL,23,C,5,20/01/2021 00:00:00,DLNG, 	(27-FEB-2025 11:02:02)
IGL,23,C,14,12/09/2022 00:00:00,DLNG, 	(27-FEB-2025 11:02:02)
IGL,23,C,14,12/09/2022 00:00:00,DLNG, 	(27-FEB-2025 11:02:02)
IGL,23,C,1,12/09/2022 00:00:00,DLNG, 	(27-FEB-2025 11:02:02)
IGL,23,C,1,12/09/2022 00:00:00,DLNG, 	(27-FEB-2025 11:02:02)
IGL,23,C,6,01/01/2020 00:00:00,DLNG, 	(27-FEB-2025 11:02:02)
IGL,23,C,6,01/01/2020 00:00:00,DLNG, 	(27-FEB-2025 11:02:02)
IGL,23,C,8,01/01/2020 00:00:00,DLNG, 	(27-FEB-2025 11:02:02)
IGL,23,C,8,01/01/2020 00:00:00,DLNG, 	(27-FEB-2025 11:02:02)
IGL,23,C,9,01/01/2020 00:00:00,DLNG, 	(27-FEB-2025 11:02:02)
IGL,23,C,9,01/01/2020 00:00:00,DLNG, 	(27-FEB-2025 11:02:02)
IGL,23,C,16,01/01/2020 00:00:00,DLNG, 	(27-FEB-2025 11:02:02)
IGL,23,C,16,01/01/2020 00:00:00,DLNG, 	(27-FEB-2025 11:02:02)
IGL,23,C,17,01/01/2020 00:00:00,DLNG, 	(27-FEB-2025 11:02:02)
IGL,23,C,17,01/01/2020 00:00:00,DLNG, 	(27-FEB-2025 11:02:02)
IGL,23,C,1,12/09/2022 00:00:00,DLNG, 	(27-FEB-2025 11:02:02)
IGL,23,C,1,12/09/2022 00:00:00,DLNG, 	(27-FEB-2025 11:02:02)
IGL,23,C,15,12/09/2022 00:00:00,DLNG, 	(27-FEB-2025 11:02:02)
IGL,23,C,15,12/09/2022 00:00:00,DLNG, 	(27-FEB-2025 11:02:02)
IGL,23,C,5,01/01/2024 00:00:00,DLNG, 	(27-FEB-2025 11:02:02)
IGL,23,C,5,01/01/2024 00:00:00,DLNG, 	(27-FEB-2025 11:02:02)
IGL,23,C,18,01/05/2024 00:00:00,DLNG, 	(27-FEB-2025 11:02:02)
IGL,23,C,18,01/05/2024 00:00:00,DLNG, 	(27-FEB-2025 11:02:02)
IGL,23,C,1,12/09/2022 00:00:00,DLNG, 	(27-FEB-2025 11:02:02)
IGL,23,C,1,12/09/2022 00:00:00,DLNG, 	(27-FEB-2025 11:02:02)
BPCL,24,C,1,28/02/2024 00:00:00,RLNG, 	(27-FEB-2025 11:02:02)
BPCL,24,C,1,28/02/2024 00:00:00,RLNG, 	(27-FEB-2025 11:02:02)
BPCL,24,C,2,24/07/2014 00:00:00,RLNG, 	(27-FEB-2025 11:02:02)
BPCL,24,C,2,24/07/2014 00:00:00,RLNG, 	(27-FEB-2025 11:02:02)
BPCL,24,C,4,01/07/2022 00:00:00,RLNG, 	(27-FEB-2025 11:02:02)
BPCL,24,C,4,01/07/2022 00:00:00,RLNG, 	(27-FEB-2025 11:02:02)
BPCL,24,C,7,09/06/2022 00:00:00,RLNG, 	(27-FEB-2025 11:02:02)
BPCL,24,C,7,09/06/2022 00:00:00,RLNG, 	(27-FEB-2025 11:02:02)
BPCL,24,C,3,09/06/2022 00:00:00,RLNG, 	(27-FEB-2025 11:02:02)
BPCL,24,C,3,09/06/2022 00:00:00,RLNG, 	(27-FEB-2025 11:02:02)
BPCL,24,C,11,28/02/2024 00:00:00,RLNG, 	(27-FEB-2025 11:02:02)
BPCL,24,C,11,28/02/2024 00:00:00,RLNG, 	(27-FEB-2025 11:02:02)
BPCL,24,C,4,15/07/2022 00:00:00,RLNG, 	(27-FEB-2025 11:02:02)
BPCL,24,C,4,15/07/2022 00:00:00,RLNG, 	(27-FEB-2025 11:02:02)
BPCL,24,C,6,09/06/2022 00:00:00,RLNG, 	(27-FEB-2025 11:02:02)
BPCL,24,C,6,09/06/2022 00:00:00,RLNG, 	(27-FEB-2025 11:02:02)
BPCL,24,C,4,09/06/2022 00:00:00,RLNG, 	(27-FEB-2025 11:02:02)
BPCL,24,C,4,09/06/2022 00:00:00,RLNG, 	(27-FEB-2025 11:02:02)
BPCL,24,C,4,15/07/2022 00:00:00,RLNG, 	(27-FEB-2025 11:02:02)
BPCL,24,C,4,15/07/2022 00:00:00,RLNG, 	(27-FEB-2025 11:02:02)
BPCL,24,C,12,15/07/2022 00:00:00,RLNG, 	(27-FEB-2025 11:02:02)
BPCL,24,C,12,15/07/2022 00:00:00,RLNG, 	(27-FEB-2025 11:02:02)
BPCL,24,C,1,28/02/2024 00:00:00,DLNG, 	(27-FEB-2025 11:02:02)
BPCL,24,C,1,28/02/2024 00:00:00,DLNG, 	(27-FEB-2025 11:02:02)
BPCL,24,C,2,24/07/2014 00:00:00,DLNG, 	(27-FEB-2025 11:02:02)
BPCL,24,C,2,24/07/2014 00:00:00,DLNG, 	(27-FEB-2025 11:02:02)
BPCL,24,C,4,01/07/2022 00:00:00,DLNG, 	(27-FEB-2025 11:02:02)
BPCL,24,C,4,01/07/2022 00:00:00,DLNG, 	(27-FEB-2025 11:02:02)
BPCL,24,C,7,09/06/2022 00:00:00,DLNG, 	(27-FEB-2025 11:02:02)
BPCL,24,C,7,09/06/2022 00:00:00,DLNG, 	(27-FEB-2025 11:02:02)
BPCL,24,C,3,09/06/2022 00:00:00,DLNG, 	(27-FEB-2025 11:02:02)
BPCL,24,C,3,09/06/2022 00:00:00,DLNG, 	(27-FEB-2025 11:02:02)
BPCL,24,C,11,28/02/2024 00:00:00,DLNG, 	(27-FEB-2025 11:02:02)
BPCL,24,C,11,28/02/2024 00:00:00,DLNG, 	(27-FEB-2025 11:02:02)
BPCL,24,C,4,15/07/2022 00:00:00,DLNG, 	(27-FEB-2025 11:02:02)
BPCL,24,C,4,15/07/2022 00:00:00,DLNG, 	(27-FEB-2025 11:02:02)
BPCL,24,C,6,09/06/2022 00:00:00,DLNG, 	(27-FEB-2025 11:02:02)
BPCL,24,C,6,09/06/2022 00:00:00,DLNG, 	(27-FEB-2025 11:02:02)
BPCL,24,C,4,09/06/2022 00:00:00,DLNG, 	(27-FEB-2025 11:02:02)
BPCL,24,C,4,09/06/2022 00:00:00,DLNG, 	(27-FEB-2025 11:02:02)
BPCL,24,C,4,15/07/2022 00:00:00,DLNG, 	(27-FEB-2025 11:02:02)
BPCL,24,C,4,15/07/2022 00:00:00,DLNG, 	(27-FEB-2025 11:02:02)
BPCL,24,C,12,15/07/2022 00:00:00,DLNG, 	(27-FEB-2025 11:02:02)
BPCL,24,C,12,15/07/2022 00:00:00,DLNG, 	(27-FEB-2025 11:02:02)
TEL,25,C,6,06/08/2014 00:00:00,RLNG, 	(27-FEB-2025 11:02:03)
TEL,25,C,6,06/08/2014 00:00:00,RLNG, 	(27-FEB-2025 11:02:03)
TEL,25,C,2,06/08/2014 00:00:00,RLNG, 	(27-FEB-2025 11:02:03)
TEL,25,C,2,06/08/2014 00:00:00,RLNG, 	(27-FEB-2025 11:02:03)
TEL,25,C,3,06/08/2014 00:00:00,RLNG, 	(27-FEB-2025 11:02:03)
TEL,25,C,3,06/08/2014 00:00:00,RLNG, 	(27-FEB-2025 11:02:03)
TEL,25,C,5,06/08/2014 00:00:00,RLNG, 	(27-FEB-2025 11:02:03)
TEL,25,C,5,06/08/2014 00:00:00,RLNG, 	(27-FEB-2025 11:02:03)
TEL,25,C,4,06/08/2014 00:00:00,RLNG, 	(27-FEB-2025 11:02:03)
TEL,25,C,4,06/08/2014 00:00:00,RLNG, 	(27-FEB-2025 11:02:03)
TEL,25,C,1,06/08/2014 00:00:00,RLNG, 	(27-FEB-2025 11:02:03)
TEL,25,C,1,06/08/2014 00:00:00,RLNG, 	(27-FEB-2025 11:02:03)
TEL,25,C,6,06/08/2014 00:00:00,DLNG, 	(27-FEB-2025 11:02:03)
TEL,25,C,6,06/08/2014 00:00:00,DLNG, 	(27-FEB-2025 11:02:03)
TEL,25,C,2,06/08/2014 00:00:00,DLNG, 	(27-FEB-2025 11:02:03)
TEL,25,C,2,06/08/2014 00:00:00,DLNG, 	(27-FEB-2025 11:02:03)
TEL,25,C,3,06/08/2014 00:00:00,DLNG, 	(27-FEB-2025 11:02:03)
TEL,25,C,3,06/08/2014 00:00:00,DLNG, 	(27-FEB-2025 11:02:03)
TEL,25,C,5,06/08/2014 00:00:00,DLNG, 	(27-FEB-2025 11:02:03)
TEL,25,C,5,06/08/2014 00:00:00,DLNG, 	(27-FEB-2025 11:02:03)
TEL,25,C,4,06/08/2014 00:00:00,DLNG, 	(27-FEB-2025 11:02:03)
TEL,25,C,4,06/08/2014 00:00:00,DLNG, 	(27-FEB-2025 11:02:03)
TEL,25,C,1,06/08/2014 00:00:00,DLNG, 	(27-FEB-2025 11:02:03)
TEL,25,C,1,06/08/2014 00:00:00,DLNG, 	(27-FEB-2025 11:02:03)
HPCL,26,C,13,01/04/2021 00:00:00,RLNG, 	(27-FEB-2025 11:02:03)
HPCL,26,C,13,01/04/2021 00:00:00,RLNG, 	(27-FEB-2025 11:02:03)
HPCL,26,C,16,01/12/2023 00:00:00,RLNG, 	(27-FEB-2025 11:02:03)
HPCL,26,C,16,01/12/2023 00:00:00,RLNG, 	(27-FEB-2025 11:02:03)
HPCL,26,C,20,01/11/2024 00:00:00,RLNG, 	(27-FEB-2025 11:02:03)
HPCL,26,C,20,01/11/2024 00:00:00,RLNG, 	(27-FEB-2025 11:02:03)
HPCL,26,C,3,16/07/2023 00:00:00,RLNG, 	(27-FEB-2025 11:02:03)
HPCL,26,C,3,16/07/2023 00:00:00,RLNG, 	(27-FEB-2025 11:02:03)
HPCL,26,C,15,01/12/2023 00:00:00,RLNG, 	(27-FEB-2025 11:02:03)
HPCL,26,C,15,01/12/2023 00:00:00,RLNG, 	(27-FEB-2025 11:02:03)
HPCL,26,C,5,17/11/2010 00:00:00,RLNG, 	(27-FEB-2025 11:02:03)
HPCL,26,C,5,17/11/2010 00:00:00,RLNG, 	(27-FEB-2025 11:02:03)
HPCL,26,C,2,16/07/2023 00:00:00,RLNG, 	(27-FEB-2025 11:02:03)
HPCL,26,C,2,16/07/2023 00:00:00,RLNG, 	(27-FEB-2025 11:02:03)
HPCL,26,C,14,01/12/2023 00:00:00,RLNG, 	(27-FEB-2025 11:02:03)
HPCL,26,C,14,01/12/2023 00:00:00,RLNG, 	(27-FEB-2025 11:02:03)
HPCL,26,C,3,17/11/2010 00:00:00,RLNG, 	(27-FEB-2025 11:02:03)
HPCL,26,C,3,17/11/2010 00:00:00,RLNG, 	(27-FEB-2025 11:02:03)
HPCL,26,C,10,20/07/2021 00:00:00,RLNG, 	(27-FEB-2025 11:02:03)
HPCL,26,C,10,20/07/2021 00:00:00,RLNG, 	(27-FEB-2025 11:02:03)
HPCL,26,C,6,20/07/2021 00:00:00,RLNG, 	(27-FEB-2025 11:02:03)
HPCL,26,C,6,20/07/2021 00:00:00,RLNG, 	(27-FEB-2025 11:02:03)
HPCL,26,C,3,01/02/2024 00:00:00,RLNG, 	(27-FEB-2025 11:02:03)
HPCL,26,C,3,01/02/2024 00:00:00,RLNG, 	(27-FEB-2025 11:02:03)
HPCL,26,C,1,16/07/2023 00:00:00,RLNG, 	(27-FEB-2025 11:02:03)
HPCL,26,C,1,16/07/2023 00:00:00,RLNG, 	(27-FEB-2025 11:02:03)
HPCL,26,C,2,12/02/2015 00:00:00,RLNG, 	(27-FEB-2025 11:02:03)
HPCL,26,C,2,12/02/2015 00:00:00,RLNG, 	(27-FEB-2025 11:02:03)
HPCL,26,C,4,17/11/2010 00:00:00,RLNG, 	(27-FEB-2025 11:02:03)
HPCL,26,C,4,17/11/2010 00:00:00,RLNG, 	(27-FEB-2025 11:02:03)
HPCL,26,C,3,17/11/2010 00:00:00,RLNG, 	(27-FEB-2025 11:02:03)
HPCL,26,C,3,17/11/2010 00:00:00,RLNG, 	(27-FEB-2025 11:02:03)
HPCL,26,C,8,20/07/2021 00:00:00,RLNG, 	(27-FEB-2025 11:02:03)
HPCL,26,C,8,20/07/2021 00:00:00,RLNG, 	(27-FEB-2025 11:02:03)
HPCL,26,C,3,20/07/2021 00:00:00,RLNG, 	(27-FEB-2025 11:02:03)
HPCL,26,C,3,20/07/2021 00:00:00,RLNG, 	(27-FEB-2025 11:02:03)
HPCL,26,C,7,20/07/2021 00:00:00,RLNG, 	(27-FEB-2025 11:02:03)
HPCL,26,C,7,20/07/2021 00:00:00,RLNG, 	(27-FEB-2025 11:02:03)
HPCL,26,C,3,20/07/2021 00:00:00,RLNG, 	(27-FEB-2025 11:02:03)
HPCL,26,C,3,20/07/2021 00:00:00,RLNG, 	(27-FEB-2025 11:02:03)
HPCL,26,C,17,01/06/2024 00:00:00,RLNG, 	(27-FEB-2025 11:02:03)
HPCL,26,C,17,01/06/2024 00:00:00,RLNG, 	(27-FEB-2025 11:02:03)
HPCL,26,C,19,01/06/2024 00:00:00,RLNG, 	(27-FEB-2025 11:02:03)
HPCL,26,C,19,01/06/2024 00:00:00,RLNG, 	(27-FEB-2025 11:02:03)
HPCL,26,C,18,01/06/2024 00:00:00,RLNG, 	(27-FEB-2025 11:02:03)
HPCL,26,C,18,01/06/2024 00:00:00,RLNG, 	(27-FEB-2025 11:02:03)
HPCL,26,C,13,01/04/2021 00:00:00,DLNG, 	(27-FEB-2025 11:02:03)
HPCL,26,C,13,01/04/2021 00:00:00,DLNG, 	(27-FEB-2025 11:02:03)
HPCL,26,C,16,01/12/2023 00:00:00,DLNG, 	(27-FEB-2025 11:02:03)
HPCL,26,C,16,01/12/2023 00:00:00,DLNG, 	(27-FEB-2025 11:02:03)
HPCL,26,C,20,01/11/2024 00:00:00,DLNG, 	(27-FEB-2025 11:02:03)
HPCL,26,C,20,01/11/2024 00:00:00,DLNG, 	(27-FEB-2025 11:02:03)
HPCL,26,C,3,16/07/2023 00:00:00,DLNG, 	(27-FEB-2025 11:02:03)
HPCL,26,C,3,16/07/2023 00:00:00,DLNG, 	(27-FEB-2025 11:02:03)
HPCL,26,C,15,01/12/2023 00:00:00,DLNG, 	(27-FEB-2025 11:02:03)
HPCL,26,C,15,01/12/2023 00:00:00,DLNG, 	(27-FEB-2025 11:02:03)
HPCL,26,C,5,17/11/2010 00:00:00,DLNG, 	(27-FEB-2025 11:02:03)
HPCL,26,C,5,17/11/2010 00:00:00,DLNG, 	(27-FEB-2025 11:02:03)
HPCL,26,C,2,16/07/2023 00:00:00,DLNG, 	(27-FEB-2025 11:02:03)
HPCL,26,C,2,16/07/2023 00:00:00,DLNG, 	(27-FEB-2025 11:02:03)
HPCL,26,C,14,01/12/2023 00:00:00,DLNG, 	(27-FEB-2025 11:02:03)
HPCL,26,C,14,01/12/2023 00:00:00,DLNG, 	(27-FEB-2025 11:02:03)
HPCL,26,C,3,17/11/2010 00:00:00,DLNG, 	(27-FEB-2025 11:02:03)
HPCL,26,C,3,17/11/2010 00:00:00,DLNG, 	(27-FEB-2025 11:02:03)
HPCL,26,C,10,20/07/2021 00:00:00,DLNG, 	(27-FEB-2025 11:02:03)
HPCL,26,C,10,20/07/2021 00:00:00,DLNG, 	(27-FEB-2025 11:02:03)
HPCL,26,C,6,20/07/2021 00:00:00,DLNG, 	(27-FEB-2025 11:02:03)
HPCL,26,C,6,20/07/2021 00:00:00,DLNG, 	(27-FEB-2025 11:02:03)
HPCL,26,C,3,01/02/2024 00:00:00,DLNG, 	(27-FEB-2025 11:02:03)
HPCL,26,C,3,01/02/2024 00:00:00,DLNG, 	(27-FEB-2025 11:02:03)
HPCL,26,C,1,16/07/2023 00:00:00,DLNG, 	(27-FEB-2025 11:02:03)
HPCL,26,C,1,16/07/2023 00:00:00,DLNG, 	(27-FEB-2025 11:02:03)
HPCL,26,C,2,12/02/2015 00:00:00,DLNG, 	(27-FEB-2025 11:02:03)
HPCL,26,C,2,12/02/2015 00:00:00,DLNG, 	(27-FEB-2025 11:02:03)
HPCL,26,C,4,17/11/2010 00:00:00,DLNG, 	(27-FEB-2025 11:02:03)
HPCL,26,C,4,17/11/2010 00:00:00,DLNG, 	(27-FEB-2025 11:02:03)
HPCL,26,C,3,17/11/2010 00:00:00,DLNG, 	(27-FEB-2025 11:02:03)
HPCL,26,C,3,17/11/2010 00:00:00,DLNG, 	(27-FEB-2025 11:02:03)
HPCL,26,C,8,20/07/2021 00:00:00,DLNG, 	(27-FEB-2025 11:02:03)
HPCL,26,C,8,20/07/2021 00:00:00,DLNG, 	(27-FEB-2025 11:02:03)
HPCL,26,C,3,20/07/2021 00:00:00,DLNG, 	(27-FEB-2025 11:02:03)
HPCL,26,C,3,20/07/2021 00:00:00,DLNG, 	(27-FEB-2025 11:02:03)
HPCL,26,C,7,20/07/2021 00:00:00,DLNG, 	(27-FEB-2025 11:02:03)
HPCL,26,C,7,20/07/2021 00:00:00,DLNG, 	(27-FEB-2025 11:02:03)
HPCL,26,C,3,20/07/2021 00:00:00,DLNG, 	(27-FEB-2025 11:02:03)
HPCL,26,C,3,20/07/2021 00:00:00,DLNG, 	(27-FEB-2025 11:02:03)
HPCL,26,C,17,01/06/2024 00:00:00,DLNG, 	(27-FEB-2025 11:02:03)
HPCL,26,C,17,01/06/2024 00:00:00,DLNG, 	(27-FEB-2025 11:02:03)
HPCL,26,C,19,01/06/2024 00:00:00,DLNG, 	(27-FEB-2025 11:02:03)
HPCL,26,C,19,01/06/2024 00:00:00,DLNG, 	(27-FEB-2025 11:02:03)
HPCL,26,C,18,01/06/2024 00:00:00,DLNG, 	(27-FEB-2025 11:02:03)
HPCL,26,C,18,01/06/2024 00:00:00,DLNG, 	(27-FEB-2025 11:02:03)
JSW,27,C,1,25/11/2014 00:00:00,RLNG, 	(27-FEB-2025 11:02:03)
JSW,27,C,1,25/11/2014 00:00:00,RLNG, 	(27-FEB-2025 11:02:03)
JSW,27,C,1,25/11/2014 00:00:00,RLNG, 	(27-FEB-2025 11:02:03)
JSW,27,C,1,25/11/2014 00:00:00,RLNG, 	(27-FEB-2025 11:02:03)
JSW,27,C,2,25/11/2014 00:00:00,RLNG, 	(27-FEB-2025 11:02:03)
JSW,27,C,2,25/11/2014 00:00:00,RLNG, 	(27-FEB-2025 11:02:03)
JSW,27,C,2,25/11/2014 00:00:00,RLNG, 	(27-FEB-2025 11:02:03)
JSW,27,C,2,25/11/2014 00:00:00,RLNG, 	(27-FEB-2025 11:02:03)
JSW,27,C,1,25/11/2014 00:00:00,DLNG, 	(27-FEB-2025 11:02:03)
JSW,27,C,1,25/11/2014 00:00:00,DLNG, 	(27-FEB-2025 11:02:03)
JSW,27,C,1,25/11/2014 00:00:00,DLNG, 	(27-FEB-2025 11:02:03)
JSW,27,C,1,25/11/2014 00:00:00,DLNG, 	(27-FEB-2025 11:02:03)
JSW,27,C,2,25/11/2014 00:00:00,DLNG, 	(27-FEB-2025 11:02:03)
JSW,27,C,2,25/11/2014 00:00:00,DLNG, 	(27-FEB-2025 11:02:03)
JSW,27,C,2,25/11/2014 00:00:00,DLNG, 	(27-FEB-2025 11:02:03)
JSW,27,C,2,25/11/2014 00:00:00,DLNG, 	(27-FEB-2025 11:02:03)
BGL,28,C,1,28/07/2016 00:00:00,RLNG, 	(27-FEB-2025 11:02:03)
BGL,28,C,1,28/07/2016 00:00:00,RLNG, 	(27-FEB-2025 11:02:03)
BGL,28,C,1,28/07/2016 00:00:00,RLNG, 	(27-FEB-2025 11:02:03)
BGL,28,C,1,28/07/2016 00:00:00,RLNG, 	(27-FEB-2025 11:02:03)
BGL,28,C,1,28/07/2016 00:00:00,DLNG, 	(27-FEB-2025 11:02:03)
BGL,28,C,1,28/07/2016 00:00:00,DLNG, 	(27-FEB-2025 11:02:03)
BGL,28,C,1,28/07/2016 00:00:00,DLNG, 	(27-FEB-2025 11:02:03)
BGL,28,C,1,28/07/2016 00:00:00,DLNG, 	(27-FEB-2025 11:02:03)
GSFC,29,C,14,11/08/2016 00:00:00,RLNG, 	(27-FEB-2025 11:02:03)
GSFC,29,C,14,11/08/2016 00:00:00,RLNG, 	(27-FEB-2025 11:02:03)
GSFC,29,C,13,11/08/2016 00:00:00,RLNG, 	(27-FEB-2025 11:02:03)
GSFC,29,C,13,11/08/2016 00:00:00,RLNG, 	(27-FEB-2025 11:02:03)
GSFC,29,C,4,11/08/2016 00:00:00,RLNG, 	(27-FEB-2025 11:02:03)
GSFC,29,C,4,11/08/2016 00:00:00,RLNG, 	(27-FEB-2025 11:02:03)
GSFC,29,C,5,11/08/2016 00:00:00,RLNG, 	(27-FEB-2025 11:02:03)
GSFC,29,C,5,11/08/2016 00:00:00,RLNG, 	(27-FEB-2025 11:02:03)
GSFC,29,C,6,11/08/2016 00:00:00,RLNG, 	(27-FEB-2025 11:02:03)
GSFC,29,C,6,11/08/2016 00:00:00,RLNG, 	(27-FEB-2025 11:02:03)
GSFC,29,C,7,11/08/2016 00:00:00,RLNG, 	(27-FEB-2025 11:02:03)
GSFC,29,C,7,11/08/2016 00:00:00,RLNG, 	(27-FEB-2025 11:02:03)
GSFC,29,C,8,11/08/2016 00:00:00,RLNG, 	(27-FEB-2025 11:02:03)
GSFC,29,C,8,11/08/2016 00:00:00,RLNG, 	(27-FEB-2025 11:02:03)
GSFC,29,C,9,11/08/2016 00:00:00,RLNG, 	(27-FEB-2025 11:02:03)
GSFC,29,C,9,11/08/2016 00:00:00,RLNG, 	(27-FEB-2025 11:02:03)
GSFC,29,C,11,11/08/2016 00:00:00,RLNG, 	(27-FEB-2025 11:02:03)
GSFC,29,C,11,11/08/2016 00:00:00,RLNG, 	(27-FEB-2025 11:02:03)
GSFC,29,C,12,11/08/2016 00:00:00,RLNG, 	(27-FEB-2025 11:02:03)
GSFC,29,C,12,11/08/2016 00:00:00,RLNG, 	(27-FEB-2025 11:02:03)
GSFC,29,C,10,11/08/2016 00:00:00,RLNG, 	(27-FEB-2025 11:02:03)
GSFC,29,C,10,11/08/2016 00:00:00,RLNG, 	(27-FEB-2025 11:02:03)
GSFC,29,C,2,11/08/2016 00:00:00,RLNG, 	(27-FEB-2025 11:02:03)
GSFC,29,C,2,11/08/2016 00:00:00,RLNG, 	(27-FEB-2025 11:02:03)
GSFC,29,C,3,11/08/2016 00:00:00,RLNG, 	(27-FEB-2025 11:02:03)
GSFC,29,C,3,11/08/2016 00:00:00,RLNG, 	(27-FEB-2025 11:02:03)
GSFC,29,C,14,11/08/2016 00:00:00,DLNG, 	(27-FEB-2025 11:02:03)
GSFC,29,C,14,11/08/2016 00:00:00,DLNG, 	(27-FEB-2025 11:02:03)
GSFC,29,C,13,11/08/2016 00:00:00,DLNG, 	(27-FEB-2025 11:02:03)
GSFC,29,C,13,11/08/2016 00:00:00,DLNG, 	(27-FEB-2025 11:02:03)
GSFC,29,C,4,11/08/2016 00:00:00,DLNG, 	(27-FEB-2025 11:02:03)
GSFC,29,C,4,11/08/2016 00:00:00,DLNG, 	(27-FEB-2025 11:02:03)
GSFC,29,C,5,11/08/2016 00:00:00,DLNG, 	(27-FEB-2025 11:02:03)
GSFC,29,C,5,11/08/2016 00:00:00,DLNG, 	(27-FEB-2025 11:02:03)
GSFC,29,C,6,11/08/2016 00:00:00,DLNG, 	(27-FEB-2025 11:02:03)
GSFC,29,C,6,11/08/2016 00:00:00,DLNG, 	(27-FEB-2025 11:02:03)
GSFC,29,C,7,11/08/2016 00:00:00,DLNG, 	(27-FEB-2025 11:02:03)
GSFC,29,C,7,11/08/2016 00:00:00,DLNG, 	(27-FEB-2025 11:02:03)
GSFC,29,C,8,11/08/2016 00:00:00,DLNG, 	(27-FEB-2025 11:02:03)
GSFC,29,C,8,11/08/2016 00:00:00,DLNG, 	(27-FEB-2025 11:02:03)
GSFC,29,C,9,11/08/2016 00:00:00,DLNG, 	(27-FEB-2025 11:02:03)
GSFC,29,C,9,11/08/2016 00:00:00,DLNG, 	(27-FEB-2025 11:02:03)
GSFC,29,C,11,11/08/2016 00:00:00,DLNG, 	(27-FEB-2025 11:02:03)
GSFC,29,C,11,11/08/2016 00:00:00,DLNG, 	(27-FEB-2025 11:02:03)
GSFC,29,C,12,11/08/2016 00:00:00,DLNG, 	(27-FEB-2025 11:02:03)
GSFC,29,C,12,11/08/2016 00:00:00,DLNG, 	(27-FEB-2025 11:02:03)
GSFC,29,C,10,11/08/2016 00:00:00,DLNG, 	(27-FEB-2025 11:02:03)
GSFC,29,C,10,11/08/2016 00:00:00,DLNG, 	(27-FEB-2025 11:02:03)
GSFC,29,C,2,11/08/2016 00:00:00,DLNG, 	(27-FEB-2025 11:02:03)
GSFC,29,C,2,11/08/2016 00:00:00,DLNG, 	(27-FEB-2025 11:02:03)
GSFC,29,C,3,11/08/2016 00:00:00,DLNG, 	(27-FEB-2025 11:02:03)
GSFC,29,C,3,11/08/2016 00:00:00,DLNG, 	(27-FEB-2025 11:02:03)
H-Energy,30,C,2,14/11/2016 00:00:00,RLNG, 	(27-FEB-2025 11:02:03)
H-Energy,30,C,2,14/11/2016 00:00:00,RLNG, 	(27-FEB-2025 11:02:03)
H-Energy,30,C,3,14/11/2016 00:00:00,RLNG, 	(27-FEB-2025 11:02:03)
H-Energy,30,C,3,14/11/2016 00:00:00,RLNG, 	(27-FEB-2025 11:02:03)
H-Energy,30,C,1,14/11/2016 00:00:00,RLNG, 	(27-FEB-2025 11:02:03)
H-Energy,30,C,1,14/11/2016 00:00:00,RLNG, 	(27-FEB-2025 11:02:03)
H-Energy,30,C,2,14/11/2016 00:00:00,DLNG, 	(27-FEB-2025 11:02:03)
H-Energy,30,C,2,14/11/2016 00:00:00,DLNG, 	(27-FEB-2025 11:02:03)
H-Energy,30,C,3,14/11/2016 00:00:00,DLNG, 	(27-FEB-2025 11:02:03)
H-Energy,30,C,3,14/11/2016 00:00:00,DLNG, 	(27-FEB-2025 11:02:03)
H-Energy,30,C,1,14/11/2016 00:00:00,DLNG, 	(27-FEB-2025 11:02:03)
H-Energy,30,C,1,14/11/2016 00:00:00,DLNG, 	(27-FEB-2025 11:02:03)
SIMPL,31,C,2,14/11/2016 00:00:00,RLNG, 	(27-FEB-2025 11:02:03)
SIMPL,31,C,2,14/11/2016 00:00:00,RLNG, 	(27-FEB-2025 11:02:03)
SIMPL,31,C,2,14/11/2016 00:00:00,RLNG, 	(27-FEB-2025 11:02:03)
SIMPL,31,C,2,14/11/2016 00:00:00,RLNG, 	(27-FEB-2025 11:02:03)
SIMPL,31,C,1,14/11/2016 00:00:00,RLNG, 	(27-FEB-2025 11:02:03)
SIMPL,31,C,1,14/11/2016 00:00:00,RLNG, 	(27-FEB-2025 11:02:03)
SIMPL,31,C,1,14/11/2016 00:00:00,RLNG, 	(27-FEB-2025 11:02:03)
SIMPL,31,C,1,14/11/2016 00:00:00,RLNG, 	(27-FEB-2025 11:02:03)
SIMPL,31,C,2,14/11/2016 00:00:00,DLNG, 	(27-FEB-2025 11:02:03)
SIMPL,31,C,2,14/11/2016 00:00:00,DLNG, 	(27-FEB-2025 11:02:03)
SIMPL,31,C,2,14/11/2016 00:00:00,DLNG, 	(27-FEB-2025 11:02:03)
SIMPL,31,C,2,14/11/2016 00:00:00,DLNG, 	(27-FEB-2025 11:02:03)
SIMPL,31,C,1,14/11/2016 00:00:00,DLNG, 	(27-FEB-2025 11:02:03)
SIMPL,31,C,1,14/11/2016 00:00:00,DLNG, 	(27-FEB-2025 11:02:03)
SIMPL,31,C,1,14/11/2016 00:00:00,DLNG, 	(27-FEB-2025 11:02:03)
SIMPL,31,C,1,14/11/2016 00:00:00,DLNG, 	(27-FEB-2025 11:02:03)
ATGL,32,C,1,01/02/2024 00:00:00,RLNG, 	(27-FEB-2025 11:02:03)
ATGL,32,C,1,01/02/2024 00:00:00,RLNG, 	(27-FEB-2025 11:02:03)
ATGL,32,C,1,01/02/2024 00:00:00,RLNG, 	(27-FEB-2025 11:02:03)
ATGL,32,C,1,01/02/2024 00:00:00,RLNG, 	(27-FEB-2025 11:02:03)
ATGL,32,C,4,15/02/2024 00:00:00,RLNG, 	(27-FEB-2025 11:02:03)
ATGL,32,C,4,15/02/2024 00:00:00,RLNG, 	(27-FEB-2025 11:02:03)
ATGL,32,C,4,15/02/2024 00:00:00,RLNG, 	(27-FEB-2025 11:02:03)
ATGL,32,C,4,15/02/2024 00:00:00,RLNG, 	(27-FEB-2025 11:02:03)
ATGL,32,C,3,15/02/2024 00:00:00,RLNG, 	(27-FEB-2025 11:02:03)
ATGL,32,C,3,15/02/2024 00:00:00,RLNG, 	(27-FEB-2025 11:02:03)
ATGL,32,C,3,15/02/2024 00:00:00,RLNG, 	(27-FEB-2025 11:02:03)
ATGL,32,C,3,15/02/2024 00:00:00,RLNG, 	(27-FEB-2025 11:02:03)
ATGL,32,C,2,15/02/2024 00:00:00,RLNG, 	(27-FEB-2025 11:02:03)
ATGL,32,C,2,15/02/2024 00:00:00,RLNG, 	(27-FEB-2025 11:02:03)
ATGL,32,C,2,15/02/2024 00:00:00,RLNG, 	(27-FEB-2025 11:02:03)
ATGL,32,C,2,15/02/2024 00:00:00,RLNG, 	(27-FEB-2025 11:02:03)
ATGL,32,C,5,01/02/2024 00:00:00,RLNG, 	(27-FEB-2025 11:02:03)
ATGL,32,C,5,22/02/2024 00:00:00,RLNG, 	(27-FEB-2025 11:02:03)
ATGL,32,C,5,22/02/2024 00:00:00,RLNG, 	(27-FEB-2025 11:02:03)
ATGL,32,C,5,01/02/2024 00:00:00,RLNG, 	(27-FEB-2025 11:02:03)
ATGL,32,C,5,01/02/2024 00:00:00,RLNG, 	(27-FEB-2025 11:02:03)
ATGL,32,C,5,01/02/2024 00:00:00,RLNG, 	(27-FEB-2025 11:02:03)
ATGL,32,C,5,22/02/2024 00:00:00,RLNG, 	(27-FEB-2025 11:02:03)
ATGL,32,C,5,22/02/2024 00:00:00,RLNG, 	(27-FEB-2025 11:02:03)
ATGL,32,C,1,01/02/2024 00:00:00,DLNG, 	(27-FEB-2025 11:02:03)
ATGL,32,C,1,01/02/2024 00:00:00,DLNG, 	(27-FEB-2025 11:02:03)
ATGL,32,C,1,01/02/2024 00:00:00,DLNG, 	(27-FEB-2025 11:02:03)
ATGL,32,C,1,01/02/2024 00:00:00,DLNG, 	(27-FEB-2025 11:02:03)
ATGL,32,C,4,15/02/2024 00:00:00,DLNG, 	(27-FEB-2025 11:02:03)
ATGL,32,C,4,15/02/2024 00:00:00,DLNG, 	(27-FEB-2025 11:02:03)
ATGL,32,C,4,15/02/2024 00:00:00,DLNG, 	(27-FEB-2025 11:02:03)
ATGL,32,C,4,15/02/2024 00:00:00,DLNG, 	(27-FEB-2025 11:02:03)
ATGL,32,C,3,15/02/2024 00:00:00,DLNG, 	(27-FEB-2025 11:02:03)
ATGL,32,C,3,15/02/2024 00:00:00,DLNG, 	(27-FEB-2025 11:02:03)
ATGL,32,C,3,15/02/2024 00:00:00,DLNG, 	(27-FEB-2025 11:02:03)
ATGL,32,C,3,15/02/2024 00:00:00,DLNG, 	(27-FEB-2025 11:02:03)
ATGL,32,C,2,15/02/2024 00:00:00,DLNG, 	(27-FEB-2025 11:02:03)
ATGL,32,C,2,15/02/2024 00:00:00,DLNG, 	(27-FEB-2025 11:02:03)
ATGL,32,C,2,15/02/2024 00:00:00,DLNG, 	(27-FEB-2025 11:02:03)
ATGL,32,C,2,15/02/2024 00:00:00,DLNG, 	(27-FEB-2025 11:02:03)
ATGL,32,C,5,01/02/2024 00:00:00,DLNG, 	(27-FEB-2025 11:02:03)
ATGL,32,C,5,22/02/2024 00:00:00,DLNG, 	(27-FEB-2025 11:02:03)
ATGL,32,C,5,22/02/2024 00:00:00,DLNG, 	(27-FEB-2025 11:02:03)
ATGL,32,C,5,01/02/2024 00:00:00,DLNG, 	(27-FEB-2025 11:02:03)
ATGL,32,C,5,01/02/2024 00:00:00,DLNG, 	(27-FEB-2025 11:02:03)
ATGL,32,C,5,01/02/2024 00:00:00,DLNG, 	(27-FEB-2025 11:02:03)
ATGL,32,C,5,22/02/2024 00:00:00,DLNG, 	(27-FEB-2025 11:02:03)
ATGL,32,C,5,22/02/2024 00:00:00,DLNG, 	(27-FEB-2025 11:02:03)
AMNS,33,C,3,09/03/2017 00:00:00,RLNG, 	(27-FEB-2025 11:02:03)
AMNS,33,C,3,09/03/2017 00:00:00,RLNG, 	(27-FEB-2025 11:02:03)
AMNS,33,C,4,01/12/2023 00:00:00,RLNG, 	(27-FEB-2025 11:02:03)
AMNS,33,C,4,01/12/2023 00:00:00,RLNG, 	(27-FEB-2025 11:02:03)
AMNS,33,C,21,01/12/2023 00:00:00,RLNG, 	(27-FEB-2025 11:02:03)
AMNS,33,C,21,01/12/2023 00:00:00,RLNG, 	(27-FEB-2025 11:02:03)
AMNS,33,C,12,01/07/2021 00:00:00,RLNG, 	(27-FEB-2025 11:02:03)
AMNS,33,C,12,01/07/2021 00:00:00,RLNG, 	(27-FEB-2025 11:02:03)
AMNS,33,C,4,01/12/2023 00:00:00,RLNG, 	(27-FEB-2025 11:02:03)
AMNS,33,C,4,01/12/2023 00:00:00,RLNG, 	(27-FEB-2025 11:02:03)
AMNS,33,C,4,09/03/2017 00:00:00,RLNG, 	(27-FEB-2025 11:02:03)
AMNS,33,C,4,09/03/2017 00:00:00,RLNG, 	(27-FEB-2025 11:02:03)
AMNS,33,C,8,01/07/2021 00:00:00,RLNG, 	(27-FEB-2025 11:02:03)
AMNS,33,C,8,01/07/2021 00:00:00,RLNG, 	(27-FEB-2025 11:02:03)
AMNS,33,C,7,01/07/2021 00:00:00,RLNG, 	(27-FEB-2025 11:02:03)
AMNS,33,C,7,01/07/2021 00:00:00,RLNG, 	(27-FEB-2025 11:02:03)
AMNS,33,C,10,01/07/2021 00:00:00,RLNG, 	(27-FEB-2025 11:02:03)
AMNS,33,C,10,01/07/2021 00:00:00,RLNG, 	(27-FEB-2025 11:02:03)
AMNS,33,C,6,01/07/2021 00:00:00,RLNG, 	(27-FEB-2025 11:02:03)
AMNS,33,C,6,01/07/2021 00:00:00,RLNG, 	(27-FEB-2025 11:02:03)
AMNS,33,C,5,01/07/2021 00:00:00,RLNG, 	(27-FEB-2025 11:02:03)
AMNS,33,C,5,01/07/2021 00:00:00,RLNG, 	(27-FEB-2025 11:02:03)
AMNS,33,C,9,01/07/2021 00:00:00,RLNG, 	(27-FEB-2025 11:02:03)
AMNS,33,C,9,01/07/2021 00:00:00,RLNG, 	(27-FEB-2025 11:02:03)
AMNS,33,C,4,01/12/2023 00:00:00,RLNG, 	(27-FEB-2025 11:02:03)
AMNS,33,C,4,01/12/2023 00:00:00,RLNG, 	(27-FEB-2025 11:02:03)
AMNS,33,C,11,01/07/2021 00:00:00,RLNG, 	(27-FEB-2025 11:02:03)
AMNS,33,C,11,01/07/2021 00:00:00,RLNG, 	(27-FEB-2025 11:02:03)
AMNS,33,C,13,29/09/2022 00:00:00,RLNG, 	(27-FEB-2025 11:02:03)
AMNS,33,C,13,29/09/2022 00:00:00,RLNG, 	(27-FEB-2025 11:02:03)
AMNS,33,C,23,14/01/2025 00:00:00,RLNG, 	(27-FEB-2025 11:02:03)
AMNS,33,C,23,14/01/2025 00:00:00,RLNG, 	(27-FEB-2025 11:02:03)
AMNS,33,C,4,01/12/2023 00:00:00,RLNG, 	(27-FEB-2025 11:02:03)
AMNS,33,C,4,01/12/2023 00:00:00,RLNG, 	(27-FEB-2025 11:02:03)
AMNS,33,C,1,01/12/2023 00:00:00,RLNG, 	(27-FEB-2025 11:02:03)
AMNS,33,C,1,01/12/2023 00:00:00,RLNG, 	(27-FEB-2025 11:02:03)
AMNS,33,C,14,01/10/2022 00:00:00,RLNG, 	(27-FEB-2025 11:02:03)
AMNS,33,C,14,01/10/2022 00:00:00,RLNG, 	(27-FEB-2025 11:02:03)
AMNS,33,C,1,01/12/2023 00:00:00,RLNG, 	(27-FEB-2025 11:02:03)
AMNS,33,C,1,01/12/2023 00:00:00,RLNG, 	(27-FEB-2025 11:02:03)
AMNS,33,C,24,14/01/2025 00:00:00,RLNG, 	(27-FEB-2025 11:02:03)
AMNS,33,C,24,01/02/2025 00:00:00,RLNG, 	(27-FEB-2025 11:02:03)
AMNS,33,C,24,14/01/2025 00:00:00,RLNG, 	(27-FEB-2025 11:02:03)
AMNS,33,C,24,01/02/2025 00:00:00,RLNG, 	(27-FEB-2025 11:02:03)
AMNS,33,C,2,01/12/2023 00:00:00,RLNG, 	(27-FEB-2025 11:02:03)
AMNS,33,C,2,01/12/2023 00:00:00,RLNG, 	(27-FEB-2025 11:02:03)
AMNS,33,C,1,01/12/2023 00:00:00,RLNG, 	(27-FEB-2025 11:02:03)
AMNS,33,C,1,01/12/2023 00:00:00,RLNG, 	(27-FEB-2025 11:02:03)
AMNS,33,C,25,01/02/2025 00:00:00,RLNG, 	(27-FEB-2025 11:02:03)
AMNS,33,C,25,01/02/2025 00:00:00,RLNG, 	(27-FEB-2025 11:02:03)
AMNS,33,C,15,01/01/2023 00:00:00,RLNG, 	(27-FEB-2025 11:02:03)
AMNS,33,C,15,01/01/2023 00:00:00,RLNG, 	(27-FEB-2025 11:02:03)
AMNS,33,C,1,01/12/2023 00:00:00,RLNG, 	(27-FEB-2025 11:02:03)
AMNS,33,C,1,01/12/2023 00:00:00,RLNG, 	(27-FEB-2025 11:02:03)
AMNS,33,C,3,09/03/2017 00:00:00,DLNG, 	(27-FEB-2025 11:02:03)
AMNS,33,C,3,09/03/2017 00:00:00,DLNG, 	(27-FEB-2025 11:02:03)
AMNS,33,C,4,01/12/2023 00:00:00,DLNG, 	(27-FEB-2025 11:02:03)
AMNS,33,C,4,01/12/2023 00:00:00,DLNG, 	(27-FEB-2025 11:02:03)
AMNS,33,C,21,01/12/2023 00:00:00,DLNG, 	(27-FEB-2025 11:02:03)
AMNS,33,C,21,01/12/2023 00:00:00,DLNG, 	(27-FEB-2025 11:02:03)
AMNS,33,C,12,01/07/2021 00:00:00,DLNG, 	(27-FEB-2025 11:02:03)
AMNS,33,C,12,01/07/2021 00:00:00,DLNG, 	(27-FEB-2025 11:02:03)
AMNS,33,C,4,01/12/2023 00:00:00,DLNG, 	(27-FEB-2025 11:02:03)
AMNS,33,C,4,01/12/2023 00:00:00,DLNG, 	(27-FEB-2025 11:02:03)
AMNS,33,C,4,09/03/2017 00:00:00,DLNG, 	(27-FEB-2025 11:02:03)
AMNS,33,C,4,09/03/2017 00:00:00,DLNG, 	(27-FEB-2025 11:02:03)
AMNS,33,C,8,01/07/2021 00:00:00,DLNG, 	(27-FEB-2025 11:02:03)
AMNS,33,C,8,01/07/2021 00:00:00,DLNG, 	(27-FEB-2025 11:02:03)
AMNS,33,C,7,01/07/2021 00:00:00,DLNG, 	(27-FEB-2025 11:02:03)
AMNS,33,C,7,01/07/2021 00:00:00,DLNG, 	(27-FEB-2025 11:02:03)
AMNS,33,C,10,01/07/2021 00:00:00,DLNG, 	(27-FEB-2025 11:02:03)
AMNS,33,C,10,01/07/2021 00:00:00,DLNG, 	(27-FEB-2025 11:02:03)
AMNS,33,C,6,01/07/2021 00:00:00,DLNG, 	(27-FEB-2025 11:02:03)
AMNS,33,C,6,01/07/2021 00:00:00,DLNG, 	(27-FEB-2025 11:02:03)
AMNS,33,C,5,01/07/2021 00:00:00,DLNG, 	(27-FEB-2025 11:02:03)
AMNS,33,C,5,01/07/2021 00:00:00,DLNG, 	(27-FEB-2025 11:02:03)
AMNS,33,C,9,01/07/2021 00:00:00,DLNG, 	(27-FEB-2025 11:02:03)
AMNS,33,C,9,01/07/2021 00:00:00,DLNG, 	(27-FEB-2025 11:02:03)
AMNS,33,C,4,01/12/2023 00:00:00,DLNG, 	(27-FEB-2025 11:02:03)
AMNS,33,C,4,01/12/2023 00:00:00,DLNG, 	(27-FEB-2025 11:02:03)
AMNS,33,C,11,01/07/2021 00:00:00,DLNG, 	(27-FEB-2025 11:02:03)
AMNS,33,C,11,01/07/2021 00:00:00,DLNG, 	(27-FEB-2025 11:02:03)
AMNS,33,C,13,29/09/2022 00:00:00,DLNG, 	(27-FEB-2025 11:02:03)
AMNS,33,C,13,29/09/2022 00:00:00,DLNG, 	(27-FEB-2025 11:02:03)
AMNS,33,C,23,14/01/2025 00:00:00,DLNG, 	(27-FEB-2025 11:02:03)
AMNS,33,C,23,14/01/2025 00:00:00,DLNG, 	(27-FEB-2025 11:02:03)
AMNS,33,C,4,01/12/2023 00:00:00,DLNG, 	(27-FEB-2025 11:02:03)
AMNS,33,C,4,01/12/2023 00:00:00,DLNG, 	(27-FEB-2025 11:02:03)
AMNS,33,C,1,01/12/2023 00:00:00,DLNG, 	(27-FEB-2025 11:02:03)
AMNS,33,C,1,01/12/2023 00:00:00,DLNG, 	(27-FEB-2025 11:02:03)
AMNS,33,C,14,01/10/2022 00:00:00,DLNG, 	(27-FEB-2025 11:02:03)
AMNS,33,C,14,01/10/2022 00:00:00,DLNG, 	(27-FEB-2025 11:02:03)
AMNS,33,C,1,01/12/2023 00:00:00,DLNG, 	(27-FEB-2025 11:02:03)
AMNS,33,C,1,01/12/2023 00:00:00,DLNG, 	(27-FEB-2025 11:02:03)
AMNS,33,C,24,14/01/2025 00:00:00,DLNG, 	(27-FEB-2025 11:02:03)
AMNS,33,C,24,01/02/2025 00:00:00,DLNG, 	(27-FEB-2025 11:02:03)
AMNS,33,C,24,14/01/2025 00:00:00,DLNG, 	(27-FEB-2025 11:02:03)
AMNS,33,C,24,01/02/2025 00:00:00,DLNG, 	(27-FEB-2025 11:02:03)
AMNS,33,C,2,01/12/2023 00:00:00,DLNG, 	(27-FEB-2025 11:02:03)
AMNS,33,C,2,01/12/2023 00:00:00,DLNG, 	(27-FEB-2025 11:02:03)
AMNS,33,C,1,01/12/2023 00:00:00,DLNG, 	(27-FEB-2025 11:02:03)
AMNS,33,C,1,01/12/2023 00:00:00,DLNG, 	(27-FEB-2025 11:02:03)
AMNS,33,C,25,01/02/2025 00:00:00,DLNG, 	(27-FEB-2025 11:02:03)
AMNS,33,C,25,01/02/2025 00:00:00,DLNG, 	(27-FEB-2025 11:02:03)
AMNS,33,C,15,01/01/2023 00:00:00,DLNG, 	(27-FEB-2025 11:02:03)
AMNS,33,C,15,01/01/2023 00:00:00,DLNG, 	(27-FEB-2025 11:02:03)
AMNS,33,C,1,01/12/2023 00:00:00,DLNG, 	(27-FEB-2025 11:02:03)
AMNS,33,C,1,01/12/2023 00:00:00,DLNG, 	(27-FEB-2025 11:02:03)
SEMTPL,34,C,7,01/06/2023 00:00:00,RLNG, 	(27-FEB-2025 11:02:03)
SEMTPL,34,C,7,01/06/2023 00:00:00,RLNG, 	(27-FEB-2025 11:02:03)
SEMTPL,34,C,13,01/07/2023 00:00:00,RLNG, 	(27-FEB-2025 11:02:03)
SEMTPL,34,C,13,01/07/2023 00:00:00,RLNG, 	(27-FEB-2025 11:02:03)
SEMTPL,34,C,9,01/07/2023 00:00:00,RLNG, 	(27-FEB-2025 11:02:03)
SEMTPL,34,C,9,01/07/2023 00:00:00,RLNG, 	(27-FEB-2025 11:02:03)
SEMTPL,34,C,15,01/07/2023 00:00:00,RLNG, 	(27-FEB-2025 11:02:03)
SEMTPL,34,C,15,01/07/2023 00:00:00,RLNG, 	(27-FEB-2025 11:02:03)
SEMTPL,34,C,2,28/07/2017 00:00:00,RLNG, 	(27-FEB-2025 11:02:03)
SEMTPL,34,C,2,28/07/2017 00:00:00,RLNG, 	(27-FEB-2025 11:02:03)
SEMTPL,34,C,3,28/07/2018 00:00:00,RLNG, 	(27-FEB-2025 11:02:03)
SEMTPL,34,C,3,28/07/2018 00:00:00,RLNG, 	(27-FEB-2025 11:02:03)
SEMTPL,34,C,8,28/07/2017 00:00:00,RLNG, 	(27-FEB-2025 11:02:03)
SEMTPL,34,C,8,28/07/2017 00:00:00,RLNG, 	(27-FEB-2025 11:02:03)
SEMTPL,34,C,4,28/07/2017 00:00:00,RLNG, 	(27-FEB-2025 11:02:03)
SEMTPL,34,C,4,28/07/2017 00:00:00,RLNG, 	(27-FEB-2025 11:02:03)
SEMTPL,34,C,6,01/05/2023 00:00:00,RLNG, 	(27-FEB-2025 11:02:03)
SEMTPL,34,C,6,01/05/2023 00:00:00,RLNG, 	(27-FEB-2025 11:02:03)
SEMTPL,34,C,7,01/06/2023 00:00:00,DLNG, 	(27-FEB-2025 11:02:03)
SEMTPL,34,C,7,01/06/2023 00:00:00,DLNG, 	(27-FEB-2025 11:02:03)
SEMTPL,34,C,13,01/07/2023 00:00:00,DLNG, 	(27-FEB-2025 11:02:03)
SEMTPL,34,C,13,01/07/2023 00:00:00,DLNG, 	(27-FEB-2025 11:02:03)
SEMTPL,34,C,9,01/07/2023 00:00:00,DLNG, 	(27-FEB-2025 11:02:03)
SEMTPL,34,C,9,01/07/2023 00:00:00,DLNG, 	(27-FEB-2025 11:02:03)
SEMTPL,34,C,15,01/07/2023 00:00:00,DLNG, 	(27-FEB-2025 11:02:03)
SEMTPL,34,C,15,01/07/2023 00:00:00,DLNG, 	(27-FEB-2025 11:02:03)
SEMTPL,34,C,2,28/07/2017 00:00:00,DLNG, 	(27-FEB-2025 11:02:03)
SEMTPL,34,C,2,28/07/2017 00:00:00,DLNG, 	(27-FEB-2025 11:02:03)
SEMTPL,34,C,3,28/07/2018 00:00:00,DLNG, 	(27-FEB-2025 11:02:03)
SEMTPL,34,C,3,28/07/2018 00:00:00,DLNG, 	(27-FEB-2025 11:02:03)
SEMTPL,34,C,8,28/07/2017 00:00:00,DLNG, 	(27-FEB-2025 11:02:03)
SEMTPL,34,C,8,28/07/2017 00:00:00,DLNG, 	(27-FEB-2025 11:02:03)
SEMTPL,34,C,4,28/07/2017 00:00:00,DLNG, 	(27-FEB-2025 11:02:03)
SEMTPL,34,C,4,28/07/2017 00:00:00,DLNG, 	(27-FEB-2025 11:02:03)
SEMTPL,34,C,6,01/05/2023 00:00:00,DLNG, 	(27-FEB-2025 11:02:03)
SEMTPL,34,C,6,01/05/2023 00:00:00,DLNG, 	(27-FEB-2025 11:02:03)
SGIPL,35,C,8,28/11/2017 00:00:00,RLNG, 	(27-FEB-2025 11:02:03)
SGIPL,35,C,8,28/11/2017 00:00:00,RLNG, 	(27-FEB-2025 11:02:03)
SGIPL,35,C,9,30/06/2022 00:00:00,RLNG, 	(27-FEB-2025 11:02:03)
SGIPL,35,C,9,30/06/2022 00:00:00,RLNG, 	(27-FEB-2025 11:02:03)
SGIPL,35,C,5,01/07/2022 00:00:00,RLNG, 	(27-FEB-2025 11:02:03)
SGIPL,35,C,5,01/07/2022 00:00:00,RLNG, 	(27-FEB-2025 11:02:03)
SGIPL,35,C,12,28/02/2022 00:00:00,RLNG, 	(27-FEB-2025 11:02:03)
SGIPL,35,C,12,28/02/2022 00:00:00,RLNG, 	(27-FEB-2025 11:02:03)
SGIPL,35,C,10,28/11/2017 00:00:00,RLNG, 	(27-FEB-2025 11:02:03)
SGIPL,35,C,10,28/11/2017 00:00:00,RLNG, 	(27-FEB-2025 11:02:03)
SGIPL,35,C,2,28/11/2017 00:00:00,RLNG, 	(27-FEB-2025 11:02:03)
SGIPL,35,C,2,28/11/2017 00:00:00,RLNG, 	(27-FEB-2025 11:02:03)
SGIPL,35,C,4,28/11/2017 00:00:00,RLNG, 	(27-FEB-2025 11:02:03)
SGIPL,35,C,4,28/11/2017 00:00:00,RLNG, 	(27-FEB-2025 11:02:03)
SGIPL,35,C,6,01/04/2024 00:00:00,RLNG, 	(27-FEB-2025 11:02:03)
SGIPL,35,C,6,07/04/2024 00:00:00,RLNG, 	(27-FEB-2025 11:02:03)
SGIPL,35,C,6,07/04/2024 00:00:00,RLNG, 	(27-FEB-2025 11:02:03)
SGIPL,35,C,6,01/04/2024 00:00:00,RLNG, 	(27-FEB-2025 11:02:03)
SGIPL,35,C,5,28/11/2017 00:00:00,RLNG, 	(27-FEB-2025 11:02:03)
SGIPL,35,C,5,28/11/2017 00:00:00,RLNG, 	(27-FEB-2025 11:02:03)
SGIPL,35,C,6,28/11/2017 00:00:00,RLNG, 	(27-FEB-2025 11:02:03)
SGIPL,35,C,6,28/11/2017 00:00:00,RLNG, 	(27-FEB-2025 11:02:03)
SGIPL,35,C,6,01/04/2024 00:00:00,RLNG, 	(27-FEB-2025 11:02:03)
SGIPL,35,C,6,01/04/2024 00:00:00,RLNG, 	(27-FEB-2025 11:02:03)
SGIPL,35,C,1,28/11/2017 00:00:00,RLNG, 	(27-FEB-2025 11:02:03)
SGIPL,35,C,1,28/11/2017 00:00:00,RLNG, 	(27-FEB-2025 11:02:03)
SGIPL,35,C,11,01/03/2021 00:00:00,RLNG, 	(27-FEB-2025 11:02:03)
SGIPL,35,C,11,01/03/2021 00:00:00,RLNG, 	(27-FEB-2025 11:02:03)
SGIPL,35,C,6,01/04/2024 00:00:00,RLNG, 	(27-FEB-2025 11:02:03)
SGIPL,35,C,6,01/04/2024 00:00:00,RLNG, 	(27-FEB-2025 11:02:03)
SGIPL,35,C,7,28/11/2017 00:00:00,RLNG, 	(27-FEB-2025 11:02:03)
SGIPL,35,C,7,28/11/2017 00:00:00,RLNG, 	(27-FEB-2025 11:02:03)
SGIPL,35,C,8,28/11/2017 00:00:00,DLNG, 	(27-FEB-2025 11:02:03)
SGIPL,35,C,8,28/11/2017 00:00:00,DLNG, 	(27-FEB-2025 11:02:03)
SGIPL,35,C,9,30/06/2022 00:00:00,DLNG, 	(27-FEB-2025 11:02:03)
SGIPL,35,C,9,30/06/2022 00:00:00,DLNG, 	(27-FEB-2025 11:02:03)
SGIPL,35,C,5,01/07/2022 00:00:00,DLNG, 	(27-FEB-2025 11:02:03)
SGIPL,35,C,5,01/07/2022 00:00:00,DLNG, 	(27-FEB-2025 11:02:03)
SGIPL,35,C,12,28/02/2022 00:00:00,DLNG, 	(27-FEB-2025 11:02:03)
SGIPL,35,C,12,28/02/2022 00:00:00,DLNG, 	(27-FEB-2025 11:02:03)
SGIPL,35,C,10,28/11/2017 00:00:00,DLNG, 	(27-FEB-2025 11:02:03)
SGIPL,35,C,10,28/11/2017 00:00:00,DLNG, 	(27-FEB-2025 11:02:03)
SGIPL,35,C,2,28/11/2017 00:00:00,DLNG, 	(27-FEB-2025 11:02:03)
SGIPL,35,C,2,28/11/2017 00:00:00,DLNG, 	(27-FEB-2025 11:02:03)
SGIPL,35,C,4,28/11/2017 00:00:00,DLNG, 	(27-FEB-2025 11:02:03)
SGIPL,35,C,4,28/11/2017 00:00:00,DLNG, 	(27-FEB-2025 11:02:03)
SGIPL,35,C,6,01/04/2024 00:00:00,DLNG, 	(27-FEB-2025 11:02:03)
SGIPL,35,C,6,07/04/2024 00:00:00,DLNG, 	(27-FEB-2025 11:02:03)
SGIPL,35,C,6,07/04/2024 00:00:00,DLNG, 	(27-FEB-2025 11:02:03)
SGIPL,35,C,6,01/04/2024 00:00:00,DLNG, 	(27-FEB-2025 11:02:03)
SGIPL,35,C,5,28/11/2017 00:00:00,DLNG, 	(27-FEB-2025 11:02:03)
SGIPL,35,C,5,28/11/2017 00:00:00,DLNG, 	(27-FEB-2025 11:02:03)
SGIPL,35,C,6,28/11/2017 00:00:00,DLNG, 	(27-FEB-2025 11:02:03)
SGIPL,35,C,6,28/11/2017 00:00:00,DLNG, 	(27-FEB-2025 11:02:03)
SGIPL,35,C,6,01/04/2024 00:00:00,DLNG, 	(27-FEB-2025 11:02:03)
SGIPL,35,C,6,01/04/2024 00:00:00,DLNG, 	(27-FEB-2025 11:02:03)
SGIPL,35,C,1,28/11/2017 00:00:00,DLNG, 	(27-FEB-2025 11:02:03)
SGIPL,35,C,1,28/11/2017 00:00:00,DLNG, 	(27-FEB-2025 11:02:03)
SGIPL,35,C,11,01/03/2021 00:00:00,DLNG, 	(27-FEB-2025 11:02:03)
SGIPL,35,C,11,01/03/2021 00:00:00,DLNG, 	(27-FEB-2025 11:02:03)
SGIPL,35,C,6,01/04/2024 00:00:00,DLNG, 	(27-FEB-2025 11:02:03)
SGIPL,35,C,6,01/04/2024 00:00:00,DLNG, 	(27-FEB-2025 11:02:03)
SGIPL,35,C,7,28/11/2017 00:00:00,DLNG, 	(27-FEB-2025 11:02:03)
SGIPL,35,C,7,28/11/2017 00:00:00,DLNG, 	(27-FEB-2025 11:02:03)
VGL,36,C,3,03/07/2019 00:00:00,RLNG, 	(27-FEB-2025 11:02:03)
VGL,36,C,3,03/07/2019 00:00:00,RLNG, 	(27-FEB-2025 11:02:03)
VGL,36,C,4,01/01/2024 00:00:00,RLNG, 	(27-FEB-2025 11:02:03)
VGL,36,C,4,01/01/2024 00:00:00,RLNG, 	(27-FEB-2025 11:02:03)
VGL,36,C,5,01/01/2024 00:00:00,RLNG, 	(27-FEB-2025 11:02:03)
VGL,36,C,5,01/01/2024 00:00:00,RLNG, 	(27-FEB-2025 11:02:03)
VGL,36,C,3,03/07/2019 00:00:00,DLNG, 	(27-FEB-2025 11:02:03)
VGL,36,C,3,03/07/2019 00:00:00,DLNG, 	(27-FEB-2025 11:02:03)
VGL,36,C,4,01/01/2024 00:00:00,DLNG, 	(27-FEB-2025 11:02:04)
VGL,36,C,4,01/01/2024 00:00:00,DLNG, 	(27-FEB-2025 11:02:04)
VGL,36,C,5,01/01/2024 00:00:00,DLNG, 	(27-FEB-2025 11:02:04)
VGL,36,C,5,01/01/2024 00:00:00,DLNG, 	(27-FEB-2025 11:02:04)
PGPGPL,37,C,4,04/10/2019 00:00:00,RLNG, 	(27-FEB-2025 11:02:04)
PGPGPL,37,C,4,04/10/2019 00:00:00,RLNG, 	(27-FEB-2025 11:02:04)
PGPGPL,37,C,4,04/10/2019 00:00:00,RLNG, 	(27-FEB-2025 11:02:04)
PGPGPL,37,C,4,04/10/2019 00:00:00,RLNG, 	(27-FEB-2025 11:02:04)
PGPGPL,37,C,4,04/10/2019 00:00:00,RLNG, 	(27-FEB-2025 11:02:04)
PGPGPL,37,C,4,04/10/2019 00:00:00,RLNG, 	(27-FEB-2025 11:02:04)
PGPGPL,37,C,3,04/10/2019 00:00:00,RLNG, 	(27-FEB-2025 11:02:04)
PGPGPL,37,C,3,04/10/2019 00:00:00,RLNG, 	(27-FEB-2025 11:02:04)
PGPGPL,37,C,3,04/10/2019 00:00:00,RLNG, 	(27-FEB-2025 11:02:04)
PGPGPL,37,C,3,04/10/2019 00:00:00,RLNG, 	(27-FEB-2025 11:02:04)
PGPGPL,37,C,3,04/10/2019 00:00:00,RLNG, 	(27-FEB-2025 11:02:04)
PGPGPL,37,C,3,04/10/2019 00:00:00,RLNG, 	(27-FEB-2025 11:02:04)
PGPGPL,37,C,7,04/10/2019 00:00:00,RLNG, 	(27-FEB-2025 11:02:04)
PGPGPL,37,C,7,04/10/2019 00:00:00,RLNG, 	(27-FEB-2025 11:02:04)
PGPGPL,37,C,7,04/10/2019 00:00:00,RLNG, 	(27-FEB-2025 11:02:04)
PGPGPL,37,C,7,04/10/2019 00:00:00,RLNG, 	(27-FEB-2025 11:02:04)
PGPGPL,37,C,7,04/10/2019 00:00:00,RLNG, 	(27-FEB-2025 11:02:04)
PGPGPL,37,C,7,04/10/2019 00:00:00,RLNG, 	(27-FEB-2025 11:02:04)
PGPGPL,37,C,12,01/02/2025 00:00:00,RLNG, 	(27-FEB-2025 11:02:04)
PGPGPL,37,C,12,01/02/2025 00:00:00,RLNG, 	(27-FEB-2025 11:02:04)
PGPGPL,37,C,12,01/02/2025 00:00:00,RLNG, 	(27-FEB-2025 11:02:04)
PGPGPL,37,C,12,01/02/2025 00:00:00,RLNG, 	(27-FEB-2025 11:02:04)
PGPGPL,37,C,12,01/02/2025 00:00:00,RLNG, 	(27-FEB-2025 11:02:04)
PGPGPL,37,C,12,01/02/2025 00:00:00,RLNG, 	(27-FEB-2025 11:02:04)
PGPGPL,37,C,10,04/10/2019 00:00:00,RLNG, 	(27-FEB-2025 11:02:04)
PGPGPL,37,C,10,04/10/2019 00:00:00,RLNG, 	(27-FEB-2025 11:02:04)
PGPGPL,37,C,10,04/10/2019 00:00:00,RLNG, 	(27-FEB-2025 11:02:04)
PGPGPL,37,C,10,04/10/2019 00:00:00,RLNG, 	(27-FEB-2025 11:02:04)
PGPGPL,37,C,10,04/10/2019 00:00:00,RLNG, 	(27-FEB-2025 11:02:04)
PGPGPL,37,C,10,04/10/2019 00:00:00,RLNG, 	(27-FEB-2025 11:02:04)
PGPGPL,37,C,8,04/10/2019 00:00:00,RLNG, 	(27-FEB-2025 11:02:04)
PGPGPL,37,C,8,04/10/2019 00:00:00,RLNG, 	(27-FEB-2025 11:02:04)
PGPGPL,37,C,8,04/10/2019 00:00:00,RLNG, 	(27-FEB-2025 11:02:04)
PGPGPL,37,C,8,04/10/2019 00:00:00,RLNG, 	(27-FEB-2025 11:02:04)
PGPGPL,37,C,8,04/10/2019 00:00:00,RLNG, 	(27-FEB-2025 11:02:04)
PGPGPL,37,C,8,04/10/2019 00:00:00,RLNG, 	(27-FEB-2025 11:02:04)
PGPGPL,37,C,11,04/10/2019 00:00:00,RLNG, 	(27-FEB-2025 11:02:04)
PGPGPL,37,C,11,04/10/2019 00:00:00,RLNG, 	(27-FEB-2025 11:02:04)
PGPGPL,37,C,11,04/10/2019 00:00:00,RLNG, 	(27-FEB-2025 11:02:04)
PGPGPL,37,C,11,04/10/2019 00:00:00,RLNG, 	(27-FEB-2025 11:02:04)
PGPGPL,37,C,11,04/10/2019 00:00:00,RLNG, 	(27-FEB-2025 11:02:04)
PGPGPL,37,C,11,04/10/2019 00:00:00,RLNG, 	(27-FEB-2025 11:02:04)
PGPGPL,37,C,8,01/01/2020 00:00:00,RLNG, 	(27-FEB-2025 11:02:04)
PGPGPL,37,C,8,01/01/2020 00:00:00,RLNG, 	(27-FEB-2025 11:02:04)
PGPGPL,37,C,8,01/01/2020 00:00:00,RLNG, 	(27-FEB-2025 11:02:04)
PGPGPL,37,C,8,01/01/2020 00:00:00,RLNG, 	(27-FEB-2025 11:02:04)
PGPGPL,37,C,8,01/01/2020 00:00:00,RLNG, 	(27-FEB-2025 11:02:04)
PGPGPL,37,C,8,01/01/2020 00:00:00,RLNG, 	(27-FEB-2025 11:02:04)
PGPGPL,37,C,2,04/10/2019 00:00:00,RLNG, 	(27-FEB-2025 11:02:04)
PGPGPL,37,C,2,04/10/2019 00:00:00,RLNG, 	(27-FEB-2025 11:02:04)
PGPGPL,37,C,2,04/10/2019 00:00:00,RLNG, 	(27-FEB-2025 11:02:04)
PGPGPL,37,C,2,04/10/2019 00:00:00,RLNG, 	(27-FEB-2025 11:02:04)
PGPGPL,37,C,2,04/10/2019 00:00:00,RLNG, 	(27-FEB-2025 11:02:04)
PGPGPL,37,C,2,04/10/2019 00:00:00,RLNG, 	(27-FEB-2025 11:02:04)
PGPGPL,37,C,6,04/10/2019 00:00:00,RLNG, 	(27-FEB-2025 11:02:04)
PGPGPL,37,C,6,04/10/2019 00:00:00,RLNG, 	(27-FEB-2025 11:02:04)
PGPGPL,37,C,6,04/10/2019 00:00:00,RLNG, 	(27-FEB-2025 11:02:04)
PGPGPL,37,C,6,04/10/2019 00:00:00,RLNG, 	(27-FEB-2025 11:02:04)
PGPGPL,37,C,6,04/10/2019 00:00:00,RLNG, 	(27-FEB-2025 11:02:04)
PGPGPL,37,C,6,04/10/2019 00:00:00,RLNG, 	(27-FEB-2025 11:02:04)
PGPGPL,37,C,1,04/10/2019 00:00:00,RLNG, 	(27-FEB-2025 11:02:04)
PGPGPL,37,C,1,04/10/2019 00:00:00,RLNG, 	(27-FEB-2025 11:02:04)
PGPGPL,37,C,1,04/10/2019 00:00:00,RLNG, 	(27-FEB-2025 11:02:04)
PGPGPL,37,C,1,04/10/2019 00:00:00,RLNG, 	(27-FEB-2025 11:02:04)
PGPGPL,37,C,1,04/10/2019 00:00:00,RLNG, 	(27-FEB-2025 11:02:04)
PGPGPL,37,C,1,04/10/2019 00:00:00,RLNG, 	(27-FEB-2025 11:02:04)
PGPGPL,37,C,13,01/02/2025 00:00:00,RLNG, 	(27-FEB-2025 11:02:04)
PGPGPL,37,C,13,01/02/2025 00:00:00,RLNG, 	(27-FEB-2025 11:02:04)
PGPGPL,37,C,13,01/02/2025 00:00:00,RLNG, 	(27-FEB-2025 11:02:04)
PGPGPL,37,C,13,01/02/2025 00:00:00,RLNG, 	(27-FEB-2025 11:02:04)
PGPGPL,37,C,13,01/02/2025 00:00:00,RLNG, 	(27-FEB-2025 11:02:04)
PGPGPL,37,C,13,01/02/2025 00:00:00,RLNG, 	(27-FEB-2025 11:02:04)
PGPGPL,37,C,4,04/10/2019 00:00:00,DLNG, 	(27-FEB-2025 11:02:04)
PGPGPL,37,C,4,04/10/2019 00:00:00,DLNG, 	(27-FEB-2025 11:02:04)
PGPGPL,37,C,4,04/10/2019 00:00:00,DLNG, 	(27-FEB-2025 11:02:04)
PGPGPL,37,C,4,04/10/2019 00:00:00,DLNG, 	(27-FEB-2025 11:02:04)
PGPGPL,37,C,4,04/10/2019 00:00:00,DLNG, 	(27-FEB-2025 11:02:04)
PGPGPL,37,C,4,04/10/2019 00:00:00,DLNG, 	(27-FEB-2025 11:02:04)
PGPGPL,37,C,3,04/10/2019 00:00:00,DLNG, 	(27-FEB-2025 11:02:04)
PGPGPL,37,C,3,04/10/2019 00:00:00,DLNG, 	(27-FEB-2025 11:02:04)
PGPGPL,37,C,3,04/10/2019 00:00:00,DLNG, 	(27-FEB-2025 11:02:04)
PGPGPL,37,C,3,04/10/2019 00:00:00,DLNG, 	(27-FEB-2025 11:02:04)
PGPGPL,37,C,3,04/10/2019 00:00:00,DLNG, 	(27-FEB-2025 11:02:04)
PGPGPL,37,C,3,04/10/2019 00:00:00,DLNG, 	(27-FEB-2025 11:02:04)
PGPGPL,37,C,7,04/10/2019 00:00:00,DLNG, 	(27-FEB-2025 11:02:04)
PGPGPL,37,C,7,04/10/2019 00:00:00,DLNG, 	(27-FEB-2025 11:02:04)
PGPGPL,37,C,7,04/10/2019 00:00:00,DLNG, 	(27-FEB-2025 11:02:04)
PGPGPL,37,C,7,04/10/2019 00:00:00,DLNG, 	(27-FEB-2025 11:02:04)
PGPGPL,37,C,7,04/10/2019 00:00:00,DLNG, 	(27-FEB-2025 11:02:04)
PGPGPL,37,C,7,04/10/2019 00:00:00,DLNG, 	(27-FEB-2025 11:02:04)
PGPGPL,37,C,12,01/02/2025 00:00:00,DLNG, 	(27-FEB-2025 11:02:04)
PGPGPL,37,C,12,01/02/2025 00:00:00,DLNG, 	(27-FEB-2025 11:02:04)
PGPGPL,37,C,12,01/02/2025 00:00:00,DLNG, 	(27-FEB-2025 11:02:04)
PGPGPL,37,C,12,01/02/2025 00:00:00,DLNG, 	(27-FEB-2025 11:02:04)
PGPGPL,37,C,12,01/02/2025 00:00:00,DLNG, 	(27-FEB-2025 11:02:04)
PGPGPL,37,C,12,01/02/2025 00:00:00,DLNG, 	(27-FEB-2025 11:02:04)
PGPGPL,37,C,10,04/10/2019 00:00:00,DLNG, 	(27-FEB-2025 11:02:04)
PGPGPL,37,C,10,04/10/2019 00:00:00,DLNG, 	(27-FEB-2025 11:02:04)
PGPGPL,37,C,10,04/10/2019 00:00:00,DLNG, 	(27-FEB-2025 11:02:04)
PGPGPL,37,C,10,04/10/2019 00:00:00,DLNG, 	(27-FEB-2025 11:02:04)
PGPGPL,37,C,10,04/10/2019 00:00:00,DLNG, 	(27-FEB-2025 11:02:04)
PGPGPL,37,C,10,04/10/2019 00:00:00,DLNG, 	(27-FEB-2025 11:02:04)
PGPGPL,37,C,8,04/10/2019 00:00:00,DLNG, 	(27-FEB-2025 11:02:04)
PGPGPL,37,C,8,04/10/2019 00:00:00,DLNG, 	(27-FEB-2025 11:02:04)
PGPGPL,37,C,8,04/10/2019 00:00:00,DLNG, 	(27-FEB-2025 11:02:04)
PGPGPL,37,C,8,04/10/2019 00:00:00,DLNG, 	(27-FEB-2025 11:02:04)
PGPGPL,37,C,8,04/10/2019 00:00:00,DLNG, 	(27-FEB-2025 11:02:04)
PGPGPL,37,C,8,04/10/2019 00:00:00,DLNG, 	(27-FEB-2025 11:02:04)
PGPGPL,37,C,11,04/10/2019 00:00:00,DLNG, 	(27-FEB-2025 11:02:04)
PGPGPL,37,C,11,04/10/2019 00:00:00,DLNG, 	(27-FEB-2025 11:02:04)
PGPGPL,37,C,11,04/10/2019 00:00:00,DLNG, 	(27-FEB-2025 11:02:04)
PGPGPL,37,C,11,04/10/2019 00:00:00,DLNG, 	(27-FEB-2025 11:02:04)
PGPGPL,37,C,11,04/10/2019 00:00:00,DLNG, 	(27-FEB-2025 11:02:04)
PGPGPL,37,C,11,04/10/2019 00:00:00,DLNG, 	(27-FEB-2025 11:02:04)
PGPGPL,37,C,8,01/01/2020 00:00:00,DLNG, 	(27-FEB-2025 11:02:04)
PGPGPL,37,C,8,01/01/2020 00:00:00,DLNG, 	(27-FEB-2025 11:02:04)
PGPGPL,37,C,8,01/01/2020 00:00:00,DLNG, 	(27-FEB-2025 11:02:04)
PGPGPL,37,C,8,01/01/2020 00:00:00,DLNG, 	(27-FEB-2025 11:02:04)
PGPGPL,37,C,8,01/01/2020 00:00:00,DLNG, 	(27-FEB-2025 11:02:04)
PGPGPL,37,C,8,01/01/2020 00:00:00,DLNG, 	(27-FEB-2025 11:02:04)
PGPGPL,37,C,2,04/10/2019 00:00:00,DLNG, 	(27-FEB-2025 11:02:04)
PGPGPL,37,C,2,04/10/2019 00:00:00,DLNG, 	(27-FEB-2025 11:02:04)
PGPGPL,37,C,2,04/10/2019 00:00:00,DLNG, 	(27-FEB-2025 11:02:04)
PGPGPL,37,C,2,04/10/2019 00:00:00,DLNG, 	(27-FEB-2025 11:02:04)
PGPGPL,37,C,2,04/10/2019 00:00:00,DLNG, 	(27-FEB-2025 11:02:04)
PGPGPL,37,C,2,04/10/2019 00:00:00,DLNG, 	(27-FEB-2025 11:02:04)
PGPGPL,37,C,6,04/10/2019 00:00:00,DLNG, 	(27-FEB-2025 11:02:04)
PGPGPL,37,C,6,04/10/2019 00:00:00,DLNG, 	(27-FEB-2025 11:02:04)
PGPGPL,37,C,6,04/10/2019 00:00:00,DLNG, 	(27-FEB-2025 11:02:04)
PGPGPL,37,C,6,04/10/2019 00:00:00,DLNG, 	(27-FEB-2025 11:02:04)
PGPGPL,37,C,6,04/10/2019 00:00:00,DLNG, 	(27-FEB-2025 11:02:04)
PGPGPL,37,C,6,04/10/2019 00:00:00,DLNG, 	(27-FEB-2025 11:02:04)
PGPGPL,37,C,1,04/10/2019 00:00:00,DLNG, 	(27-FEB-2025 11:02:04)
PGPGPL,37,C,1,04/10/2019 00:00:00,DLNG, 	(27-FEB-2025 11:02:04)
PGPGPL,37,C,1,04/10/2019 00:00:00,DLNG, 	(27-FEB-2025 11:02:04)
PGPGPL,37,C,1,04/10/2019 00:00:00,DLNG, 	(27-FEB-2025 11:02:04)
PGPGPL,37,C,1,04/10/2019 00:00:00,DLNG, 	(27-FEB-2025 11:02:04)
PGPGPL,37,C,1,04/10/2019 00:00:00,DLNG, 	(27-FEB-2025 11:02:04)
PGPGPL,37,C,13,01/02/2025 00:00:00,DLNG, 	(27-FEB-2025 11:02:04)
PGPGPL,37,C,13,01/02/2025 00:00:00,DLNG, 	(27-FEB-2025 11:02:04)
PGPGPL,37,C,13,01/02/2025 00:00:00,DLNG, 	(27-FEB-2025 11:02:04)
PGPGPL,37,C,13,01/02/2025 00:00:00,DLNG, 	(27-FEB-2025 11:02:04)
PGPGPL,37,C,13,01/02/2025 00:00:00,DLNG, 	(27-FEB-2025 11:02:04)
PGPGPL,37,C,13,01/02/2025 00:00:00,DLNG, 	(27-FEB-2025 11:02:04)
HCG,38,C,7,01/06/2023 00:00:00,RLNG, 	(27-FEB-2025 11:02:04)
HCG,38,C,7,01/06/2023 00:00:00,RLNG, 	(27-FEB-2025 11:02:04)
HCG,38,C,3,02/12/2019 00:00:00,RLNG, 	(27-FEB-2025 11:02:04)
HCG,38,C,3,02/12/2019 00:00:00,RLNG, 	(27-FEB-2025 11:02:04)
HCG,38,C,2,02/12/2019 00:00:00,RLNG, 	(27-FEB-2025 11:02:04)
HCG,38,C,2,02/12/2019 00:00:00,RLNG, 	(27-FEB-2025 11:02:04)
HCG,38,C,8,02/12/2019 00:00:00,RLNG, 	(27-FEB-2025 11:02:04)
HCG,38,C,8,02/12/2019 00:00:00,RLNG, 	(27-FEB-2025 11:02:04)
HCG,38,C,1,02/12/2019 00:00:00,RLNG, 	(27-FEB-2025 11:02:04)
HCG,38,C,1,02/12/2019 00:00:00,RLNG, 	(27-FEB-2025 11:02:04)
HCG,38,C,6,02/12/2019 00:00:00,RLNG, 	(27-FEB-2025 11:02:04)
HCG,38,C,6,02/12/2019 00:00:00,RLNG, 	(27-FEB-2025 11:02:04)
HCG,38,C,4,02/12/2019 00:00:00,RLNG, 	(27-FEB-2025 11:02:04)
HCG,38,C,4,02/12/2019 00:00:00,RLNG, 	(27-FEB-2025 11:02:04)
HCG,38,C,5,02/12/2019 00:00:00,RLNG, 	(27-FEB-2025 11:02:04)
HCG,38,C,5,02/12/2019 00:00:00,RLNG, 	(27-FEB-2025 11:02:04)
HCG,38,C,7,01/06/2023 00:00:00,DLNG, 	(27-FEB-2025 11:02:04)
HCG,38,C,7,01/06/2023 00:00:00,DLNG, 	(27-FEB-2025 11:02:04)
HCG,38,C,3,02/12/2019 00:00:00,DLNG, 	(27-FEB-2025 11:02:04)
HCG,38,C,3,02/12/2019 00:00:00,DLNG, 	(27-FEB-2025 11:02:04)
HCG,38,C,2,02/12/2019 00:00:00,DLNG, 	(27-FEB-2025 11:02:04)
HCG,38,C,2,02/12/2019 00:00:00,DLNG, 	(27-FEB-2025 11:02:04)
HCG,38,C,8,02/12/2019 00:00:00,DLNG, 	(27-FEB-2025 11:02:04)
HCG,38,C,8,02/12/2019 00:00:00,DLNG, 	(27-FEB-2025 11:02:04)
HCG,38,C,1,02/12/2019 00:00:00,DLNG, 	(27-FEB-2025 11:02:04)
HCG,38,C,1,02/12/2019 00:00:00,DLNG, 	(27-FEB-2025 11:02:04)
HCG,38,C,6,02/12/2019 00:00:00,DLNG, 	(27-FEB-2025 11:02:04)
HCG,38,C,6,02/12/2019 00:00:00,DLNG, 	(27-FEB-2025 11:02:04)
HCG,38,C,4,02/12/2019 00:00:00,DLNG, 	(27-FEB-2025 11:02:04)
HCG,38,C,4,02/12/2019 00:00:00,DLNG, 	(27-FEB-2025 11:02:04)
HCG,38,C,5,02/12/2019 00:00:00,DLNG, 	(27-FEB-2025 11:02:04)
HCG,38,C,5,02/12/2019 00:00:00,DLNG, 	(27-FEB-2025 11:02:04)
GGL,39,C,2,09/12/2019 00:00:00,RLNG, 	(27-FEB-2025 11:02:04)
GGL,39,C,2,09/12/2019 00:00:00,RLNG, 	(27-FEB-2025 11:02:04)
GGL,39,C,8,16/06/2023 00:00:00,RLNG, 	(27-FEB-2025 11:02:04)
GGL,39,C,8,16/06/2023 00:00:00,RLNG, 	(27-FEB-2025 11:02:04)
GGL,39,C,1,28/02/2024 00:00:00,RLNG, 	(27-FEB-2025 11:02:04)
GGL,39,C,1,28/02/2024 00:00:00,RLNG, 	(27-FEB-2025 11:02:04)
GGL,39,C,14,16/05/2023 00:00:00,RLNG, 	(27-FEB-2025 11:02:04)
GGL,39,C,14,16/05/2023 00:00:00,RLNG, 	(27-FEB-2025 11:02:04)
GGL,39,C,1,09/12/2019 00:00:00,RLNG, 	(27-FEB-2025 11:02:04)
GGL,39,C,1,09/12/2019 00:00:00,RLNG, 	(27-FEB-2025 11:02:04)
GGL,39,C,2,09/12/2019 00:00:00,DLNG, 	(27-FEB-2025 11:02:04)
GGL,39,C,2,09/12/2019 00:00:00,DLNG, 	(27-FEB-2025 11:02:04)
GGL,39,C,8,16/06/2023 00:00:00,DLNG, 	(27-FEB-2025 11:02:04)
GGL,39,C,8,16/06/2023 00:00:00,DLNG, 	(27-FEB-2025 11:02:04)
GGL,39,C,1,28/02/2024 00:00:00,DLNG, 	(27-FEB-2025 11:02:04)
GGL,39,C,1,28/02/2024 00:00:00,DLNG, 	(27-FEB-2025 11:02:04)
GGL,39,C,14,16/05/2023 00:00:00,DLNG, 	(27-FEB-2025 11:02:04)
GGL,39,C,14,16/05/2023 00:00:00,DLNG, 	(27-FEB-2025 11:02:04)
GGL,39,C,1,09/12/2019 00:00:00,DLNG, 	(27-FEB-2025 11:02:04)
GGL,39,C,1,09/12/2019 00:00:00,DLNG, 	(27-FEB-2025 11:02:04)
CFC,40,C,18,01/01/2023 00:00:00,RLNG, 	(27-FEB-2025 11:02:04)
CFC,40,C,18,01/01/2023 00:00:00,RLNG, 	(27-FEB-2025 11:02:04)
CFC,40,C,19,01/01/2023 00:00:00,RLNG, 	(27-FEB-2025 11:02:04)
CFC,40,C,19,01/01/2023 00:00:00,RLNG, 	(27-FEB-2025 11:02:04)
CFC,40,C,22,01/02/2023 00:00:00,RLNG, 	(27-FEB-2025 11:02:04)
CFC,40,C,22,01/02/2023 00:00:00,RLNG, 	(27-FEB-2025 11:02:04)
CFC,40,C,2,01/01/2020 00:00:00,RLNG, 	(27-FEB-2025 11:02:04)
CFC,40,C,2,01/01/2020 00:00:00,RLNG, 	(27-FEB-2025 11:02:04)
CFC,40,C,14,01/02/2023 00:00:00,RLNG, 	(27-FEB-2025 11:02:04)
CFC,40,C,14,01/02/2023 00:00:00,RLNG, 	(27-FEB-2025 11:02:04)
CFC,40,C,13,01/02/2023 00:00:00,RLNG, 	(27-FEB-2025 11:02:04)
CFC,40,C,13,01/02/2023 00:00:00,RLNG, 	(27-FEB-2025 11:02:04)
CFC,40,C,10,01/02/2023 00:00:00,RLNG, 	(27-FEB-2025 11:02:04)
CFC,40,C,10,01/02/2023 00:00:00,RLNG, 	(27-FEB-2025 11:02:04)
CFC,40,C,20,01/02/2023 00:00:00,RLNG, 	(27-FEB-2025 11:02:04)
CFC,40,C,20,01/02/2023 00:00:00,RLNG, 	(27-FEB-2025 11:02:04)
CFC,40,C,15,01/02/2023 00:00:00,RLNG, 	(27-FEB-2025 11:02:04)
CFC,40,C,15,01/02/2023 00:00:00,RLNG, 	(27-FEB-2025 11:02:04)
CFC,40,C,17,01/02/2023 00:00:00,RLNG, 	(27-FEB-2025 11:02:04)
CFC,40,C,17,01/02/2023 00:00:00,RLNG, 	(27-FEB-2025 11:02:04)
CFC,40,C,4,01/01/2020 00:00:00,RLNG, 	(27-FEB-2025 11:02:04)
CFC,40,C,4,01/01/2020 00:00:00,RLNG, 	(27-FEB-2025 11:02:04)
CFC,40,C,9,01/01/2020 00:00:00,RLNG, 	(27-FEB-2025 11:02:04)
CFC,40,C,9,01/01/2020 00:00:00,RLNG, 	(27-FEB-2025 11:02:04)
CFC,40,C,7,01/01/2020 00:00:00,RLNG, 	(27-FEB-2025 11:02:04)
CFC,40,C,7,01/01/2020 00:00:00,RLNG, 	(27-FEB-2025 11:02:04)
CFC,40,C,23,19/09/2023 00:00:00,RLNG, 	(27-FEB-2025 11:02:04)
CFC,40,C,23,19/09/2023 00:00:00,RLNG, 	(27-FEB-2025 11:02:04)
CFC,40,C,16,01/02/2023 00:00:00,RLNG, 	(27-FEB-2025 11:02:04)
CFC,40,C,16,01/02/2023 00:00:00,RLNG, 	(27-FEB-2025 11:02:04)
CFC,40,C,6,01/01/2020 00:00:00,RLNG, 	(27-FEB-2025 11:02:04)
CFC,40,C,6,01/01/2020 00:00:00,RLNG, 	(27-FEB-2025 11:02:04)
CFC,40,C,5,01/01/2020 00:00:00,RLNG, 	(27-FEB-2025 11:02:04)
CFC,40,C,5,01/01/2020 00:00:00,RLNG, 	(27-FEB-2025 11:02:04)
CFC,40,C,12,01/02/2023 00:00:00,RLNG, 	(27-FEB-2025 11:02:04)
CFC,40,C,12,01/02/2023 00:00:00,RLNG, 	(27-FEB-2025 11:02:04)
CFC,40,C,21,01/02/2023 00:00:00,RLNG, 	(27-FEB-2025 11:02:04)
CFC,40,C,21,01/02/2023 00:00:00,RLNG, 	(27-FEB-2025 11:02:04)
CFC,40,C,11,01/02/2023 00:00:00,RLNG, 	(27-FEB-2025 11:02:04)
CFC,40,C,11,01/02/2023 00:00:00,RLNG, 	(27-FEB-2025 11:02:04)
CFC,40,C,3,01/01/2020 00:00:00,RLNG, 	(27-FEB-2025 11:02:04)
CFC,40,C,3,01/01/2020 00:00:00,RLNG, 	(27-FEB-2025 11:02:04)
CFC,40,C,8,01/01/2020 00:00:00,RLNG, 	(27-FEB-2025 11:02:04)
CFC,40,C,8,01/01/2020 00:00:00,RLNG, 	(27-FEB-2025 11:02:04)
CFC,40,C,18,01/01/2023 00:00:00,DLNG, 	(27-FEB-2025 11:02:04)
CFC,40,C,18,01/01/2023 00:00:00,DLNG, 	(27-FEB-2025 11:02:04)
CFC,40,C,19,01/01/2023 00:00:00,DLNG, 	(27-FEB-2025 11:02:04)
CFC,40,C,19,01/01/2023 00:00:00,DLNG, 	(27-FEB-2025 11:02:04)
CFC,40,C,22,01/02/2023 00:00:00,DLNG, 	(27-FEB-2025 11:02:04)
CFC,40,C,22,01/02/2023 00:00:00,DLNG, 	(27-FEB-2025 11:02:04)
CFC,40,C,2,01/01/2020 00:00:00,DLNG, 	(27-FEB-2025 11:02:04)
CFC,40,C,2,01/01/2020 00:00:00,DLNG, 	(27-FEB-2025 11:02:04)
CFC,40,C,14,01/02/2023 00:00:00,DLNG, 	(27-FEB-2025 11:02:04)
CFC,40,C,14,01/02/2023 00:00:00,DLNG, 	(27-FEB-2025 11:02:04)
CFC,40,C,13,01/02/2023 00:00:00,DLNG, 	(27-FEB-2025 11:02:04)
CFC,40,C,13,01/02/2023 00:00:00,DLNG, 	(27-FEB-2025 11:02:04)
CFC,40,C,10,01/02/2023 00:00:00,DLNG, 	(27-FEB-2025 11:02:04)
CFC,40,C,10,01/02/2023 00:00:00,DLNG, 	(27-FEB-2025 11:02:04)
CFC,40,C,20,01/02/2023 00:00:00,DLNG, 	(27-FEB-2025 11:02:04)
CFC,40,C,20,01/02/2023 00:00:00,DLNG, 	(27-FEB-2025 11:02:04)
CFC,40,C,15,01/02/2023 00:00:00,DLNG, 	(27-FEB-2025 11:02:04)
CFC,40,C,15,01/02/2023 00:00:00,DLNG, 	(27-FEB-2025 11:02:04)
CFC,40,C,17,01/02/2023 00:00:00,DLNG, 	(27-FEB-2025 11:02:04)
CFC,40,C,17,01/02/2023 00:00:00,DLNG, 	(27-FEB-2025 11:02:04)
CFC,40,C,4,01/01/2020 00:00:00,DLNG, 	(27-FEB-2025 11:02:04)
CFC,40,C,4,01/01/2020 00:00:00,DLNG, 	(27-FEB-2025 11:02:04)
CFC,40,C,9,01/01/2020 00:00:00,DLNG, 	(27-FEB-2025 11:02:04)
CFC,40,C,9,01/01/2020 00:00:00,DLNG, 	(27-FEB-2025 11:02:04)
CFC,40,C,7,01/01/2020 00:00:00,DLNG, 	(27-FEB-2025 11:02:04)
CFC,40,C,7,01/01/2020 00:00:00,DLNG, 	(27-FEB-2025 11:02:04)
CFC,40,C,23,19/09/2023 00:00:00,DLNG, 	(27-FEB-2025 11:02:04)
CFC,40,C,23,19/09/2023 00:00:00,DLNG, 	(27-FEB-2025 11:02:04)
CFC,40,C,16,01/02/2023 00:00:00,DLNG, 	(27-FEB-2025 11:02:04)
CFC,40,C,16,01/02/2023 00:00:00,DLNG, 	(27-FEB-2025 11:02:04)
CFC,40,C,6,01/01/2020 00:00:00,DLNG, 	(27-FEB-2025 11:02:04)
CFC,40,C,6,01/01/2020 00:00:00,DLNG, 	(27-FEB-2025 11:02:04)
CFC,40,C,5,01/01/2020 00:00:00,DLNG, 	(27-FEB-2025 11:02:04)
CFC,40,C,5,01/01/2020 00:00:00,DLNG, 	(27-FEB-2025 11:02:04)
CFC,40,C,12,01/02/2023 00:00:00,DLNG, 	(27-FEB-2025 11:02:04)
CFC,40,C,12,01/02/2023 00:00:00,DLNG, 	(27-FEB-2025 11:02:04)
CFC,40,C,21,01/02/2023 00:00:00,DLNG, 	(27-FEB-2025 11:02:04)
CFC,40,C,21,01/02/2023 00:00:00,DLNG, 	(27-FEB-2025 11:02:04)
CFC,40,C,11,01/02/2023 00:00:00,DLNG, 	(27-FEB-2025 11:02:04)
CFC,40,C,11,01/02/2023 00:00:00,DLNG, 	(27-FEB-2025 11:02:04)
CFC,40,C,3,01/01/2020 00:00:00,DLNG, 	(27-FEB-2025 11:02:04)
CFC,40,C,3,01/01/2020 00:00:00,DLNG, 	(27-FEB-2025 11:02:04)
CFC,40,C,8,01/01/2020 00:00:00,DLNG, 	(27-FEB-2025 11:02:04)
CFC,40,C,8,01/01/2020 00:00:00,DLNG, 	(27-FEB-2025 11:02:04)
IFFCO,41,C,12,01/01/2020 00:00:00,RLNG, 	(27-FEB-2025 11:02:04)
IFFCO,41,C,12,01/01/2020 00:00:00,RLNG, 	(27-FEB-2025 11:02:04)
IFFCO,41,C,3,01/01/2020 00:00:00,RLNG, 	(27-FEB-2025 11:02:04)
IFFCO,41,C,3,01/01/2020 00:00:00,RLNG, 	(27-FEB-2025 11:02:04)
IFFCO,41,C,6,01/01/2020 00:00:00,RLNG, 	(27-FEB-2025 11:02:04)
IFFCO,41,C,6,01/01/2020 00:00:00,RLNG, 	(27-FEB-2025 11:02:04)
IFFCO,41,C,14,01/01/2020 00:00:00,RLNG, 	(27-FEB-2025 11:02:04)
IFFCO,41,C,14,01/01/2020 00:00:00,RLNG, 	(27-FEB-2025 11:02:04)
IFFCO,41,C,15,01/01/2020 00:00:00,RLNG, 	(27-FEB-2025 11:02:04)
IFFCO,41,C,15,01/01/2020 00:00:00,RLNG, 	(27-FEB-2025 11:02:04)
IFFCO,41,C,16,01/01/2020 00:00:00,RLNG, 	(27-FEB-2025 11:02:04)
IFFCO,41,C,16,01/01/2020 00:00:00,RLNG, 	(27-FEB-2025 11:02:04)
IFFCO,41,C,17,01/01/2020 00:00:00,RLNG, 	(27-FEB-2025 11:02:04)
IFFCO,41,C,17,01/01/2020 00:00:00,RLNG, 	(27-FEB-2025 11:02:04)
IFFCO,41,C,18,01/01/2020 00:00:00,RLNG, 	(27-FEB-2025 11:02:04)
IFFCO,41,C,18,01/01/2020 00:00:00,RLNG, 	(27-FEB-2025 11:02:04)
IFFCO,41,C,19,01/01/2020 00:00:00,RLNG, 	(27-FEB-2025 11:02:04)
IFFCO,41,C,19,01/01/2020 00:00:00,RLNG, 	(27-FEB-2025 11:02:04)
IFFCO,41,C,20,01/01/2020 00:00:00,RLNG, 	(27-FEB-2025 11:02:04)
IFFCO,41,C,20,01/01/2020 00:00:00,RLNG, 	(27-FEB-2025 11:02:04)
IFFCO,41,C,21,01/01/2020 00:00:00,RLNG, 	(27-FEB-2025 11:02:04)
IFFCO,41,C,21,01/01/2020 00:00:00,RLNG, 	(27-FEB-2025 11:02:04)
IFFCO,41,C,22,01/01/2020 00:00:00,RLNG, 	(27-FEB-2025 11:02:04)
IFFCO,41,C,22,01/01/2020 00:00:00,RLNG, 	(27-FEB-2025 11:02:04)
IFFCO,41,C,23,01/01/2020 00:00:00,RLNG, 	(27-FEB-2025 11:02:04)
IFFCO,41,C,23,01/01/2020 00:00:00,RLNG, 	(27-FEB-2025 11:02:04)
IFFCO,41,C,24,01/01/2020 00:00:00,RLNG, 	(27-FEB-2025 11:02:04)
IFFCO,41,C,24,01/01/2020 00:00:00,RLNG, 	(27-FEB-2025 11:02:04)
IFFCO,41,C,11,01/01/2020 00:00:00,RLNG, 	(27-FEB-2025 11:02:04)
IFFCO,41,C,11,01/01/2020 00:00:00,RLNG, 	(27-FEB-2025 11:02:04)
IFFCO,41,C,26,01/10/2022 00:00:00,RLNG, 	(27-FEB-2025 11:02:04)
IFFCO,41,C,26,01/10/2022 00:00:00,RLNG, 	(27-FEB-2025 11:02:04)
IFFCO,41,C,27,01/10/2022 00:00:00,RLNG, 	(27-FEB-2025 11:02:04)
IFFCO,41,C,27,01/10/2022 00:00:00,RLNG, 	(27-FEB-2025 11:02:04)
IFFCO,41,C,28,01/10/2022 00:00:00,RLNG, 	(27-FEB-2025 11:02:04)
IFFCO,41,C,28,01/10/2022 00:00:00,RLNG, 	(27-FEB-2025 11:02:04)
IFFCO,41,C,30,01/10/2022 00:00:00,RLNG, 	(27-FEB-2025 11:02:04)
IFFCO,41,C,30,01/10/2022 00:00:00,RLNG, 	(27-FEB-2025 11:02:04)
IFFCO,41,C,9,01/01/2020 00:00:00,RLNG, 	(27-FEB-2025 11:02:04)
IFFCO,41,C,9,01/01/2020 00:00:00,RLNG, 	(27-FEB-2025 11:02:04)
IFFCO,41,C,10,01/01/2020 00:00:00,RLNG, 	(27-FEB-2025 11:02:04)
IFFCO,41,C,10,01/01/2020 00:00:00,RLNG, 	(27-FEB-2025 11:02:04)
IFFCO,41,C,4,01/01/2020 00:00:00,RLNG, 	(27-FEB-2025 11:02:04)
IFFCO,41,C,4,01/01/2020 00:00:00,RLNG, 	(27-FEB-2025 11:02:04)
IFFCO,41,C,31,01/10/2022 00:00:00,RLNG, 	(27-FEB-2025 11:02:04)
IFFCO,41,C,31,01/10/2022 00:00:00,RLNG, 	(27-FEB-2025 11:02:04)
IFFCO,41,C,8,01/01/2020 00:00:00,RLNG, 	(27-FEB-2025 11:02:04)
IFFCO,41,C,8,01/01/2020 00:00:00,RLNG, 	(27-FEB-2025 11:02:04)
IFFCO,41,C,5,01/01/2020 00:00:00,RLNG, 	(27-FEB-2025 11:02:04)
IFFCO,41,C,5,01/01/2020 00:00:00,RLNG, 	(27-FEB-2025 11:02:04)
IFFCO,41,C,7,01/01/2020 00:00:00,RLNG, 	(27-FEB-2025 11:02:04)
IFFCO,41,C,7,01/01/2020 00:00:00,RLNG, 	(27-FEB-2025 11:02:04)
IFFCO,41,C,25,01/10/2022 00:00:00,RLNG, 	(27-FEB-2025 11:02:04)
IFFCO,41,C,25,01/10/2022 00:00:00,RLNG, 	(27-FEB-2025 11:02:04)
IFFCO,41,C,29,01/10/2022 00:00:00,RLNG, 	(27-FEB-2025 11:02:04)
IFFCO,41,C,29,01/10/2022 00:00:00,RLNG, 	(27-FEB-2025 11:02:04)
IFFCO,41,C,2,01/01/2020 00:00:00,RLNG, 	(27-FEB-2025 11:02:04)
IFFCO,41,C,2,01/01/2020 00:00:00,RLNG, 	(27-FEB-2025 11:02:04)
IFFCO,41,C,13,01/01/2020 00:00:00,RLNG, 	(27-FEB-2025 11:02:04)
IFFCO,41,C,13,01/01/2020 00:00:00,RLNG, 	(27-FEB-2025 11:02:04)
IFFCO,41,C,12,01/01/2020 00:00:00,DLNG, 	(27-FEB-2025 11:02:04)
IFFCO,41,C,12,01/01/2020 00:00:00,DLNG, 	(27-FEB-2025 11:02:04)
IFFCO,41,C,3,01/01/2020 00:00:00,DLNG, 	(27-FEB-2025 11:02:04)
IFFCO,41,C,3,01/01/2020 00:00:00,DLNG, 	(27-FEB-2025 11:02:04)
IFFCO,41,C,6,01/01/2020 00:00:00,DLNG, 	(27-FEB-2025 11:02:04)
IFFCO,41,C,6,01/01/2020 00:00:00,DLNG, 	(27-FEB-2025 11:02:04)
IFFCO,41,C,14,01/01/2020 00:00:00,DLNG, 	(27-FEB-2025 11:02:04)
IFFCO,41,C,14,01/01/2020 00:00:00,DLNG, 	(27-FEB-2025 11:02:04)
IFFCO,41,C,15,01/01/2020 00:00:00,DLNG, 	(27-FEB-2025 11:02:04)
IFFCO,41,C,15,01/01/2020 00:00:00,DLNG, 	(27-FEB-2025 11:02:04)
IFFCO,41,C,16,01/01/2020 00:00:00,DLNG, 	(27-FEB-2025 11:02:04)
IFFCO,41,C,16,01/01/2020 00:00:00,DLNG, 	(27-FEB-2025 11:02:04)
IFFCO,41,C,17,01/01/2020 00:00:00,DLNG, 	(27-FEB-2025 11:02:04)
IFFCO,41,C,17,01/01/2020 00:00:00,DLNG, 	(27-FEB-2025 11:02:04)
IFFCO,41,C,18,01/01/2020 00:00:00,DLNG, 	(27-FEB-2025 11:02:04)
IFFCO,41,C,18,01/01/2020 00:00:00,DLNG, 	(27-FEB-2025 11:02:04)
IFFCO,41,C,19,01/01/2020 00:00:00,DLNG, 	(27-FEB-2025 11:02:04)
IFFCO,41,C,19,01/01/2020 00:00:00,DLNG, 	(27-FEB-2025 11:02:04)
IFFCO,41,C,20,01/01/2020 00:00:00,DLNG, 	(27-FEB-2025 11:02:04)
IFFCO,41,C,20,01/01/2020 00:00:00,DLNG, 	(27-FEB-2025 11:02:04)
IFFCO,41,C,21,01/01/2020 00:00:00,DLNG, 	(27-FEB-2025 11:02:04)
IFFCO,41,C,21,01/01/2020 00:00:00,DLNG, 	(27-FEB-2025 11:02:04)
IFFCO,41,C,22,01/01/2020 00:00:00,DLNG, 	(27-FEB-2025 11:02:04)
IFFCO,41,C,22,01/01/2020 00:00:00,DLNG, 	(27-FEB-2025 11:02:04)
IFFCO,41,C,23,01/01/2020 00:00:00,DLNG, 	(27-FEB-2025 11:02:04)
IFFCO,41,C,23,01/01/2020 00:00:00,DLNG, 	(27-FEB-2025 11:02:04)
IFFCO,41,C,24,01/01/2020 00:00:00,DLNG, 	(27-FEB-2025 11:02:04)
IFFCO,41,C,24,01/01/2020 00:00:00,DLNG, 	(27-FEB-2025 11:02:04)
IFFCO,41,C,11,01/01/2020 00:00:00,DLNG, 	(27-FEB-2025 11:02:04)
IFFCO,41,C,11,01/01/2020 00:00:00,DLNG, 	(27-FEB-2025 11:02:04)
IFFCO,41,C,26,01/10/2022 00:00:00,DLNG, 	(27-FEB-2025 11:02:04)
IFFCO,41,C,26,01/10/2022 00:00:00,DLNG, 	(27-FEB-2025 11:02:04)
IFFCO,41,C,27,01/10/2022 00:00:00,DLNG, 	(27-FEB-2025 11:02:04)
IFFCO,41,C,27,01/10/2022 00:00:00,DLNG, 	(27-FEB-2025 11:02:04)
IFFCO,41,C,28,01/10/2022 00:00:00,DLNG, 	(27-FEB-2025 11:02:04)
IFFCO,41,C,28,01/10/2022 00:00:00,DLNG, 	(27-FEB-2025 11:02:04)
IFFCO,41,C,30,01/10/2022 00:00:00,DLNG, 	(27-FEB-2025 11:02:04)
IFFCO,41,C,30,01/10/2022 00:00:00,DLNG, 	(27-FEB-2025 11:02:04)
IFFCO,41,C,9,01/01/2020 00:00:00,DLNG, 	(27-FEB-2025 11:02:04)
IFFCO,41,C,9,01/01/2020 00:00:00,DLNG, 	(27-FEB-2025 11:02:04)
IFFCO,41,C,10,01/01/2020 00:00:00,DLNG, 	(27-FEB-2025 11:02:04)
IFFCO,41,C,10,01/01/2020 00:00:00,DLNG, 	(27-FEB-2025 11:02:04)
IFFCO,41,C,4,01/01/2020 00:00:00,DLNG, 	(27-FEB-2025 11:02:04)
IFFCO,41,C,4,01/01/2020 00:00:00,DLNG, 	(27-FEB-2025 11:02:04)
IFFCO,41,C,31,01/10/2022 00:00:00,DLNG, 	(27-FEB-2025 11:02:04)
IFFCO,41,C,31,01/10/2022 00:00:00,DLNG, 	(27-FEB-2025 11:02:04)
IFFCO,41,C,8,01/01/2020 00:00:00,DLNG, 	(27-FEB-2025 11:02:04)
IFFCO,41,C,8,01/01/2020 00:00:00,DLNG, 	(27-FEB-2025 11:02:04)
IFFCO,41,C,5,01/01/2020 00:00:00,DLNG, 	(27-FEB-2025 11:02:04)
IFFCO,41,C,5,01/01/2020 00:00:00,DLNG, 	(27-FEB-2025 11:02:04)
IFFCO,41,C,7,01/01/2020 00:00:00,DLNG, 	(27-FEB-2025 11:02:04)
IFFCO,41,C,7,01/01/2020 00:00:00,DLNG, 	(27-FEB-2025 11:02:04)
IFFCO,41,C,25,01/10/2022 00:00:00,DLNG, 	(27-FEB-2025 11:02:04)
IFFCO,41,C,25,01/10/2022 00:00:00,DLNG, 	(27-FEB-2025 11:02:04)
IFFCO,41,C,29,01/10/2022 00:00:00,DLNG, 	(27-FEB-2025 11:02:04)
IFFCO,41,C,29,01/10/2022 00:00:00,DLNG, 	(27-FEB-2025 11:02:04)
IFFCO,41,C,2,01/01/2020 00:00:00,DLNG, 	(27-FEB-2025 11:02:04)
IFFCO,41,C,2,01/01/2020 00:00:00,DLNG, 	(27-FEB-2025 11:02:04)
IFFCO,41,C,13,01/01/2020 00:00:00,DLNG, 	(27-FEB-2025 11:02:04)
IFFCO,41,C,13,01/01/2020 00:00:00,DLNG, 	(27-FEB-2025 11:02:04)
HGL-RLNG,42,C,3,15/11/2021 00:00:00,RLNG, 	(27-FEB-2025 11:02:04)
HGL-RLNG,42,C,3,15/11/2021 00:00:00,RLNG, 	(27-FEB-2025 11:02:04)
HGL-RLNG,42,C,2,01/02/2020 00:00:00,RLNG, 	(27-FEB-2025 11:02:04)
HGL-RLNG,42,C,2,01/02/2020 00:00:00,RLNG, 	(27-FEB-2025 11:02:04)
HGL-RLNG,42,C,3,15/11/2021 00:00:00,DLNG, 	(27-FEB-2025 11:02:04)
HGL-RLNG,42,C,3,15/11/2021 00:00:00,DLNG, 	(27-FEB-2025 11:02:04)
HGL-RLNG,42,C,2,01/02/2020 00:00:00,DLNG, 	(27-FEB-2025 11:02:04)
HGL-RLNG,42,C,2,01/02/2020 00:00:00,DLNG, 	(27-FEB-2025 11:02:04)
PipeInfra,43,C,9,01/01/2020 00:00:00,RLNG, 	(27-FEB-2025 11:02:04)
PipeInfra,43,C,9,01/01/2020 00:00:00,RLNG, 	(27-FEB-2025 11:02:04)
PipeInfra,43,C,9,01/01/2020 00:00:00,RLNG, 	(27-FEB-2025 11:02:04)
PipeInfra,43,C,9,01/01/2020 00:00:00,RLNG, 	(27-FEB-2025 11:02:04)
PipeInfra,43,C,13,01/01/2020 00:00:00,RLNG, 	(27-FEB-2025 11:02:04)
PipeInfra,43,C,13,01/01/2020 00:00:00,RLNG, 	(27-FEB-2025 11:02:04)
PipeInfra,43,C,13,01/01/2020 00:00:00,RLNG, 	(27-FEB-2025 11:02:04)
PipeInfra,43,C,13,01/01/2020 00:00:00,RLNG, 	(27-FEB-2025 11:02:04)
PipeInfra,43,C,10,01/01/2020 00:00:00,RLNG, 	(27-FEB-2025 11:02:04)
PipeInfra,43,C,10,01/01/2020 00:00:00,RLNG, 	(27-FEB-2025 11:02:04)
PipeInfra,43,C,10,01/01/2020 00:00:00,RLNG, 	(27-FEB-2025 11:02:04)
PipeInfra,43,C,10,01/01/2020 00:00:00,RLNG, 	(27-FEB-2025 11:02:04)
PipeInfra,43,C,11,01/01/2020 00:00:00,RLNG, 	(27-FEB-2025 11:02:04)
PipeInfra,43,C,11,01/01/2020 00:00:00,RLNG, 	(27-FEB-2025 11:02:04)
PipeInfra,43,C,11,01/01/2020 00:00:00,RLNG, 	(27-FEB-2025 11:02:04)
PipeInfra,43,C,11,01/01/2020 00:00:00,RLNG, 	(27-FEB-2025 11:02:04)
PipeInfra,43,C,12,01/01/2020 00:00:00,RLNG, 	(27-FEB-2025 11:02:04)
PipeInfra,43,C,12,01/01/2020 00:00:00,RLNG, 	(27-FEB-2025 11:02:04)
PipeInfra,43,C,12,01/01/2020 00:00:00,RLNG, 	(27-FEB-2025 11:02:04)
PipeInfra,43,C,12,01/01/2020 00:00:00,RLNG, 	(27-FEB-2025 11:02:04)
PipeInfra,43,C,1,01/01/2020 00:00:00,RLNG, 	(27-FEB-2025 11:02:04)
PipeInfra,43,C,1,01/01/2020 00:00:00,RLNG, 	(27-FEB-2025 11:02:04)
PipeInfra,43,C,1,01/01/2020 00:00:00,RLNG, 	(27-FEB-2025 11:02:04)
PipeInfra,43,C,1,01/01/2020 00:00:00,RLNG, 	(27-FEB-2025 11:02:04)
PipeInfra,43,C,2,01/01/2020 00:00:00,RLNG, 	(27-FEB-2025 11:02:04)
PipeInfra,43,C,2,01/01/2020 00:00:00,RLNG, 	(27-FEB-2025 11:02:04)
PipeInfra,43,C,2,01/01/2020 00:00:00,RLNG, 	(27-FEB-2025 11:02:04)
PipeInfra,43,C,2,01/01/2020 00:00:00,RLNG, 	(27-FEB-2025 11:02:04)
PipeInfra,43,C,3,01/01/2020 00:00:00,RLNG, 	(27-FEB-2025 11:02:04)
PipeInfra,43,C,3,01/01/2020 00:00:00,RLNG, 	(27-FEB-2025 11:02:04)
PipeInfra,43,C,3,01/01/2020 00:00:00,RLNG, 	(27-FEB-2025 11:02:04)
PipeInfra,43,C,3,01/01/2020 00:00:00,RLNG, 	(27-FEB-2025 11:02:04)
PipeInfra,43,C,4,01/01/2020 00:00:00,RLNG, 	(27-FEB-2025 11:02:04)
PipeInfra,43,C,4,01/01/2020 00:00:00,RLNG, 	(27-FEB-2025 11:02:04)
PipeInfra,43,C,4,01/01/2020 00:00:00,RLNG, 	(27-FEB-2025 11:02:04)
PipeInfra,43,C,4,01/01/2020 00:00:00,RLNG, 	(27-FEB-2025 11:02:04)
PipeInfra,43,C,5,01/01/2020 00:00:00,RLNG, 	(27-FEB-2025 11:02:04)
PipeInfra,43,C,5,01/01/2020 00:00:00,RLNG, 	(27-FEB-2025 11:02:04)
PipeInfra,43,C,5,01/01/2020 00:00:00,RLNG, 	(27-FEB-2025 11:02:04)
PipeInfra,43,C,5,01/01/2020 00:00:00,RLNG, 	(27-FEB-2025 11:02:04)
PipeInfra,43,C,6,01/01/2020 00:00:00,RLNG, 	(27-FEB-2025 11:02:04)
PipeInfra,43,C,6,01/01/2020 00:00:00,RLNG, 	(27-FEB-2025 11:02:04)
PipeInfra,43,C,6,01/01/2020 00:00:00,RLNG, 	(27-FEB-2025 11:02:04)
PipeInfra,43,C,6,01/01/2020 00:00:00,RLNG, 	(27-FEB-2025 11:02:04)
PipeInfra,43,C,7,01/01/2020 00:00:00,RLNG, 	(27-FEB-2025 11:02:04)
PipeInfra,43,C,7,01/01/2020 00:00:00,RLNG, 	(27-FEB-2025 11:02:04)
PipeInfra,43,C,7,01/01/2020 00:00:00,RLNG, 	(27-FEB-2025 11:02:04)
PipeInfra,43,C,7,01/01/2020 00:00:00,RLNG, 	(27-FEB-2025 11:02:04)
PipeInfra,43,C,8,01/01/2020 00:00:00,RLNG, 	(27-FEB-2025 11:02:04)
PipeInfra,43,C,8,01/01/2020 00:00:00,RLNG, 	(27-FEB-2025 11:02:04)
PipeInfra,43,C,8,01/01/2020 00:00:00,RLNG, 	(27-FEB-2025 11:02:04)
PipeInfra,43,C,8,01/01/2020 00:00:00,RLNG, 	(27-FEB-2025 11:02:04)
PipeInfra,43,C,9,01/01/2020 00:00:00,DLNG, 	(27-FEB-2025 11:02:04)
PipeInfra,43,C,9,01/01/2020 00:00:00,DLNG, 	(27-FEB-2025 11:02:04)
PipeInfra,43,C,9,01/01/2020 00:00:00,DLNG, 	(27-FEB-2025 11:02:04)
PipeInfra,43,C,9,01/01/2020 00:00:00,DLNG, 	(27-FEB-2025 11:02:04)
PipeInfra,43,C,13,01/01/2020 00:00:00,DLNG, 	(27-FEB-2025 11:02:04)
PipeInfra,43,C,13,01/01/2020 00:00:00,DLNG, 	(27-FEB-2025 11:02:04)
PipeInfra,43,C,13,01/01/2020 00:00:00,DLNG, 	(27-FEB-2025 11:02:04)
PipeInfra,43,C,13,01/01/2020 00:00:00,DLNG, 	(27-FEB-2025 11:02:04)
PipeInfra,43,C,10,01/01/2020 00:00:00,DLNG, 	(27-FEB-2025 11:02:04)
PipeInfra,43,C,10,01/01/2020 00:00:00,DLNG, 	(27-FEB-2025 11:02:04)
PipeInfra,43,C,10,01/01/2020 00:00:00,DLNG, 	(27-FEB-2025 11:02:04)
PipeInfra,43,C,10,01/01/2020 00:00:00,DLNG, 	(27-FEB-2025 11:02:04)
PipeInfra,43,C,11,01/01/2020 00:00:00,DLNG, 	(27-FEB-2025 11:02:04)
PipeInfra,43,C,11,01/01/2020 00:00:00,DLNG, 	(27-FEB-2025 11:02:04)
PipeInfra,43,C,11,01/01/2020 00:00:00,DLNG, 	(27-FEB-2025 11:02:04)
PipeInfra,43,C,11,01/01/2020 00:00:00,DLNG, 	(27-FEB-2025 11:02:04)
PipeInfra,43,C,12,01/01/2020 00:00:00,DLNG, 	(27-FEB-2025 11:02:04)
PipeInfra,43,C,12,01/01/2020 00:00:00,DLNG, 	(27-FEB-2025 11:02:04)
PipeInfra,43,C,12,01/01/2020 00:00:00,DLNG, 	(27-FEB-2025 11:02:04)
PipeInfra,43,C,12,01/01/2020 00:00:00,DLNG, 	(27-FEB-2025 11:02:04)
PipeInfra,43,C,1,01/01/2020 00:00:00,DLNG, 	(27-FEB-2025 11:02:04)
PipeInfra,43,C,1,01/01/2020 00:00:00,DLNG, 	(27-FEB-2025 11:02:04)
PipeInfra,43,C,1,01/01/2020 00:00:00,DLNG, 	(27-FEB-2025 11:02:04)
PipeInfra,43,C,1,01/01/2020 00:00:00,DLNG, 	(27-FEB-2025 11:02:04)
PipeInfra,43,C,2,01/01/2020 00:00:00,DLNG, 	(27-FEB-2025 11:02:04)
PipeInfra,43,C,2,01/01/2020 00:00:00,DLNG, 	(27-FEB-2025 11:02:04)
PipeInfra,43,C,2,01/01/2020 00:00:00,DLNG, 	(27-FEB-2025 11:02:04)
PipeInfra,43,C,2,01/01/2020 00:00:00,DLNG, 	(27-FEB-2025 11:02:04)
PipeInfra,43,C,3,01/01/2020 00:00:00,DLNG, 	(27-FEB-2025 11:02:04)
PipeInfra,43,C,3,01/01/2020 00:00:00,DLNG, 	(27-FEB-2025 11:02:04)
PipeInfra,43,C,3,01/01/2020 00:00:00,DLNG, 	(27-FEB-2025 11:02:04)
PipeInfra,43,C,3,01/01/2020 00:00:00,DLNG, 	(27-FEB-2025 11:02:04)
PipeInfra,43,C,4,01/01/2020 00:00:00,DLNG, 	(27-FEB-2025 11:02:04)
PipeInfra,43,C,4,01/01/2020 00:00:00,DLNG, 	(27-FEB-2025 11:02:04)
PipeInfra,43,C,4,01/01/2020 00:00:00,DLNG, 	(27-FEB-2025 11:02:04)
PipeInfra,43,C,4,01/01/2020 00:00:00,DLNG, 	(27-FEB-2025 11:02:04)
PipeInfra,43,C,5,01/01/2020 00:00:00,DLNG, 	(27-FEB-2025 11:02:04)
PipeInfra,43,C,5,01/01/2020 00:00:00,DLNG, 	(27-FEB-2025 11:02:04)
PipeInfra,43,C,5,01/01/2020 00:00:00,DLNG, 	(27-FEB-2025 11:02:05)
PipeInfra,43,C,5,01/01/2020 00:00:00,DLNG, 	(27-FEB-2025 11:02:05)
PipeInfra,43,C,6,01/01/2020 00:00:00,DLNG, 	(27-FEB-2025 11:02:05)
PipeInfra,43,C,6,01/01/2020 00:00:00,DLNG, 	(27-FEB-2025 11:02:05)
PipeInfra,43,C,6,01/01/2020 00:00:00,DLNG, 	(27-FEB-2025 11:02:05)
PipeInfra,43,C,6,01/01/2020 00:00:00,DLNG, 	(27-FEB-2025 11:02:05)
PipeInfra,43,C,7,01/01/2020 00:00:00,DLNG, 	(27-FEB-2025 11:02:05)
PipeInfra,43,C,7,01/01/2020 00:00:00,DLNG, 	(27-FEB-2025 11:02:05)
PipeInfra,43,C,7,01/01/2020 00:00:00,DLNG, 	(27-FEB-2025 11:02:05)
PipeInfra,43,C,7,01/01/2020 00:00:00,DLNG, 	(27-FEB-2025 11:02:05)
PipeInfra,43,C,8,01/01/2020 00:00:00,DLNG, 	(27-FEB-2025 11:02:05)
PipeInfra,43,C,8,01/01/2020 00:00:00,DLNG, 	(27-FEB-2025 11:02:05)
PipeInfra,43,C,8,01/01/2020 00:00:00,DLNG, 	(27-FEB-2025 11:02:05)
PipeInfra,43,C,8,01/01/2020 00:00:00,DLNG, 	(27-FEB-2025 11:02:05)
PipeInfra,43,R,3,23/04/2024 00:00:00,RLNG, 	(27-FEB-2025 11:02:05)
PipeInfra,43,R,3,23/04/2024 00:00:00,DLNG, 	(27-FEB-2025 11:02:05)
NFL,44,C,5,01/03/2023 00:00:00,RLNG, 	(27-FEB-2025 11:02:05)
NFL,44,C,5,01/03/2023 00:00:00,RLNG, 	(27-FEB-2025 11:02:05)
NFL,44,C,3,01/01/2021 00:00:00,RLNG, 	(27-FEB-2025 11:02:05)
NFL,44,C,3,01/01/2021 00:00:00,RLNG, 	(27-FEB-2025 11:02:05)
NFL,44,C,7,01/03/2023 00:00:00,RLNG, 	(27-FEB-2025 11:02:05)
NFL,44,C,7,01/03/2023 00:00:00,RLNG, 	(27-FEB-2025 11:02:05)
NFL,44,C,6,01/03/2023 00:00:00,RLNG, 	(27-FEB-2025 11:02:05)
NFL,44,C,6,01/03/2023 00:00:00,RLNG, 	(27-FEB-2025 11:02:05)
NFL,44,C,4,01/01/2023 00:00:00,RLNG, 	(27-FEB-2025 11:02:05)
NFL,44,C,4,01/01/2023 00:00:00,RLNG, 	(27-FEB-2025 11:02:05)
NFL,44,C,1,01/05/2020 00:00:00,RLNG, 	(27-FEB-2025 11:02:05)
NFL,44,C,1,01/05/2020 00:00:00,RLNG, 	(27-FEB-2025 11:02:05)
NFL,44,C,5,01/03/2023 00:00:00,DLNG, 	(27-FEB-2025 11:02:05)
NFL,44,C,5,01/03/2023 00:00:00,DLNG, 	(27-FEB-2025 11:02:05)
NFL,44,C,3,01/01/2021 00:00:00,DLNG, 	(27-FEB-2025 11:02:05)
NFL,44,C,3,01/01/2021 00:00:00,DLNG, 	(27-FEB-2025 11:02:05)
NFL,44,C,7,01/03/2023 00:00:00,DLNG, 	(27-FEB-2025 11:02:05)
NFL,44,C,7,01/03/2023 00:00:00,DLNG, 	(27-FEB-2025 11:02:05)
NFL,44,C,6,01/03/2023 00:00:00,DLNG, 	(27-FEB-2025 11:02:05)
NFL,44,C,6,01/03/2023 00:00:00,DLNG, 	(27-FEB-2025 11:02:05)
NFL,44,C,4,01/01/2023 00:00:00,DLNG, 	(27-FEB-2025 11:02:05)
NFL,44,C,4,01/01/2023 00:00:00,DLNG, 	(27-FEB-2025 11:02:05)
NFL,44,C,1,01/05/2020 00:00:00,DLNG, 	(27-FEB-2025 11:02:05)
NFL,44,C,1,01/05/2020 00:00:00,DLNG, 	(27-FEB-2025 11:02:05)
HSIL,45,C,1,01/05/2020 00:00:00,RLNG, 	(27-FEB-2025 11:02:05)
HSIL,45,C,1,01/05/2020 00:00:00,RLNG, 	(27-FEB-2025 11:02:05)
HSIL,45,C,3,01/05/2020 00:00:00,RLNG, 	(27-FEB-2025 11:02:05)
HSIL,45,C,3,01/05/2020 00:00:00,RLNG, 	(27-FEB-2025 11:02:05)
HSIL,45,C,4,01/05/2020 00:00:00,RLNG, 	(27-FEB-2025 11:02:05)
HSIL,45,C,4,01/05/2020 00:00:00,RLNG, 	(27-FEB-2025 11:02:05)
HSIL,45,C,5,01/05/2020 00:00:00,RLNG, 	(27-FEB-2025 11:02:05)
HSIL,45,C,5,01/05/2020 00:00:00,RLNG, 	(27-FEB-2025 11:02:05)
HSIL,45,C,2,01/05/2020 00:00:00,RLNG, 	(27-FEB-2025 11:02:05)
HSIL,45,C,2,01/05/2020 00:00:00,RLNG, 	(27-FEB-2025 11:02:05)
HSIL,45,C,1,01/01/2025 00:00:00,RLNG, 	(27-FEB-2025 11:02:05)
HSIL,45,C,1,01/01/2025 00:00:00,RLNG, 	(27-FEB-2025 11:02:05)
HSIL,45,C,1,01/05/2020 00:00:00,DLNG, 	(27-FEB-2025 11:02:05)
HSIL,45,C,1,01/05/2020 00:00:00,DLNG, 	(27-FEB-2025 11:02:05)
HSIL,45,C,3,01/05/2020 00:00:00,DLNG, 	(27-FEB-2025 11:02:05)
HSIL,45,C,3,01/05/2020 00:00:00,DLNG, 	(27-FEB-2025 11:02:05)
HSIL,45,C,4,01/05/2020 00:00:00,DLNG, 	(27-FEB-2025 11:02:05)
HSIL,45,C,4,01/05/2020 00:00:00,DLNG, 	(27-FEB-2025 11:02:05)
HSIL,45,C,5,01/05/2020 00:00:00,DLNG, 	(27-FEB-2025 11:02:05)
HSIL,45,C,5,01/05/2020 00:00:00,DLNG, 	(27-FEB-2025 11:02:05)
HSIL,45,C,2,01/05/2020 00:00:00,DLNG, 	(27-FEB-2025 11:02:05)
HSIL,45,C,2,01/05/2020 00:00:00,DLNG, 	(27-FEB-2025 11:02:05)
HSIL,45,C,1,01/01/2025 00:00:00,DLNG, 	(27-FEB-2025 11:02:05)
HSIL,45,C,1,01/01/2025 00:00:00,DLNG, 	(27-FEB-2025 11:02:05)
KFL,47,C,3,23/07/2020 00:00:00,RLNG, 	(27-FEB-2025 11:02:05)
KFL,47,C,3,23/07/2020 00:00:00,RLNG, 	(27-FEB-2025 11:02:05)
KFL,47,C,4,23/07/2020 00:00:00,RLNG, 	(27-FEB-2025 11:02:05)
KFL,47,C,4,23/07/2020 00:00:00,RLNG, 	(27-FEB-2025 11:02:05)
KFL,47,C,8,29/12/2020 00:00:00,RLNG, 	(27-FEB-2025 11:02:05)
KFL,47,C,8,29/12/2020 00:00:00,RLNG, 	(27-FEB-2025 11:02:05)
KFL,47,C,5,23/07/2020 00:00:00,RLNG, 	(27-FEB-2025 11:02:05)
KFL,47,C,5,23/07/2020 00:00:00,RLNG, 	(27-FEB-2025 11:02:05)
KFL,47,C,11,29/12/2020 00:00:00,RLNG, 	(27-FEB-2025 11:02:05)
KFL,47,C,11,29/12/2020 00:00:00,RLNG, 	(27-FEB-2025 11:02:05)
KFL,47,C,12,29/12/2020 00:00:00,RLNG, 	(27-FEB-2025 11:02:05)
KFL,47,C,12,29/12/2020 00:00:00,RLNG, 	(27-FEB-2025 11:02:05)
KFL,47,C,13,29/12/2020 00:00:00,RLNG, 	(27-FEB-2025 11:02:05)
KFL,47,C,13,29/12/2020 00:00:00,RLNG, 	(27-FEB-2025 11:02:05)
KFL,47,C,2,23/07/2020 00:00:00,RLNG, 	(27-FEB-2025 11:02:05)
KFL,47,C,2,23/07/2020 00:00:00,RLNG, 	(27-FEB-2025 11:02:05)
KFL,47,C,1,23/07/2020 00:00:00,RLNG, 	(27-FEB-2025 11:02:05)
KFL,47,C,1,23/07/2020 00:00:00,RLNG, 	(27-FEB-2025 11:02:05)
KFL,47,C,3,23/07/2020 00:00:00,DLNG, 	(27-FEB-2025 11:02:05)
KFL,47,C,3,23/07/2020 00:00:00,DLNG, 	(27-FEB-2025 11:02:05)
KFL,47,C,4,23/07/2020 00:00:00,DLNG, 	(27-FEB-2025 11:02:05)
KFL,47,C,4,23/07/2020 00:00:00,DLNG, 	(27-FEB-2025 11:02:05)
KFL,47,C,8,29/12/2020 00:00:00,DLNG, 	(27-FEB-2025 11:02:05)
KFL,47,C,8,29/12/2020 00:00:00,DLNG, 	(27-FEB-2025 11:02:05)
KFL,47,C,5,23/07/2020 00:00:00,DLNG, 	(27-FEB-2025 11:02:05)
KFL,47,C,5,23/07/2020 00:00:00,DLNG, 	(27-FEB-2025 11:02:05)
KFL,47,C,11,29/12/2020 00:00:00,DLNG, 	(27-FEB-2025 11:02:05)
KFL,47,C,11,29/12/2020 00:00:00,DLNG, 	(27-FEB-2025 11:02:05)
KFL,47,C,12,29/12/2020 00:00:00,DLNG, 	(27-FEB-2025 11:02:05)
KFL,47,C,12,29/12/2020 00:00:00,DLNG, 	(27-FEB-2025 11:02:05)
KFL,47,C,13,29/12/2020 00:00:00,DLNG, 	(27-FEB-2025 11:02:05)
KFL,47,C,13,29/12/2020 00:00:00,DLNG, 	(27-FEB-2025 11:02:05)
KFL,47,C,2,23/07/2020 00:00:00,DLNG, 	(27-FEB-2025 11:02:05)
KFL,47,C,2,23/07/2020 00:00:00,DLNG, 	(27-FEB-2025 11:02:05)
KFL,47,C,1,23/07/2020 00:00:00,DLNG, 	(27-FEB-2025 11:02:05)
KFL,47,C,1,23/07/2020 00:00:00,DLNG, 	(27-FEB-2025 11:02:05)
BIL,48,C,3,01/01/2024 00:00:00,RLNG, 	(27-FEB-2025 11:02:05)
BIL,48,C,3,01/01/2024 00:00:00,RLNG, 	(27-FEB-2025 11:02:05)
BIL,48,C,7,25/06/2020 00:00:00,RLNG, 	(27-FEB-2025 11:02:05)
BIL,48,C,7,25/06/2020 00:00:00,RLNG, 	(27-FEB-2025 11:02:05)
BIL,48,C,2,25/06/2020 00:00:00,RLNG, 	(27-FEB-2025 11:02:05)
BIL,48,C,2,25/06/2020 00:00:00,RLNG, 	(27-FEB-2025 11:02:05)
BIL,48,C,6,25/06/2020 00:00:00,RLNG, 	(27-FEB-2025 11:02:05)
BIL,48,C,6,25/06/2020 00:00:00,RLNG, 	(27-FEB-2025 11:02:05)
BIL,48,C,1,25/06/2020 00:00:00,RLNG, 	(27-FEB-2025 11:02:05)
BIL,48,C,1,25/06/2020 00:00:00,RLNG, 	(27-FEB-2025 11:02:05)
BIL,48,C,4,13/01/2024 00:00:00,RLNG, 	(27-FEB-2025 11:02:05)
BIL,48,C,4,13/01/2024 00:00:00,RLNG, 	(27-FEB-2025 11:02:05)
BIL,48,C,3,01/01/2024 00:00:00,DLNG, 	(27-FEB-2025 11:02:05)
BIL,48,C,3,01/01/2024 00:00:00,DLNG, 	(27-FEB-2025 11:02:05)
BIL,48,C,7,25/06/2020 00:00:00,DLNG, 	(27-FEB-2025 11:02:05)
BIL,48,C,7,25/06/2020 00:00:00,DLNG, 	(27-FEB-2025 11:02:05)
BIL,48,C,2,25/06/2020 00:00:00,DLNG, 	(27-FEB-2025 11:02:05)
BIL,48,C,2,25/06/2020 00:00:00,DLNG, 	(27-FEB-2025 11:02:05)
BIL,48,C,6,25/06/2020 00:00:00,DLNG, 	(27-FEB-2025 11:02:05)
BIL,48,C,6,25/06/2020 00:00:00,DLNG, 	(27-FEB-2025 11:02:05)
BIL,48,C,1,25/06/2020 00:00:00,DLNG, 	(27-FEB-2025 11:02:05)
BIL,48,C,1,25/06/2020 00:00:00,DLNG, 	(27-FEB-2025 11:02:05)
BIL,48,C,4,13/01/2024 00:00:00,DLNG, 	(27-FEB-2025 11:02:05)
BIL,48,C,4,13/01/2024 00:00:00,DLNG, 	(27-FEB-2025 11:02:05)
RIPL,49,C,1,19/11/2020 00:00:00,RLNG, 	(27-FEB-2025 11:02:05)
RIPL,49,C,1,19/11/2020 00:00:00,RLNG, 	(27-FEB-2025 11:02:05)
RIPL,49,C,1,19/11/2020 00:00:00,DLNG, 	(27-FEB-2025 11:02:05)
RIPL,49,C,1,19/11/2020 00:00:00,DLNG, 	(27-FEB-2025 11:02:05)
CP,50,C,1,15/10/2020 00:00:00,RLNG, 	(27-FEB-2025 11:02:05)
CP,50,C,1,15/10/2020 00:00:00,RLNG, 	(27-FEB-2025 11:02:05)
CP,50,C,2,15/10/2020 00:00:00,RLNG, 	(27-FEB-2025 11:02:05)
CP,50,C,2,15/10/2020 00:00:00,RLNG, 	(27-FEB-2025 11:02:05)
CP,50,C,3,15/10/2020 00:00:00,RLNG, 	(27-FEB-2025 11:02:05)
CP,50,C,3,15/10/2020 00:00:00,RLNG, 	(27-FEB-2025 11:02:05)
CP,50,C,1,15/10/2020 00:00:00,DLNG, 	(27-FEB-2025 11:02:05)
CP,50,C,1,15/10/2020 00:00:00,DLNG, 	(27-FEB-2025 11:02:05)
CP,50,C,2,15/10/2020 00:00:00,DLNG, 	(27-FEB-2025 11:02:05)
CP,50,C,2,15/10/2020 00:00:00,DLNG, 	(27-FEB-2025 11:02:05)
CP,50,C,3,15/10/2020 00:00:00,DLNG, 	(27-FEB-2025 11:02:05)
CP,50,C,3,15/10/2020 00:00:00,DLNG, 	(27-FEB-2025 11:02:05)
HHFG DLNG,51,C,3,01/01/2021 00:00:00,RLNG, 	(27-FEB-2025 11:02:05)
HHFG DLNG,51,C,3,01/01/2021 00:00:00,RLNG, 	(27-FEB-2025 11:02:05)
HHFG DLNG,51,C,8,12/07/2021 00:00:00,RLNG, 	(27-FEB-2025 11:02:05)
HHFG DLNG,51,C,8,12/07/2021 00:00:00,RLNG, 	(27-FEB-2025 11:02:05)
HHFG DLNG,51,C,2,01/01/2021 00:00:00,RLNG, 	(27-FEB-2025 11:02:05)
HHFG DLNG,51,C,2,01/01/2021 00:00:00,RLNG, 	(27-FEB-2025 11:02:05)
HHFG DLNG,51,C,7,01/01/2021 00:00:00,RLNG, 	(27-FEB-2025 11:02:05)
HHFG DLNG,51,C,7,01/01/2021 00:00:00,RLNG, 	(27-FEB-2025 11:02:05)
HHFG DLNG,51,C,5,01/01/2021 00:00:00,RLNG, 	(27-FEB-2025 11:02:05)
HHFG DLNG,51,C,5,01/01/2021 00:00:00,RLNG, 	(27-FEB-2025 11:02:05)
HHFG DLNG,51,C,6,01/01/2021 00:00:00,RLNG, 	(27-FEB-2025 11:02:05)
HHFG DLNG,51,C,6,01/01/2021 00:00:00,RLNG, 	(27-FEB-2025 11:02:05)
HHFG DLNG,51,C,10,24/09/2023 00:00:00,RLNG, 	(27-FEB-2025 11:02:05)
HHFG DLNG,51,C,10,24/09/2023 00:00:00,RLNG, 	(27-FEB-2025 11:02:05)
HHFG DLNG,51,C,11,24/09/2023 00:00:00,RLNG, 	(27-FEB-2025 11:02:05)
HHFG DLNG,51,C,11,24/09/2023 00:00:00,RLNG, 	(27-FEB-2025 11:02:05)
HHFG DLNG,51,C,9,24/09/2023 00:00:00,RLNG, 	(27-FEB-2025 11:02:05)
HHFG DLNG,51,C,9,24/09/2023 00:00:00,RLNG, 	(27-FEB-2025 11:02:05)
HHFG DLNG,51,C,3,01/01/2021 00:00:00,DLNG, 	(27-FEB-2025 11:02:05)
HHFG DLNG,51,C,3,01/01/2021 00:00:00,DLNG, 	(27-FEB-2025 11:02:05)
HHFG DLNG,51,C,8,12/07/2021 00:00:00,DLNG, 	(27-FEB-2025 11:02:05)
HHFG DLNG,51,C,8,12/07/2021 00:00:00,DLNG, 	(27-FEB-2025 11:02:05)
HHFG DLNG,51,C,2,01/01/2021 00:00:00,DLNG, 	(27-FEB-2025 11:02:05)
HHFG DLNG,51,C,2,01/01/2021 00:00:00,DLNG, 	(27-FEB-2025 11:02:05)
HHFG DLNG,51,C,7,01/01/2021 00:00:00,DLNG, 	(27-FEB-2025 11:02:05)
HHFG DLNG,51,C,7,01/01/2021 00:00:00,DLNG, 	(27-FEB-2025 11:02:05)
HHFG DLNG,51,C,5,01/01/2021 00:00:00,DLNG, 	(27-FEB-2025 11:02:05)
HHFG DLNG,51,C,5,01/01/2021 00:00:00,DLNG, 	(27-FEB-2025 11:02:05)
HHFG DLNG,51,C,6,01/01/2021 00:00:00,DLNG, 	(27-FEB-2025 11:02:05)
HHFG DLNG,51,C,6,01/01/2021 00:00:00,DLNG, 	(27-FEB-2025 11:02:05)
HHFG DLNG,51,C,10,24/09/2023 00:00:00,DLNG, 	(27-FEB-2025 11:02:05)
HHFG DLNG,51,C,10,24/09/2023 00:00:00,DLNG, 	(27-FEB-2025 11:02:05)
HHFG DLNG,51,C,11,24/09/2023 00:00:00,DLNG, 	(27-FEB-2025 11:02:05)
HHFG DLNG,51,C,11,24/09/2023 00:00:00,DLNG, 	(27-FEB-2025 11:02:05)
HHFG DLNG,51,C,9,24/09/2023 00:00:00,DLNG, 	(27-FEB-2025 11:02:05)
HHFG DLNG,51,C,9,24/09/2023 00:00:00,DLNG, 	(27-FEB-2025 11:02:05)
VIDUWIL,52,C,1,01/01/2021 00:00:00,RLNG, 	(27-FEB-2025 11:02:05)
VIDUWIL,52,C,1,01/01/2021 00:00:00,RLNG, 	(27-FEB-2025 11:02:05)
VIDUWIL,52,C,2,01/01/2021 00:00:00,RLNG, 	(27-FEB-2025 11:02:05)
VIDUWIL,52,C,2,01/01/2021 00:00:00,RLNG, 	(27-FEB-2025 11:02:05)
VIDUWIL,52,C,3,01/01/2021 00:00:00,RLNG, 	(27-FEB-2025 11:02:05)
VIDUWIL,52,C,3,01/01/2021 00:00:00,RLNG, 	(27-FEB-2025 11:02:05)
VIDUWIL,52,C,1,01/01/2021 00:00:00,DLNG, 	(27-FEB-2025 11:02:05)
VIDUWIL,52,C,1,01/01/2021 00:00:00,DLNG, 	(27-FEB-2025 11:02:05)
VIDUWIL,52,C,2,01/01/2021 00:00:00,DLNG, 	(27-FEB-2025 11:02:05)
VIDUWIL,52,C,2,01/01/2021 00:00:00,DLNG, 	(27-FEB-2025 11:02:05)
VIDUWIL,52,C,3,01/01/2021 00:00:00,DLNG, 	(27-FEB-2025 11:02:05)
VIDUWIL,52,C,3,01/01/2021 00:00:00,DLNG, 	(27-FEB-2025 11:02:05)
AGP CGD,53,C,8,27/04/2021 00:00:00,RLNG, 	(27-FEB-2025 11:02:05)
AGP CGD,53,C,8,27/04/2021 00:00:00,RLNG, 	(27-FEB-2025 11:02:05)
AGP CGD,53,C,10,01/02/2023 00:00:00,RLNG, 	(27-FEB-2025 11:02:05)
AGP CGD,53,C,10,01/02/2023 00:00:00,RLNG, 	(27-FEB-2025 11:02:05)
AGP CGD,53,C,11,01/02/2023 00:00:00,RLNG, 	(27-FEB-2025 11:02:05)
AGP CGD,53,C,11,01/02/2023 00:00:00,RLNG, 	(27-FEB-2025 11:02:05)
AGP CGD,53,C,12,01/02/2023 00:00:00,RLNG, 	(27-FEB-2025 11:02:05)
AGP CGD,53,C,12,01/02/2023 00:00:00,RLNG, 	(27-FEB-2025 11:02:05)
AGP CGD,53,C,4,01/04/2021 00:00:00,RLNG, 	(27-FEB-2025 11:02:05)
AGP CGD,53,C,4,01/04/2021 00:00:00,RLNG, 	(27-FEB-2025 11:02:05)
AGP CGD,53,C,5,01/04/2021 00:00:00,RLNG, 	(27-FEB-2025 11:02:05)
AGP CGD,53,C,5,01/04/2021 00:00:00,RLNG, 	(27-FEB-2025 11:02:05)
AGP CGD,53,C,6,01/04/2021 00:00:00,RLNG, 	(27-FEB-2025 11:02:05)
AGP CGD,53,C,6,01/04/2021 00:00:00,RLNG, 	(27-FEB-2025 11:02:05)
AGP CGD,53,C,7,01/04/2021 00:00:00,RLNG, 	(27-FEB-2025 11:02:05)
AGP CGD,53,C,7,01/04/2021 00:00:00,RLNG, 	(27-FEB-2025 11:02:05)
AGP CGD,53,C,3,01/04/2021 00:00:00,RLNG, 	(27-FEB-2025 11:02:05)
AGP CGD,53,C,3,01/04/2021 00:00:00,RLNG, 	(27-FEB-2025 11:02:05)
AGP CGD,53,C,1,25/01/2021 00:00:00,RLNG, 	(27-FEB-2025 11:02:05)
AGP CGD,53,C,1,25/01/2021 00:00:00,RLNG, 	(27-FEB-2025 11:02:05)
AGP CGD,53,C,2,25/01/2021 00:00:00,RLNG, 	(27-FEB-2025 11:02:05)
AGP CGD,53,C,2,25/01/2021 00:00:00,RLNG, 	(27-FEB-2025 11:02:05)
AGP CGD,53,C,3,01/02/2023 00:00:00,RLNG, 	(27-FEB-2025 11:02:05)
AGP CGD,53,C,3,01/02/2023 00:00:00,RLNG, 	(27-FEB-2025 11:02:05)
AGP CGD,53,C,1,01/02/2023 00:00:00,RLNG, 	(27-FEB-2025 11:02:05)
AGP CGD,53,C,1,01/02/2023 00:00:00,RLNG, 	(27-FEB-2025 11:02:05)
AGP CGD,53,C,9,28/12/2021 00:00:00,RLNG, 	(27-FEB-2025 11:02:05)
AGP CGD,53,C,9,28/12/2021 00:00:00,RLNG, 	(27-FEB-2025 11:02:05)
AGP CGD,53,C,13,27/03/2023 00:00:00,RLNG, 	(27-FEB-2025 11:02:05)
AGP CGD,53,C,13,27/03/2023 00:00:00,RLNG, 	(27-FEB-2025 11:02:05)
AGP CGD,53,C,8,27/04/2021 00:00:00,DLNG, 	(27-FEB-2025 11:02:05)
AGP CGD,53,C,8,27/04/2021 00:00:00,DLNG, 	(27-FEB-2025 11:02:05)
AGP CGD,53,C,10,01/02/2023 00:00:00,DLNG, 	(27-FEB-2025 11:02:05)
AGP CGD,53,C,10,01/02/2023 00:00:00,DLNG, 	(27-FEB-2025 11:02:05)
AGP CGD,53,C,11,01/02/2023 00:00:00,DLNG, 	(27-FEB-2025 11:02:05)
AGP CGD,53,C,11,01/02/2023 00:00:00,DLNG, 	(27-FEB-2025 11:02:05)
AGP CGD,53,C,12,01/02/2023 00:00:00,DLNG, 	(27-FEB-2025 11:02:05)
AGP CGD,53,C,12,01/02/2023 00:00:00,DLNG, 	(27-FEB-2025 11:02:05)
AGP CGD,53,C,4,01/04/2021 00:00:00,DLNG, 	(27-FEB-2025 11:02:05)
AGP CGD,53,C,4,01/04/2021 00:00:00,DLNG, 	(27-FEB-2025 11:02:05)
AGP CGD,53,C,5,01/04/2021 00:00:00,DLNG, 	(27-FEB-2025 11:02:05)
AGP CGD,53,C,5,01/04/2021 00:00:00,DLNG, 	(27-FEB-2025 11:02:05)
AGP CGD,53,C,6,01/04/2021 00:00:00,DLNG, 	(27-FEB-2025 11:02:05)
AGP CGD,53,C,6,01/04/2021 00:00:00,DLNG, 	(27-FEB-2025 11:02:05)
AGP CGD,53,C,7,01/04/2021 00:00:00,DLNG, 	(27-FEB-2025 11:02:05)
AGP CGD,53,C,7,01/04/2021 00:00:00,DLNG, 	(27-FEB-2025 11:02:05)
AGP CGD,53,C,3,01/04/2021 00:00:00,DLNG, 	(27-FEB-2025 11:02:05)
AGP CGD,53,C,3,01/04/2021 00:00:00,DLNG, 	(27-FEB-2025 11:02:05)
AGP CGD,53,C,1,25/01/2021 00:00:00,DLNG, 	(27-FEB-2025 11:02:05)
AGP CGD,53,C,1,25/01/2021 00:00:00,DLNG, 	(27-FEB-2025 11:02:05)
AGP CGD,53,C,2,25/01/2021 00:00:00,DLNG, 	(27-FEB-2025 11:02:05)
AGP CGD,53,C,2,25/01/2021 00:00:00,DLNG, 	(27-FEB-2025 11:02:05)
AGP CGD,53,C,3,01/02/2023 00:00:00,DLNG, 	(27-FEB-2025 11:02:05)
AGP CGD,53,C,3,01/02/2023 00:00:00,DLNG, 	(27-FEB-2025 11:02:05)
AGP CGD,53,C,1,01/02/2023 00:00:00,DLNG, 	(27-FEB-2025 11:02:05)
AGP CGD,53,C,1,01/02/2023 00:00:00,DLNG, 	(27-FEB-2025 11:02:05)
AGP CGD,53,C,9,28/12/2021 00:00:00,DLNG, 	(27-FEB-2025 11:02:05)
AGP CGD,53,C,9,28/12/2021 00:00:00,DLNG, 	(27-FEB-2025 11:02:05)
AGP CGD,53,C,13,27/03/2023 00:00:00,DLNG, 	(27-FEB-2025 11:02:05)
AGP CGD,53,C,13,27/03/2023 00:00:00,DLNG, 	(27-FEB-2025 11:02:05)
MINDA,54,C,13,29/07/2022 00:00:00,RLNG, 	(27-FEB-2025 11:02:05)
MINDA,54,C,13,29/07/2022 00:00:00,RLNG, 	(27-FEB-2025 11:02:05)
MINDA,54,C,14,29/07/2022 00:00:00,RLNG, 	(27-FEB-2025 11:02:05)
MINDA,54,C,14,29/07/2022 00:00:00,RLNG, 	(27-FEB-2025 11:02:05)
MINDA,54,C,15,29/07/2022 00:00:00,RLNG, 	(27-FEB-2025 11:02:05)
MINDA,54,C,15,29/07/2022 00:00:00,RLNG, 	(27-FEB-2025 11:02:05)
MINDA,54,C,5,01/02/2021 00:00:00,RLNG, 	(27-FEB-2025 11:02:05)
MINDA,54,C,5,01/02/2021 00:00:00,RLNG, 	(27-FEB-2025 11:02:05)
MINDA,54,C,10,21/02/2022 00:00:00,RLNG, 	(27-FEB-2025 11:02:05)
MINDA,54,C,10,21/02/2022 00:00:00,RLNG, 	(27-FEB-2025 11:02:05)
MINDA,54,C,1,01/02/2021 00:00:00,RLNG, 	(27-FEB-2025 11:02:05)
MINDA,54,C,1,01/02/2021 00:00:00,RLNG, 	(27-FEB-2025 11:02:05)
MINDA,54,C,6,03/03/2023 00:00:00,RLNG, 	(27-FEB-2025 11:02:05)
MINDA,54,C,6,03/03/2023 00:00:00,RLNG, 	(27-FEB-2025 11:02:05)
MINDA,54,C,3,05/01/2024 00:00:00,RLNG, 	(27-FEB-2025 11:02:05)
MINDA,54,C,3,05/01/2024 00:00:00,RLNG, 	(27-FEB-2025 11:02:05)
MINDA,54,C,10,16/08/2022 00:00:00,RLNG, 	(27-FEB-2025 11:02:05)
MINDA,54,C,10,16/08/2022 00:00:00,RLNG, 	(27-FEB-2025 11:02:05)
MINDA,54,C,5,16/08/2022 00:00:00,RLNG, 	(27-FEB-2025 11:02:05)
MINDA,54,C,5,16/08/2022 00:00:00,RLNG, 	(27-FEB-2025 11:02:05)
MINDA,54,C,12,29/07/2022 00:00:00,RLNG, 	(27-FEB-2025 11:02:05)
MINDA,54,C,12,29/07/2022 00:00:00,RLNG, 	(27-FEB-2025 11:02:05)
MINDA,54,C,17,19/07/2024 00:00:00,RLNG, 	(27-FEB-2025 11:02:05)
MINDA,54,C,17,19/07/2024 00:00:00,RLNG, 	(27-FEB-2025 11:02:05)
MINDA,54,C,16,19/07/2024 00:00:00,RLNG, 	(27-FEB-2025 11:02:05)
MINDA,54,C,16,19/07/2024 00:00:00,RLNG, 	(27-FEB-2025 11:02:05)
MINDA,54,C,13,29/07/2022 00:00:00,DLNG, 	(27-FEB-2025 11:02:05)
MINDA,54,C,13,29/07/2022 00:00:00,DLNG, 	(27-FEB-2025 11:02:05)
MINDA,54,C,14,29/07/2022 00:00:00,DLNG, 	(27-FEB-2025 11:02:05)
MINDA,54,C,14,29/07/2022 00:00:00,DLNG, 	(27-FEB-2025 11:02:05)
MINDA,54,C,15,29/07/2022 00:00:00,DLNG, 	(27-FEB-2025 11:02:05)
MINDA,54,C,15,29/07/2022 00:00:00,DLNG, 	(27-FEB-2025 11:02:05)
MINDA,54,C,5,01/02/2021 00:00:00,DLNG, 	(27-FEB-2025 11:02:05)
MINDA,54,C,5,01/02/2021 00:00:00,DLNG, 	(27-FEB-2025 11:02:05)
MINDA,54,C,10,21/02/2022 00:00:00,DLNG, 	(27-FEB-2025 11:02:05)
MINDA,54,C,10,21/02/2022 00:00:00,DLNG, 	(27-FEB-2025 11:02:05)
MINDA,54,C,1,01/02/2021 00:00:00,DLNG, 	(27-FEB-2025 11:02:05)
MINDA,54,C,1,01/02/2021 00:00:00,DLNG, 	(27-FEB-2025 11:02:05)
MINDA,54,C,6,03/03/2023 00:00:00,DLNG, 	(27-FEB-2025 11:02:05)
MINDA,54,C,6,03/03/2023 00:00:00,DLNG, 	(27-FEB-2025 11:02:05)
MINDA,54,C,3,05/01/2024 00:00:00,DLNG, 	(27-FEB-2025 11:02:05)
MINDA,54,C,3,05/01/2024 00:00:00,DLNG, 	(27-FEB-2025 11:02:05)
MINDA,54,C,10,16/08/2022 00:00:00,DLNG, 	(27-FEB-2025 11:02:05)
MINDA,54,C,10,16/08/2022 00:00:00,DLNG, 	(27-FEB-2025 11:02:05)
MINDA,54,C,5,16/08/2022 00:00:00,DLNG, 	(27-FEB-2025 11:02:05)
MINDA,54,C,5,16/08/2022 00:00:00,DLNG, 	(27-FEB-2025 11:02:05)
MINDA,54,C,12,29/07/2022 00:00:00,DLNG, 	(27-FEB-2025 11:02:05)
MINDA,54,C,12,29/07/2022 00:00:00,DLNG, 	(27-FEB-2025 11:02:05)
MINDA,54,C,17,19/07/2024 00:00:00,DLNG, 	(27-FEB-2025 11:02:05)
MINDA,54,C,17,19/07/2024 00:00:00,DLNG, 	(27-FEB-2025 11:02:05)
MINDA,54,C,16,19/07/2024 00:00:00,DLNG, 	(27-FEB-2025 11:02:05)
MINDA,54,C,16,19/07/2024 00:00:00,DLNG, 	(27-FEB-2025 11:02:05)
LEIPL,55,C,1,04/11/2020 00:00:00,RLNG, 	(27-FEB-2025 11:02:05)
LEIPL,55,C,1,04/11/2020 00:00:00,RLNG, 	(27-FEB-2025 11:02:05)
LEIPL,55,C,2,04/11/2020 00:00:00,RLNG, 	(27-FEB-2025 11:02:05)
LEIPL,55,C,2,04/11/2020 00:00:00,RLNG, 	(27-FEB-2025 11:02:05)
LEIPL,55,C,3,03/04/2023 00:00:00,RLNG, 	(27-FEB-2025 11:02:05)
LEIPL,55,C,3,03/04/2023 00:00:00,RLNG, 	(27-FEB-2025 11:02:05)
LEIPL,55,C,1,04/11/2020 00:00:00,DLNG, 	(27-FEB-2025 11:02:05)
LEIPL,55,C,1,04/11/2020 00:00:00,DLNG, 	(27-FEB-2025 11:02:05)
LEIPL,55,C,2,04/11/2020 00:00:00,DLNG, 	(27-FEB-2025 11:02:05)
LEIPL,55,C,2,04/11/2020 00:00:00,DLNG, 	(27-FEB-2025 11:02:05)
LEIPL,55,C,3,03/04/2023 00:00:00,DLNG, 	(27-FEB-2025 11:02:05)
LEIPL,55,C,3,03/04/2023 00:00:00,DLNG, 	(27-FEB-2025 11:02:05)
SCHOTT,56,C,5,01/01/2021 00:00:00,RLNG, 	(27-FEB-2025 11:02:05)
SCHOTT,56,C,5,01/01/2021 00:00:00,RLNG, 	(27-FEB-2025 11:02:05)
SCHOTT,56,C,6,01/01/2021 00:00:00,RLNG, 	(27-FEB-2025 11:02:05)
SCHOTT,56,C,6,01/01/2021 00:00:00,RLNG, 	(27-FEB-2025 11:02:05)
SCHOTT,56,C,1,01/01/2021 00:00:00,RLNG, 	(27-FEB-2025 11:02:05)
SCHOTT,56,C,1,01/01/2021 00:00:00,RLNG, 	(27-FEB-2025 11:02:05)
SCHOTT,56,C,8,01/01/2021 00:00:00,RLNG, 	(27-FEB-2025 11:02:05)
SCHOTT,56,C,8,01/01/2021 00:00:00,RLNG, 	(27-FEB-2025 11:02:05)
SCHOTT,56,C,7,01/01/2021 00:00:00,RLNG, 	(27-FEB-2025 11:02:05)
SCHOTT,56,C,7,01/01/2021 00:00:00,RLNG, 	(27-FEB-2025 11:02:05)
SCHOTT,56,C,5,01/01/2021 00:00:00,DLNG, 	(27-FEB-2025 11:02:05)
SCHOTT,56,C,5,01/01/2021 00:00:00,DLNG, 	(27-FEB-2025 11:02:05)
SCHOTT,56,C,6,01/01/2021 00:00:00,DLNG, 	(27-FEB-2025 11:02:05)
SCHOTT,56,C,6,01/01/2021 00:00:00,DLNG, 	(27-FEB-2025 11:02:05)
SCHOTT,56,C,1,01/01/2021 00:00:00,DLNG, 	(27-FEB-2025 11:02:05)
SCHOTT,56,C,1,01/01/2021 00:00:00,DLNG, 	(27-FEB-2025 11:02:05)
SCHOTT,56,C,8,01/01/2021 00:00:00,DLNG, 	(27-FEB-2025 11:02:05)
SCHOTT,56,C,8,01/01/2021 00:00:00,DLNG, 	(27-FEB-2025 11:02:05)
SCHOTT,56,C,7,01/01/2021 00:00:00,DLNG, 	(27-FEB-2025 11:02:05)
SCHOTT,56,C,7,01/01/2021 00:00:00,DLNG, 	(27-FEB-2025 11:02:05)
HIL,57,C,6,01/06/2023 00:00:00,RLNG, 	(27-FEB-2025 11:02:05)
HIL,57,C,6,01/06/2023 00:00:00,RLNG, 	(27-FEB-2025 11:02:05)
HIL,57,C,4,01/01/2021 00:00:00,RLNG, 	(27-FEB-2025 11:02:05)
HIL,57,C,4,01/01/2021 00:00:00,RLNG, 	(27-FEB-2025 11:02:05)
HIL,57,C,4,01/06/2023 00:00:00,RLNG, 	(27-FEB-2025 11:02:05)
HIL,57,C,4,01/06/2023 00:00:00,RLNG, 	(27-FEB-2025 11:02:05)
HIL,57,C,4,01/01/2021 00:00:00,RLNG, 	(27-FEB-2025 11:02:05)
HIL,57,C,4,01/01/2021 00:00:00,RLNG, 	(27-FEB-2025 11:02:05)
HIL,57,C,4,01/06/2023 00:00:00,RLNG, 	(27-FEB-2025 11:02:05)
HIL,57,C,4,01/06/2023 00:00:00,RLNG, 	(27-FEB-2025 11:02:05)
HIL,57,C,8,15/01/2022 00:00:00,RLNG, 	(27-FEB-2025 11:02:05)
HIL,57,C,8,15/01/2022 00:00:00,RLNG, 	(27-FEB-2025 11:02:05)
HIL,57,C,7,23/01/2022 00:00:00,RLNG, 	(27-FEB-2025 11:02:05)
HIL,57,C,7,23/01/2022 00:00:00,RLNG, 	(27-FEB-2025 11:02:05)
HIL,57,C,6,01/06/2023 00:00:00,DLNG, 	(27-FEB-2025 11:02:05)
HIL,57,C,6,01/06/2023 00:00:00,DLNG, 	(27-FEB-2025 11:02:05)
HIL,57,C,4,01/01/2021 00:00:00,DLNG, 	(27-FEB-2025 11:02:05)
HIL,57,C,4,01/01/2021 00:00:00,DLNG, 	(27-FEB-2025 11:02:05)
HIL,57,C,4,01/06/2023 00:00:00,DLNG, 	(27-FEB-2025 11:02:05)
HIL,57,C,4,01/06/2023 00:00:00,DLNG, 	(27-FEB-2025 11:02:05)
HIL,57,C,4,01/01/2021 00:00:00,DLNG, 	(27-FEB-2025 11:02:05)
HIL,57,C,4,01/01/2021 00:00:00,DLNG, 	(27-FEB-2025 11:02:05)
HIL,57,C,4,01/06/2023 00:00:00,DLNG, 	(27-FEB-2025 11:02:05)
HIL,57,C,4,01/06/2023 00:00:00,DLNG, 	(27-FEB-2025 11:02:05)
HIL,57,C,8,15/01/2022 00:00:00,DLNG, 	(27-FEB-2025 11:02:05)
HIL,57,C,8,15/01/2022 00:00:00,DLNG, 	(27-FEB-2025 11:02:05)
HIL,57,C,7,23/01/2022 00:00:00,DLNG, 	(27-FEB-2025 11:02:05)
HIL,57,C,7,23/01/2022 00:00:00,DLNG, 	(27-FEB-2025 11:02:05)
HCGD-B,58,C,2,01/04/2021 00:00:00,RLNG, 	(27-FEB-2025 11:02:05)
HCGD-B,58,C,2,01/04/2021 00:00:00,RLNG, 	(27-FEB-2025 11:02:05)
HCGD-B,58,C,1,01/04/2021 00:00:00,RLNG, 	(27-FEB-2025 11:02:05)
HCGD-B,58,C,1,01/04/2021 00:00:00,RLNG, 	(27-FEB-2025 11:02:05)
HCGD-B,58,C,3,01/04/2021 00:00:00,RLNG, 	(27-FEB-2025 11:02:05)
HCGD-B,58,C,3,01/04/2021 00:00:00,RLNG, 	(27-FEB-2025 11:02:05)
HCGD-B,58,C,2,01/04/2021 00:00:00,DLNG, 	(27-FEB-2025 11:02:05)
HCGD-B,58,C,2,01/04/2021 00:00:00,DLNG, 	(27-FEB-2025 11:02:05)
HCGD-B,58,C,1,01/04/2021 00:00:00,DLNG, 	(27-FEB-2025 11:02:05)
HCGD-B,58,C,1,01/04/2021 00:00:00,DLNG, 	(27-FEB-2025 11:02:05)
HCGD-B,58,C,3,01/04/2021 00:00:00,DLNG, 	(27-FEB-2025 11:02:05)
HCGD-B,58,C,3,01/04/2021 00:00:00,DLNG, 	(27-FEB-2025 11:02:05)
BIPL,59,C,4,01/06/2023 00:00:00,RLNG, 	(27-FEB-2025 11:02:05)
BIPL,59,C,4,01/06/2023 00:00:00,RLNG, 	(27-FEB-2025 11:02:05)
BIPL,59,C,3,25/04/2021 00:00:00,RLNG, 	(27-FEB-2025 11:02:05)
BIPL,59,C,3,25/04/2021 00:00:00,RLNG, 	(27-FEB-2025 11:02:05)
BIPL,59,C,5,24/09/2024 00:00:00,RLNG, 	(27-FEB-2025 11:02:05)
BIPL,59,C,5,24/09/2024 00:00:00,RLNG, 	(27-FEB-2025 11:02:05)
BIPL,59,C,2,25/04/2021 00:00:00,RLNG, 	(27-FEB-2025 11:02:05)
BIPL,59,C,2,25/04/2021 00:00:00,RLNG, 	(27-FEB-2025 11:02:05)
BIPL,59,C,1,21/07/2020 00:00:00,RLNG, 	(27-FEB-2025 11:02:05)
BIPL,59,C,1,21/07/2020 00:00:00,RLNG, 	(27-FEB-2025 11:02:05)
BIPL,59,C,4,01/06/2023 00:00:00,DLNG, 	(27-FEB-2025 11:02:05)
BIPL,59,C,4,01/06/2023 00:00:00,DLNG, 	(27-FEB-2025 11:02:05)
BIPL,59,C,3,25/04/2021 00:00:00,DLNG, 	(27-FEB-2025 11:02:05)
BIPL,59,C,3,25/04/2021 00:00:00,DLNG, 	(27-FEB-2025 11:02:05)
BIPL,59,C,5,24/09/2024 00:00:00,DLNG, 	(27-FEB-2025 11:02:05)
BIPL,59,C,5,24/09/2024 00:00:00,DLNG, 	(27-FEB-2025 11:02:05)
BIPL,59,C,2,25/04/2021 00:00:00,DLNG, 	(27-FEB-2025 11:02:05)
BIPL,59,C,2,25/04/2021 00:00:00,DLNG, 	(27-FEB-2025 11:02:05)
BIPL,59,C,1,21/07/2020 00:00:00,DLNG, 	(27-FEB-2025 11:02:05)
BIPL,59,C,1,21/07/2020 00:00:00,DLNG, 	(27-FEB-2025 11:02:05)
EXXARO,60,C,3,11/02/2022 00:00:00,RLNG, 	(27-FEB-2025 11:02:05)
EXXARO,60,C,3,11/02/2022 00:00:00,RLNG, 	(27-FEB-2025 11:02:05)
EXXARO,60,C,3,11/02/2022 00:00:00,RLNG, 	(27-FEB-2025 11:02:05)
EXXARO,60,C,3,11/02/2022 00:00:00,RLNG, 	(27-FEB-2025 11:02:05)
EXXARO,60,C,1,23/06/2021 00:00:00,RLNG, 	(27-FEB-2025 11:02:05)
EXXARO,60,C,1,23/06/2021 00:00:00,RLNG, 	(27-FEB-2025 11:02:05)
EXXARO,60,C,1,23/06/2021 00:00:00,RLNG, 	(27-FEB-2025 11:02:05)
EXXARO,60,C,1,23/06/2021 00:00:00,RLNG, 	(27-FEB-2025 11:02:05)
EXXARO,60,C,2,23/06/2021 00:00:00,RLNG, 	(27-FEB-2025 11:02:05)
EXXARO,60,C,2,23/06/2021 00:00:00,RLNG, 	(27-FEB-2025 11:02:05)
EXXARO,60,C,2,23/06/2021 00:00:00,RLNG, 	(27-FEB-2025 11:02:05)
EXXARO,60,C,2,23/06/2021 00:00:00,RLNG, 	(27-FEB-2025 11:02:05)
EXXARO,60,C,3,11/02/2022 00:00:00,DLNG, 	(27-FEB-2025 11:02:05)
EXXARO,60,C,3,11/02/2022 00:00:00,DLNG, 	(27-FEB-2025 11:02:05)
EXXARO,60,C,3,11/02/2022 00:00:00,DLNG, 	(27-FEB-2025 11:02:05)
EXXARO,60,C,3,11/02/2022 00:00:00,DLNG, 	(27-FEB-2025 11:02:05)
EXXARO,60,C,1,23/06/2021 00:00:00,DLNG, 	(27-FEB-2025 11:02:05)
EXXARO,60,C,1,23/06/2021 00:00:00,DLNG, 	(27-FEB-2025 11:02:05)
EXXARO,60,C,1,23/06/2021 00:00:00,DLNG, 	(27-FEB-2025 11:02:05)
EXXARO,60,C,1,23/06/2021 00:00:00,DLNG, 	(27-FEB-2025 11:02:05)
EXXARO,60,C,2,23/06/2021 00:00:00,DLNG, 	(27-FEB-2025 11:02:05)
EXXARO,60,C,2,23/06/2021 00:00:00,DLNG, 	(27-FEB-2025 11:02:05)
EXXARO,60,C,2,23/06/2021 00:00:00,DLNG, 	(27-FEB-2025 11:02:05)
EXXARO,60,C,2,23/06/2021 00:00:00,DLNG, 	(27-FEB-2025 11:02:05)
KAJARIA,68,C,9,08/09/2021 00:00:00,RLNG, 	(27-FEB-2025 11:02:05)
KAJARIA,68,C,9,08/09/2021 00:00:00,RLNG, 	(27-FEB-2025 11:02:05)
KAJARIA,68,C,8,22/08/2021 00:00:00,RLNG, 	(27-FEB-2025 11:02:05)
KAJARIA,68,C,8,22/08/2021 00:00:00,RLNG, 	(27-FEB-2025 11:02:05)
KAJARIA,68,C,2,01/03/2023 00:00:00,RLNG, 	(27-FEB-2025 11:02:05)
KAJARIA,68,C,2,01/03/2023 00:00:00,RLNG, 	(27-FEB-2025 11:02:05)
KAJARIA,68,C,1,04/08/2021 00:00:00,RLNG, 	(27-FEB-2025 11:02:05)
KAJARIA,68,C,1,04/08/2021 00:00:00,RLNG, 	(27-FEB-2025 11:02:05)
KAJARIA,68,C,2,04/08/2021 00:00:00,RLNG, 	(27-FEB-2025 11:02:05)
KAJARIA,68,C,2,04/08/2021 00:00:00,RLNG, 	(27-FEB-2025 11:02:05)
KAJARIA,68,C,10,01/01/2023 00:00:00,RLNG, 	(27-FEB-2025 11:02:05)
KAJARIA,68,C,10,01/01/2023 00:00:00,RLNG, 	(27-FEB-2025 11:02:05)
KAJARIA,68,C,9,08/09/2021 00:00:00,DLNG, 	(27-FEB-2025 11:02:05)
KAJARIA,68,C,9,08/09/2021 00:00:00,DLNG, 	(27-FEB-2025 11:02:05)
KAJARIA,68,C,8,22/08/2021 00:00:00,DLNG, 	(27-FEB-2025 11:02:05)
KAJARIA,68,C,8,22/08/2021 00:00:00,DLNG, 	(27-FEB-2025 11:02:05)
KAJARIA,68,C,2,01/03/2023 00:00:00,DLNG, 	(27-FEB-2025 11:02:05)
KAJARIA,68,C,2,01/03/2023 00:00:00,DLNG, 	(27-FEB-2025 11:02:05)
KAJARIA,68,C,1,04/08/2021 00:00:00,DLNG, 	(27-FEB-2025 11:02:05)
KAJARIA,68,C,1,04/08/2021 00:00:00,DLNG, 	(27-FEB-2025 11:02:05)
KAJARIA,68,C,2,04/08/2021 00:00:00,DLNG, 	(27-FEB-2025 11:02:05)
KAJARIA,68,C,2,04/08/2021 00:00:00,DLNG, 	(27-FEB-2025 11:02:05)
KAJARIA,68,C,10,01/01/2023 00:00:00,DLNG, 	(27-FEB-2025 11:02:05)
KAJARIA,68,C,10,01/01/2023 00:00:00,DLNG, 	(27-FEB-2025 11:02:05)
SISECAM,70,C,5,01/07/2022 00:00:00,RLNG, 	(27-FEB-2025 11:02:05)
SISECAM,70,C,5,01/07/2022 00:00:00,RLNG, 	(27-FEB-2025 11:02:05)
SISECAM,70,C,4,09/06/2021 00:00:00,RLNG, 	(27-FEB-2025 11:02:05)
SISECAM,70,C,4,09/06/2021 00:00:00,RLNG, 	(27-FEB-2025 11:02:05)
SISECAM,70,C,2,09/06/2021 00:00:00,RLNG, 	(27-FEB-2025 11:02:05)
SISECAM,70,C,2,09/06/2021 00:00:00,RLNG, 	(27-FEB-2025 11:02:05)
SISECAM,70,C,1,01/02/2024 00:00:00,RLNG, 	(27-FEB-2025 11:02:05)
SISECAM,70,C,1,01/02/2024 00:00:00,RLNG, 	(27-FEB-2025 11:02:05)
SISECAM,70,C,1,09/06/2021 00:00:00,RLNG, 	(27-FEB-2025 11:02:05)
SISECAM,70,C,1,09/06/2021 00:00:00,RLNG, 	(27-FEB-2025 11:02:05)
SISECAM,70,C,3,09/06/2021 00:00:00,RLNG, 	(27-FEB-2025 11:02:05)
SISECAM,70,C,3,09/06/2021 00:00:00,RLNG, 	(27-FEB-2025 11:02:05)
SISECAM,70,C,5,01/07/2022 00:00:00,DLNG, 	(27-FEB-2025 11:02:05)
SISECAM,70,C,5,01/07/2022 00:00:00,DLNG, 	(27-FEB-2025 11:02:05)
SISECAM,70,C,4,09/06/2021 00:00:00,DLNG, 	(27-FEB-2025 11:02:05)
SISECAM,70,C,4,09/06/2021 00:00:00,DLNG, 	(27-FEB-2025 11:02:05)
SISECAM,70,C,2,09/06/2021 00:00:00,DLNG, 	(27-FEB-2025 11:02:05)
SISECAM,70,C,2,09/06/2021 00:00:00,DLNG, 	(27-FEB-2025 11:02:05)
SISECAM,70,C,1,01/02/2024 00:00:00,DLNG, 	(27-FEB-2025 11:02:05)
SISECAM,70,C,1,01/02/2024 00:00:00,DLNG, 	(27-FEB-2025 11:02:05)
SISECAM,70,C,1,09/06/2021 00:00:00,DLNG, 	(27-FEB-2025 11:02:05)
SISECAM,70,C,1,09/06/2021 00:00:00,DLNG, 	(27-FEB-2025 11:02:05)
SISECAM,70,C,3,09/06/2021 00:00:00,DLNG, 	(27-FEB-2025 11:02:05)
SISECAM,70,C,3,09/06/2021 00:00:00,DLNG, 	(27-FEB-2025 11:02:05)
ATPL,71,C,4,05/04/2022 00:00:00,RLNG, 	(27-FEB-2025 11:02:05)
ATPL,71,C,4,05/04/2022 00:00:00,RLNG, 	(27-FEB-2025 11:02:05)
ATPL,71,C,2,04/08/2021 00:00:00,RLNG, 	(27-FEB-2025 11:02:05)
ATPL,71,C,2,04/08/2021 00:00:00,RLNG, 	(27-FEB-2025 11:02:05)
ATPL,71,C,5,05/04/2022 00:00:00,RLNG, 	(27-FEB-2025 11:02:05)
ATPL,71,C,5,05/04/2022 00:00:00,RLNG, 	(27-FEB-2025 11:02:05)
ATPL,71,C,6,05/04/2022 00:00:00,RLNG, 	(27-FEB-2025 11:02:05)
ATPL,71,C,6,05/04/2022 00:00:00,RLNG, 	(27-FEB-2025 11:02:05)
ATPL,71,C,7,05/04/2022 00:00:00,RLNG, 	(27-FEB-2025 11:02:05)
ATPL,71,C,7,05/04/2022 00:00:00,RLNG, 	(27-FEB-2025 11:02:05)
ATPL,71,C,4,05/04/2022 00:00:00,DLNG, 	(27-FEB-2025 11:02:05)
ATPL,71,C,4,05/04/2022 00:00:00,DLNG, 	(27-FEB-2025 11:02:05)
ATPL,71,C,2,04/08/2021 00:00:00,DLNG, 	(27-FEB-2025 11:02:05)
ATPL,71,C,2,04/08/2021 00:00:00,DLNG, 	(27-FEB-2025 11:02:05)
ATPL,71,C,5,05/04/2022 00:00:00,DLNG, 	(27-FEB-2025 11:02:05)
ATPL,71,C,5,05/04/2022 00:00:00,DLNG, 	(27-FEB-2025 11:02:05)
ATPL,71,C,6,05/04/2022 00:00:00,DLNG, 	(27-FEB-2025 11:02:05)
ATPL,71,C,6,05/04/2022 00:00:00,DLNG, 	(27-FEB-2025 11:02:05)
ATPL,71,C,7,05/04/2022 00:00:00,DLNG, 	(27-FEB-2025 11:02:05)
ATPL,71,C,7,05/04/2022 00:00:00,DLNG, 	(27-FEB-2025 11:02:05)
OPAL,72,C,5,28/07/2021 00:00:00,RLNG, 	(27-FEB-2025 11:02:05)
OPAL,72,C,5,28/07/2021 00:00:00,RLNG, 	(27-FEB-2025 11:02:05)
OPAL,72,C,1,28/07/2021 00:00:00,RLNG, 	(27-FEB-2025 11:02:05)
OPAL,72,C,1,28/07/2021 00:00:00,RLNG, 	(27-FEB-2025 11:02:05)
OPAL,72,C,1,01/01/2024 00:00:00,RLNG, 	(27-FEB-2025 11:02:06)
OPAL,72,C,1,01/01/2024 00:00:00,RLNG, 	(27-FEB-2025 11:02:06)
OPAL,72,C,1,28/07/2021 00:00:00,RLNG, 	(27-FEB-2025 11:02:06)
OPAL,72,C,1,28/07/2021 00:00:00,RLNG, 	(27-FEB-2025 11:02:06)
OPAL,72,C,12,22/08/2024 00:00:00,RLNG, 	(27-FEB-2025 11:02:06)
OPAL,72,C,12,22/08/2024 00:00:00,RLNG, 	(27-FEB-2025 11:02:06)
OPAL,72,C,1,01/01/2024 00:00:00,RLNG, 	(27-FEB-2025 11:02:06)
OPAL,72,C,1,01/01/2024 00:00:00,RLNG, 	(27-FEB-2025 11:02:06)
OPAL,72,C,1,28/07/2021 00:00:00,RLNG, 	(27-FEB-2025 11:02:06)
OPAL,72,C,1,28/07/2021 00:00:00,RLNG, 	(27-FEB-2025 11:02:06)
OPAL,72,C,5,28/07/2021 00:00:00,DLNG, 	(27-FEB-2025 11:02:06)
OPAL,72,C,5,28/07/2021 00:00:00,DLNG, 	(27-FEB-2025 11:02:06)
OPAL,72,C,1,28/07/2021 00:00:00,DLNG, 	(27-FEB-2025 11:02:06)
OPAL,72,C,1,28/07/2021 00:00:00,DLNG, 	(27-FEB-2025 11:02:06)
OPAL,72,C,1,01/01/2024 00:00:00,DLNG, 	(27-FEB-2025 11:02:06)
OPAL,72,C,1,01/01/2024 00:00:00,DLNG, 	(27-FEB-2025 11:02:06)
OPAL,72,C,1,28/07/2021 00:00:00,DLNG, 	(27-FEB-2025 11:02:06)
OPAL,72,C,1,28/07/2021 00:00:00,DLNG, 	(27-FEB-2025 11:02:06)
OPAL,72,C,12,22/08/2024 00:00:00,DLNG, 	(27-FEB-2025 11:02:06)
OPAL,72,C,12,22/08/2024 00:00:00,DLNG, 	(27-FEB-2025 11:02:06)
OPAL,72,C,1,01/01/2024 00:00:00,DLNG, 	(27-FEB-2025 11:02:06)
OPAL,72,C,1,01/01/2024 00:00:00,DLNG, 	(27-FEB-2025 11:02:06)
OPAL,72,C,1,28/07/2021 00:00:00,DLNG, 	(27-FEB-2025 11:02:06)
OPAL,72,C,1,28/07/2021 00:00:00,DLNG, 	(27-FEB-2025 11:02:06)
JKPAPER,73,C,4,14/04/2023 00:00:00,RLNG, 	(27-FEB-2025 11:02:06)
JKPAPER,73,C,4,14/04/2023 00:00:00,RLNG, 	(27-FEB-2025 11:02:06)
JKPAPER,73,C,6,02/05/2023 00:00:00,RLNG, 	(27-FEB-2025 11:02:06)
JKPAPER,73,C,6,02/05/2023 00:00:00,RLNG, 	(27-FEB-2025 11:02:06)
JKPAPER,73,C,5,02/05/2023 00:00:00,RLNG, 	(27-FEB-2025 11:02:06)
JKPAPER,73,C,5,02/05/2023 00:00:00,RLNG, 	(27-FEB-2025 11:02:06)
JKPAPER,73,C,1,04/08/2021 00:00:00,RLNG, 	(27-FEB-2025 11:02:06)
JKPAPER,73,C,1,04/08/2021 00:00:00,RLNG, 	(27-FEB-2025 11:02:06)
JKPAPER,73,C,3,11/08/2021 00:00:00,RLNG, 	(27-FEB-2025 11:02:06)
JKPAPER,73,C,3,11/08/2021 00:00:00,RLNG, 	(27-FEB-2025 11:02:06)
JKPAPER,73,C,2,04/08/2021 00:00:00,RLNG, 	(27-FEB-2025 11:02:06)
JKPAPER,73,C,2,04/08/2021 00:00:00,RLNG, 	(27-FEB-2025 11:02:06)
JKPAPER,73,C,4,14/04/2023 00:00:00,DLNG, 	(27-FEB-2025 11:02:06)
JKPAPER,73,C,4,14/04/2023 00:00:00,DLNG, 	(27-FEB-2025 11:02:06)
JKPAPER,73,C,6,02/05/2023 00:00:00,DLNG, 	(27-FEB-2025 11:02:06)
JKPAPER,73,C,6,02/05/2023 00:00:00,DLNG, 	(27-FEB-2025 11:02:06)
JKPAPER,73,C,5,02/05/2023 00:00:00,DLNG, 	(27-FEB-2025 11:02:06)
JKPAPER,73,C,5,02/05/2023 00:00:00,DLNG, 	(27-FEB-2025 11:02:06)
JKPAPER,73,C,1,04/08/2021 00:00:00,DLNG, 	(27-FEB-2025 11:02:06)
JKPAPER,73,C,1,04/08/2021 00:00:00,DLNG, 	(27-FEB-2025 11:02:06)
JKPAPER,73,C,3,11/08/2021 00:00:00,DLNG, 	(27-FEB-2025 11:02:06)
JKPAPER,73,C,3,11/08/2021 00:00:00,DLNG, 	(27-FEB-2025 11:02:06)
JKPAPER,73,C,2,04/08/2021 00:00:00,DLNG, 	(27-FEB-2025 11:02:06)
JKPAPER,73,C,2,04/08/2021 00:00:00,DLNG, 	(27-FEB-2025 11:02:06)
STL,74,C,2,28/12/2021 00:00:00,RLNG, 	(27-FEB-2025 11:02:06)
STL,74,C,2,28/12/2021 00:00:00,RLNG, 	(27-FEB-2025 11:02:06)
STL,74,C,3,25/01/2022 00:00:00,RLNG, 	(27-FEB-2025 11:02:06)
STL,74,C,3,25/01/2022 00:00:00,RLNG, 	(27-FEB-2025 11:02:06)
STL,74,C,1,06/09/2021 00:00:00,RLNG, 	(27-FEB-2025 11:02:06)
STL,74,C,1,06/09/2021 00:00:00,RLNG, 	(27-FEB-2025 11:02:06)
STL,74,C,2,28/12/2021 00:00:00,DLNG, 	(27-FEB-2025 11:02:06)
STL,74,C,2,28/12/2021 00:00:00,DLNG, 	(27-FEB-2025 11:02:06)
STL,74,C,3,25/01/2022 00:00:00,DLNG, 	(27-FEB-2025 11:02:06)
STL,74,C,3,25/01/2022 00:00:00,DLNG, 	(27-FEB-2025 11:02:06)
STL,74,C,1,06/09/2021 00:00:00,DLNG, 	(27-FEB-2025 11:02:06)
STL,74,C,1,06/09/2021 00:00:00,DLNG, 	(27-FEB-2025 11:02:06)
CELLO,76,C,1,01/12/2021 00:00:00,RLNG, 	(27-FEB-2025 11:02:06)
CELLO,76,C,1,01/12/2021 00:00:00,RLNG, 	(27-FEB-2025 11:02:06)
CELLO,76,C,3,08/09/2022 00:00:00,RLNG, 	(27-FEB-2025 11:02:06)
CELLO,76,C,3,08/09/2022 00:00:00,RLNG, 	(27-FEB-2025 11:02:06)
CELLO,76,C,2,01/12/2021 00:00:00,RLNG, 	(27-FEB-2025 11:02:06)
CELLO,76,C,2,01/12/2021 00:00:00,RLNG, 	(27-FEB-2025 11:02:06)
CELLO,76,C,1,01/12/2021 00:00:00,DLNG, 	(27-FEB-2025 11:02:06)
CELLO,76,C,1,01/12/2021 00:00:00,DLNG, 	(27-FEB-2025 11:02:06)
CELLO,76,C,3,08/09/2022 00:00:00,DLNG, 	(27-FEB-2025 11:02:06)
CELLO,76,C,3,08/09/2022 00:00:00,DLNG, 	(27-FEB-2025 11:02:06)
CELLO,76,C,2,01/12/2021 00:00:00,DLNG, 	(27-FEB-2025 11:02:06)
CELLO,76,C,2,01/12/2021 00:00:00,DLNG, 	(27-FEB-2025 11:02:06)
RCF,78,C,2,01/10/2022 00:00:00,RLNG, 	(27-FEB-2025 11:02:06)
RCF,78,C,2,01/10/2022 00:00:00,RLNG, 	(27-FEB-2025 11:02:06)
RCF,78,C,2,01/09/2023 00:00:00,RLNG, 	(27-FEB-2025 11:02:06)
RCF,78,C,2,01/09/2023 00:00:00,RLNG, 	(27-FEB-2025 11:02:06)
RCF,78,C,6,14/09/2022 00:00:00,RLNG, 	(27-FEB-2025 11:02:06)
RCF,78,C,6,14/09/2022 00:00:00,RLNG, 	(27-FEB-2025 11:02:06)
RCF,78,C,2,01/10/2022 00:00:00,RLNG, 	(27-FEB-2025 11:02:06)
RCF,78,C,2,01/10/2022 00:00:00,RLNG, 	(27-FEB-2025 11:02:06)
RCF,78,C,2,01/09/2023 00:00:00,RLNG, 	(27-FEB-2025 11:02:06)
RCF,78,C,2,01/09/2023 00:00:00,RLNG, 	(27-FEB-2025 11:02:06)
RCF,78,C,1,30/12/2021 00:00:00,RLNG, 	(27-FEB-2025 11:02:06)
RCF,78,C,1,30/12/2021 00:00:00,RLNG, 	(27-FEB-2025 11:02:06)
RCF,78,C,1,30/12/2021 00:00:00,RLNG, 	(27-FEB-2025 11:02:06)
RCF,78,C,1,30/12/2021 00:00:00,RLNG, 	(27-FEB-2025 11:02:06)
RCF,78,C,3,30/12/2021 00:00:00,RLNG, 	(27-FEB-2025 11:02:06)
RCF,78,C,3,30/12/2021 00:00:00,RLNG, 	(27-FEB-2025 11:02:06)
RCF,78,C,2,01/10/2022 00:00:00,DLNG, 	(27-FEB-2025 11:02:06)
RCF,78,C,2,01/10/2022 00:00:00,DLNG, 	(27-FEB-2025 11:02:06)
RCF,78,C,2,01/09/2023 00:00:00,DLNG, 	(27-FEB-2025 11:02:06)
RCF,78,C,2,01/09/2023 00:00:00,DLNG, 	(27-FEB-2025 11:02:06)
RCF,78,C,6,14/09/2022 00:00:00,DLNG, 	(27-FEB-2025 11:02:06)
RCF,78,C,6,14/09/2022 00:00:00,DLNG, 	(27-FEB-2025 11:02:06)
RCF,78,C,2,01/10/2022 00:00:00,DLNG, 	(27-FEB-2025 11:02:06)
RCF,78,C,2,01/10/2022 00:00:00,DLNG, 	(27-FEB-2025 11:02:06)
RCF,78,C,2,01/09/2023 00:00:00,DLNG, 	(27-FEB-2025 11:02:06)
RCF,78,C,2,01/09/2023 00:00:00,DLNG, 	(27-FEB-2025 11:02:06)
RCF,78,C,1,30/12/2021 00:00:00,DLNG, 	(27-FEB-2025 11:02:06)
RCF,78,C,1,30/12/2021 00:00:00,DLNG, 	(27-FEB-2025 11:02:06)
RCF,78,C,1,30/12/2021 00:00:00,DLNG, 	(27-FEB-2025 11:02:06)
RCF,78,C,1,30/12/2021 00:00:00,DLNG, 	(27-FEB-2025 11:02:06)
RCF,78,C,3,30/12/2021 00:00:00,DLNG, 	(27-FEB-2025 11:02:06)
RCF,78,C,3,30/12/2021 00:00:00,DLNG, 	(27-FEB-2025 11:02:06)
BWRL,79,C,3,25/01/2022 00:00:00,RLNG, 	(27-FEB-2025 11:02:06)
BWRL,79,C,3,25/01/2022 00:00:00,RLNG, 	(27-FEB-2025 11:02:06)
BWRL,79,C,1,25/01/2022 00:00:00,RLNG, 	(27-FEB-2025 11:02:06)
BWRL,79,C,1,25/01/2022 00:00:00,RLNG, 	(27-FEB-2025 11:02:06)
BWRL,79,C,2,25/01/2022 00:00:00,RLNG, 	(27-FEB-2025 11:02:06)
BWRL,79,C,2,25/01/2022 00:00:00,RLNG, 	(27-FEB-2025 11:02:06)
BWRL,79,C,3,25/01/2022 00:00:00,DLNG, 	(27-FEB-2025 11:02:06)
BWRL,79,C,3,25/01/2022 00:00:00,DLNG, 	(27-FEB-2025 11:02:06)
BWRL,79,C,1,25/01/2022 00:00:00,DLNG, 	(27-FEB-2025 11:02:06)
BWRL,79,C,1,25/01/2022 00:00:00,DLNG, 	(27-FEB-2025 11:02:06)
BWRL,79,C,2,25/01/2022 00:00:00,DLNG, 	(27-FEB-2025 11:02:06)
BWRL,79,C,2,25/01/2022 00:00:00,DLNG, 	(27-FEB-2025 11:02:06)
VIRGO,81,C,3,06/01/2024 00:00:00,RLNG, 	(27-FEB-2025 11:02:06)
VIRGO,81,C,3,06/01/2024 00:00:00,RLNG, 	(27-FEB-2025 11:02:06)
VIRGO,81,C,1,14/02/2022 00:00:00,RLNG, 	(27-FEB-2025 11:02:06)
VIRGO,81,C,1,14/02/2022 00:00:00,RLNG, 	(27-FEB-2025 11:02:06)
VIRGO,81,C,3,10/03/2023 00:00:00,RLNG, 	(27-FEB-2025 11:02:06)
VIRGO,81,C,3,10/03/2023 00:00:00,RLNG, 	(27-FEB-2025 11:02:06)
VIRGO,81,C,2,14/02/2022 00:00:00,RLNG, 	(27-FEB-2025 11:02:06)
VIRGO,81,C,2,14/02/2022 00:00:00,RLNG, 	(27-FEB-2025 11:02:06)
VIRGO,81,C,3,06/01/2024 00:00:00,DLNG, 	(27-FEB-2025 11:02:06)
VIRGO,81,C,3,06/01/2024 00:00:00,DLNG, 	(27-FEB-2025 11:02:06)
VIRGO,81,C,1,14/02/2022 00:00:00,DLNG, 	(27-FEB-2025 11:02:06)
VIRGO,81,C,1,14/02/2022 00:00:00,DLNG, 	(27-FEB-2025 11:02:06)
VIRGO,81,C,3,10/03/2023 00:00:00,DLNG, 	(27-FEB-2025 11:02:06)
VIRGO,81,C,3,10/03/2023 00:00:00,DLNG, 	(27-FEB-2025 11:02:06)
VIRGO,81,C,2,14/02/2022 00:00:00,DLNG, 	(27-FEB-2025 11:02:06)
VIRGO,81,C,2,14/02/2022 00:00:00,DLNG, 	(27-FEB-2025 11:02:06)
BLPL,82,C,1,26/05/2022 00:00:00,RLNG, 	(27-FEB-2025 11:02:06)
BLPL,82,C,1,26/05/2022 00:00:00,RLNG, 	(27-FEB-2025 11:02:06)
BLPL,82,C,1,26/05/2022 00:00:00,DLNG, 	(27-FEB-2025 11:02:06)
BLPL,82,C,1,26/05/2022 00:00:00,DLNG, 	(27-FEB-2025 11:02:06)
GIPSKARTON,83,C,1,24/03/2022 00:00:00,RLNG, 	(27-FEB-2025 11:02:06)
GIPSKARTON,83,C,1,24/03/2022 00:00:00,RLNG, 	(27-FEB-2025 11:02:06)
GIPSKARTON,83,C,1,24/03/2022 00:00:00,DLNG, 	(27-FEB-2025 11:02:06)
GIPSKARTON,83,C,1,24/03/2022 00:00:00,DLNG, 	(27-FEB-2025 11:02:06)
TGPL,84,T,2,28/04/2005 00:00:00,RLNG, 	(27-FEB-2025 11:02:06)
TGPL,84,T,4,28/04/2005 00:00:00,RLNG, 	(27-FEB-2025 11:02:06)
TGPL,84,T,3,27/04/2009 00:00:00,RLNG, 	(27-FEB-2025 11:02:06)
TGPL,84,T,1,28/04/2005 00:00:00,RLNG, 	(27-FEB-2025 11:02:06)
TGPL,84,T,2,28/04/2005 00:00:00,DLNG, 	(27-FEB-2025 11:02:06)
TGPL,84,T,4,28/04/2005 00:00:00,DLNG, 	(27-FEB-2025 11:02:06)
TGPL,84,T,3,27/04/2009 00:00:00,DLNG, 	(27-FEB-2025 11:02:06)
TGPL,84,T,1,28/04/2005 00:00:00,DLNG, 	(27-FEB-2025 11:02:06)
SELNG,85,T,3,29/04/2005 00:00:00,RLNG, 	(27-FEB-2025 11:02:06)
SELNG,85,T,1,03/10/2008 00:00:00,RLNG, 	(27-FEB-2025 11:02:06)
SELNG,85,T,1,29/04/2005 00:00:00,RLNG, 	(27-FEB-2025 11:02:06)
SELNG,85,T,2,29/04/2005 00:00:00,RLNG, 	(27-FEB-2025 11:02:06)
SELNG,85,T,4,29/04/2005 00:00:00,RLNG, 	(27-FEB-2025 11:02:06)
SELNG,85,T,6,29/04/2005 00:00:00,RLNG, 	(27-FEB-2025 11:02:06)
SELNG,85,T,5,29/04/2005 00:00:00,RLNG, 	(27-FEB-2025 11:02:06)
SELNG,85,T,3,29/04/2005 00:00:00,DLNG, 	(27-FEB-2025 11:02:06)
SELNG,85,T,1,03/10/2008 00:00:00,DLNG, 	(27-FEB-2025 11:02:06)
SELNG,85,T,1,29/04/2005 00:00:00,DLNG, 	(27-FEB-2025 11:02:06)
SELNG,85,T,2,29/04/2005 00:00:00,DLNG, 	(27-FEB-2025 11:02:06)
SELNG,85,T,4,29/04/2005 00:00:00,DLNG, 	(27-FEB-2025 11:02:06)
SELNG,85,T,6,29/04/2005 00:00:00,DLNG, 	(27-FEB-2025 11:02:06)
SELNG,85,T,5,29/04/2005 00:00:00,DLNG, 	(27-FEB-2025 11:02:06)
PIL-Haz,96,R,1,14/09/2008 00:00:00,RLNG, 	(27-FEB-2025 11:02:06)
PIL-Haz,96,R,2,14/09/2008 00:00:00,RLNG, 	(27-FEB-2025 11:02:06)
PIL-Haz,96,R,3,14/09/2008 00:00:00,RLNG, 	(27-FEB-2025 11:02:06)
PIL-Haz,96,R,1,14/09/2008 00:00:00,DLNG, 	(27-FEB-2025 11:02:06)
PIL-Haz,96,R,2,14/09/2008 00:00:00,DLNG, 	(27-FEB-2025 11:02:06)
PIL-Haz,96,R,3,14/09/2008 00:00:00,DLNG, 	(27-FEB-2025 11:02:06)
GSPL,97,R,7,01/09/2023 00:00:00,RLNG, 	(27-FEB-2025 11:02:06)
GSPL,97,R,9,01/09/2023 00:00:00,RLNG, 	(27-FEB-2025 11:02:06)
GSPL,97,R,12,01/03/2024 00:00:00,RLNG, 	(27-FEB-2025 11:02:06)
GSPL,97,R,5,01/09/2023 00:00:00,RLNG, 	(27-FEB-2025 11:02:06)
GSPL,97,R,1,21/04/2006 00:00:00,RLNG, 	(27-FEB-2025 11:02:06)
GSPL,97,R,3,21/04/2006 00:00:00,RLNG, 	(27-FEB-2025 11:02:06)
GSPL,97,R,2,21/04/2006 00:00:00,RLNG, 	(27-FEB-2025 11:02:06)
GSPL,97,R,6,01/09/2023 00:00:00,RLNG, 	(27-FEB-2025 11:02:06)
GSPL,97,R,8,01/09/2023 00:00:00,RLNG, 	(27-FEB-2025 11:02:06)
GSPL,97,R,10,01/09/2023 00:00:00,RLNG, 	(27-FEB-2025 11:02:06)
GSPL,97,R,11,01/09/2023 00:00:00,RLNG, 	(27-FEB-2025 11:02:06)
GSPL,97,R,12,23/04/2024 00:00:00,RLNG, 	(27-FEB-2025 11:02:06)
GSPL,97,R,4,01/09/2023 00:00:00,RLNG, 	(27-FEB-2025 11:02:06)
GSPL,97,R,7,01/09/2023 00:00:00,DLNG, 	(27-FEB-2025 11:02:06)
GSPL,97,R,9,01/09/2023 00:00:00,DLNG, 	(27-FEB-2025 11:02:06)
GSPL,97,R,12,01/03/2024 00:00:00,DLNG, 	(27-FEB-2025 11:02:06)
GSPL,97,R,5,01/09/2023 00:00:00,DLNG, 	(27-FEB-2025 11:02:06)
GSPL,97,R,1,21/04/2006 00:00:00,DLNG, 	(27-FEB-2025 11:02:06)
GSPL,97,R,3,21/04/2006 00:00:00,DLNG, 	(27-FEB-2025 11:02:06)
GSPL,97,R,2,21/04/2006 00:00:00,DLNG, 	(27-FEB-2025 11:02:06)
GSPL,97,R,6,01/09/2023 00:00:00,DLNG, 	(27-FEB-2025 11:02:06)
GSPL,97,R,8,01/09/2023 00:00:00,DLNG, 	(27-FEB-2025 11:02:06)
GSPL,97,R,10,01/09/2023 00:00:00,DLNG, 	(27-FEB-2025 11:02:06)
GSPL,97,R,11,01/09/2023 00:00:00,DLNG, 	(27-FEB-2025 11:02:06)
GSPL,97,R,12,23/04/2024 00:00:00,DLNG, 	(27-FEB-2025 11:02:06)
GSPL,97,R,4,01/09/2023 00:00:00,DLNG, 	(27-FEB-2025 11:02:06)
GAIL-Haz,98,R,2,08/03/2007 00:00:00,RLNG, 	(27-FEB-2025 11:02:06)
GAIL-Haz,98,R,1,08/03/2007 00:00:00,RLNG, 	(27-FEB-2025 11:02:06)
GAIL-Haz,98,R,2,08/03/2007 00:00:00,DLNG, 	(27-FEB-2025 11:02:06)
GAIL-Haz,98,R,1,08/03/2007 00:00:00,DLNG, 	(27-FEB-2025 11:02:06)
TGLPL,110,C,1,29/04/2022 00:00:00,RLNG, 	(27-FEB-2025 11:02:06)
TGLPL,110,C,1,29/04/2022 00:00:00,RLNG, 	(27-FEB-2025 11:02:06)
TGLPL,110,C,5,01/07/2022 00:00:00,RLNG, 	(27-FEB-2025 11:02:06)
TGLPL,110,C,5,01/07/2022 00:00:00,RLNG, 	(27-FEB-2025 11:02:06)
TGLPL,110,C,9,01/12/2022 00:00:00,RLNG, 	(27-FEB-2025 11:02:06)
TGLPL,110,C,9,01/12/2022 00:00:00,RLNG, 	(27-FEB-2025 11:02:06)
TGLPL,110,C,3,15/07/2022 00:00:00,RLNG, 	(27-FEB-2025 11:02:06)
TGLPL,110,C,3,15/07/2022 00:00:00,RLNG, 	(27-FEB-2025 11:02:06)
TGLPL,110,C,7,01/07/2022 00:00:00,RLNG, 	(27-FEB-2025 11:02:06)
TGLPL,110,C,7,01/07/2022 00:00:00,RLNG, 	(27-FEB-2025 11:02:06)
TGLPL,110,C,4,15/07/2022 00:00:00,RLNG, 	(27-FEB-2025 11:02:06)
TGLPL,110,C,4,15/07/2022 00:00:00,RLNG, 	(27-FEB-2025 11:02:06)
TGLPL,110,C,8,01/07/2022 00:00:00,RLNG, 	(27-FEB-2025 11:02:06)
TGLPL,110,C,8,01/07/2022 00:00:00,RLNG, 	(27-FEB-2025 11:02:06)
TGLPL,110,C,10,01/08/2024 00:00:00,RLNG, 	(27-FEB-2025 11:02:06)
TGLPL,110,C,10,01/08/2024 00:00:00,RLNG, 	(27-FEB-2025 11:02:06)
TGLPL,110,C,11,01/08/2024 00:00:00,RLNG, 	(27-FEB-2025 11:02:06)
TGLPL,110,C,11,01/08/2024 00:00:00,RLNG, 	(27-FEB-2025 11:02:06)
TGLPL,110,C,2,29/04/2022 00:00:00,RLNG, 	(27-FEB-2025 11:02:06)
TGLPL,110,C,2,29/04/2022 00:00:00,RLNG, 	(27-FEB-2025 11:02:06)
TGLPL,110,C,6,01/07/2022 00:00:00,RLNG, 	(27-FEB-2025 11:02:06)
TGLPL,110,C,6,01/07/2022 00:00:00,RLNG, 	(27-FEB-2025 11:02:06)
TGLPL,110,C,1,29/04/2022 00:00:00,DLNG, 	(27-FEB-2025 11:02:06)
TGLPL,110,C,1,29/04/2022 00:00:00,DLNG, 	(27-FEB-2025 11:02:06)
TGLPL,110,C,5,01/07/2022 00:00:00,DLNG, 	(27-FEB-2025 11:02:06)
TGLPL,110,C,5,01/07/2022 00:00:00,DLNG, 	(27-FEB-2025 11:02:06)
TGLPL,110,C,9,01/12/2022 00:00:00,DLNG, 	(27-FEB-2025 11:02:06)
TGLPL,110,C,9,01/12/2022 00:00:00,DLNG, 	(27-FEB-2025 11:02:06)
TGLPL,110,C,3,15/07/2022 00:00:00,DLNG, 	(27-FEB-2025 11:02:06)
TGLPL,110,C,3,15/07/2022 00:00:00,DLNG, 	(27-FEB-2025 11:02:06)
TGLPL,110,C,7,01/07/2022 00:00:00,DLNG, 	(27-FEB-2025 11:02:06)
TGLPL,110,C,7,01/07/2022 00:00:00,DLNG, 	(27-FEB-2025 11:02:06)
TGLPL,110,C,4,15/07/2022 00:00:00,DLNG, 	(27-FEB-2025 11:02:06)
TGLPL,110,C,4,15/07/2022 00:00:00,DLNG, 	(27-FEB-2025 11:02:06)
TGLPL,110,C,8,01/07/2022 00:00:00,DLNG, 	(27-FEB-2025 11:02:06)
TGLPL,110,C,8,01/07/2022 00:00:00,DLNG, 	(27-FEB-2025 11:02:06)
TGLPL,110,C,10,01/08/2024 00:00:00,DLNG, 	(27-FEB-2025 11:02:06)
TGLPL,110,C,10,01/08/2024 00:00:00,DLNG, 	(27-FEB-2025 11:02:06)
TGLPL,110,C,11,01/08/2024 00:00:00,DLNG, 	(27-FEB-2025 11:02:06)
TGLPL,110,C,11,01/08/2024 00:00:00,DLNG, 	(27-FEB-2025 11:02:06)
TGLPL,110,C,2,29/04/2022 00:00:00,DLNG, 	(27-FEB-2025 11:02:06)
TGLPL,110,C,2,29/04/2022 00:00:00,DLNG, 	(27-FEB-2025 11:02:06)
TGLPL,110,C,6,01/07/2022 00:00:00,DLNG, 	(27-FEB-2025 11:02:06)
TGLPL,110,C,6,01/07/2022 00:00:00,DLNG, 	(27-FEB-2025 11:02:06)
TGBPL,111,C,1,29/04/2022 00:00:00,RLNG, 	(27-FEB-2025 11:02:06)
TGBPL,111,C,1,29/04/2022 00:00:00,RLNG, 	(27-FEB-2025 11:02:06)
TGBPL,111,C,6,29/04/2022 00:00:00,RLNG, 	(27-FEB-2025 11:02:06)
TGBPL,111,C,6,29/04/2022 00:00:00,RLNG, 	(27-FEB-2025 11:02:06)
TGBPL,111,C,4,29/04/2022 00:00:00,RLNG, 	(27-FEB-2025 11:02:06)
TGBPL,111,C,4,29/04/2022 00:00:00,RLNG, 	(27-FEB-2025 11:02:06)
TGBPL,111,C,8,29/04/2022 00:00:00,RLNG, 	(27-FEB-2025 11:02:06)
TGBPL,111,C,8,29/04/2022 00:00:00,RLNG, 	(27-FEB-2025 11:02:06)
TGBPL,111,C,3,29/04/2022 00:00:00,RLNG, 	(27-FEB-2025 11:02:06)
TGBPL,111,C,3,29/04/2022 00:00:00,RLNG, 	(27-FEB-2025 11:02:06)
TGBPL,111,C,9,01/08/2024 00:00:00,RLNG, 	(27-FEB-2025 11:02:06)
TGBPL,111,C,9,01/08/2024 00:00:00,RLNG, 	(27-FEB-2025 11:02:06)
TGBPL,111,C,10,01/08/2024 00:00:00,RLNG, 	(27-FEB-2025 11:02:06)
TGBPL,111,C,10,01/08/2024 00:00:00,RLNG, 	(27-FEB-2025 11:02:06)
TGBPL,111,C,2,29/04/2022 00:00:00,RLNG, 	(27-FEB-2025 11:02:06)
TGBPL,111,C,2,29/04/2022 00:00:00,RLNG, 	(27-FEB-2025 11:02:06)
TGBPL,111,C,7,29/04/2022 00:00:00,RLNG, 	(27-FEB-2025 11:02:06)
TGBPL,111,C,7,29/04/2022 00:00:00,RLNG, 	(27-FEB-2025 11:02:06)
TGBPL,111,C,1,29/04/2022 00:00:00,DLNG, 	(27-FEB-2025 11:02:06)
TGBPL,111,C,1,29/04/2022 00:00:00,DLNG, 	(27-FEB-2025 11:02:06)
TGBPL,111,C,6,29/04/2022 00:00:00,DLNG, 	(27-FEB-2025 11:02:06)
TGBPL,111,C,6,29/04/2022 00:00:00,DLNG, 	(27-FEB-2025 11:02:06)
TGBPL,111,C,4,29/04/2022 00:00:00,DLNG, 	(27-FEB-2025 11:02:06)
TGBPL,111,C,4,29/04/2022 00:00:00,DLNG, 	(27-FEB-2025 11:02:06)
TGBPL,111,C,8,29/04/2022 00:00:00,DLNG, 	(27-FEB-2025 11:02:06)
TGBPL,111,C,8,29/04/2022 00:00:00,DLNG, 	(27-FEB-2025 11:02:06)
TGBPL,111,C,3,29/04/2022 00:00:00,DLNG, 	(27-FEB-2025 11:02:06)
TGBPL,111,C,3,29/04/2022 00:00:00,DLNG, 	(27-FEB-2025 11:02:06)
TGBPL,111,C,9,01/08/2024 00:00:00,DLNG, 	(27-FEB-2025 11:02:06)
TGBPL,111,C,9,01/08/2024 00:00:00,DLNG, 	(27-FEB-2025 11:02:06)
TGBPL,111,C,10,01/08/2024 00:00:00,DLNG, 	(27-FEB-2025 11:02:06)
TGBPL,111,C,10,01/08/2024 00:00:00,DLNG, 	(27-FEB-2025 11:02:06)
TGBPL,111,C,2,29/04/2022 00:00:00,DLNG, 	(27-FEB-2025 11:02:06)
TGBPL,111,C,2,29/04/2022 00:00:00,DLNG, 	(27-FEB-2025 11:02:06)
TGBPL,111,C,7,29/04/2022 00:00:00,DLNG, 	(27-FEB-2025 11:02:06)
TGBPL,111,C,7,29/04/2022 00:00:00,DLNG, 	(27-FEB-2025 11:02:06)
BGEPL,112,C,1,29/04/2022 00:00:00,RLNG, 	(27-FEB-2025 11:02:06)
BGEPL,112,C,1,29/04/2022 00:00:00,RLNG, 	(27-FEB-2025 11:02:06)
BGEPL,112,C,4,29/04/2022 00:00:00,RLNG, 	(27-FEB-2025 11:02:06)
BGEPL,112,C,4,29/04/2022 00:00:00,RLNG, 	(27-FEB-2025 11:02:06)
BGEPL,112,C,3,29/04/2022 00:00:00,RLNG, 	(27-FEB-2025 11:02:06)
BGEPL,112,C,3,29/04/2022 00:00:00,RLNG, 	(27-FEB-2025 11:02:06)
BGEPL,112,C,6,01/08/2024 00:00:00,RLNG, 	(27-FEB-2025 11:02:06)
BGEPL,112,C,6,01/08/2024 00:00:00,RLNG, 	(27-FEB-2025 11:02:06)
BGEPL,112,C,2,29/04/2022 00:00:00,RLNG, 	(27-FEB-2025 11:02:06)
BGEPL,112,C,2,29/04/2022 00:00:00,RLNG, 	(27-FEB-2025 11:02:06)
BGEPL,112,C,1,29/04/2022 00:00:00,DLNG, 	(27-FEB-2025 11:02:06)
BGEPL,112,C,1,29/04/2022 00:00:00,DLNG, 	(27-FEB-2025 11:02:06)
BGEPL,112,C,4,29/04/2022 00:00:00,DLNG, 	(27-FEB-2025 11:02:06)
BGEPL,112,C,4,29/04/2022 00:00:00,DLNG, 	(27-FEB-2025 11:02:06)
BGEPL,112,C,3,29/04/2022 00:00:00,DLNG, 	(27-FEB-2025 11:02:06)
BGEPL,112,C,3,29/04/2022 00:00:00,DLNG, 	(27-FEB-2025 11:02:06)
BGEPL,112,C,6,01/08/2024 00:00:00,DLNG, 	(27-FEB-2025 11:02:06)
BGEPL,112,C,6,01/08/2024 00:00:00,DLNG, 	(27-FEB-2025 11:02:06)
BGEPL,112,C,2,29/04/2022 00:00:00,DLNG, 	(27-FEB-2025 11:02:06)
BGEPL,112,C,2,29/04/2022 00:00:00,DLNG, 	(27-FEB-2025 11:02:06)
IMCL,113,C,1,15/05/2022 00:00:00,RLNG, 	(27-FEB-2025 11:02:06)
IMCL,113,C,1,15/05/2022 00:00:00,RLNG, 	(27-FEB-2025 11:02:06)
IMCL,113,C,1,15/05/2022 00:00:00,DLNG, 	(27-FEB-2025 11:02:06)
IMCL,113,C,1,15/05/2022 00:00:00,DLNG, 	(27-FEB-2025 11:02:06)
VVF India,115,C,4,14/05/2022 00:00:00,RLNG, 	(27-FEB-2025 11:02:06)
VVF India,115,C,4,14/05/2022 00:00:00,RLNG, 	(27-FEB-2025 11:02:06)
VVF India,115,C,3,14/05/2022 00:00:00,RLNG, 	(27-FEB-2025 11:02:06)
VVF India,115,C,3,14/05/2022 00:00:00,RLNG, 	(27-FEB-2025 11:02:06)
VVF India,115,C,2,14/05/2022 00:00:00,RLNG, 	(27-FEB-2025 11:02:06)
VVF India,115,C,2,14/05/2022 00:00:00,RLNG, 	(27-FEB-2025 11:02:06)
VVF India,115,C,1,14/05/2022 00:00:00,RLNG, 	(27-FEB-2025 11:02:06)
VVF India,115,C,1,14/05/2022 00:00:00,RLNG, 	(27-FEB-2025 11:02:06)
VVF India,115,C,4,14/05/2022 00:00:00,DLNG, 	(27-FEB-2025 11:02:06)
VVF India,115,C,4,14/05/2022 00:00:00,DLNG, 	(27-FEB-2025 11:02:06)
VVF India,115,C,3,14/05/2022 00:00:00,DLNG, 	(27-FEB-2025 11:02:06)
VVF India,115,C,3,14/05/2022 00:00:00,DLNG, 	(27-FEB-2025 11:02:06)
VVF India,115,C,2,14/05/2022 00:00:00,DLNG, 	(27-FEB-2025 11:02:06)
VVF India,115,C,2,14/05/2022 00:00:00,DLNG, 	(27-FEB-2025 11:02:06)
VVF India,115,C,1,14/05/2022 00:00:00,DLNG, 	(27-FEB-2025 11:02:06)
VVF India,115,C,1,14/05/2022 00:00:00,DLNG, 	(27-FEB-2025 11:02:06)
GNFC,116,C,3,24/05/2022 00:00:00,RLNG, 	(27-FEB-2025 11:02:06)
GNFC,116,C,3,24/05/2022 00:00:00,RLNG, 	(27-FEB-2025 11:02:06)
GNFC,116,C,6,24/05/2022 00:00:00,RLNG, 	(27-FEB-2025 11:02:06)
GNFC,116,C,6,24/05/2022 00:00:00,RLNG, 	(27-FEB-2025 11:02:06)
GNFC,116,C,4,26/06/2023 00:00:00,RLNG, 	(27-FEB-2025 11:02:06)
GNFC,116,C,4,26/06/2023 00:00:00,RLNG, 	(27-FEB-2025 11:02:06)
GNFC,116,C,4,24/05/2022 00:00:00,RLNG, 	(27-FEB-2025 11:02:06)
GNFC,116,C,4,24/05/2022 00:00:00,RLNG, 	(27-FEB-2025 11:02:06)
GNFC,116,C,9,24/05/2022 00:00:00,RLNG, 	(27-FEB-2025 11:02:06)
GNFC,116,C,9,24/05/2022 00:00:00,RLNG, 	(27-FEB-2025 11:02:06)
GNFC,116,C,10,24/05/2022 00:00:00,RLNG, 	(27-FEB-2025 11:02:06)
GNFC,116,C,10,24/05/2022 00:00:00,RLNG, 	(27-FEB-2025 11:02:06)
GNFC,116,C,2,24/05/2022 00:00:00,RLNG, 	(27-FEB-2025 11:02:06)
GNFC,116,C,2,24/05/2022 00:00:00,RLNG, 	(27-FEB-2025 11:02:06)
GNFC,116,C,1,24/05/2022 00:00:00,RLNG, 	(27-FEB-2025 11:02:06)
GNFC,116,C,1,24/05/2022 00:00:00,RLNG, 	(27-FEB-2025 11:02:06)
GNFC,116,C,5,24/05/2022 00:00:00,RLNG, 	(27-FEB-2025 11:02:06)
GNFC,116,C,5,24/05/2022 00:00:00,RLNG, 	(27-FEB-2025 11:02:06)
GNFC,116,C,7,24/05/2022 00:00:00,RLNG, 	(27-FEB-2025 11:02:06)
GNFC,116,C,7,24/05/2022 00:00:00,RLNG, 	(27-FEB-2025 11:02:06)
GNFC,116,C,8,24/05/2022 00:00:00,RLNG, 	(27-FEB-2025 11:02:06)
GNFC,116,C,8,24/05/2022 00:00:00,RLNG, 	(27-FEB-2025 11:02:06)
GNFC,116,C,3,24/05/2022 00:00:00,DLNG, 	(27-FEB-2025 11:02:06)
GNFC,116,C,3,24/05/2022 00:00:00,DLNG, 	(27-FEB-2025 11:02:06)
GNFC,116,C,6,24/05/2022 00:00:00,DLNG, 	(27-FEB-2025 11:02:06)
GNFC,116,C,6,24/05/2022 00:00:00,DLNG, 	(27-FEB-2025 11:02:06)
GNFC,116,C,4,26/06/2023 00:00:00,DLNG, 	(27-FEB-2025 11:02:06)
GNFC,116,C,4,26/06/2023 00:00:00,DLNG, 	(27-FEB-2025 11:02:06)
GNFC,116,C,4,24/05/2022 00:00:00,DLNG, 	(27-FEB-2025 11:02:06)
GNFC,116,C,4,24/05/2022 00:00:00,DLNG, 	(27-FEB-2025 11:02:06)
GNFC,116,C,9,24/05/2022 00:00:00,DLNG, 	(27-FEB-2025 11:02:06)
GNFC,116,C,9,24/05/2022 00:00:00,DLNG, 	(27-FEB-2025 11:02:06)
GNFC,116,C,10,24/05/2022 00:00:00,DLNG, 	(27-FEB-2025 11:02:06)
GNFC,116,C,10,24/05/2022 00:00:00,DLNG, 	(27-FEB-2025 11:02:06)
GNFC,116,C,2,24/05/2022 00:00:00,DLNG, 	(27-FEB-2025 11:02:06)
GNFC,116,C,2,24/05/2022 00:00:00,DLNG, 	(27-FEB-2025 11:02:06)
GNFC,116,C,1,24/05/2022 00:00:00,DLNG, 	(27-FEB-2025 11:02:06)
GNFC,116,C,1,24/05/2022 00:00:00,DLNG, 	(27-FEB-2025 11:02:06)
GNFC,116,C,5,24/05/2022 00:00:00,DLNG, 	(27-FEB-2025 11:02:06)
GNFC,116,C,5,24/05/2022 00:00:00,DLNG, 	(27-FEB-2025 11:02:06)
GNFC,116,C,7,24/05/2022 00:00:00,DLNG, 	(27-FEB-2025 11:02:06)
GNFC,116,C,7,24/05/2022 00:00:00,DLNG, 	(27-FEB-2025 11:02:06)
GNFC,116,C,8,24/05/2022 00:00:00,DLNG, 	(27-FEB-2025 11:02:06)
GNFC,116,C,8,24/05/2022 00:00:00,DLNG, 	(27-FEB-2025 11:02:06)
MEGHHQX,117,C,1,22/11/2022 00:00:00,RLNG, 	(27-FEB-2025 11:02:06)
MEGHHQX,117,C,1,22/11/2022 00:00:00,RLNG, 	(27-FEB-2025 11:02:06)
MEGHHQX,117,C,2,22/11/2022 00:00:00,RLNG, 	(27-FEB-2025 11:02:06)
MEGHHQX,117,C,2,22/11/2022 00:00:00,RLNG, 	(27-FEB-2025 11:02:06)
MEGHHQX,117,C,1,22/11/2022 00:00:00,DLNG, 	(27-FEB-2025 11:02:06)
MEGHHQX,117,C,1,22/11/2022 00:00:00,DLNG, 	(27-FEB-2025 11:02:06)
MEGHHQX,117,C,2,22/11/2022 00:00:00,DLNG, 	(27-FEB-2025 11:02:06)
MEGHHQX,117,C,2,22/11/2022 00:00:00,DLNG, 	(27-FEB-2025 11:02:06)
GLIL,119,C,1,30/08/2022 00:00:00,RLNG, 	(27-FEB-2025 11:02:06)
GLIL,119,C,1,30/08/2022 00:00:00,RLNG, 	(27-FEB-2025 11:02:06)
GLIL,119,C,2,30/08/2022 00:00:00,RLNG, 	(27-FEB-2025 11:02:06)
GLIL,119,C,2,30/08/2022 00:00:00,RLNG, 	(27-FEB-2025 11:02:06)
GLIL,119,C,3,30/08/2022 00:00:00,RLNG, 	(27-FEB-2025 11:02:06)
GLIL,119,C,3,30/08/2022 00:00:00,RLNG, 	(27-FEB-2025 11:02:06)
GLIL,119,C,4,28/03/2023 00:00:00,RLNG, 	(27-FEB-2025 11:02:06)
GLIL,119,C,4,28/03/2023 00:00:00,RLNG, 	(27-FEB-2025 11:02:06)
GLIL,119,C,7,01/06/2023 00:00:00,RLNG, 	(27-FEB-2025 11:02:06)
GLIL,119,C,7,01/06/2023 00:00:00,RLNG, 	(27-FEB-2025 11:02:06)
GLIL,119,C,8,01/06/2023 00:00:00,RLNG, 	(27-FEB-2025 11:02:06)
GLIL,119,C,8,01/06/2023 00:00:00,RLNG, 	(27-FEB-2025 11:02:06)
GLIL,119,C,9,01/06/2023 00:00:00,RLNG, 	(27-FEB-2025 11:02:06)
GLIL,119,C,9,01/06/2023 00:00:00,RLNG, 	(27-FEB-2025 11:02:06)
GLIL,119,C,5,28/03/2023 00:00:00,RLNG, 	(27-FEB-2025 11:02:06)
GLIL,119,C,5,28/03/2023 00:00:00,RLNG, 	(27-FEB-2025 11:02:06)
GLIL,119,C,6,21/04/2023 00:00:00,RLNG, 	(27-FEB-2025 11:02:06)
GLIL,119,C,6,21/04/2023 00:00:00,RLNG, 	(27-FEB-2025 11:02:06)
GLIL,119,C,1,30/08/2022 00:00:00,DLNG, 	(27-FEB-2025 11:02:06)
GLIL,119,C,1,30/08/2022 00:00:00,DLNG, 	(27-FEB-2025 11:02:06)
GLIL,119,C,2,30/08/2022 00:00:00,DLNG, 	(27-FEB-2025 11:02:06)
GLIL,119,C,2,30/08/2022 00:00:00,DLNG, 	(27-FEB-2025 11:02:06)
GLIL,119,C,3,30/08/2022 00:00:00,DLNG, 	(27-FEB-2025 11:02:06)
GLIL,119,C,3,30/08/2022 00:00:00,DLNG, 	(27-FEB-2025 11:02:06)
GLIL,119,C,4,28/03/2023 00:00:00,DLNG, 	(27-FEB-2025 11:02:06)
GLIL,119,C,4,28/03/2023 00:00:00,DLNG, 	(27-FEB-2025 11:02:06)
GLIL,119,C,7,01/06/2023 00:00:00,DLNG, 	(27-FEB-2025 11:02:06)
GLIL,119,C,7,01/06/2023 00:00:00,DLNG, 	(27-FEB-2025 11:02:06)
GLIL,119,C,8,01/06/2023 00:00:00,DLNG, 	(27-FEB-2025 11:02:06)
GLIL,119,C,8,01/06/2023 00:00:00,DLNG, 	(27-FEB-2025 11:02:06)
GLIL,119,C,9,01/06/2023 00:00:00,DLNG, 	(27-FEB-2025 11:02:06)
GLIL,119,C,9,01/06/2023 00:00:00,DLNG, 	(27-FEB-2025 11:02:06)
GLIL,119,C,5,28/03/2023 00:00:00,DLNG, 	(27-FEB-2025 11:02:06)
GLIL,119,C,5,28/03/2023 00:00:00,DLNG, 	(27-FEB-2025 11:02:06)
GLIL,119,C,6,21/04/2023 00:00:00,DLNG, 	(27-FEB-2025 11:02:06)
GLIL,119,C,6,21/04/2023 00:00:00,DLNG, 	(27-FEB-2025 11:02:06)
SGI-AP,121,C,1,27/06/2022 00:00:00,RLNG, 	(27-FEB-2025 11:02:06)
SGI-AP,121,C,1,27/06/2022 00:00:00,RLNG, 	(27-FEB-2025 11:02:06)
SGI-AP,121,C,2,09/01/2023 00:00:00,RLNG, 	(27-FEB-2025 11:02:06)
SGI-AP,121,C,2,09/01/2023 00:00:00,RLNG, 	(27-FEB-2025 11:02:06)
SGI-AP,121,C,1,27/06/2022 00:00:00,DLNG, 	(27-FEB-2025 11:02:06)
SGI-AP,121,C,1,27/06/2022 00:00:00,DLNG, 	(27-FEB-2025 11:02:06)
SGI-AP,121,C,2,09/01/2023 00:00:00,DLNG, 	(27-FEB-2025 11:02:06)
SGI-AP,121,C,2,09/01/2023 00:00:00,DLNG, 	(27-FEB-2025 11:02:06)
PEPL,127,C,5,15/03/2024 00:00:00,RLNG, 	(27-FEB-2025 11:02:06)
PEPL,127,C,5,15/03/2024 00:00:00,RLNG, 	(27-FEB-2025 11:02:06)
PEPL,127,C,3,15/03/2024 00:00:00,RLNG, 	(27-FEB-2025 11:02:06)
PEPL,127,C,3,15/03/2024 00:00:00,RLNG, 	(27-FEB-2025 11:02:06)
PEPL,127,C,4,15/03/2024 00:00:00,RLNG, 	(27-FEB-2025 11:02:06)
PEPL,127,C,4,15/03/2024 00:00:00,RLNG, 	(27-FEB-2025 11:02:06)
PEPL,127,C,1,26/02/2024 00:00:00,RLNG, 	(27-FEB-2025 11:02:06)
PEPL,127,C,1,26/02/2024 00:00:00,RLNG, 	(27-FEB-2025 11:02:06)
PEPL,127,C,7,01/06/2024 00:00:00,RLNG, 	(27-FEB-2025 11:02:06)
PEPL,127,C,7,01/06/2024 00:00:00,RLNG, 	(27-FEB-2025 11:02:06)
PEPL,127,C,6,15/03/2024 00:00:00,RLNG, 	(27-FEB-2025 11:02:06)
PEPL,127,C,6,15/03/2024 00:00:00,RLNG, 	(27-FEB-2025 11:02:06)
PEPL,127,C,1,15/07/2022 00:00:00,RLNG, 	(27-FEB-2025 11:02:06)
PEPL,127,C,1,15/07/2022 00:00:00,RLNG, 	(27-FEB-2025 11:02:06)
PEPL,127,C,2,26/02/2024 00:00:00,RLNG, 	(27-FEB-2025 11:02:06)
PEPL,127,C,2,26/02/2024 00:00:00,RLNG, 	(27-FEB-2025 11:02:06)
PEPL,127,C,5,15/03/2024 00:00:00,DLNG, 	(27-FEB-2025 11:02:06)
PEPL,127,C,5,15/03/2024 00:00:00,DLNG, 	(27-FEB-2025 11:02:06)
PEPL,127,C,3,15/03/2024 00:00:00,DLNG, 	(27-FEB-2025 11:02:06)
PEPL,127,C,3,15/03/2024 00:00:00,DLNG, 	(27-FEB-2025 11:02:06)
PEPL,127,C,4,15/03/2024 00:00:00,DLNG, 	(27-FEB-2025 11:02:06)
PEPL,127,C,4,15/03/2024 00:00:00,DLNG, 	(27-FEB-2025 11:02:06)
PEPL,127,C,1,26/02/2024 00:00:00,DLNG, 	(27-FEB-2025 11:02:06)
PEPL,127,C,1,26/02/2024 00:00:00,DLNG, 	(27-FEB-2025 11:02:06)
PEPL,127,C,7,01/06/2024 00:00:00,DLNG, 	(27-FEB-2025 11:02:06)
PEPL,127,C,7,01/06/2024 00:00:00,DLNG, 	(27-FEB-2025 11:02:06)
PEPL,127,C,6,15/03/2024 00:00:00,DLNG, 	(27-FEB-2025 11:02:06)
PEPL,127,C,6,15/03/2024 00:00:00,DLNG, 	(27-FEB-2025 11:02:06)
PEPL,127,C,1,15/07/2022 00:00:00,DLNG, 	(27-FEB-2025 11:02:06)
PEPL,127,C,1,15/07/2022 00:00:00,DLNG, 	(27-FEB-2025 11:02:06)
PEPL,127,C,2,26/02/2024 00:00:00,DLNG, 	(27-FEB-2025 11:02:06)
PEPL,127,C,2,26/02/2024 00:00:00,DLNG, 	(27-FEB-2025 11:02:06)
GFCL,128,C,3,14/07/2022 00:00:00,RLNG, 	(27-FEB-2025 11:02:06)
GFCL,128,C,3,14/07/2022 00:00:00,RLNG, 	(27-FEB-2025 11:02:06)
GFCL,128,C,5,14/07/2022 00:00:00,RLNG, 	(27-FEB-2025 11:02:06)
GFCL,128,C,5,14/07/2022 00:00:00,RLNG, 	(27-FEB-2025 11:02:06)
GFCL,128,C,2,14/07/2022 00:00:00,RLNG, 	(27-FEB-2025 11:02:06)
GFCL,128,C,2,14/07/2022 00:00:00,RLNG, 	(27-FEB-2025 11:02:06)
GFCL,128,C,1,14/07/2022 00:00:00,RLNG, 	(27-FEB-2025 11:02:06)
GFCL,128,C,1,14/07/2022 00:00:00,RLNG, 	(27-FEB-2025 11:02:06)
GFCL,128,C,3,14/07/2022 00:00:00,DLNG, 	(27-FEB-2025 11:02:06)
GFCL,128,C,3,14/07/2022 00:00:00,DLNG, 	(27-FEB-2025 11:02:06)
GFCL,128,C,5,14/07/2022 00:00:00,DLNG, 	(27-FEB-2025 11:02:06)
GFCL,128,C,5,14/07/2022 00:00:00,DLNG, 	(27-FEB-2025 11:02:06)
GFCL,128,C,2,14/07/2022 00:00:00,DLNG, 	(27-FEB-2025 11:02:06)
GFCL,128,C,2,14/07/2022 00:00:00,DLNG, 	(27-FEB-2025 11:02:06)
GFCL,128,C,1,14/07/2022 00:00:00,DLNG, 	(27-FEB-2025 11:02:06)
GFCL,128,C,1,14/07/2022 00:00:00,DLNG, 	(27-FEB-2025 11:02:06)
CPL,130,C,1,01/12/2023 00:00:00,RLNG, 	(27-FEB-2025 11:02:06)
CPL,130,C,1,01/12/2023 00:00:00,RLNG, 	(27-FEB-2025 11:02:06)
CPL,130,C,1,16/08/2022 00:00:00,RLNG, 	(27-FEB-2025 11:02:06)
CPL,130,C,1,16/08/2022 00:00:00,RLNG, 	(27-FEB-2025 11:02:06)
CPL,130,C,1,01/01/2024 00:00:00,RLNG, 	(27-FEB-2025 11:02:06)
CPL,130,C,1,01/01/2024 00:00:00,RLNG, 	(27-FEB-2025 11:02:06)
CPL,130,C,1,11/12/2023 00:00:00,RLNG, 	(27-FEB-2025 11:02:06)
CPL,130,C,1,11/12/2023 00:00:00,RLNG, 	(27-FEB-2025 11:02:06)
CPL,130,C,1,01/12/2023 00:00:00,DLNG, 	(27-FEB-2025 11:02:06)
CPL,130,C,1,01/12/2023 00:00:00,DLNG, 	(27-FEB-2025 11:02:06)
CPL,130,C,1,16/08/2022 00:00:00,DLNG, 	(27-FEB-2025 11:02:06)
CPL,130,C,1,16/08/2022 00:00:00,DLNG, 	(27-FEB-2025 11:02:06)
CPL,130,C,1,01/01/2024 00:00:00,DLNG, 	(27-FEB-2025 11:02:06)
CPL,130,C,1,01/01/2024 00:00:00,DLNG, 	(27-FEB-2025 11:02:06)
CPL,130,C,1,11/12/2023 00:00:00,DLNG, 	(27-FEB-2025 11:02:06)
CPL,130,C,1,11/12/2023 00:00:00,DLNG, 	(27-FEB-2025 11:02:06)
IRM,131,C,2,24/08/2022 00:00:00,RLNG, 	(27-FEB-2025 11:02:06)
IRM,131,C,2,24/08/2022 00:00:00,RLNG, 	(27-FEB-2025 11:02:06)
IRM,131,C,2,01/09/2022 00:00:00,RLNG, 	(27-FEB-2025 11:02:06)
IRM,131,C,2,01/09/2022 00:00:00,RLNG, 	(27-FEB-2025 11:02:06)
IRM,131,C,2,14/09/2022 00:00:00,RLNG, 	(27-FEB-2025 11:02:06)
IRM,131,C,2,14/09/2022 00:00:00,RLNG, 	(27-FEB-2025 11:02:06)
IRM,131,C,2,24/08/2022 00:00:00,RLNG, 	(27-FEB-2025 11:02:06)
IRM,131,C,2,24/08/2022 00:00:00,RLNG, 	(27-FEB-2025 11:02:06)
IRM,131,C,2,01/09/2022 00:00:00,RLNG, 	(27-FEB-2025 11:02:06)
IRM,131,C,2,01/09/2022 00:00:00,RLNG, 	(27-FEB-2025 11:02:06)
IRM,131,C,2,14/09/2022 00:00:00,RLNG, 	(27-FEB-2025 11:02:06)
IRM,131,C,2,14/09/2022 00:00:00,RLNG, 	(27-FEB-2025 11:02:06)
IRM,131,C,1,01/09/2022 00:00:00,RLNG, 	(27-FEB-2025 11:02:06)
IRM,131,C,1,01/09/2022 00:00:00,RLNG, 	(27-FEB-2025 11:02:06)
IRM,131,C,1,24/08/2022 00:00:00,RLNG, 	(27-FEB-2025 11:02:06)
IRM,131,C,1,24/08/2022 00:00:00,RLNG, 	(27-FEB-2025 11:02:06)
IRM,131,C,1,24/08/2022 00:00:00,RLNG, 	(27-FEB-2025 11:02:06)
IRM,131,C,1,14/09/2022 00:00:00,RLNG, 	(27-FEB-2025 11:02:06)
IRM,131,C,1,01/09/2022 00:00:00,RLNG, 	(27-FEB-2025 11:02:07)
IRM,131,C,1,01/09/2022 00:00:00,RLNG, 	(27-FEB-2025 11:02:07)
IRM,131,C,1,14/09/2022 00:00:00,RLNG, 	(27-FEB-2025 11:02:07)
IRM,131,C,1,14/09/2022 00:00:00,RLNG, 	(27-FEB-2025 11:02:07)
IRM,131,C,1,14/09/2022 00:00:00,RLNG, 	(27-FEB-2025 11:02:07)
IRM,131,C,1,24/08/2022 00:00:00,RLNG, 	(27-FEB-2025 11:02:07)
IRM,131,C,2,24/08/2022 00:00:00,DLNG, 	(27-FEB-2025 11:02:07)
IRM,131,C,2,24/08/2022 00:00:00,DLNG, 	(27-FEB-2025 11:02:07)
IRM,131,C,2,01/09/2022 00:00:00,DLNG, 	(27-FEB-2025 11:02:07)
IRM,131,C,2,01/09/2022 00:00:00,DLNG, 	(27-FEB-2025 11:02:07)
IRM,131,C,2,14/09/2022 00:00:00,DLNG, 	(27-FEB-2025 11:02:07)
IRM,131,C,2,14/09/2022 00:00:00,DLNG, 	(27-FEB-2025 11:02:07)
IRM,131,C,2,24/08/2022 00:00:00,DLNG, 	(27-FEB-2025 11:02:07)
IRM,131,C,2,24/08/2022 00:00:00,DLNG, 	(27-FEB-2025 11:02:07)
IRM,131,C,2,01/09/2022 00:00:00,DLNG, 	(27-FEB-2025 11:02:07)
IRM,131,C,2,01/09/2022 00:00:00,DLNG, 	(27-FEB-2025 11:02:07)
IRM,131,C,2,14/09/2022 00:00:00,DLNG, 	(27-FEB-2025 11:02:07)
IRM,131,C,2,14/09/2022 00:00:00,DLNG, 	(27-FEB-2025 11:02:07)
IRM,131,C,1,01/09/2022 00:00:00,DLNG, 	(27-FEB-2025 11:02:07)
IRM,131,C,1,01/09/2022 00:00:00,DLNG, 	(27-FEB-2025 11:02:07)
IRM,131,C,1,24/08/2022 00:00:00,DLNG, 	(27-FEB-2025 11:02:07)
IRM,131,C,1,24/08/2022 00:00:00,DLNG, 	(27-FEB-2025 11:02:07)
IRM,131,C,1,24/08/2022 00:00:00,DLNG, 	(27-FEB-2025 11:02:07)
IRM,131,C,1,14/09/2022 00:00:00,DLNG, 	(27-FEB-2025 11:02:07)
IRM,131,C,1,01/09/2022 00:00:00,DLNG, 	(27-FEB-2025 11:02:07)
IRM,131,C,1,01/09/2022 00:00:00,DLNG, 	(27-FEB-2025 11:02:07)
IRM,131,C,1,14/09/2022 00:00:00,DLNG, 	(27-FEB-2025 11:02:07)
IRM,131,C,1,14/09/2022 00:00:00,DLNG, 	(27-FEB-2025 11:02:07)
IRM,131,C,1,14/09/2022 00:00:00,DLNG, 	(27-FEB-2025 11:02:07)
IRM,131,C,1,24/08/2022 00:00:00,DLNG, 	(27-FEB-2025 11:02:07)
PPL,132,C,2,30/08/2022 00:00:00,RLNG, 	(27-FEB-2025 11:02:07)
PPL,132,C,2,30/08/2022 00:00:00,RLNG, 	(27-FEB-2025 11:02:07)
PPL,132,C,3,30/08/2022 00:00:00,RLNG, 	(27-FEB-2025 11:02:07)
PPL,132,C,3,30/08/2022 00:00:00,RLNG, 	(27-FEB-2025 11:02:07)
PPL,132,C,1,30/08/2022 00:00:00,RLNG, 	(27-FEB-2025 11:02:07)
PPL,132,C,1,30/08/2022 00:00:00,RLNG, 	(27-FEB-2025 11:02:07)
PPL,132,C,2,30/08/2022 00:00:00,DLNG, 	(27-FEB-2025 11:02:07)
PPL,132,C,2,30/08/2022 00:00:00,DLNG, 	(27-FEB-2025 11:02:07)
PPL,132,C,3,30/08/2022 00:00:00,DLNG, 	(27-FEB-2025 11:02:07)
PPL,132,C,3,30/08/2022 00:00:00,DLNG, 	(27-FEB-2025 11:02:07)
PPL,132,C,1,30/08/2022 00:00:00,DLNG, 	(27-FEB-2025 11:02:07)
PPL,132,C,1,30/08/2022 00:00:00,DLNG, 	(27-FEB-2025 11:02:07)
YARALTD,133,C,1,06/09/2022 00:00:00,RLNG, 	(27-FEB-2025 11:02:07)
YARALTD,133,C,1,06/09/2022 00:00:00,RLNG, 	(27-FEB-2025 11:02:07)
YARALTD,133,C,1,06/09/2022 00:00:00,RLNG, 	(27-FEB-2025 11:02:07)
YARALTD,133,C,1,06/09/2022 00:00:00,RLNG, 	(27-FEB-2025 11:02:07)
YARALTD,133,C,1,06/09/2022 00:00:00,RLNG, 	(27-FEB-2025 11:02:07)
YARALTD,133,C,1,06/09/2022 00:00:00,RLNG, 	(27-FEB-2025 11:02:07)
YARALTD,133,C,1,06/09/2022 00:00:00,RLNG, 	(27-FEB-2025 11:02:07)
YARALTD,133,C,1,06/09/2022 00:00:00,RLNG, 	(27-FEB-2025 11:02:07)
YARALTD,133,C,1,01/10/2022 00:00:00,RLNG, 	(27-FEB-2025 11:02:07)
YARALTD,133,C,1,01/10/2022 00:00:00,RLNG, 	(27-FEB-2025 11:02:07)
YARALTD,133,C,1,06/09/2022 00:00:00,DLNG, 	(27-FEB-2025 11:02:07)
YARALTD,133,C,1,06/09/2022 00:00:00,DLNG, 	(27-FEB-2025 11:02:07)
YARALTD,133,C,1,06/09/2022 00:00:00,DLNG, 	(27-FEB-2025 11:02:07)
YARALTD,133,C,1,06/09/2022 00:00:00,DLNG, 	(27-FEB-2025 11:02:07)
YARALTD,133,C,1,06/09/2022 00:00:00,DLNG, 	(27-FEB-2025 11:02:07)
YARALTD,133,C,1,06/09/2022 00:00:00,DLNG, 	(27-FEB-2025 11:02:07)
YARALTD,133,C,1,06/09/2022 00:00:00,DLNG, 	(27-FEB-2025 11:02:07)
YARALTD,133,C,1,06/09/2022 00:00:00,DLNG, 	(27-FEB-2025 11:02:07)
YARALTD,133,C,1,01/10/2022 00:00:00,DLNG, 	(27-FEB-2025 11:02:07)
YARALTD,133,C,1,01/10/2022 00:00:00,DLNG, 	(27-FEB-2025 11:02:07)
INPEROX,134,C,1,15/09/2022 00:00:00,RLNG, 	(27-FEB-2025 11:02:07)
INPEROX,134,C,1,15/09/2022 00:00:00,RLNG, 	(27-FEB-2025 11:02:07)
INPEROX,134,C,2,23/11/2023 00:00:00,RLNG, 	(27-FEB-2025 11:02:07)
INPEROX,134,C,2,23/11/2023 00:00:00,RLNG, 	(27-FEB-2025 11:02:07)
INPEROX,134,C,1,15/09/2022 00:00:00,DLNG, 	(27-FEB-2025 11:02:07)
INPEROX,134,C,1,15/09/2022 00:00:00,DLNG, 	(27-FEB-2025 11:02:07)
INPEROX,134,C,2,23/11/2023 00:00:00,DLNG, 	(27-FEB-2025 11:02:07)
INPEROX,134,C,2,23/11/2023 00:00:00,DLNG, 	(27-FEB-2025 11:02:07)
RAFECHL,135,C,1,01/01/2025 00:00:00,RLNG, 	(27-FEB-2025 11:02:07)
RAFECHL,135,C,1,01/01/2025 00:00:00,RLNG, 	(27-FEB-2025 11:02:07)
RAFECHL,135,C,1,01/01/2025 00:00:00,RLNG, 	(27-FEB-2025 11:02:07)
RAFECHL,135,C,1,01/01/2025 00:00:00,RLNG, 	(27-FEB-2025 11:02:07)
RAFECHL,135,C,1,01/01/2025 00:00:00,RLNG, 	(27-FEB-2025 11:02:07)
RAFECHL,135,C,1,01/01/2025 00:00:00,RLNG, 	(27-FEB-2025 11:02:07)
RAFECHL,135,C,1,01/01/2025 00:00:00,RLNG, 	(27-FEB-2025 11:02:07)
RAFECHL,135,C,1,01/01/2025 00:00:00,RLNG, 	(27-FEB-2025 11:02:07)
RAFECHL,135,C,1,01/01/2025 00:00:00,DLNG, 	(27-FEB-2025 11:02:07)
RAFECHL,135,C,1,01/01/2025 00:00:00,DLNG, 	(27-FEB-2025 11:02:07)
RAFECHL,135,C,1,01/01/2025 00:00:00,DLNG, 	(27-FEB-2025 11:02:07)
RAFECHL,135,C,1,01/01/2025 00:00:00,DLNG, 	(27-FEB-2025 11:02:07)
RAFECHL,135,C,1,01/01/2025 00:00:00,DLNG, 	(27-FEB-2025 11:02:07)
RAFECHL,135,C,1,01/01/2025 00:00:00,DLNG, 	(27-FEB-2025 11:02:07)
RAFECHL,135,C,1,01/01/2025 00:00:00,DLNG, 	(27-FEB-2025 11:02:07)
RAFECHL,135,C,1,01/01/2025 00:00:00,DLNG, 	(27-FEB-2025 11:02:07)
MGRPL,136,C,1,01/12/2022 00:00:00,RLNG, 	(27-FEB-2025 11:02:07)
MGRPL,136,C,1,01/12/2022 00:00:00,RLNG, 	(27-FEB-2025 11:02:07)
MGRPL,136,C,3,01/12/2023 00:00:00,RLNG, 	(27-FEB-2025 11:02:07)
MGRPL,136,C,3,01/12/2023 00:00:00,RLNG, 	(27-FEB-2025 11:02:07)
MGRPL,136,C,5,01/12/2023 00:00:00,RLNG, 	(27-FEB-2025 11:02:07)
MGRPL,136,C,5,01/12/2023 00:00:00,RLNG, 	(27-FEB-2025 11:02:07)
MGRPL,136,C,4,01/12/2023 00:00:00,RLNG, 	(27-FEB-2025 11:02:07)
MGRPL,136,C,4,01/12/2023 00:00:00,RLNG, 	(27-FEB-2025 11:02:07)
MGRPL,136,C,2,01/12/2023 00:00:00,RLNG, 	(27-FEB-2025 11:02:07)
MGRPL,136,C,2,01/12/2023 00:00:00,RLNG, 	(27-FEB-2025 11:02:07)
MGRPL,136,C,1,01/12/2022 00:00:00,DLNG, 	(27-FEB-2025 11:02:07)
MGRPL,136,C,1,01/12/2022 00:00:00,DLNG, 	(27-FEB-2025 11:02:07)
MGRPL,136,C,3,01/12/2023 00:00:00,DLNG, 	(27-FEB-2025 11:02:07)
MGRPL,136,C,3,01/12/2023 00:00:00,DLNG, 	(27-FEB-2025 11:02:07)
MGRPL,136,C,5,01/12/2023 00:00:00,DLNG, 	(27-FEB-2025 11:02:07)
MGRPL,136,C,5,01/12/2023 00:00:00,DLNG, 	(27-FEB-2025 11:02:07)
MGRPL,136,C,4,01/12/2023 00:00:00,DLNG, 	(27-FEB-2025 11:02:07)
MGRPL,136,C,4,01/12/2023 00:00:00,DLNG, 	(27-FEB-2025 11:02:07)
MGRPL,136,C,2,01/12/2023 00:00:00,DLNG, 	(27-FEB-2025 11:02:07)
MGRPL,136,C,2,01/12/2023 00:00:00,DLNG, 	(27-FEB-2025 11:02:07)
CNTENKA,137,C,3,04/11/2022 00:00:00,RLNG, 	(27-FEB-2025 11:02:07)
CNTENKA,137,C,3,04/11/2022 00:00:00,RLNG, 	(27-FEB-2025 11:02:07)
CNTENKA,137,C,1,17/10/2022 00:00:00,RLNG, 	(27-FEB-2025 11:02:07)
CNTENKA,137,C,1,17/10/2022 00:00:00,RLNG, 	(27-FEB-2025 11:02:07)
CNTENKA,137,C,2,19/10/2022 00:00:00,RLNG, 	(27-FEB-2025 11:02:07)
CNTENKA,137,C,2,19/10/2022 00:00:00,RLNG, 	(27-FEB-2025 11:02:07)
CNTENKA,137,C,3,04/11/2022 00:00:00,DLNG, 	(27-FEB-2025 11:02:07)
CNTENKA,137,C,3,04/11/2022 00:00:00,DLNG, 	(27-FEB-2025 11:02:07)
CNTENKA,137,C,1,17/10/2022 00:00:00,DLNG, 	(27-FEB-2025 11:02:07)
CNTENKA,137,C,1,17/10/2022 00:00:00,DLNG, 	(27-FEB-2025 11:02:07)
CNTENKA,137,C,2,19/10/2022 00:00:00,DLNG, 	(27-FEB-2025 11:02:07)
CNTENKA,137,C,2,19/10/2022 00:00:00,DLNG, 	(27-FEB-2025 11:02:07)
EFSPL,138,C,3,01/04/2024 00:00:00,RLNG, 	(27-FEB-2025 11:02:07)
EFSPL,138,C,3,01/04/2024 00:00:00,RLNG, 	(27-FEB-2025 11:02:07)
EFSPL,138,C,2,01/04/2024 00:00:00,RLNG, 	(27-FEB-2025 11:02:07)
EFSPL,138,C,2,01/04/2024 00:00:00,RLNG, 	(27-FEB-2025 11:02:07)
EFSPL,138,C,1,01/04/2024 00:00:00,RLNG, 	(27-FEB-2025 11:02:07)
EFSPL,138,C,1,01/04/2024 00:00:00,RLNG, 	(27-FEB-2025 11:02:07)
EFSPL,138,C,3,01/04/2024 00:00:00,DLNG, 	(27-FEB-2025 11:02:07)
EFSPL,138,C,3,01/04/2024 00:00:00,DLNG, 	(27-FEB-2025 11:02:07)
EFSPL,138,C,2,01/04/2024 00:00:00,DLNG, 	(27-FEB-2025 11:02:07)
EFSPL,138,C,2,01/04/2024 00:00:00,DLNG, 	(27-FEB-2025 11:02:07)
EFSPL,138,C,1,01/04/2024 00:00:00,DLNG, 	(27-FEB-2025 11:02:07)
EFSPL,138,C,1,01/04/2024 00:00:00,DLNG, 	(27-FEB-2025 11:02:07)
HINDURV,140,C,3,28/02/2023 00:00:00,RLNG, 	(27-FEB-2025 11:02:07)
HINDURV,140,C,3,28/02/2023 00:00:00,RLNG, 	(27-FEB-2025 11:02:07)
HINDURV,140,C,1,28/02/2023 00:00:00,RLNG, 	(27-FEB-2025 11:02:07)
HINDURV,140,C,1,28/02/2023 00:00:00,RLNG, 	(27-FEB-2025 11:02:07)
HINDURV,140,C,5,02/03/2023 00:00:00,RLNG, 	(27-FEB-2025 11:02:07)
HINDURV,140,C,5,02/03/2023 00:00:00,RLNG, 	(27-FEB-2025 11:02:07)
HINDURV,140,C,4,28/02/2023 00:00:00,RLNG, 	(27-FEB-2025 11:02:07)
HINDURV,140,C,4,28/02/2023 00:00:00,RLNG, 	(27-FEB-2025 11:02:07)
HINDURV,140,C,2,28/02/2023 00:00:00,RLNG, 	(27-FEB-2025 11:02:07)
HINDURV,140,C,2,28/02/2023 00:00:00,RLNG, 	(27-FEB-2025 11:02:07)
HINDURV,140,C,6,02/03/2023 00:00:00,RLNG, 	(27-FEB-2025 11:02:07)
HINDURV,140,C,6,02/03/2023 00:00:00,RLNG, 	(27-FEB-2025 11:02:07)
HINDURV,140,C,3,28/02/2023 00:00:00,DLNG, 	(27-FEB-2025 11:02:07)
HINDURV,140,C,3,28/02/2023 00:00:00,DLNG, 	(27-FEB-2025 11:02:07)
HINDURV,140,C,1,28/02/2023 00:00:00,DLNG, 	(27-FEB-2025 11:02:07)
HINDURV,140,C,1,28/02/2023 00:00:00,DLNG, 	(27-FEB-2025 11:02:07)
HINDURV,140,C,5,02/03/2023 00:00:00,DLNG, 	(27-FEB-2025 11:02:07)
HINDURV,140,C,5,02/03/2023 00:00:00,DLNG, 	(27-FEB-2025 11:02:07)
HINDURV,140,C,4,28/02/2023 00:00:00,DLNG, 	(27-FEB-2025 11:02:07)
HINDURV,140,C,4,28/02/2023 00:00:00,DLNG, 	(27-FEB-2025 11:02:07)
HINDURV,140,C,2,28/02/2023 00:00:00,DLNG, 	(27-FEB-2025 11:02:07)
HINDURV,140,C,2,28/02/2023 00:00:00,DLNG, 	(27-FEB-2025 11:02:07)
HINDURV,140,C,6,02/03/2023 00:00:00,DLNG, 	(27-FEB-2025 11:02:07)
HINDURV,140,C,6,02/03/2023 00:00:00,DLNG, 	(27-FEB-2025 11:02:07)
HCGPUTE,142,C,2,28/11/2022 00:00:00,RLNG, 	(27-FEB-2025 11:02:07)
HCGPUTE,142,C,2,28/11/2022 00:00:00,RLNG, 	(27-FEB-2025 11:02:07)
HCGPUTE,142,C,1,21/11/2022 00:00:00,RLNG, 	(27-FEB-2025 11:02:07)
HCGPUTE,142,C,1,21/11/2022 00:00:00,RLNG, 	(27-FEB-2025 11:02:07)
HCGPUTE,142,C,2,28/11/2022 00:00:00,DLNG, 	(27-FEB-2025 11:02:07)
HCGPUTE,142,C,2,28/11/2022 00:00:00,DLNG, 	(27-FEB-2025 11:02:07)
HCGPUTE,142,C,1,21/11/2022 00:00:00,DLNG, 	(27-FEB-2025 11:02:07)
HCGPUTE,142,C,1,21/11/2022 00:00:00,DLNG, 	(27-FEB-2025 11:02:07)
GOAGLSF,143,C,1,01/01/2023 00:00:00,RLNG, 	(27-FEB-2025 11:02:07)
GOAGLSF,143,C,1,01/01/2023 00:00:00,RLNG, 	(27-FEB-2025 11:02:07)
GOAGLSF,143,C,1,01/12/2022 00:00:00,RLNG, 	(27-FEB-2025 11:02:07)
GOAGLSF,143,C,1,01/12/2022 00:00:00,RLNG, 	(27-FEB-2025 11:02:07)
GOAGLSF,143,C,1,01/01/2023 00:00:00,DLNG, 	(27-FEB-2025 11:02:07)
GOAGLSF,143,C,1,01/01/2023 00:00:00,DLNG, 	(27-FEB-2025 11:02:07)
GOAGLSF,143,C,1,01/12/2022 00:00:00,DLNG, 	(27-FEB-2025 11:02:07)
GOAGLSF,143,C,1,01/12/2022 00:00:00,DLNG, 	(27-FEB-2025 11:02:07)
IGSPL,144,C,3,25/11/2022 00:00:00,RLNG, 	(27-FEB-2025 11:02:07)
IGSPL,144,C,3,25/11/2022 00:00:00,RLNG, 	(27-FEB-2025 11:02:07)
IGSPL,144,C,3,25/11/2022 00:00:00,RLNG, 	(27-FEB-2025 11:02:07)
IGSPL,144,C,3,25/11/2022 00:00:00,RLNG, 	(27-FEB-2025 11:02:07)
IGSPL,144,C,2,25/11/2022 00:00:00,RLNG, 	(27-FEB-2025 11:02:07)
IGSPL,144,C,2,25/11/2022 00:00:00,RLNG, 	(27-FEB-2025 11:02:07)
IGSPL,144,C,2,25/11/2022 00:00:00,RLNG, 	(27-FEB-2025 11:02:07)
IGSPL,144,C,2,25/11/2022 00:00:00,RLNG, 	(27-FEB-2025 11:02:07)
IGSPL,144,C,1,25/11/2022 00:00:00,RLNG, 	(27-FEB-2025 11:02:07)
IGSPL,144,C,1,25/11/2022 00:00:00,RLNG, 	(27-FEB-2025 11:02:07)
IGSPL,144,C,1,25/11/2022 00:00:00,RLNG, 	(27-FEB-2025 11:02:07)
IGSPL,144,C,1,25/11/2022 00:00:00,RLNG, 	(27-FEB-2025 11:02:07)
IGSPL,144,C,3,25/11/2022 00:00:00,DLNG, 	(27-FEB-2025 11:02:07)
IGSPL,144,C,3,25/11/2022 00:00:00,DLNG, 	(27-FEB-2025 11:02:07)
IGSPL,144,C,3,25/11/2022 00:00:00,DLNG, 	(27-FEB-2025 11:02:07)
IGSPL,144,C,3,25/11/2022 00:00:00,DLNG, 	(27-FEB-2025 11:02:07)
IGSPL,144,C,2,25/11/2022 00:00:00,DLNG, 	(27-FEB-2025 11:02:07)
IGSPL,144,C,2,25/11/2022 00:00:00,DLNG, 	(27-FEB-2025 11:02:07)
IGSPL,144,C,2,25/11/2022 00:00:00,DLNG, 	(27-FEB-2025 11:02:07)
IGSPL,144,C,2,25/11/2022 00:00:00,DLNG, 	(27-FEB-2025 11:02:07)
IGSPL,144,C,1,25/11/2022 00:00:00,DLNG, 	(27-FEB-2025 11:02:07)
IGSPL,144,C,1,25/11/2022 00:00:00,DLNG, 	(27-FEB-2025 11:02:07)
IGSPL,144,C,1,25/11/2022 00:00:00,DLNG, 	(27-FEB-2025 11:02:07)
IGSPL,144,C,1,25/11/2022 00:00:00,DLNG, 	(27-FEB-2025 11:02:07)
PEFORCV,146,C,1,08/12/2022 00:00:00,RLNG, 	(27-FEB-2025 11:02:07)
PEFORCV,146,C,1,08/12/2022 00:00:00,RLNG, 	(27-FEB-2025 11:02:07)
PEFORCV,146,C,1,08/12/2022 00:00:00,RLNG, 	(27-FEB-2025 11:02:07)
PEFORCV,146,C,1,08/12/2022 00:00:00,RLNG, 	(27-FEB-2025 11:02:07)
PEFORCV,146,C,1,08/12/2022 00:00:00,DLNG, 	(27-FEB-2025 11:02:07)
PEFORCV,146,C,1,08/12/2022 00:00:00,DLNG, 	(27-FEB-2025 11:02:07)
PEFORCV,146,C,1,08/12/2022 00:00:00,DLNG, 	(27-FEB-2025 11:02:07)
PEFORCV,146,C,1,08/12/2022 00:00:00,DLNG, 	(27-FEB-2025 11:02:07)
BHEL,155,C,1,01/06/2024 00:00:00,RLNG, 	(27-FEB-2025 11:02:07)
BHEL,155,C,1,01/06/2024 00:00:00,RLNG, 	(27-FEB-2025 11:02:07)
BHEL,155,C,2,01/06/2024 00:00:00,RLNG, 	(27-FEB-2025 11:02:07)
BHEL,155,C,2,01/06/2024 00:00:00,RLNG, 	(27-FEB-2025 11:02:07)
BHEL,155,C,2,01/06/2024 00:00:00,RLNG, 	(27-FEB-2025 11:02:07)
BHEL,155,C,2,01/06/2024 00:00:00,RLNG, 	(27-FEB-2025 11:02:07)
BHEL,155,C,4,01/06/2024 00:00:00,RLNG, 	(27-FEB-2025 11:02:07)
BHEL,155,C,4,01/06/2024 00:00:00,RLNG, 	(27-FEB-2025 11:02:07)
BHEL,155,C,3,01/06/2024 00:00:00,RLNG, 	(27-FEB-2025 11:02:07)
BHEL,155,C,3,01/06/2024 00:00:00,RLNG, 	(27-FEB-2025 11:02:07)
BHEL,155,C,1,01/06/2024 00:00:00,RLNG, 	(27-FEB-2025 11:02:07)
BHEL,155,C,1,01/06/2024 00:00:00,RLNG, 	(27-FEB-2025 11:02:07)
BHEL,155,C,1,01/06/2024 00:00:00,DLNG, 	(27-FEB-2025 11:02:07)
BHEL,155,C,1,01/06/2024 00:00:00,DLNG, 	(27-FEB-2025 11:02:07)
BHEL,155,C,2,01/06/2024 00:00:00,DLNG, 	(27-FEB-2025 11:02:07)
BHEL,155,C,2,01/06/2024 00:00:00,DLNG, 	(27-FEB-2025 11:02:07)
BHEL,155,C,2,01/06/2024 00:00:00,DLNG, 	(27-FEB-2025 11:02:07)
BHEL,155,C,2,01/06/2024 00:00:00,DLNG, 	(27-FEB-2025 11:02:07)
BHEL,155,C,4,01/06/2024 00:00:00,DLNG, 	(27-FEB-2025 11:02:07)
BHEL,155,C,4,01/06/2024 00:00:00,DLNG, 	(27-FEB-2025 11:02:07)
BHEL,155,C,3,01/06/2024 00:00:00,DLNG, 	(27-FEB-2025 11:02:07)
BHEL,155,C,3,01/06/2024 00:00:00,DLNG, 	(27-FEB-2025 11:02:07)
BHEL,155,C,1,01/06/2024 00:00:00,DLNG, 	(27-FEB-2025 11:02:07)
BHEL,155,C,1,01/06/2024 00:00:00,DLNG, 	(27-FEB-2025 11:02:07)
COMFIND,159,C,1,11/08/2023 00:00:00,RLNG, 	(27-FEB-2025 11:02:07)
COMFIND,159,C,1,11/08/2023 00:00:00,RLNG, 	(27-FEB-2025 11:02:07)
COMFIND,159,C,2,11/08/2023 00:00:00,RLNG, 	(27-FEB-2025 11:02:07)
COMFIND,159,C,2,11/08/2023 00:00:00,RLNG, 	(27-FEB-2025 11:02:07)
COMFIND,159,C,1,11/08/2023 00:00:00,DLNG, 	(27-FEB-2025 11:02:07)
COMFIND,159,C,1,11/08/2023 00:00:00,DLNG, 	(27-FEB-2025 11:02:07)
COMFIND,159,C,2,11/08/2023 00:00:00,DLNG, 	(27-FEB-2025 11:02:07)
COMFIND,159,C,2,11/08/2023 00:00:00,DLNG, 	(27-FEB-2025 11:02:07)
DCMSHRI,160,C,1,30/03/2023 00:00:00,RLNG, 	(27-FEB-2025 11:02:07)
DCMSHRI,160,C,1,30/03/2023 00:00:00,RLNG, 	(27-FEB-2025 11:02:07)
DCMSHRI,160,C,2,30/03/2023 00:00:00,RLNG, 	(27-FEB-2025 11:02:07)
DCMSHRI,160,C,2,30/03/2023 00:00:00,RLNG, 	(27-FEB-2025 11:02:07)
DCMSHRI,160,C,3,30/03/2023 00:00:00,RLNG, 	(27-FEB-2025 11:02:07)
DCMSHRI,160,C,3,30/03/2023 00:00:00,RLNG, 	(27-FEB-2025 11:02:07)
DCMSHRI,160,C,1,30/03/2023 00:00:00,DLNG, 	(27-FEB-2025 11:02:07)
DCMSHRI,160,C,1,30/03/2023 00:00:00,DLNG, 	(27-FEB-2025 11:02:07)
DCMSHRI,160,C,2,30/03/2023 00:00:00,DLNG, 	(27-FEB-2025 11:02:07)
DCMSHRI,160,C,2,30/03/2023 00:00:00,DLNG, 	(27-FEB-2025 11:02:07)
DCMSHRI,160,C,3,30/03/2023 00:00:00,DLNG, 	(27-FEB-2025 11:02:07)
DCMSHRI,160,C,3,30/03/2023 00:00:00,DLNG, 	(27-FEB-2025 11:02:07)
HOECLTD,182,C,2,01/03/2024 00:00:00,RLNG, 	(27-FEB-2025 11:02:07)
HOECLTD,182,C,2,01/03/2024 00:00:00,RLNG, 	(27-FEB-2025 11:02:07)
HOECLTD,182,C,1,01/03/2024 00:00:00,RLNG, 	(27-FEB-2025 11:02:07)
HOECLTD,182,C,1,01/03/2024 00:00:00,RLNG, 	(27-FEB-2025 11:02:07)
HOECLTD,182,C,2,01/03/2024 00:00:00,DLNG, 	(27-FEB-2025 11:02:07)
HOECLTD,182,C,2,01/03/2024 00:00:00,DLNG, 	(27-FEB-2025 11:02:07)
HOECLTD,182,C,1,01/03/2024 00:00:00,DLNG, 	(27-FEB-2025 11:02:07)
HOECLTD,182,C,1,01/03/2024 00:00:00,DLNG, 	(27-FEB-2025 11:02:07)
HINAGIL,184,C,1,16/04/2024 00:00:00,RLNG, 	(27-FEB-2025 11:02:07)
HINAGIL,184,C,1,16/04/2024 00:00:00,RLNG, 	(27-FEB-2025 11:02:07)
HINAGIL,184,C,1,16/04/2024 00:00:00,DLNG, 	(27-FEB-2025 11:02:07)
HINAGIL,184,C,1,16/04/2024 00:00:00,DLNG, 	(27-FEB-2025 11:02:07)
HPOIGAS,188,C,4,20/12/2023 00:00:00,RLNG, 	(27-FEB-2025 11:02:07)
HPOIGAS,188,C,4,20/12/2023 00:00:00,RLNG, 	(27-FEB-2025 11:02:07)
HPOIGAS,188,C,1,20/12/2023 00:00:00,RLNG, 	(27-FEB-2025 11:02:07)
HPOIGAS,188,C,1,20/12/2023 00:00:00,RLNG, 	(27-FEB-2025 11:02:07)
HPOIGAS,188,C,3,20/12/2023 00:00:00,RLNG, 	(27-FEB-2025 11:02:07)
HPOIGAS,188,C,3,20/12/2023 00:00:00,RLNG, 	(27-FEB-2025 11:02:07)
HPOIGAS,188,C,2,20/12/2023 00:00:00,RLNG, 	(27-FEB-2025 11:02:07)
HPOIGAS,188,C,2,20/12/2023 00:00:00,RLNG, 	(27-FEB-2025 11:02:07)
HPOIGAS,188,C,4,20/12/2023 00:00:00,DLNG, 	(27-FEB-2025 11:02:07)
HPOIGAS,188,C,4,20/12/2023 00:00:00,DLNG, 	(27-FEB-2025 11:02:07)
HPOIGAS,188,C,1,20/12/2023 00:00:00,DLNG, 	(27-FEB-2025 11:02:07)
HPOIGAS,188,C,1,20/12/2023 00:00:00,DLNG, 	(27-FEB-2025 11:02:07)
HPOIGAS,188,C,3,20/12/2023 00:00:00,DLNG, 	(27-FEB-2025 11:02:07)
HPOIGAS,188,C,3,20/12/2023 00:00:00,DLNG, 	(27-FEB-2025 11:02:07)
HPOIGAS,188,C,2,20/12/2023 00:00:00,DLNG, 	(27-FEB-2025 11:02:07)
HPOIGAS,188,C,2,20/12/2023 00:00:00,DLNG, 	(27-FEB-2025 11:02:07)
NEL,209,C,7,01/07/2023 00:00:00,RLNG, 	(27-FEB-2025 11:02:07)
NEL,209,C,7,01/07/2023 00:00:00,RLNG, 	(27-FEB-2025 11:02:07)
NEL,209,C,5,01/03/2023 00:00:00,RLNG, 	(27-FEB-2025 11:02:07)
NEL,209,C,5,01/03/2023 00:00:00,RLNG, 	(27-FEB-2025 11:02:07)
NEL,209,C,4,01/03/2023 00:00:00,RLNG, 	(27-FEB-2025 11:02:07)
NEL,209,C,4,01/03/2023 00:00:00,RLNG, 	(27-FEB-2025 11:02:07)
NEL,209,C,6,01/03/2023 00:00:00,RLNG, 	(27-FEB-2025 11:02:07)
NEL,209,C,6,01/03/2023 00:00:00,RLNG, 	(27-FEB-2025 11:02:07)
NEL,209,C,2,01/03/2023 00:00:00,RLNG, 	(27-FEB-2025 11:02:07)
NEL,209,C,2,01/03/2023 00:00:00,RLNG, 	(27-FEB-2025 11:02:07)
NEL,209,C,3,01/03/2023 00:00:00,RLNG, 	(27-FEB-2025 11:02:07)
NEL,209,C,3,01/03/2023 00:00:00,RLNG, 	(27-FEB-2025 11:02:07)
NEL,209,C,1,01/03/2023 00:00:00,RLNG, 	(27-FEB-2025 11:02:07)
NEL,209,C,1,01/03/2023 00:00:00,RLNG, 	(27-FEB-2025 11:02:07)
NEL,209,C,7,01/07/2023 00:00:00,DLNG, 	(27-FEB-2025 11:02:07)
NEL,209,C,7,01/07/2023 00:00:00,DLNG, 	(27-FEB-2025 11:02:07)
NEL,209,C,5,01/03/2023 00:00:00,DLNG, 	(27-FEB-2025 11:02:07)
NEL,209,C,5,01/03/2023 00:00:00,DLNG, 	(27-FEB-2025 11:02:07)
NEL,209,C,4,01/03/2023 00:00:00,DLNG, 	(27-FEB-2025 11:02:07)
NEL,209,C,4,01/03/2023 00:00:00,DLNG, 	(27-FEB-2025 11:02:07)
NEL,209,C,6,01/03/2023 00:00:00,DLNG, 	(27-FEB-2025 11:02:07)
NEL,209,C,6,01/03/2023 00:00:00,DLNG, 	(27-FEB-2025 11:02:07)
NEL,209,C,2,01/03/2023 00:00:00,DLNG, 	(27-FEB-2025 11:02:07)
NEL,209,C,2,01/03/2023 00:00:00,DLNG, 	(27-FEB-2025 11:02:07)
NEL,209,C,3,01/03/2023 00:00:00,DLNG, 	(27-FEB-2025 11:02:07)
NEL,209,C,3,01/03/2023 00:00:00,DLNG, 	(27-FEB-2025 11:02:07)
NEL,209,C,1,01/03/2023 00:00:00,DLNG, 	(27-FEB-2025 11:02:07)
NEL,209,C,1,01/03/2023 00:00:00,DLNG, 	(27-FEB-2025 11:02:07)
TASTELI,238,C,3,07/03/2024 00:00:00,RLNG, 	(27-FEB-2025 11:02:07)
TASTELI,238,C,3,07/03/2024 00:00:00,RLNG, 	(27-FEB-2025 11:02:07)
TASTELI,238,C,3,26/02/2024 00:00:00,RLNG, 	(27-FEB-2025 11:02:07)
TASTELI,238,C,3,26/02/2024 00:00:00,RLNG, 	(27-FEB-2025 11:02:07)
TASTELI,238,C,2,01/02/2023 00:00:00,RLNG, 	(27-FEB-2025 11:02:07)
TASTELI,238,C,2,01/02/2023 00:00:00,RLNG, 	(27-FEB-2025 11:02:07)
TASTELI,238,C,1,01/02/2023 00:00:00,RLNG, 	(27-FEB-2025 11:02:07)
TASTELI,238,C,1,01/02/2023 00:00:00,RLNG, 	(27-FEB-2025 11:02:07)
TASTELI,238,C,1,07/03/2024 00:00:00,RLNG, 	(27-FEB-2025 11:02:07)
TASTELI,238,C,1,07/03/2024 00:00:00,RLNG, 	(27-FEB-2025 11:02:07)
TASTELI,238,C,4,07/03/2024 00:00:00,RLNG, 	(27-FEB-2025 11:02:07)
TASTELI,238,C,4,07/03/2024 00:00:00,RLNG, 	(27-FEB-2025 11:02:07)
TASTELI,238,C,3,07/03/2024 00:00:00,DLNG, 	(27-FEB-2025 11:02:07)
TASTELI,238,C,3,07/03/2024 00:00:00,DLNG, 	(27-FEB-2025 11:02:07)
TASTELI,238,C,3,26/02/2024 00:00:00,DLNG, 	(27-FEB-2025 11:02:07)
TASTELI,238,C,3,26/02/2024 00:00:00,DLNG, 	(27-FEB-2025 11:02:07)
TASTELI,238,C,2,01/02/2023 00:00:00,DLNG, 	(27-FEB-2025 11:02:07)
TASTELI,238,C,2,01/02/2023 00:00:00,DLNG, 	(27-FEB-2025 11:02:07)
TASTELI,238,C,1,01/02/2023 00:00:00,DLNG, 	(27-FEB-2025 11:02:07)
TASTELI,238,C,1,01/02/2023 00:00:00,DLNG, 	(27-FEB-2025 11:02:07)
TASTELI,238,C,1,07/03/2024 00:00:00,DLNG, 	(27-FEB-2025 11:02:07)
TASTELI,238,C,1,07/03/2024 00:00:00,DLNG, 	(27-FEB-2025 11:02:07)
TASTELI,238,C,4,07/03/2024 00:00:00,DLNG, 	(27-FEB-2025 11:02:07)
TASTELI,238,C,4,07/03/2024 00:00:00,DLNG, 	(27-FEB-2025 11:02:07)
HMEL,239,C,26,25/01/2025 00:00:00,RLNG, 	(27-FEB-2025 11:02:07)
HMEL,239,C,26,25/01/2025 00:00:00,RLNG, 	(27-FEB-2025 11:02:07)
HMEL,239,C,1,06/01/2023 00:00:00,RLNG, 	(27-FEB-2025 11:02:07)
HMEL,239,C,1,06/01/2023 00:00:00,RLNG, 	(27-FEB-2025 11:02:07)
HMEL,239,C,5,01/07/2023 00:00:00,RLNG, 	(27-FEB-2025 11:02:07)
HMEL,239,C,5,01/07/2023 00:00:00,RLNG, 	(27-FEB-2025 11:02:07)
HMEL,239,C,3,01/01/2024 00:00:00,RLNG, 	(27-FEB-2025 11:02:07)
HMEL,239,C,3,01/01/2024 00:00:00,RLNG, 	(27-FEB-2025 11:02:07)
HMEL,239,C,14,01/01/2024 00:00:00,RLNG, 	(27-FEB-2025 11:02:07)
HMEL,239,C,14,01/01/2024 00:00:00,RLNG, 	(27-FEB-2025 11:02:07)
HMEL,239,C,6,01/01/2024 00:00:00,RLNG, 	(27-FEB-2025 11:02:07)
HMEL,239,C,6,01/01/2024 00:00:00,RLNG, 	(27-FEB-2025 11:02:07)
HMEL,239,C,22,01/09/2024 00:00:00,RLNG, 	(27-FEB-2025 11:02:07)
HMEL,239,C,22,01/09/2024 00:00:00,RLNG, 	(27-FEB-2025 11:02:07)
HMEL,239,C,25,01/10/2024 00:00:00,RLNG, 	(27-FEB-2025 11:02:07)
HMEL,239,C,25,01/10/2024 00:00:00,RLNG, 	(27-FEB-2025 11:02:07)
HMEL,239,C,4,06/01/2023 00:00:00,RLNG, 	(27-FEB-2025 11:02:07)
HMEL,239,C,4,06/01/2023 00:00:00,RLNG, 	(27-FEB-2025 11:02:07)
HMEL,239,C,8,01/07/2023 00:00:00,RLNG, 	(27-FEB-2025 11:02:07)
HMEL,239,C,8,01/07/2023 00:00:00,RLNG, 	(27-FEB-2025 11:02:07)
HMEL,239,C,3,01/01/2024 00:00:00,RLNG, 	(27-FEB-2025 11:02:07)
HMEL,239,C,3,01/01/2024 00:00:00,RLNG, 	(27-FEB-2025 11:02:07)
HMEL,239,C,16,01/01/2024 00:00:00,RLNG, 	(27-FEB-2025 11:02:07)
HMEL,239,C,16,01/01/2024 00:00:00,RLNG, 	(27-FEB-2025 11:02:07)
HMEL,239,C,6,01/01/2024 00:00:00,RLNG, 	(27-FEB-2025 11:02:07)
HMEL,239,C,6,01/01/2024 00:00:00,RLNG, 	(27-FEB-2025 11:02:07)
HMEL,239,C,24,01/09/2024 00:00:00,RLNG, 	(27-FEB-2025 11:02:07)
HMEL,239,C,24,01/09/2024 00:00:00,RLNG, 	(27-FEB-2025 11:02:07)
HMEL,239,C,2,06/01/2023 00:00:00,RLNG, 	(27-FEB-2025 11:02:07)
HMEL,239,C,2,06/01/2023 00:00:00,RLNG, 	(27-FEB-2025 11:02:07)
HMEL,239,C,6,01/07/2023 00:00:00,RLNG, 	(27-FEB-2025 11:02:07)
HMEL,239,C,6,01/07/2023 00:00:00,RLNG, 	(27-FEB-2025 11:02:07)
HMEL,239,C,3,01/01/2024 00:00:00,RLNG, 	(27-FEB-2025 11:02:07)
HMEL,239,C,3,01/01/2024 00:00:00,RLNG, 	(27-FEB-2025 11:02:07)
HMEL,239,C,15,01/01/2024 00:00:00,RLNG, 	(27-FEB-2025 11:02:07)
HMEL,239,C,15,01/01/2024 00:00:00,RLNG, 	(27-FEB-2025 11:02:07)
HMEL,239,C,6,01/01/2024 00:00:00,RLNG, 	(27-FEB-2025 11:02:07)
HMEL,239,C,6,01/01/2024 00:00:00,RLNG, 	(27-FEB-2025 11:02:07)
HMEL,239,C,23,01/09/2024 00:00:00,RLNG, 	(27-FEB-2025 11:02:07)
HMEL,239,C,23,01/09/2024 00:00:00,RLNG, 	(27-FEB-2025 11:02:07)
HMEL,239,C,3,06/01/2023 00:00:00,RLNG, 	(27-FEB-2025 11:02:07)
HMEL,239,C,3,06/01/2023 00:00:00,RLNG, 	(27-FEB-2025 11:02:07)
HMEL,239,C,7,01/07/2023 00:00:00,RLNG, 	(27-FEB-2025 11:02:07)
HMEL,239,C,7,01/07/2023 00:00:00,RLNG, 	(27-FEB-2025 11:02:07)
HMEL,239,C,3,01/01/2024 00:00:00,RLNG, 	(27-FEB-2025 11:02:07)
HMEL,239,C,3,01/01/2024 00:00:00,RLNG, 	(27-FEB-2025 11:02:07)
HMEL,239,C,13,01/01/2024 00:00:00,RLNG, 	(27-FEB-2025 11:02:07)
HMEL,239,C,13,01/01/2024 00:00:00,RLNG, 	(27-FEB-2025 11:02:07)
HMEL,239,C,6,01/01/2024 00:00:00,RLNG, 	(27-FEB-2025 11:02:07)
HMEL,239,C,6,01/01/2024 00:00:00,RLNG, 	(27-FEB-2025 11:02:07)
HMEL,239,C,21,01/09/2024 00:00:00,RLNG, 	(27-FEB-2025 11:02:07)
HMEL,239,C,21,01/09/2024 00:00:00,RLNG, 	(27-FEB-2025 11:02:07)
HMEL,239,C,26,25/01/2025 00:00:00,DLNG, 	(27-FEB-2025 11:02:07)
HMEL,239,C,26,25/01/2025 00:00:00,DLNG, 	(27-FEB-2025 11:02:07)
HMEL,239,C,1,06/01/2023 00:00:00,DLNG, 	(27-FEB-2025 11:02:07)
HMEL,239,C,1,06/01/2023 00:00:00,DLNG, 	(27-FEB-2025 11:02:07)
HMEL,239,C,5,01/07/2023 00:00:00,DLNG, 	(27-FEB-2025 11:02:07)
HMEL,239,C,5,01/07/2023 00:00:00,DLNG, 	(27-FEB-2025 11:02:07)
HMEL,239,C,3,01/01/2024 00:00:00,DLNG, 	(27-FEB-2025 11:02:07)
HMEL,239,C,3,01/01/2024 00:00:00,DLNG, 	(27-FEB-2025 11:02:07)
HMEL,239,C,14,01/01/2024 00:00:00,DLNG, 	(27-FEB-2025 11:02:07)
HMEL,239,C,14,01/01/2024 00:00:00,DLNG, 	(27-FEB-2025 11:02:07)
HMEL,239,C,6,01/01/2024 00:00:00,DLNG, 	(27-FEB-2025 11:02:07)
HMEL,239,C,6,01/01/2024 00:00:00,DLNG, 	(27-FEB-2025 11:02:07)
HMEL,239,C,22,01/09/2024 00:00:00,DLNG, 	(27-FEB-2025 11:02:07)
HMEL,239,C,22,01/09/2024 00:00:00,DLNG, 	(27-FEB-2025 11:02:07)
HMEL,239,C,25,01/10/2024 00:00:00,DLNG, 	(27-FEB-2025 11:02:07)
HMEL,239,C,25,01/10/2024 00:00:00,DLNG, 	(27-FEB-2025 11:02:07)
HMEL,239,C,4,06/01/2023 00:00:00,DLNG, 	(27-FEB-2025 11:02:07)
HMEL,239,C,4,06/01/2023 00:00:00,DLNG, 	(27-FEB-2025 11:02:07)
HMEL,239,C,8,01/07/2023 00:00:00,DLNG, 	(27-FEB-2025 11:02:07)
HMEL,239,C,8,01/07/2023 00:00:00,DLNG, 	(27-FEB-2025 11:02:07)
HMEL,239,C,3,01/01/2024 00:00:00,DLNG, 	(27-FEB-2025 11:02:08)
HMEL,239,C,3,01/01/2024 00:00:00,DLNG, 	(27-FEB-2025 11:02:08)
HMEL,239,C,16,01/01/2024 00:00:00,DLNG, 	(27-FEB-2025 11:02:08)
HMEL,239,C,16,01/01/2024 00:00:00,DLNG, 	(27-FEB-2025 11:02:08)
HMEL,239,C,6,01/01/2024 00:00:00,DLNG, 	(27-FEB-2025 11:02:08)
HMEL,239,C,6,01/01/2024 00:00:00,DLNG, 	(27-FEB-2025 11:02:08)
HMEL,239,C,24,01/09/2024 00:00:00,DLNG, 	(27-FEB-2025 11:02:08)
HMEL,239,C,24,01/09/2024 00:00:00,DLNG, 	(27-FEB-2025 11:02:08)
HMEL,239,C,2,06/01/2023 00:00:00,DLNG, 	(27-FEB-2025 11:02:08)
HMEL,239,C,2,06/01/2023 00:00:00,DLNG, 	(27-FEB-2025 11:02:08)
HMEL,239,C,6,01/07/2023 00:00:00,DLNG, 	(27-FEB-2025 11:02:08)
HMEL,239,C,6,01/07/2023 00:00:00,DLNG, 	(27-FEB-2025 11:02:08)
HMEL,239,C,3,01/01/2024 00:00:00,DLNG, 	(27-FEB-2025 11:02:08)
HMEL,239,C,3,01/01/2024 00:00:00,DLNG, 	(27-FEB-2025 11:02:08)
HMEL,239,C,15,01/01/2024 00:00:00,DLNG, 	(27-FEB-2025 11:02:08)
HMEL,239,C,15,01/01/2024 00:00:00,DLNG, 	(27-FEB-2025 11:02:08)
HMEL,239,C,6,01/01/2024 00:00:00,DLNG, 	(27-FEB-2025 11:02:08)
HMEL,239,C,6,01/01/2024 00:00:00,DLNG, 	(27-FEB-2025 11:02:08)
HMEL,239,C,23,01/09/2024 00:00:00,DLNG, 	(27-FEB-2025 11:02:08)
HMEL,239,C,23,01/09/2024 00:00:00,DLNG, 	(27-FEB-2025 11:02:08)
HMEL,239,C,3,06/01/2023 00:00:00,DLNG, 	(27-FEB-2025 11:02:08)
HMEL,239,C,3,06/01/2023 00:00:00,DLNG, 	(27-FEB-2025 11:02:08)
HMEL,239,C,7,01/07/2023 00:00:00,DLNG, 	(27-FEB-2025 11:02:08)
HMEL,239,C,7,01/07/2023 00:00:00,DLNG, 	(27-FEB-2025 11:02:08)
HMEL,239,C,3,01/01/2024 00:00:00,DLNG, 	(27-FEB-2025 11:02:08)
HMEL,239,C,3,01/01/2024 00:00:00,DLNG, 	(27-FEB-2025 11:02:08)
HMEL,239,C,13,01/01/2024 00:00:00,DLNG, 	(27-FEB-2025 11:02:08)
HMEL,239,C,13,01/01/2024 00:00:00,DLNG, 	(27-FEB-2025 11:02:08)
HMEL,239,C,6,01/01/2024 00:00:00,DLNG, 	(27-FEB-2025 11:02:08)
HMEL,239,C,6,01/01/2024 00:00:00,DLNG, 	(27-FEB-2025 11:02:08)
HMEL,239,C,21,01/09/2024 00:00:00,DLNG, 	(27-FEB-2025 11:02:08)
HMEL,239,C,21,01/09/2024 00:00:00,DLNG, 	(27-FEB-2025 11:02:08)
BOROREN,241,C,1,01/12/2023 00:00:00,RLNG, 	(27-FEB-2025 11:02:08)
BOROREN,241,C,1,01/12/2023 00:00:00,RLNG, 	(27-FEB-2025 11:02:08)
BOROREN,241,C,2,01/12/2023 00:00:00,RLNG, 	(27-FEB-2025 11:02:08)
BOROREN,241,C,2,01/12/2023 00:00:00,RLNG, 	(27-FEB-2025 11:02:08)
BOROREN,241,C,3,01/12/2023 00:00:00,RLNG, 	(27-FEB-2025 11:02:08)
BOROREN,241,C,3,01/12/2023 00:00:00,RLNG, 	(27-FEB-2025 11:02:08)
BOROREN,241,C,1,01/12/2023 00:00:00,DLNG, 	(27-FEB-2025 11:02:08)
BOROREN,241,C,1,01/12/2023 00:00:00,DLNG, 	(27-FEB-2025 11:02:08)
BOROREN,241,C,2,01/12/2023 00:00:00,DLNG, 	(27-FEB-2025 11:02:08)
BOROREN,241,C,2,01/12/2023 00:00:00,DLNG, 	(27-FEB-2025 11:02:08)
BOROREN,241,C,3,01/12/2023 00:00:00,DLNG, 	(27-FEB-2025 11:02:08)
BOROREN,241,C,3,01/12/2023 00:00:00,DLNG, 	(27-FEB-2025 11:02:08)
KINGASP,242,C,2,01/03/2024 00:00:00,RLNG, 	(27-FEB-2025 11:02:08)
KINGASP,242,C,2,01/03/2024 00:00:00,RLNG, 	(27-FEB-2025 11:02:08)
KINGASP,242,C,1,01/07/2023 00:00:00,RLNG, 	(27-FEB-2025 11:02:08)
KINGASP,242,C,1,01/07/2023 00:00:00,RLNG, 	(27-FEB-2025 11:02:08)
KINGASP,242,C,3,01/10/2024 00:00:00,RLNG, 	(27-FEB-2025 11:02:08)
KINGASP,242,C,3,01/10/2024 00:00:00,RLNG, 	(27-FEB-2025 11:02:08)
KINGASP,242,C,2,01/03/2024 00:00:00,DLNG, 	(27-FEB-2025 11:02:08)
KINGASP,242,C,2,01/03/2024 00:00:00,DLNG, 	(27-FEB-2025 11:02:08)
KINGASP,242,C,1,01/07/2023 00:00:00,DLNG, 	(27-FEB-2025 11:02:08)
KINGASP,242,C,1,01/07/2023 00:00:00,DLNG, 	(27-FEB-2025 11:02:08)
KINGASP,242,C,3,01/10/2024 00:00:00,DLNG, 	(27-FEB-2025 11:02:08)
KINGASP,242,C,3,01/10/2024 00:00:00,DLNG, 	(27-FEB-2025 11:02:08)
RATNAGI,245,C,1,14/06/2023 00:00:00,RLNG, 	(27-FEB-2025 11:02:08)
RATNAGI,245,C,1,14/06/2023 00:00:00,RLNG, 	(27-FEB-2025 11:02:08)
RATNAGI,245,C,2,14/06/2023 00:00:00,RLNG, 	(27-FEB-2025 11:02:08)
RATNAGI,245,C,2,14/06/2023 00:00:00,RLNG, 	(27-FEB-2025 11:02:08)
RATNAGI,245,C,3,14/06/2023 00:00:00,RLNG, 	(27-FEB-2025 11:02:08)
RATNAGI,245,C,3,14/06/2023 00:00:00,RLNG, 	(27-FEB-2025 11:02:08)
RATNAGI,245,C,4,14/06/2023 00:00:00,RLNG, 	(27-FEB-2025 11:02:08)
RATNAGI,245,C,4,14/06/2023 00:00:00,RLNG, 	(27-FEB-2025 11:02:08)
RATNAGI,245,C,1,14/06/2023 00:00:00,DLNG, 	(27-FEB-2025 11:02:08)
RATNAGI,245,C,1,14/06/2023 00:00:00,DLNG, 	(27-FEB-2025 11:02:08)
RATNAGI,245,C,2,14/06/2023 00:00:00,DLNG, 	(27-FEB-2025 11:02:08)
RATNAGI,245,C,2,14/06/2023 00:00:00,DLNG, 	(27-FEB-2025 11:02:08)
RATNAGI,245,C,3,14/06/2023 00:00:00,DLNG, 	(27-FEB-2025 11:02:08)
RATNAGI,245,C,3,14/06/2023 00:00:00,DLNG, 	(27-FEB-2025 11:02:08)
RATNAGI,245,C,4,14/06/2023 00:00:00,DLNG, 	(27-FEB-2025 11:02:08)
RATNAGI,245,C,4,14/06/2023 00:00:00,DLNG, 	(27-FEB-2025 11:02:08)
IDOINVA,247,C,3,01/05/2023 00:00:00,RLNG, 	(27-FEB-2025 11:02:08)
IDOINVA,247,C,3,01/05/2023 00:00:00,RLNG, 	(27-FEB-2025 11:02:08)
IDOINVA,247,C,2,30/04/2023 00:00:00,RLNG, 	(27-FEB-2025 11:02:08)
IDOINVA,247,C,2,30/04/2023 00:00:00,RLNG, 	(27-FEB-2025 11:02:08)
IDOINVA,247,C,5,01/05/2023 00:00:00,RLNG, 	(27-FEB-2025 11:02:08)
IDOINVA,247,C,5,01/05/2023 00:00:00,RLNG, 	(27-FEB-2025 11:02:08)
IDOINVA,247,C,6,01/05/2023 00:00:00,RLNG, 	(27-FEB-2025 11:02:08)
IDOINVA,247,C,6,01/05/2023 00:00:00,RLNG, 	(27-FEB-2025 11:02:08)
IDOINVA,247,C,4,01/05/2023 00:00:00,RLNG, 	(27-FEB-2025 11:02:08)
IDOINVA,247,C,4,01/05/2023 00:00:00,RLNG, 	(27-FEB-2025 11:02:08)
IDOINVA,247,C,1,30/04/2023 00:00:00,RLNG, 	(27-FEB-2025 11:02:08)
IDOINVA,247,C,1,30/04/2023 00:00:00,RLNG, 	(27-FEB-2025 11:02:08)
IDOINVA,247,C,3,01/05/2023 00:00:00,DLNG, 	(27-FEB-2025 11:02:08)
IDOINVA,247,C,3,01/05/2023 00:00:00,DLNG, 	(27-FEB-2025 11:02:08)
IDOINVA,247,C,2,30/04/2023 00:00:00,DLNG, 	(27-FEB-2025 11:02:08)
IDOINVA,247,C,2,30/04/2023 00:00:00,DLNG, 	(27-FEB-2025 11:02:08)
IDOINVA,247,C,5,01/05/2023 00:00:00,DLNG, 	(27-FEB-2025 11:02:08)
IDOINVA,247,C,5,01/05/2023 00:00:00,DLNG, 	(27-FEB-2025 11:02:08)
IDOINVA,247,C,6,01/05/2023 00:00:00,DLNG, 	(27-FEB-2025 11:02:08)
IDOINVA,247,C,6,01/05/2023 00:00:00,DLNG, 	(27-FEB-2025 11:02:08)
IDOINVA,247,C,4,01/05/2023 00:00:00,DLNG, 	(27-FEB-2025 11:02:08)
IDOINVA,247,C,4,01/05/2023 00:00:00,DLNG, 	(27-FEB-2025 11:02:08)
IDOINVA,247,C,1,30/04/2023 00:00:00,DLNG, 	(27-FEB-2025 11:02:08)
IDOINVA,247,C,1,30/04/2023 00:00:00,DLNG, 	(27-FEB-2025 11:02:08)
AGPCGIN,250,C,2,09/02/2023 00:00:00,RLNG, 	(27-FEB-2025 11:02:08)
AGPCGIN,250,C,2,09/02/2023 00:00:00,RLNG, 	(27-FEB-2025 11:02:08)
AGPCGIN,250,C,8,10/02/2023 00:00:00,RLNG, 	(27-FEB-2025 11:02:08)
AGPCGIN,250,C,8,10/02/2023 00:00:00,RLNG, 	(27-FEB-2025 11:02:08)
AGPCGIN,250,C,1,09/02/2023 00:00:00,RLNG, 	(27-FEB-2025 11:02:08)
AGPCGIN,250,C,1,09/02/2023 00:00:00,RLNG, 	(27-FEB-2025 11:02:08)
AGPCGIN,250,C,5,10/02/2023 00:00:00,RLNG, 	(27-FEB-2025 11:02:08)
AGPCGIN,250,C,5,10/02/2023 00:00:00,RLNG, 	(27-FEB-2025 11:02:08)
AGPCGIN,250,C,4,09/02/2023 00:00:00,RLNG, 	(27-FEB-2025 11:02:08)
AGPCGIN,250,C,4,09/02/2023 00:00:00,RLNG, 	(27-FEB-2025 11:02:08)
AGPCGIN,250,C,6,10/02/2023 00:00:00,RLNG, 	(27-FEB-2025 11:02:08)
AGPCGIN,250,C,6,10/02/2023 00:00:00,RLNG, 	(27-FEB-2025 11:02:08)
AGPCGIN,250,C,3,09/02/2023 00:00:00,RLNG, 	(27-FEB-2025 11:02:08)
AGPCGIN,250,C,3,09/02/2023 00:00:00,RLNG, 	(27-FEB-2025 11:02:08)
AGPCGIN,250,C,7,10/02/2023 00:00:00,RLNG, 	(27-FEB-2025 11:02:08)
AGPCGIN,250,C,7,10/02/2023 00:00:00,RLNG, 	(27-FEB-2025 11:02:08)
AGPCGIN,250,C,2,09/02/2023 00:00:00,DLNG, 	(27-FEB-2025 11:02:08)
AGPCGIN,250,C,2,09/02/2023 00:00:00,DLNG, 	(27-FEB-2025 11:02:08)
AGPCGIN,250,C,8,10/02/2023 00:00:00,DLNG, 	(27-FEB-2025 11:02:08)
AGPCGIN,250,C,8,10/02/2023 00:00:00,DLNG, 	(27-FEB-2025 11:02:08)
AGPCGIN,250,C,1,09/02/2023 00:00:00,DLNG, 	(27-FEB-2025 11:02:08)
AGPCGIN,250,C,1,09/02/2023 00:00:00,DLNG, 	(27-FEB-2025 11:02:08)
AGPCGIN,250,C,5,10/02/2023 00:00:00,DLNG, 	(27-FEB-2025 11:02:08)
AGPCGIN,250,C,5,10/02/2023 00:00:00,DLNG, 	(27-FEB-2025 11:02:08)
AGPCGIN,250,C,4,09/02/2023 00:00:00,DLNG, 	(27-FEB-2025 11:02:08)
AGPCGIN,250,C,4,09/02/2023 00:00:00,DLNG, 	(27-FEB-2025 11:02:08)
AGPCGIN,250,C,6,10/02/2023 00:00:00,DLNG, 	(27-FEB-2025 11:02:08)
AGPCGIN,250,C,6,10/02/2023 00:00:00,DLNG, 	(27-FEB-2025 11:02:08)
AGPCGIN,250,C,3,09/02/2023 00:00:00,DLNG, 	(27-FEB-2025 11:02:08)
AGPCGIN,250,C,3,09/02/2023 00:00:00,DLNG, 	(27-FEB-2025 11:02:08)
AGPCGIN,250,C,7,10/02/2023 00:00:00,DLNG, 	(27-FEB-2025 11:02:08)
AGPCGIN,250,C,7,10/02/2023 00:00:00,DLNG, 	(27-FEB-2025 11:02:08)
NESTLIN,251,C,1,22/03/2024 00:00:00,RLNG, 	(27-FEB-2025 11:02:08)
NESTLIN,251,C,1,22/03/2024 00:00:00,RLNG, 	(27-FEB-2025 11:02:08)
NESTLIN,251,C,1,22/03/2024 00:00:00,DLNG, 	(27-FEB-2025 11:02:08)
NESTLIN,251,C,1,22/03/2024 00:00:00,DLNG, 	(27-FEB-2025 11:02:08)
VISHPRI,253,C,1,14/03/2023 00:00:00,RLNG, 	(27-FEB-2025 11:02:08)
VISHPRI,253,C,1,14/03/2023 00:00:00,RLNG, 	(27-FEB-2025 11:02:08)
VISHPRI,253,C,4,14/03/2023 00:00:00,RLNG, 	(27-FEB-2025 11:02:08)
VISHPRI,253,C,4,14/03/2023 00:00:00,RLNG, 	(27-FEB-2025 11:02:08)
VISHPRI,253,C,5,14/03/2023 00:00:00,RLNG, 	(27-FEB-2025 11:02:08)
VISHPRI,253,C,5,14/03/2023 00:00:00,RLNG, 	(27-FEB-2025 11:02:08)
VISHPRI,253,C,2,14/03/2023 00:00:00,RLNG, 	(27-FEB-2025 11:02:08)
VISHPRI,253,C,2,14/03/2023 00:00:00,RLNG, 	(27-FEB-2025 11:02:08)
VISHPRI,253,C,6,14/03/2023 00:00:00,RLNG, 	(27-FEB-2025 11:02:08)
VISHPRI,253,C,6,14/03/2023 00:00:00,RLNG, 	(27-FEB-2025 11:02:08)
VISHPRI,253,C,3,14/03/2023 00:00:00,RLNG, 	(27-FEB-2025 11:02:08)
VISHPRI,253,C,3,14/03/2023 00:00:00,RLNG, 	(27-FEB-2025 11:02:08)
VISHPRI,253,C,1,14/03/2023 00:00:00,DLNG, 	(27-FEB-2025 11:02:08)
VISHPRI,253,C,1,14/03/2023 00:00:00,DLNG, 	(27-FEB-2025 11:02:08)
VISHPRI,253,C,4,14/03/2023 00:00:00,DLNG, 	(27-FEB-2025 11:02:08)
VISHPRI,253,C,4,14/03/2023 00:00:00,DLNG, 	(27-FEB-2025 11:02:08)
VISHPRI,253,C,5,14/03/2023 00:00:00,DLNG, 	(27-FEB-2025 11:02:08)
VISHPRI,253,C,5,14/03/2023 00:00:00,DLNG, 	(27-FEB-2025 11:02:08)
VISHPRI,253,C,2,14/03/2023 00:00:00,DLNG, 	(27-FEB-2025 11:02:08)
VISHPRI,253,C,2,14/03/2023 00:00:00,DLNG, 	(27-FEB-2025 11:02:08)
VISHPRI,253,C,6,14/03/2023 00:00:00,DLNG, 	(27-FEB-2025 11:02:08)
VISHPRI,253,C,6,14/03/2023 00:00:00,DLNG, 	(27-FEB-2025 11:02:08)
VISHPRI,253,C,3,14/03/2023 00:00:00,DLNG, 	(27-FEB-2025 11:02:08)
VISHPRI,253,C,3,14/03/2023 00:00:00,DLNG, 	(27-FEB-2025 11:02:08)
SOMANY,255,C,1,16/03/2023 00:00:00,RLNG, 	(27-FEB-2025 11:02:08)
SOMANY,255,C,1,16/03/2023 00:00:00,RLNG, 	(27-FEB-2025 11:02:08)
SOMANY,255,C,1,16/03/2023 00:00:00,DLNG, 	(27-FEB-2025 11:02:08)
SOMANY,255,C,1,16/03/2023 00:00:00,DLNG, 	(27-FEB-2025 11:02:08)
BHOGATD,256,C,1,14/07/2023 00:00:00,RLNG, 	(27-FEB-2025 11:02:08)
BHOGATD,256,C,1,14/07/2023 00:00:00,RLNG, 	(27-FEB-2025 11:02:08)
BHOGATD,256,C,2,18/07/2023 00:00:00,RLNG, 	(27-FEB-2025 11:02:08)
BHOGATD,256,C,2,18/07/2023 00:00:00,RLNG, 	(27-FEB-2025 11:02:08)
BHOGATD,256,C,1,14/07/2023 00:00:00,DLNG, 	(27-FEB-2025 11:02:08)
BHOGATD,256,C,1,14/07/2023 00:00:00,DLNG, 	(27-FEB-2025 11:02:08)
BHOGATD,256,C,2,18/07/2023 00:00:00,DLNG, 	(27-FEB-2025 11:02:08)
BHOGATD,256,C,2,18/07/2023 00:00:00,DLNG, 	(27-FEB-2025 11:02:08)
VIGASLD,258,C,4,06/01/2024 00:00:00,RLNG, 	(27-FEB-2025 11:02:08)
VIGASLD,258,C,4,06/01/2024 00:00:00,RLNG, 	(27-FEB-2025 11:02:08)
VIGASLD,258,C,1,07/07/2023 00:00:00,RLNG, 	(27-FEB-2025 11:02:08)
VIGASLD,258,C,1,07/07/2023 00:00:00,RLNG, 	(27-FEB-2025 11:02:08)
VIGASLD,258,C,2,07/07/2023 00:00:00,RLNG, 	(27-FEB-2025 11:02:08)
VIGASLD,258,C,2,07/07/2023 00:00:00,RLNG, 	(27-FEB-2025 11:02:08)
VIGASLD,258,C,3,15/07/2023 00:00:00,RLNG, 	(27-FEB-2025 11:02:08)
VIGASLD,258,C,3,15/07/2023 00:00:00,RLNG, 	(27-FEB-2025 11:02:08)
VIGASLD,258,C,4,06/01/2024 00:00:00,DLNG, 	(27-FEB-2025 11:02:08)
VIGASLD,258,C,4,06/01/2024 00:00:00,DLNG, 	(27-FEB-2025 11:02:08)
VIGASLD,258,C,1,07/07/2023 00:00:00,DLNG, 	(27-FEB-2025 11:02:08)
VIGASLD,258,C,1,07/07/2023 00:00:00,DLNG, 	(27-FEB-2025 11:02:08)
VIGASLD,258,C,2,07/07/2023 00:00:00,DLNG, 	(27-FEB-2025 11:02:08)
VIGASLD,258,C,2,07/07/2023 00:00:00,DLNG, 	(27-FEB-2025 11:02:08)
VIGASLD,258,C,3,15/07/2023 00:00:00,DLNG, 	(27-FEB-2025 11:02:08)
VIGASLD,258,C,3,15/07/2023 00:00:00,DLNG, 	(27-FEB-2025 11:02:08)
GOLDPFG,259,C,1,22/04/2023 00:00:00,RLNG, 	(27-FEB-2025 11:02:08)
GOLDPFG,259,C,1,22/04/2023 00:00:00,RLNG, 	(27-FEB-2025 11:02:08)
GOLDPFG,259,C,1,22/04/2023 00:00:00,DLNG, 	(27-FEB-2025 11:02:08)
GOLDPFG,259,C,1,22/04/2023 00:00:00,DLNG, 	(27-FEB-2025 11:02:08)
GAILGAS,265,C,3,28/02/2024 00:00:00,RLNG, 	(27-FEB-2025 11:02:08)
GAILGAS,265,C,3,28/02/2024 00:00:00,RLNG, 	(27-FEB-2025 11:02:08)
GAILGAS,265,C,5,01/03/2024 00:00:00,RLNG, 	(27-FEB-2025 11:02:08)
GAILGAS,265,C,5,01/03/2024 00:00:00,RLNG, 	(27-FEB-2025 11:02:08)
GAILGAS,265,C,2,01/06/2023 00:00:00,RLNG, 	(27-FEB-2025 11:02:08)
GAILGAS,265,C,2,01/06/2023 00:00:00,RLNG, 	(27-FEB-2025 11:02:08)
GAILGAS,265,C,1,01/06/2023 00:00:00,RLNG, 	(27-FEB-2025 11:02:08)
GAILGAS,265,C,1,01/06/2023 00:00:00,RLNG, 	(27-FEB-2025 11:02:08)
GAILGAS,265,C,4,01/03/2024 00:00:00,RLNG, 	(27-FEB-2025 11:02:08)
GAILGAS,265,C,4,01/03/2024 00:00:00,RLNG, 	(27-FEB-2025 11:02:08)
GAILGAS,265,C,3,28/02/2024 00:00:00,DLNG, 	(27-FEB-2025 11:02:08)
GAILGAS,265,C,3,28/02/2024 00:00:00,DLNG, 	(27-FEB-2025 11:02:08)
GAILGAS,265,C,5,01/03/2024 00:00:00,DLNG, 	(27-FEB-2025 11:02:08)
GAILGAS,265,C,5,01/03/2024 00:00:00,DLNG, 	(27-FEB-2025 11:02:08)
GAILGAS,265,C,2,01/06/2023 00:00:00,DLNG, 	(27-FEB-2025 11:02:08)
GAILGAS,265,C,2,01/06/2023 00:00:00,DLNG, 	(27-FEB-2025 11:02:08)
GAILGAS,265,C,1,01/06/2023 00:00:00,DLNG, 	(27-FEB-2025 11:02:08)
GAILGAS,265,C,1,01/06/2023 00:00:00,DLNG, 	(27-FEB-2025 11:02:08)
GAILGAS,265,C,4,01/03/2024 00:00:00,DLNG, 	(27-FEB-2025 11:02:08)
GAILGAS,265,C,4,01/03/2024 00:00:00,DLNG, 	(27-FEB-2025 11:02:08)
KUTCHCL,267,C,2,15/03/2024 00:00:00,RLNG, 	(27-FEB-2025 11:02:08)
KUTCHCL,267,C,2,15/03/2024 00:00:00,RLNG, 	(27-FEB-2025 11:02:08)
KUTCHCL,267,C,4,23/01/2025 00:00:00,RLNG, 	(27-FEB-2025 11:02:08)
KUTCHCL,267,C,4,23/01/2025 00:00:00,RLNG, 	(27-FEB-2025 11:02:08)
KUTCHCL,267,C,1,15/03/2024 00:00:00,RLNG, 	(27-FEB-2025 11:02:08)
KUTCHCL,267,C,1,15/03/2024 00:00:00,RLNG, 	(27-FEB-2025 11:02:08)
KUTCHCL,267,C,3,22/03/2024 00:00:00,RLNG, 	(27-FEB-2025 11:02:08)
KUTCHCL,267,C,3,22/03/2024 00:00:00,RLNG, 	(27-FEB-2025 11:02:08)
KUTCHCL,267,C,5,23/01/2025 00:00:00,RLNG, 	(27-FEB-2025 11:02:08)
KUTCHCL,267,C,5,23/01/2025 00:00:00,RLNG, 	(27-FEB-2025 11:02:08)
KUTCHCL,267,C,2,15/03/2024 00:00:00,DLNG, 	(27-FEB-2025 11:02:08)
KUTCHCL,267,C,2,15/03/2024 00:00:00,DLNG, 	(27-FEB-2025 11:02:08)
KUTCHCL,267,C,4,23/01/2025 00:00:00,DLNG, 	(27-FEB-2025 11:02:08)
KUTCHCL,267,C,4,23/01/2025 00:00:00,DLNG, 	(27-FEB-2025 11:02:08)
KUTCHCL,267,C,1,15/03/2024 00:00:00,DLNG, 	(27-FEB-2025 11:02:08)
KUTCHCL,267,C,1,15/03/2024 00:00:00,DLNG, 	(27-FEB-2025 11:02:08)
KUTCHCL,267,C,3,22/03/2024 00:00:00,DLNG, 	(27-FEB-2025 11:02:08)
KUTCHCL,267,C,3,22/03/2024 00:00:00,DLNG, 	(27-FEB-2025 11:02:08)
KUTCHCL,267,C,5,23/01/2025 00:00:00,DLNG, 	(27-FEB-2025 11:02:08)
KUTCHCL,267,C,5,23/01/2025 00:00:00,DLNG, 	(27-FEB-2025 11:02:08)
SANENER,273,C,1,21/09/2023 00:00:00,RLNG, 	(27-FEB-2025 11:02:08)
SANENER,273,C,1,21/09/2023 00:00:00,RLNG, 	(27-FEB-2025 11:02:08)
SANENER,273,C,2,19/01/2024 00:00:00,RLNG, 	(27-FEB-2025 11:02:08)
SANENER,273,C,2,19/01/2024 00:00:00,RLNG, 	(27-FEB-2025 11:02:08)
SANENER,273,C,1,21/09/2023 00:00:00,DLNG, 	(27-FEB-2025 11:02:08)
SANENER,273,C,1,21/09/2023 00:00:00,DLNG, 	(27-FEB-2025 11:02:08)
SANENER,273,C,2,19/01/2024 00:00:00,DLNG, 	(27-FEB-2025 11:02:08)
SANENER,273,C,2,19/01/2024 00:00:00,DLNG, 	(27-FEB-2025 11:02:08)
SUMGLAS,274,C,1,01/10/2023 00:00:00,RLNG, 	(27-FEB-2025 11:02:08)
SUMGLAS,274,C,1,01/10/2023 00:00:00,RLNG, 	(27-FEB-2025 11:02:08)
SUMGLAS,274,C,2,01/10/2023 00:00:00,RLNG, 	(27-FEB-2025 11:02:08)
SUMGLAS,274,C,2,01/10/2023 00:00:00,RLNG, 	(27-FEB-2025 11:02:08)
SUMGLAS,274,C,3,01/10/2023 00:00:00,RLNG, 	(27-FEB-2025 11:02:08)
SUMGLAS,274,C,3,01/10/2023 00:00:00,RLNG, 	(27-FEB-2025 11:02:08)
SUMGLAS,274,C,1,01/10/2023 00:00:00,DLNG, 	(27-FEB-2025 11:02:08)
SUMGLAS,274,C,1,01/10/2023 00:00:00,DLNG, 	(27-FEB-2025 11:02:08)
SUMGLAS,274,C,2,01/10/2023 00:00:00,DLNG, 	(27-FEB-2025 11:02:08)
SUMGLAS,274,C,2,01/10/2023 00:00:00,DLNG, 	(27-FEB-2025 11:02:08)
SUMGLAS,274,C,3,01/10/2023 00:00:00,DLNG, 	(27-FEB-2025 11:02:08)
SUMGLAS,274,C,3,01/10/2023 00:00:00,DLNG, 	(27-FEB-2025 11:02:08)
SVTPLIN,275,C,1,01/10/2023 00:00:00,RLNG, 	(27-FEB-2025 11:02:08)
SVTPLIN,275,C,1,01/10/2023 00:00:00,RLNG, 	(27-FEB-2025 11:02:08)
SVTPLIN,275,C,1,01/10/2023 00:00:00,DLNG, 	(27-FEB-2025 11:02:08)
SVTPLIN,275,C,1,01/10/2023 00:00:00,DLNG, 	(27-FEB-2025 11:02:08)
AVGL,282,C,1,20/12/2023 00:00:00,RLNG, 	(27-FEB-2025 11:02:08)
AVGL,282,C,1,20/12/2023 00:00:00,RLNG, 	(27-FEB-2025 11:02:08)
AVGL,282,C,1,20/12/2023 00:00:00,DLNG, 	(27-FEB-2025 11:02:08)
AVGL,282,C,1,20/12/2023 00:00:00,DLNG, 	(27-FEB-2025 11:02:08)
NGPL,284,C,1,20/01/2024 00:00:00,RLNG, 	(27-FEB-2025 11:02:08)
NGPL,284,C,1,20/01/2024 00:00:00,RLNG, 	(27-FEB-2025 11:02:08)
NGPL,284,C,1,20/01/2024 00:00:00,DLNG, 	(27-FEB-2025 11:02:08)
NGPL,284,C,1,20/01/2024 00:00:00,DLNG, 	(27-FEB-2025 11:02:08)
ROCKIND,287,C,1,07/03/2024 00:00:00,RLNG, 	(27-FEB-2025 11:02:08)
ROCKIND,287,C,1,07/03/2024 00:00:00,RLNG, 	(27-FEB-2025 11:02:08)
ROCKIND,287,C,1,07/03/2024 00:00:00,RLNG, 	(27-FEB-2025 11:02:08)
ROCKIND,287,C,1,07/03/2024 00:00:00,RLNG, 	(27-FEB-2025 11:02:08)
ROCKIND,287,C,1,07/03/2024 00:00:00,RLNG, 	(27-FEB-2025 11:02:08)
ROCKIND,287,C,1,07/03/2024 00:00:00,RLNG, 	(27-FEB-2025 11:02:08)
ROCKIND,287,C,1,07/03/2024 00:00:00,DLNG, 	(27-FEB-2025 11:02:08)
ROCKIND,287,C,1,07/03/2024 00:00:00,DLNG, 	(27-FEB-2025 11:02:08)
ROCKIND,287,C,1,07/03/2024 00:00:00,DLNG, 	(27-FEB-2025 11:02:08)
ROCKIND,287,C,1,07/03/2024 00:00:00,DLNG, 	(27-FEB-2025 11:02:08)
ROCKIND,287,C,1,07/03/2024 00:00:00,DLNG, 	(27-FEB-2025 11:02:08)
ROCKIND,287,C,1,07/03/2024 00:00:00,DLNG, 	(27-FEB-2025 11:02:08)
LANCOKO,290,C,2,05/04/2024 00:00:00,RLNG, 	(27-FEB-2025 11:02:08)
LANCOKO,290,C,2,05/04/2024 00:00:00,RLNG, 	(27-FEB-2025 11:02:08)
LANCOKO,290,C,3,05/04/2024 00:00:00,RLNG, 	(27-FEB-2025 11:02:08)
LANCOKO,290,C,3,05/04/2024 00:00:00,RLNG, 	(27-FEB-2025 11:02:08)
LANCOKO,290,C,1,05/04/2024 00:00:00,RLNG, 	(27-FEB-2025 11:02:08)
LANCOKO,290,C,1,05/04/2024 00:00:00,RLNG, 	(27-FEB-2025 11:02:08)
LANCOKO,290,C,2,05/04/2024 00:00:00,DLNG, 	(27-FEB-2025 11:02:08)
LANCOKO,290,C,2,05/04/2024 00:00:00,DLNG, 	(27-FEB-2025 11:02:08)
LANCOKO,290,C,3,05/04/2024 00:00:00,DLNG, 	(27-FEB-2025 11:02:08)
LANCOKO,290,C,3,05/04/2024 00:00:00,DLNG, 	(27-FEB-2025 11:02:08)
LANCOKO,290,C,1,05/04/2024 00:00:00,DLNG, 	(27-FEB-2025 11:02:08)
LANCOKO,290,C,1,05/04/2024 00:00:00,DLNG, 	(27-FEB-2025 11:02:08)
CRMNDEL,291,C,1,01/07/2024 00:00:00,RLNG, 	(27-FEB-2025 11:02:08)
CRMNDEL,291,C,1,01/07/2024 00:00:00,RLNG, 	(27-FEB-2025 11:02:08)
CRMNDEL,291,C,1,01/07/2024 00:00:00,RLNG, 	(27-FEB-2025 11:02:08)
CRMNDEL,291,C,1,01/07/2024 00:00:00,RLNG, 	(27-FEB-2025 11:02:08)
CRMNDEL,291,C,2,01/07/2024 00:00:00,RLNG, 	(27-FEB-2025 11:02:08)
CRMNDEL,291,C,2,01/07/2024 00:00:00,RLNG, 	(27-FEB-2025 11:02:08)
CRMNDEL,291,C,1,01/07/2024 00:00:00,RLNG, 	(27-FEB-2025 11:02:08)
CRMNDEL,291,C,1,01/07/2024 00:00:00,RLNG, 	(27-FEB-2025 11:02:08)
CRMNDEL,291,C,1,01/07/2024 00:00:00,DLNG, 	(27-FEB-2025 11:02:08)
CRMNDEL,291,C,1,01/07/2024 00:00:00,DLNG, 	(27-FEB-2025 11:02:08)
CRMNDEL,291,C,1,01/07/2024 00:00:00,DLNG, 	(27-FEB-2025 11:02:08)
CRMNDEL,291,C,1,01/07/2024 00:00:00,DLNG, 	(27-FEB-2025 11:02:08)
CRMNDEL,291,C,2,01/07/2024 00:00:00,DLNG, 	(27-FEB-2025 11:02:08)
CRMNDEL,291,C,2,01/07/2024 00:00:00,DLNG, 	(27-FEB-2025 11:02:08)
CRMNDEL,291,C,1,01/07/2024 00:00:00,DLNG, 	(27-FEB-2025 11:02:08)
CRMNDEL,291,C,1,01/07/2024 00:00:00,DLNG, 	(27-FEB-2025 11:02:08)
GSINLIM,298,R,1,13/01/2025 00:00:00,RLNG, 	(27-FEB-2025 11:02:08)
GSINLIM,298,R,2,13/01/2025 00:00:00,RLNG, 	(27-FEB-2025 11:02:08)
GSINLIM,298,R,3,16/01/2025 00:00:00,RLNG, 	(27-FEB-2025 11:02:08)
GSINLIM,298,R,1,13/01/2025 00:00:00,DLNG, 	(27-FEB-2025 11:02:08)
GSINLIM,298,R,2,13/01/2025 00:00:00,DLNG, 	(27-FEB-2025 11:02:08)
GSINLIM,298,R,3,16/01/2025 00:00:00,DLNG, 	(27-FEB-2025 11:02:08)
JMB,1,H,1,01/04/2006 00:00:00,RLNG, 	(27-FEB-2025 11:02:08)
SLPL,3,H,1,21/01/2016 00:00:00,RLNG, 	(27-FEB-2025 11:02:08)
SLPL,4,H,1,21/01/2016 00:00:00,RLNG, 	(27-FEB-2025 11:02:08)
JBB,1,V,1,01/04/2007 00:00:00,RLNG, 	(27-FEB-2025 11:02:08)
SGSINDIA,1,S,1,01/04/2007 00:00:00,RLNG, 	(27-FEB-2025 11:02:08)
SSAPL,3,S,1,01/04/2013 00:00:00,RLNG, 	(27-FEB-2025 11:02:08)
SEIPL,94,B,1,01/01/2005 00:00:00,RLNG, 	(27-FEB-2025 11:02:08)
SEIPL,94,B,1,01/01/2005 00:00:00,RLNG, 	(27-FEB-2025 11:02:08)
SEIPL,94,B,1,01/03/2017 00:00:00,RLNG, 	(27-FEB-2025 11:02:08)
SEIPL,94,B,1,01/03/2017 00:00:00,RLNG, 	(27-FEB-2025 11:02:08)
SEIPL,94,B,4,14/10/2019 00:00:00,RLNG, 	(27-FEB-2025 11:02:08)
SEIPL,94,B,4,14/10/2019 00:00:00,RLNG, 	(27-FEB-2025 11:02:08)
SEIPL,94,B,6,31/01/2017 00:00:00,RLNG, 	(27-FEB-2025 11:02:08)
SEIPL,94,B,6,31/01/2017 00:00:00,RLNG, 	(27-FEB-2025 11:02:08)
SEIPL,94,B,7,01/02/2019 00:00:00,RLNG, 	(27-FEB-2025 11:02:08)
SEIPL,94,B,7,01/02/2019 00:00:00,RLNG, 	(27-FEB-2025 11:02:08)
SEIPL,94,B,8,01/01/2020 00:00:00,RLNG, 	(27-FEB-2025 11:02:08)
SEIPL,94,B,8,01/01/2020 00:00:00,RLNG, 	(27-FEB-2025 11:02:08)
SEIPL,94,B,9,01/01/2020 00:00:00,RLNG, 	(27-FEB-2025 11:02:08)
SEIPL,94,B,9,01/01/2020 00:00:00,RLNG, 	(27-FEB-2025 11:02:08)
SEIPL,94,B,10,01/01/2020 00:00:00,RLNG, 	(27-FEB-2025 11:02:08)
SEIPL,94,B,10,01/01/2020 00:00:00,RLNG, 	(27-FEB-2025 11:02:08)
SEIPL,94,B,11,01/01/2020 00:00:00,RLNG, 	(27-FEB-2025 11:02:08)
SEIPL,94,B,11,01/01/2020 00:00:00,RLNG, 	(27-FEB-2025 11:02:08)
SEIPL,94,B,12,01/01/2020 00:00:00,RLNG, 	(27-FEB-2025 11:02:08)
SEIPL,94,B,12,01/01/2020 00:00:00,RLNG, 	(27-FEB-2025 11:02:08)
SEIPL,94,B,13,08/02/2006 00:00:00,RLNG, 	(27-FEB-2025 11:02:08)
SEIPL,94,B,13,08/02/2006 00:00:00,RLNG, 	(27-FEB-2025 11:02:08)
SEIPL,94,B,1,01/01/2005 00:00:00,DLNG, 	(27-FEB-2025 11:02:08)
SEIPL,94,B,1,01/01/2005 00:00:00,DLNG, 	(27-FEB-2025 11:02:08)
SEIPL,94,B,1,01/03/2017 00:00:00,DLNG, 	(27-FEB-2025 11:02:08)
SEIPL,94,B,1,01/03/2017 00:00:00,DLNG, 	(27-FEB-2025 11:02:08)
SEIPL,94,B,4,14/10/2019 00:00:00,DLNG, 	(27-FEB-2025 11:02:08)
SEIPL,94,B,4,14/10/2019 00:00:00,DLNG, 	(27-FEB-2025 11:02:08)
SEIPL,94,B,6,31/01/2017 00:00:00,DLNG, 	(27-FEB-2025 11:02:08)
SEIPL,94,B,6,31/01/2017 00:00:00,DLNG, 	(27-FEB-2025 11:02:08)
SEIPL,94,B,7,01/02/2019 00:00:00,DLNG, 	(27-FEB-2025 11:02:08)
SEIPL,94,B,7,01/02/2019 00:00:00,DLNG, 	(27-FEB-2025 11:02:08)
SEIPL,94,B,8,01/01/2020 00:00:00,DLNG, 	(27-FEB-2025 11:02:08)
SEIPL,94,B,8,01/01/2020 00:00:00,DLNG, 	(27-FEB-2025 11:02:08)
SEIPL,94,B,9,01/01/2020 00:00:00,DLNG, 	(27-FEB-2025 11:02:08)
SEIPL,94,B,9,01/01/2020 00:00:00,DLNG, 	(27-FEB-2025 11:02:08)
SEIPL,94,B,10,01/01/2020 00:00:00,DLNG, 	(27-FEB-2025 11:02:08)
SEIPL,94,B,10,01/01/2020 00:00:00,DLNG, 	(27-FEB-2025 11:02:08)
SEIPL,94,B,11,01/01/2020 00:00:00,DLNG, 	(27-FEB-2025 11:02:08)
SEIPL,94,B,11,01/01/2020 00:00:00,DLNG, 	(27-FEB-2025 11:02:08)
SEIPL,94,B,12,01/01/2020 00:00:00,DLNG, 	(27-FEB-2025 11:02:08)
SEIPL,94,B,12,01/01/2020 00:00:00,DLNG, 	(27-FEB-2025 11:02:08)
SEIPL,94,B,13,08/02/2006 00:00:00,DLNG, 	(27-FEB-2025 11:02:08)
SEIPL,94,B,13,08/02/2006 00:00:00,DLNG, 	(27-FEB-2025 11:02:08)

TOTAL DATA EXTRACTED :,3832,,,, 	(27-FEB-2025 11:02:10)
 
<<END>>,<<FMS_ENTITY_CONTACT_MST>>,,,, 	(27-FEB-2025 11:02:10)
 