

<<START>>,<<FMS_INVOICE_DTL>>,, 	(30-MAY-2025 15:47:46)
 
COMPANY_CD,COUNTERPARTY_CD,AGMT_NO,AGMT_REV,CONT_NO,CONT_REV,CONTRACT_TYPE,PLANT_SEQ_NO,TIMESTAMP,
2,1 , 2,1,32,0,S, 	(30-MAY-2025 15:47:46)
2,1 , 2,1,32,0,S, 	(30-MAY-2025 15:47:46)
2,1 , 2,1,32,0,S, 	(30-MAY-2025 15:47:46)
2,1 , 2,1,32,0,S, 	(30-MAY-2025 15:47:46)
2,1 , 2,1,32,0,S, 	(30-MAY-2025 15:47:46)
2,1 , 2,1,32,0,S, 	(30-MAY-2025 15:47:46)
2,1 , 2,1,32,0,S, 	(30-MAY-2025 15:47:46)
2,1 , 2,1,32,0,S, 	(30-MAY-2025 15:47:46)
2,1 , 2,0,27,1,S, 	(30-MAY-2025 15:47:46)
2,1 , 2,0,27,1,S, 	(30-MAY-2025 15:47:46)
2,1 , 2,0,27,1,S, 	(30-MAY-2025 15:47:46)
2,1 , 2,0,27,1,S, 	(30-MAY-2025 15:47:46)
2,1 , 2,0,27,1,S, 	(30-MAY-2025 15:47:46)
2,1 , 2,0,27,1,S, 	(30-MAY-2025 15:47:46)
2,1 , 2,0,27,1,S, 	(30-MAY-2025 15:47:46)
2,1 , 2,0,27,1,S, 	(30-MAY-2025 15:47:46)
2,1 , 2,0,27,1,S, 	(30-MAY-2025 15:47:46)
2,1 , 2,0,27,1,S, 	(30-MAY-2025 15:47:46)
2,1 , 2,0,27,1,S, 	(30-MAY-2025 15:47:46)
2,1 , 2,0,27,1,S, 	(30-MAY-2025 15:47:46)
2,1 , 2,0,27,1,S, 	(30-MAY-2025 15:47:46)
2,1 , 2,0,27,1,S, 	(30-MAY-2025 15:47:46)
2,1 , 2,0,27,1,S, 	(30-MAY-2025 15:47:46)
2,1 , 2,0,27,1,S, 	(30-MAY-2025 15:47:46)
2,1 , 2,0,27,1,S, 	(30-MAY-2025 15:47:46)
2,1 , 2,0,27,1,S, 	(30-MAY-2025 15:47:46)
2,1 , 2,0,27,1,S, 	(30-MAY-2025 15:47:46)
2,1 , 2,0,27,1,S, 	(30-MAY-2025 15:47:46)
2,1 , 2,0,27,1,S, 	(30-MAY-2025 15:47:46)
2,1 , 2,0,27,1,S, 	(30-MAY-2025 15:47:46)
2,1 , 2,0,27,1,S, 	(30-MAY-2025 15:47:46)
2,1 , 2,0,27,1,S, 	(30-MAY-2025 15:47:46)
2,1 , 2,0,27,1,S, 	(30-MAY-2025 15:47:46)
2,1 , 2,0,27,1,S, 	(30-MAY-2025 15:47:46)
2,1 , 2,0,27,1,S, 	(30-MAY-2025 15:47:46)
2,1 , 2,0,27,1,S, 	(30-MAY-2025 15:47:46)
2,1 , 2,0,27,1,S, 	(30-MAY-2025 15:47:46)
2,1 , 2,0,27,1,S, 	(30-MAY-2025 15:47:46)
2,1 , 2,0,27,1,S, 	(30-MAY-2025 15:47:46)
2,1 , 2,0,27,1,S, 	(30-MAY-2025 15:47:46)
2,1 , 2,0,27,1,S, 	(30-MAY-2025 15:47:46)
2,1 , 2,0,27,1,S, 	(30-MAY-2025 15:47:46)
2,1 , 2,0,27,1,S, 	(30-MAY-2025 15:47:46)
2,1 , 2,0,27,1,S, 	(30-MAY-2025 15:47:46)
2,1 , 2,0,27,1,S, 	(30-MAY-2025 15:47:46)
2,1 , 2,0,27,1,S, 	(30-MAY-2025 15:47:46)
2,1 , 2,0,27,1,S, 	(30-MAY-2025 15:47:46)
2,1 , 2,0,27,1,S, 	(30-MAY-2025 15:47:46)
2,1 , 2,0,27,1,S, 	(30-MAY-2025 15:47:46)
2,1 , 2,0,27,1,S, 	(30-MAY-2025 15:47:46)
2,1 , 2,0,27,1,S, 	(30-MAY-2025 15:47:46)
2,1 , 2,0,27,1,S, 	(30-MAY-2025 15:47:46)
2,1 , 2,0,27,1,S, 	(30-MAY-2025 15:47:46)
2,1 , 2,0,27,1,S, 	(30-MAY-2025 15:47:46)
2,1 , 2,0,27,1,S, 	(30-MAY-2025 15:47:46)
2,1 , 2,0,27,1,S, 	(30-MAY-2025 15:47:46)
2,1 , 2,0,27,1,S, 	(30-MAY-2025 15:47:46)
2,1 , 2,0,27,1,S, 	(30-MAY-2025 15:47:46)
2,1 , 2,0,27,1,S, 	(30-MAY-2025 15:47:46)
2,1 , 2,0,27,1,S, 	(30-MAY-2025 15:47:46)
2,1 , 2,0,27,1,S, 	(30-MAY-2025 15:47:46)
2,1 , 2,0,27,1,S, 	(30-MAY-2025 15:47:46)
2,1 , 2,0,27,1,S, 	(30-MAY-2025 15:47:46)
2,1 , 2,0,27,1,S, 	(30-MAY-2025 15:47:46)
2,1 , 2,0,27,1,S, 	(30-MAY-2025 15:47:46)
2,1 , 2,0,27,1,S, 	(30-MAY-2025 15:47:46)
2,1 , 2,0,27,1,S, 	(30-MAY-2025 15:47:46)
2,1 , 2,0,27,1,S, 	(30-MAY-2025 15:47:46)
2,1 , 2,0,27,1,S, 	(30-MAY-2025 15:47:46)
2,1 , 2,0,27,1,S, 	(30-MAY-2025 15:47:46)
2,1 , 2,0,27,1,S, 	(30-MAY-2025 15:47:46)
2,1 , 2,0,27,1,S, 	(30-MAY-2025 15:47:46)
2,1 , 2,0,27,1,S, 	(30-MAY-2025 15:47:46)
2,1 , 2,0,27,1,S, 	(30-MAY-2025 15:47:46)
2,1 , 2,0,27,1,S, 	(30-MAY-2025 15:47:46)
2,1 , 2,0,27,1,S, 	(30-MAY-2025 15:47:46)
2,1 , 2,0,27,1,S, 	(30-MAY-2025 15:47:46)
2,1 , 2,0,27,1,S, 	(30-MAY-2025 15:47:46)
2,1 , 2,0,28,1,S, 	(30-MAY-2025 15:47:46)
2,1 , 2,0,28,1,S, 	(30-MAY-2025 15:47:46)
2,1 , 2,0,28,1,S, 	(30-MAY-2025 15:47:46)
2,1 , 2,0,28,1,S, 	(30-MAY-2025 15:47:46)
2,1 , 2,0,28,1,S, 	(30-MAY-2025 15:47:46)
2,1 , 2,0,28,1,S, 	(30-MAY-2025 15:47:46)
2,1 , 2,0,28,1,S, 	(30-MAY-2025 15:47:46)
2,1 , 2,0,28,1,S, 	(30-MAY-2025 15:47:46)
2,1 , 2,0,28,1,S, 	(30-MAY-2025 15:47:46)
2,1 , 2,0,28,1,S, 	(30-MAY-2025 15:47:46)
2,1 , 2,0,28,1,S, 	(30-MAY-2025 15:47:46)
2,1 , 2,0,28,1,S, 	(30-MAY-2025 15:47:46)
2,1 , 2,0,28,1,S, 	(30-MAY-2025 15:47:46)
2,1 , 2,0,28,1,S, 	(30-MAY-2025 15:47:46)
2,1 , 2,0,28,1,S, 	(30-MAY-2025 15:47:46)
2,1 , 2,0,28,1,S, 	(30-MAY-2025 15:47:46)
2,1 , 2,0,28,1,S, 	(30-MAY-2025 15:47:46)
2,1 , 2,0,28,1,S, 	(30-MAY-2025 15:47:46)
2,1 , 2,0,28,1,S, 	(30-MAY-2025 15:47:46)
2,1 , 2,0,28,1,S, 	(30-MAY-2025 15:47:46)
2,1 , 2,0,28,1,S, 	(30-MAY-2025 15:47:46)
2,1 , 2,0,28,1,S, 	(30-MAY-2025 15:47:46)
2,1 , 2,0,28,1,S, 	(30-MAY-2025 15:47:46)
2,1 , 2,0,28,1,S, 	(30-MAY-2025 15:47:46)
2,1 , 2,0,28,1,S, 	(30-MAY-2025 15:47:46)
2,1 , 2,0,28,1,S, 	(30-MAY-2025 15:47:46)
2,1 , 2,0,28,1,S, 	(30-MAY-2025 15:47:46)
2,1 , 2,0,28,1,S, 	(30-MAY-2025 15:47:46)
2,1 , 2,0,28,1,S, 	(30-MAY-2025 15:47:46)
2,1 , 2,0,28,1,S, 	(30-MAY-2025 15:47:46)
2,1 , 2,0,28,1,S, 	(30-MAY-2025 15:47:46)
2,1 , 2,0,28,1,S, 	(30-MAY-2025 15:47:46)
2,1 , 2,0,28,1,S, 	(30-MAY-2025 15:47:46)
2,1 , 2,0,28,1,S, 	(30-MAY-2025 15:47:46)
2,1 , 2,0,28,1,S, 	(30-MAY-2025 15:47:46)
2,1 , 2,0,28,1,S, 	(30-MAY-2025 15:47:46)
2,1 , 2,0,28,1,S, 	(30-MAY-2025 15:47:46)
2,1 , 2,0,28,1,S, 	(30-MAY-2025 15:47:46)
2,1 , 2,0,28,1,S, 	(30-MAY-2025 15:47:46)
2,1 , 2,0,28,1,S, 	(30-MAY-2025 15:47:46)
2,1 , 2,0,28,1,S, 	(30-MAY-2025 15:47:46)
2,1 , 2,0,28,1,S, 	(30-MAY-2025 15:47:46)
2,1 , 2,0,28,1,S, 	(30-MAY-2025 15:47:46)
2,1 , 2,0,28,1,S, 	(30-MAY-2025 15:47:46)
2,1 , 2,0,28,1,S, 	(30-MAY-2025 15:47:46)
2,1 , 2,0,28,1,S, 	(30-MAY-2025 15:47:46)
2,1 , 2,0,28,1,S, 	(30-MAY-2025 15:47:46)
2,1 , 2,0,28,1,S, 	(30-MAY-2025 15:47:46)
2,1 , 2,0,28,1,S, 	(30-MAY-2025 15:47:46)
2,1 , 2,0,28,1,S, 	(30-MAY-2025 15:47:46)
2,1 , 2,0,28,1,S, 	(30-MAY-2025 15:47:46)
2,1 , 2,0,28,1,S, 	(30-MAY-2025 15:47:46)
2,1 , 2,0,28,1,S, 	(30-MAY-2025 15:47:46)
2,1 , 2,0,28,1,S, 	(30-MAY-2025 15:47:46)
2,1 , 2,0,28,1,S, 	(30-MAY-2025 15:47:46)
2,1 , 2,0,28,1,S, 	(30-MAY-2025 15:47:46)
2,1 , 2,0,28,1,S, 	(30-MAY-2025 15:47:46)
2,1 , 2,0,28,1,S, 	(30-MAY-2025 15:47:46)
2,1 , 2,0,28,1,S, 	(30-MAY-2025 15:47:46)
2,1 , 2,0,28,1,S, 	(30-MAY-2025 15:47:46)
2,1 , 2,0,28,1,S, 	(30-MAY-2025 15:47:46)
2,1 , 2,0,28,1,S, 	(30-MAY-2025 15:47:46)
2,1 , 2,0,28,1,S, 	(30-MAY-2025 15:47:46)
2,1 , 2,0,28,1,S, 	(30-MAY-2025 15:47:46)
2,1 , 2,0,28,1,S, 	(30-MAY-2025 15:47:46)
2,1 , 2,0,28,1,S, 	(30-MAY-2025 15:47:46)
2,1 , 2,0,28,1,S, 	(30-MAY-2025 15:47:46)
2,1 , 2,0,28,1,S, 	(30-MAY-2025 15:47:46)
2,1 , 2,0,28,1,S, 	(30-MAY-2025 15:47:46)
2,1 , 2,1,44,0,S, 	(30-MAY-2025 15:47:46)
2,1 , 2,1,44,0,S, 	(30-MAY-2025 15:47:46)
2,1 , 2,1,44,0,S, 	(30-MAY-2025 15:47:46)
2,1 , 2,1,44,0,S, 	(30-MAY-2025 15:47:46)
2,1 , 2,1,44,0,S, 	(30-MAY-2025 15:47:46)
2,1 , 2,1,44,0,S, 	(30-MAY-2025 15:47:46)
2,1 , 2,1,44,0,S, 	(30-MAY-2025 15:47:46)
2,1 , 2,1,44,0,S, 	(30-MAY-2025 15:47:46)
2,1 , 2,1,44,0,S, 	(30-MAY-2025 15:47:46)
2,1 , 2,1,44,0,S, 	(30-MAY-2025 15:47:46)
2,1 , 2,1,44,0,S, 	(30-MAY-2025 15:47:46)
2,1 , 2,1,39,0,S, 	(30-MAY-2025 15:47:46)
2,1 , 2,1,39,0,S, 	(30-MAY-2025 15:47:46)
2,1 , 2,1,39,0,S, 	(30-MAY-2025 15:47:46)
2,1 , 2,1,39,0,S, 	(30-MAY-2025 15:47:46)
2,1 , 2,1,39,0,S, 	(30-MAY-2025 15:47:46)
2,1 , 2,1,39,0,S, 	(30-MAY-2025 15:47:46)
2,1 , 2,1,39,0,S, 	(30-MAY-2025 15:47:46)
2,1 , 2,1,39,0,S, 	(30-MAY-2025 15:47:46)
2,1 , 2,1,42,0,S, 	(30-MAY-2025 15:47:46)
2,1 , 2,1,42,0,S, 	(30-MAY-2025 15:47:46)
2,1 , 2,1,42,0,S, 	(30-MAY-2025 15:47:46)
2,1 , 2,1,42,0,S, 	(30-MAY-2025 15:47:46)
2,1 , 2,1,42,0,S, 	(30-MAY-2025 15:47:46)
2,1 , 2,1,42,0,S, 	(30-MAY-2025 15:47:46)
2,1 , 2,1,42,0,S, 	(30-MAY-2025 15:47:46)
2,1 , 2,1,42,0,S, 	(30-MAY-2025 15:47:46)
2,1 , 2,1,42,0,S, 	(30-MAY-2025 15:47:46)
2,1 , 2,1,42,0,S, 	(30-MAY-2025 15:47:46)
2,1 , 2,1,42,0,S, 	(30-MAY-2025 15:47:46)
2,1 , 2,1,42,0,S, 	(30-MAY-2025 15:47:46)
2,1 , 2,1,42,0,S, 	(30-MAY-2025 15:47:46)
2,1 , 2,1,42,0,S, 	(30-MAY-2025 15:47:46)
2,1 , 2,1,42,0,S, 	(30-MAY-2025 15:47:46)
2,1 , 2,1,42,0,S, 	(30-MAY-2025 15:47:46)
2,1 , 2,1,42,0,S, 	(30-MAY-2025 15:47:46)
2,1 , 2,1,42,0,S, 	(30-MAY-2025 15:47:46)
2,1 , 2,1,42,0,S, 	(30-MAY-2025 15:47:46)
2,1 , 2,1,42,0,S, 	(30-MAY-2025 15:47:46)
2,1 , 2,1,42,0,S, 	(30-MAY-2025 15:47:46)
2,1 , 2,1,42,0,S, 	(30-MAY-2025 15:47:46)
2,1 , 2,1,42,0,S, 	(30-MAY-2025 15:47:46)
2,1 , 2,1,42,0,S, 	(30-MAY-2025 15:47:46)
2,1 , 2,1,42,0,S, 	(30-MAY-2025 15:47:46)
2,1 , 2,1,42,0,S, 	(30-MAY-2025 15:47:46)
2,1 , 2,1,42,0,S, 	(30-MAY-2025 15:47:46)
2,1 , 2,1,42,0,S, 	(30-MAY-2025 15:47:46)
2,1 , 2,1,42,0,S, 	(30-MAY-2025 15:47:46)
2,1 , 2,1,35,0,S, 	(30-MAY-2025 15:47:46)
2,1 , 2,1,35,0,S, 	(30-MAY-2025 15:47:46)
2,1 , 2,1,35,0,S, 	(30-MAY-2025 15:47:46)
2,1 , 2,1,35,0,S, 	(30-MAY-2025 15:47:46)
2,1 , 2,1,35,0,S, 	(30-MAY-2025 15:47:46)
2,1 , 2,1,35,0,S, 	(30-MAY-2025 15:47:46)
2,1 , 2,1,35,0,S, 	(30-MAY-2025 15:47:46)
2,1 , 2,1,35,0,S, 	(30-MAY-2025 15:47:46)
2,1 , 2,1,35,0,S, 	(30-MAY-2025 15:47:46)
2,1 , 2,1,35,0,S, 	(30-MAY-2025 15:47:46)
2,1 , 2,1,35,0,S, 	(30-MAY-2025 15:47:46)
2,1 , 2,1,35,0,S, 	(30-MAY-2025 15:47:46)
2,1 , 2,1,38,0,S, 	(30-MAY-2025 15:47:46)
2,1 , 2,1,38,0,S, 	(30-MAY-2025 15:47:46)
2,1 , 2,1,38,0,S, 	(30-MAY-2025 15:47:46)
2,1 , 2,1,38,0,S, 	(30-MAY-2025 15:47:46)
2,1 , 2,1,38,0,S, 	(30-MAY-2025 15:47:46)
2,1 , 2,1,38,0,S, 	(30-MAY-2025 15:47:46)
2,1 , 2,1,38,0,S, 	(30-MAY-2025 15:47:46)
2,1 , 2,1,38,0,S, 	(30-MAY-2025 15:47:46)
2,1 , 2,1,38,0,S, 	(30-MAY-2025 15:47:46)
2,1 , 2,1,38,0,S, 	(30-MAY-2025 15:47:46)
2,1 , 2,1,38,0,S, 	(30-MAY-2025 15:47:46)
2,1 , 2,1,38,0,S, 	(30-MAY-2025 15:47:46)
2,1 , 2,1,38,0,S, 	(30-MAY-2025 15:47:46)
2,1 , 2,1,38,0,S, 	(30-MAY-2025 15:47:46)
2,1 , 2,1,38,0,S, 	(30-MAY-2025 15:47:46)
2,1 , 2,1,38,0,S, 	(30-MAY-2025 15:47:46)
2,1 , 2,1,38,0,S, 	(30-MAY-2025 15:47:46)
2,1 , 2,1,38,0,S, 	(30-MAY-2025 15:47:46)
2,1 , 2,1,38,0,S, 	(30-MAY-2025 15:47:46)
2,1 , 2,1,41,0,S, 	(30-MAY-2025 15:47:46)
2,1 , 2,1,41,0,S, 	(30-MAY-2025 15:47:46)
2,1 , 2,1,41,1,S, 	(30-MAY-2025 15:47:46)
2,1 , 2,1,41,1,S, 	(30-MAY-2025 15:47:46)
2,1 , 2,1,41,1,S, 	(30-MAY-2025 15:47:46)
2,1 , 2,1,41,1,S, 	(30-MAY-2025 15:47:46)
2,1 , 2,1,41,1,S, 	(30-MAY-2025 15:47:46)
2,1 , 2,1,41,1,S, 	(30-MAY-2025 15:47:46)
2,1 , 2,1,41,1,S, 	(30-MAY-2025 15:47:46)
2,1 , 2,1,41,1,S, 	(30-MAY-2025 15:47:46)
2,1 , 2,1,41,1,S, 	(30-MAY-2025 15:47:46)
2,1 , 2,1,41,1,S, 	(30-MAY-2025 15:47:46)
2,1 , 2,1,41,1,S, 	(30-MAY-2025 15:47:46)
2,1 , 2,1,41,1,S, 	(30-MAY-2025 15:47:46)
2,1 , 2,1,41,1,S, 	(30-MAY-2025 15:47:46)
2,1 , 2,1,41,1,S, 	(30-MAY-2025 15:47:46)
2,1 , 2,1,41,1,S, 	(30-MAY-2025 15:47:46)
2,1 , 2,1,41,1,S, 	(30-MAY-2025 15:47:46)
2,1 , 2,1,41,1,S, 	(30-MAY-2025 15:47:46)
2,1 , 2,1,41,1,S, 	(30-MAY-2025 15:47:46)
2,1 , 2,1,41,1,S, 	(30-MAY-2025 15:47:46)
2,1 , 2,1,41,1,S, 	(30-MAY-2025 15:47:46)
2,1 , 2,1,41,1,S, 	(30-MAY-2025 15:47:46)
2,1 , 2,1,41,1,S, 	(30-MAY-2025 15:47:46)
2,1 , 2,1,41,1,S, 	(30-MAY-2025 15:47:46)
2,1 , 2,1,41,1,S, 	(30-MAY-2025 15:47:46)
2,1 , 2,1,41,1,S, 	(30-MAY-2025 15:47:46)
2,1 , 2,1,41,1,S, 	(30-MAY-2025 15:47:46)
2,1 , 2,1,41,1,S, 	(30-MAY-2025 15:47:46)
2,1 , 2,1,41,1,S, 	(30-MAY-2025 15:47:46)
2,1 , 2,1,41,1,S, 	(30-MAY-2025 15:47:46)
2,1 , 2,1,41,1,S, 	(30-MAY-2025 15:47:46)
2,1 , 2,1,41,1,S, 	(30-MAY-2025 15:47:46)
2,1 , 2,1,41,1,S, 	(30-MAY-2025 15:47:46)
2,1 , 2,1,43,0,S, 	(30-MAY-2025 15:47:46)
2,1 , 2,1,43,0,S, 	(30-MAY-2025 15:47:46)
2,1 , 2,1,43,0,S, 	(30-MAY-2025 15:47:46)
2,1 , 2,1,43,0,S, 	(30-MAY-2025 15:47:46)
2,1 , 2,0,26,0,S, 	(30-MAY-2025 15:47:46)
2,1 , 2,0,26,0,S, 	(30-MAY-2025 15:47:46)
2,1 , 2,0,26,0,S, 	(30-MAY-2025 15:47:46)
2,1 , 2,0,26,0,S, 	(30-MAY-2025 15:47:46)
2,1 , 2,0,26,0,S, 	(30-MAY-2025 15:47:46)
2,1 , 2,0,26,0,S, 	(30-MAY-2025 15:47:46)
2,1 , 2,0,26,0,S, 	(30-MAY-2025 15:47:46)
2,1 , 2,0,26,0,S, 	(30-MAY-2025 15:47:46)
2,1 , 2,0,26,0,S, 	(30-MAY-2025 15:47:46)
2,1 , 2,0,26,0,S, 	(30-MAY-2025 15:47:46)
2,1 , 2,0,26,0,S, 	(30-MAY-2025 15:47:46)
2,1 , 2,0,26,0,S, 	(30-MAY-2025 15:47:46)
2,1 , 2,0,26,0,S, 	(30-MAY-2025 15:47:46)
2,1 , 2,0,26,0,S, 	(30-MAY-2025 15:47:46)
2,1 , 2,0,26,0,S, 	(30-MAY-2025 15:47:46)
2,1 , 2,0,26,0,S, 	(30-MAY-2025 15:47:46)
2,1 , 2,0,26,0,S, 	(30-MAY-2025 15:47:46)
2,1 , 2,0,26,0,S, 	(30-MAY-2025 15:47:46)
2,1 , 2,0,26,0,S, 	(30-MAY-2025 15:47:46)
2,1 , 2,0,26,0,S, 	(30-MAY-2025 15:47:46)
2,1 , 2,0,26,0,S, 	(30-MAY-2025 15:47:46)
2,1 , 2,0,26,0,S, 	(30-MAY-2025 15:47:46)
2,1 , 2,0,26,0,S, 	(30-MAY-2025 15:47:46)
2,1 , 2,0,26,0,S, 	(30-MAY-2025 15:47:46)
2,1 , 2,0,26,0,S, 	(30-MAY-2025 15:47:46)
2,1 , 2,0,26,0,S, 	(30-MAY-2025 15:47:46)
2,1 , 2,0,26,0,S, 	(30-MAY-2025 15:47:46)
2,1 , 2,0,26,0,S, 	(30-MAY-2025 15:47:46)
2,1 , 2,0,26,0,S, 	(30-MAY-2025 15:47:46)
2,1 , 2,0,26,0,S, 	(30-MAY-2025 15:47:46)
2,1 , 2,0,26,0,S, 	(30-MAY-2025 15:47:46)
2,1 , 2,0,26,0,S, 	(30-MAY-2025 15:47:46)
2,1 , 2,0,26,0,S, 	(30-MAY-2025 15:47:46)
2,1 , 2,0,26,0,S, 	(30-MAY-2025 15:47:46)
2,1 , 2,0,26,0,S, 	(30-MAY-2025 15:47:46)
2,1 , 2,0,26,0,S, 	(30-MAY-2025 15:47:46)
2,1 , 2,0,26,0,S, 	(30-MAY-2025 15:47:46)
2,1 , 2,0,26,0,S, 	(30-MAY-2025 15:47:46)
2,1 , 2,0,26,0,S, 	(30-MAY-2025 15:47:46)
2,1 , 2,0,26,0,S, 	(30-MAY-2025 15:47:46)
2,1 , 2,0,26,0,S, 	(30-MAY-2025 15:47:46)
2,1 , 2,0,26,0,S, 	(30-MAY-2025 15:47:46)
2,1 , 2,0,26,0,S, 	(30-MAY-2025 15:47:46)
2,1 , 2,0,26,0,S, 	(30-MAY-2025 15:47:46)
2,1 , 2,0,26,0,S, 	(30-MAY-2025 15:47:46)
2,1 , 2,0,26,0,S, 	(30-MAY-2025 15:47:46)
2,1 , 2,0,26,0,S, 	(30-MAY-2025 15:47:46)
2,1 , 2,0,26,0,S, 	(30-MAY-2025 15:47:46)
2,1 , 2,0,26,0,S, 	(30-MAY-2025 15:47:46)
2,1 , 2,0,26,0,S, 	(30-MAY-2025 15:47:46)
2,1 , 2,0,26,0,S, 	(30-MAY-2025 15:47:46)
2,1 , 2,0,26,0,S, 	(30-MAY-2025 15:47:46)
2,1 , 2,0,26,0,S, 	(30-MAY-2025 15:47:46)
2,1 , 2,0,26,0,S, 	(30-MAY-2025 15:47:46)
2,1 , 2,0,26,0,S, 	(30-MAY-2025 15:47:46)
2,1 , 2,0,26,0,S, 	(30-MAY-2025 15:47:46)
2,1 , 2,0,26,0,S, 	(30-MAY-2025 15:47:46)
2,1 , 2,0,26,0,S, 	(30-MAY-2025 15:47:46)
2,1 , 2,0,29,0,S, 	(30-MAY-2025 15:47:46)
2,1 , 2,0,29,0,S, 	(30-MAY-2025 15:47:46)
2,1 , 2,0,29,0,S, 	(30-MAY-2025 15:47:46)
2,1 , 2,0,29,0,S, 	(30-MAY-2025 15:47:46)
2,1 , 2,0,29,0,S, 	(30-MAY-2025 15:47:46)
2,1 , 2,0,29,0,S, 	(30-MAY-2025 15:47:46)
2,1 , 2,0,29,0,S, 	(30-MAY-2025 15:47:46)
2,1 , 2,0,29,0,S, 	(30-MAY-2025 15:47:46)
2,1 , 2,0,29,0,S, 	(30-MAY-2025 15:47:46)
2,1 , 2,0,29,0,S, 	(30-MAY-2025 15:47:46)
2,1 , 2,0,29,0,S, 	(30-MAY-2025 15:47:46)
2,1 , 2,0,29,0,S, 	(30-MAY-2025 15:47:46)
2,1 , 2,0,29,0,S, 	(30-MAY-2025 15:47:46)
2,1 , 2,0,29,0,S, 	(30-MAY-2025 15:47:46)
2,1 , 2,0,29,0,S, 	(30-MAY-2025 15:47:46)
2,1 , 2,0,29,0,S, 	(30-MAY-2025 15:47:46)
2,1 , 2,0,29,0,S, 	(30-MAY-2025 15:47:46)
2,1 , 2,0,29,0,S, 	(30-MAY-2025 15:47:46)
2,1 , 2,0,29,0,S, 	(30-MAY-2025 15:47:46)
2,1 , 2,0,29,0,S, 	(30-MAY-2025 15:47:46)
2,1 , 2,0,29,0,S, 	(30-MAY-2025 15:47:46)
2,1 , 2,0,29,0,S, 	(30-MAY-2025 15:47:46)
2,1 , 2,0,29,0,S, 	(30-MAY-2025 15:47:46)
2,1 , 2,0,29,0,S, 	(30-MAY-2025 15:47:46)
2,1 , 2,0,29,0,S, 	(30-MAY-2025 15:47:46)
2,1 , 2,0,30,0,S, 	(30-MAY-2025 15:47:46)
2,1 , 2,0,30,0,S, 	(30-MAY-2025 15:47:46)
2,1 , 2,0,30,0,S, 	(30-MAY-2025 15:47:46)
2,1 , 2,1,34,0,S, 	(30-MAY-2025 15:47:46)
2,1 , 2,1,34,0,S, 	(30-MAY-2025 15:47:46)
2,1 , 2,1,34,0,S, 	(30-MAY-2025 15:47:46)
2,1 , 2,1,36,0,S, 	(30-MAY-2025 15:47:46)
2,1 , 2,1,36,0,S, 	(30-MAY-2025 15:47:46)
2,1 , 2,1,36,0,S, 	(30-MAY-2025 15:47:46)
2,1 , 2,1,36,0,S, 	(30-MAY-2025 15:47:46)
2,1 , 2,1,36,0,S, 	(30-MAY-2025 15:47:46)
2,1 , 2,1,36,0,S, 	(30-MAY-2025 15:47:46)
2,1 , 2,1,36,0,S, 	(30-MAY-2025 15:47:46)
2,1 , 2,1,36,0,S, 	(30-MAY-2025 15:47:46)
2,1 , 2,0,31,0,S, 	(30-MAY-2025 15:47:46)
2,1 , 2,0,31,0,S, 	(30-MAY-2025 15:47:46)
2,1 , 2,0,31,0,S, 	(30-MAY-2025 15:47:46)
2,1 , 2,0,31,0,S, 	(30-MAY-2025 15:47:46)
2,1 , 2,0,31,0,S, 	(30-MAY-2025 15:47:46)
2,1 , 2,0,31,0,S, 	(30-MAY-2025 15:47:46)
2,1 , 2,0,31,0,S, 	(30-MAY-2025 15:47:46)
2,1 , 2,0,31,0,S, 	(30-MAY-2025 15:47:46)
2,1 , 2,0,31,0,S, 	(30-MAY-2025 15:47:46)
2,1 , 2,0,31,0,S, 	(30-MAY-2025 15:47:46)
2,1 , 2,0,31,0,S, 	(30-MAY-2025 15:47:46)
2,1 , 2,0,31,0,S, 	(30-MAY-2025 15:47:46)
2,1 , 2,0,31,0,S, 	(30-MAY-2025 15:47:46)
2,1 , 2,0,31,0,S, 	(30-MAY-2025 15:47:46)
2,1 , 2,0,31,0,S, 	(30-MAY-2025 15:47:46)
2,1 , 2,0,31,0,S, 	(30-MAY-2025 15:47:46)
2,1 , 2,0,31,0,S, 	(30-MAY-2025 15:47:46)
2,1 , 2,0,31,0,S, 	(30-MAY-2025 15:47:46)
2,1 , 2,1,37,0,S, 	(30-MAY-2025 15:47:46)
2,1 , 2,1,37,0,S, 	(30-MAY-2025 15:47:46)
2,1 , 2,1,37,0,S, 	(30-MAY-2025 15:47:46)
2,1 , 2,0,27,0,S, 	(30-MAY-2025 15:47:46)
2,1 , 2,0,27,0,S, 	(30-MAY-2025 15:47:46)
2,1 , 2,0,27,0,S, 	(30-MAY-2025 15:47:46)
2,1 , 2,0,27,0,S, 	(30-MAY-2025 15:47:46)
2,1 , 3,0,1,0,S, 	(30-MAY-2025 15:47:46)
2,1 , 3,0,1,0,S, 	(30-MAY-2025 15:47:46)
2,1 , 3,0,1,0,S, 	(30-MAY-2025 15:47:46)
2,1 , 3,0,1,0,S, 	(30-MAY-2025 15:47:46)
2,1 , 3,0,1,0,S, 	(30-MAY-2025 15:47:46)
2,1 , 3,0,1,0,S, 	(30-MAY-2025 15:47:46)
2,1 , 3,0,1,0,S, 	(30-MAY-2025 15:47:46)
2,1 , 3,0,1,0,S, 	(30-MAY-2025 15:47:46)
2,1 , 3,0,1,0,S, 	(30-MAY-2025 15:47:46)
2,1 , 3,0,1,0,S, 	(30-MAY-2025 15:47:46)
2,1 , 3,0,1,0,S, 	(30-MAY-2025 15:47:46)
2,1 , 3,0,1,0,S, 	(30-MAY-2025 15:47:46)
2,1 , 3,0,1,0,S, 	(30-MAY-2025 15:47:46)
2,1 , 3,0,1,0,S, 	(30-MAY-2025 15:47:46)
2,1 , 3,0,1,0,S, 	(30-MAY-2025 15:47:46)
2,1 , 3,0,2,0,S, 	(30-MAY-2025 15:47:46)
2,1 , 3,0,2,0,S, 	(30-MAY-2025 15:47:46)
2,1 , 3,0,2,0,S, 	(30-MAY-2025 15:47:46)
2,1 , 3,0,2,0,S, 	(30-MAY-2025 15:47:46)
2,1 , 3,0,2,0,S, 	(30-MAY-2025 15:47:46)
2,1 , 3,0,2,0,S, 	(30-MAY-2025 15:47:46)
2,1 , 3,0,2,0,S, 	(30-MAY-2025 15:47:46)
2,1 , 3,0,2,0,S, 	(30-MAY-2025 15:47:46)
2,1 , 3,0,2,0,S, 	(30-MAY-2025 15:47:46)
2,1 , 3,0,2,0,S, 	(30-MAY-2025 15:47:46)
2,1 , 3,0,2,0,S, 	(30-MAY-2025 15:47:46)
2,1 , 3,0,2,0,S, 	(30-MAY-2025 15:47:46)
2,1 , 0,0,220001,0,L, 	(30-MAY-2025 15:47:46)
2,1 , 0,0,220001,0,L, 	(30-MAY-2025 15:47:46)
2,1 , 0,0,220001,0,L, 	(30-MAY-2025 15:47:46)
2,1 , 0,0,220001,0,L, 	(30-MAY-2025 15:47:46)
2,1 , 0,0,220001,0,L, 	(30-MAY-2025 15:47:46)
2,1 , 0,0,220001,0,L, 	(30-MAY-2025 15:47:46)
2,1 , 0,0,220001,0,L, 	(30-MAY-2025 15:47:46)
2,1 , 0,0,220001,0,L, 	(30-MAY-2025 15:47:46)
2,1 , 0,0,220001,0,L, 	(30-MAY-2025 15:47:46)
2,1 , 0,0,220001,0,L, 	(30-MAY-2025 15:47:46)
2,1 , 0,0,220001,0,L, 	(30-MAY-2025 15:47:46)
2,1 , 0,0,220001,0,L, 	(30-MAY-2025 15:47:46)
2,1 , 0,0,220001,0,L, 	(30-MAY-2025 15:47:46)
2,1 , 0,0,220001,0,L, 	(30-MAY-2025 15:47:46)
2,1 , 0,0,220001,0,L, 	(30-MAY-2025 15:47:46)
2,1 , 0,0,220001,0,L, 	(30-MAY-2025 15:47:46)
2,1 , 0,0,220001,0,L, 	(30-MAY-2025 15:47:46)
2,1 , 0,0,220001,0,L, 	(30-MAY-2025 15:47:46)
2,1 , 0,0,220002,0,L, 	(30-MAY-2025 15:47:46)
2,1 , 0,0,220002,0,L, 	(30-MAY-2025 15:47:46)
2,1 , 0,0,220002,0,L, 	(30-MAY-2025 15:47:46)
2,1 , 0,0,220002,0,L, 	(30-MAY-2025 15:47:46)
2,1 , 0,0,220002,0,L, 	(30-MAY-2025 15:47:46)
2,1 , 0,0,220002,0,L, 	(30-MAY-2025 15:47:46)
2,1 , 0,0,220002,0,L, 	(30-MAY-2025 15:47:46)
2,1 , 0,0,220002,0,L, 	(30-MAY-2025 15:47:46)
2,1 , 0,0,220002,0,L, 	(30-MAY-2025 15:47:46)
2,1 , 0,0,220002,0,L, 	(30-MAY-2025 15:47:46)
2,1 , 0,0,220002,0,L, 	(30-MAY-2025 15:47:46)
2,1 , 0,0,220002,0,L, 	(30-MAY-2025 15:47:46)
2,1 , 0,0,220002,0,L, 	(30-MAY-2025 15:47:46)
2,1 , 0,0,220002,0,L, 	(30-MAY-2025 15:47:46)
2,1 , 0,0,220002,0,L, 	(30-MAY-2025 15:47:46)
2,1 , 0,0,220002,0,L, 	(30-MAY-2025 15:47:46)
2,1 , 0,0,220002,0,L, 	(30-MAY-2025 15:47:46)
2,1 , 0,0,220002,0,L, 	(30-MAY-2025 15:47:46)
2,1 , 0,0,220002,0,L, 	(30-MAY-2025 15:47:46)
2,1 , 0,0,220002,0,L, 	(30-MAY-2025 15:47:46)
2,1 , 0,0,220002,0,L, 	(30-MAY-2025 15:47:46)
2,1 , 0,0,220002,0,L, 	(30-MAY-2025 15:47:46)
2,1 , 0,0,220002,0,L, 	(30-MAY-2025 15:47:46)
2,1 , 0,0,220002,0,L, 	(30-MAY-2025 15:47:46)
2,1 , 0,0,220002,0,L, 	(30-MAY-2025 15:47:46)
2,1 , 0,0,220002,0,L, 	(30-MAY-2025 15:47:46)
2,1 , 0,0,220002,0,L, 	(30-MAY-2025 15:47:46)
2,1 , 0,0,220002,0,L, 	(30-MAY-2025 15:47:46)
2,1 , 0,0,220002,0,L, 	(30-MAY-2025 15:47:46)
2,1 , 0,0,220002,0,L, 	(30-MAY-2025 15:47:46)
2,1 , 0,0,220002,0,L, 	(30-MAY-2025 15:47:46)
2,1 , 0,0,220002,0,L, 	(30-MAY-2025 15:47:46)
2,1 , 0,0,220002,0,L, 	(30-MAY-2025 15:47:46)
2,1 , 0,0,220002,0,L, 	(30-MAY-2025 15:47:46)
2,1 , 0,0,220002,0,L, 	(30-MAY-2025 15:47:46)
2,1 , 0,0,220002,0,L, 	(30-MAY-2025 15:47:46)
2,1 , 0,0,220002,0,L, 	(30-MAY-2025 15:47:46)
2,1 , 0,0,220002,0,L, 	(30-MAY-2025 15:47:46)
2,1 , 0,0,220002,0,L, 	(30-MAY-2025 15:47:46)
2,1 , 0,0,220002,0,L, 	(30-MAY-2025 15:47:46)
2,1 , 0,0,220002,0,L, 	(30-MAY-2025 15:47:46)
2,1 , 0,0,220002,0,L, 	(30-MAY-2025 15:47:46)
2,1 , 0,0,220002,0,L, 	(30-MAY-2025 15:47:46)
2,1 , 0,0,220002,0,L, 	(30-MAY-2025 15:47:46)
2,1 , 0,0,220002,0,L, 	(30-MAY-2025 15:47:46)
2,1 , 0,0,220003,0,L, 	(30-MAY-2025 15:47:46)
2,1 , 0,0,220003,0,L, 	(30-MAY-2025 15:47:46)
2,1 , 0,0,220003,0,L, 	(30-MAY-2025 15:47:46)
2,1 , 0,0,220003,0,L, 	(30-MAY-2025 15:47:46)
2,1 , 0,0,220003,0,L, 	(30-MAY-2025 15:47:46)
2,1 , 0,0,220003,0,L, 	(30-MAY-2025 15:47:46)
2,1 , 0,0,220003,0,L, 	(30-MAY-2025 15:47:46)
2,1 , 0,0,220003,0,L, 	(30-MAY-2025 15:47:46)
2,1 , 0,0,220003,0,L, 	(30-MAY-2025 15:47:46)
2,1 , 0,0,220003,0,L, 	(30-MAY-2025 15:47:46)
2,1 , 0,0,220003,0,L, 	(30-MAY-2025 15:47:46)
2,1 , 0,0,220003,0,L, 	(30-MAY-2025 15:47:46)
2,1 , 0,0,220003,0,L, 	(30-MAY-2025 15:47:46)
2,1 , 0,0,220003,0,L, 	(30-MAY-2025 15:47:46)
2,1 , 0,0,220003,0,L, 	(30-MAY-2025 15:47:46)
2,1 , 0,0,220003,0,L, 	(30-MAY-2025 15:47:46)
2,1 , 0,0,220003,0,L, 	(30-MAY-2025 15:47:46)
2,1 , 0,0,220003,0,L, 	(30-MAY-2025 15:47:46)
2,1 , 0,0,220003,0,L, 	(30-MAY-2025 15:47:46)
2,1 , 0,0,220003,0,L, 	(30-MAY-2025 15:47:46)
2,1 , 0,0,220003,0,L, 	(30-MAY-2025 15:47:46)
2,1 , 0,0,220003,0,L, 	(30-MAY-2025 15:47:46)
2,1 , 0,0,220003,0,L, 	(30-MAY-2025 15:47:46)
2,1 , 0,0,220003,0,L, 	(30-MAY-2025 15:47:46)
2,1 , 0,0,220003,0,L, 	(30-MAY-2025 15:47:46)
2,1 , 0,0,220003,0,L, 	(30-MAY-2025 15:47:46)
2,1 , 0,0,220003,0,L, 	(30-MAY-2025 15:47:46)
2,1 , 0,0,220003,0,L, 	(30-MAY-2025 15:47:46)
2,1 , 0,0,220003,0,L, 	(30-MAY-2025 15:47:46)
2,1 , 0,0,220003,0,L, 	(30-MAY-2025 15:47:46)
2,1 , 0,0,220003,0,L, 	(30-MAY-2025 15:47:46)
2,1 , 0,0,220003,0,L, 	(30-MAY-2025 15:47:46)
2,1 , 0,0,220003,0,L, 	(30-MAY-2025 15:47:46)
2,1 , 0,0,220003,0,L, 	(30-MAY-2025 15:47:46)
2,1 , 0,0,220003,0,L, 	(30-MAY-2025 15:47:46)
2,1 , 0,0,220003,0,L, 	(30-MAY-2025 15:47:46)
2,1 , 0,0,220003,0,L, 	(30-MAY-2025 15:47:46)
2,1 , 0,0,220003,0,L, 	(30-MAY-2025 15:47:46)
2,1 , 0,0,220003,0,L, 	(30-MAY-2025 15:47:46)
2,1 , 0,0,220003,0,L, 	(30-MAY-2025 15:47:46)
2,1 , 0,0,220003,0,L, 	(30-MAY-2025 15:47:46)
2,1 , 0,0,220003,0,L, 	(30-MAY-2025 15:47:46)
2,1 , 0,0,220003,0,L, 	(30-MAY-2025 15:47:46)
2,1 , 0,0,220003,0,L, 	(30-MAY-2025 15:47:46)
2,1 , 0,0,220003,0,L, 	(30-MAY-2025 15:47:46)
2,1 , 0,0,220003,0,L, 	(30-MAY-2025 15:47:46)
2,1 , 0,0,220004,0,L, 	(30-MAY-2025 15:47:46)
2,1 , 0,0,220004,0,L, 	(30-MAY-2025 15:47:46)
2,1 , 0,0,220004,0,L, 	(30-MAY-2025 15:47:46)
2,1 , 0,0,220004,0,L, 	(30-MAY-2025 15:47:46)
2,1 , 0,0,220004,0,L, 	(30-MAY-2025 15:47:46)
2,1 , 0,0,220004,0,L, 	(30-MAY-2025 15:47:46)
2,1 , 0,0,220004,0,L, 	(30-MAY-2025 15:47:46)
2,1 , 0,0,220004,0,L, 	(30-MAY-2025 15:47:46)
2,1 , 0,0,220004,0,L, 	(30-MAY-2025 15:47:46)
2,1 , 0,0,220004,0,L, 	(30-MAY-2025 15:47:46)
2,1 , 0,0,220004,0,L, 	(30-MAY-2025 15:47:46)
2,1 , 0,0,220004,0,L, 	(30-MAY-2025 15:47:46)
2,1 , 0,0,220004,0,L, 	(30-MAY-2025 15:47:46)
2,1 , 0,0,220004,0,L, 	(30-MAY-2025 15:47:46)
2,1 , 0,0,220004,0,L, 	(30-MAY-2025 15:47:46)
2,1 , 0,0,220004,0,L, 	(30-MAY-2025 15:47:46)
2,1 , 0,0,220004,0,L, 	(30-MAY-2025 15:47:46)
2,1 , 0,0,220004,0,L, 	(30-MAY-2025 15:47:46)
2,1 , 0,0,220004,0,L, 	(30-MAY-2025 15:47:46)
2,1 , 0,0,220004,0,L, 	(30-MAY-2025 15:47:46)
2,1 , 0,0,220004,0,L, 	(30-MAY-2025 15:47:46)
2,1 , 0,0,220004,0,L, 	(30-MAY-2025 15:47:46)
2,1 , 0,0,220004,0,L, 	(30-MAY-2025 15:47:46)
2,1 , 0,0,220004,0,L, 	(30-MAY-2025 15:47:46)
2,1 , 0,0,220004,0,L, 	(30-MAY-2025 15:47:46)
2,1 , 0,0,220004,0,L, 	(30-MAY-2025 15:47:46)
2,1 , 0,0,220004,0,L, 	(30-MAY-2025 15:47:46)
2,1 , 0,0,220004,0,L, 	(30-MAY-2025 15:47:46)
2,1 , 0,0,220004,0,L, 	(30-MAY-2025 15:47:46)
2,1 , 0,0,220004,0,L, 	(30-MAY-2025 15:47:46)
2,1 , 0,0,220004,0,L, 	(30-MAY-2025 15:47:46)
2,1 , 0,0,220004,0,L, 	(30-MAY-2025 15:47:46)
2,1 , 0,0,220004,0,L, 	(30-MAY-2025 15:47:46)
2,1 , 0,0,220004,0,L, 	(30-MAY-2025 15:47:46)
2,2 , 3,0,2,0,S, 	(30-MAY-2025 15:47:46)
2,2 , 3,0,2,0,S, 	(30-MAY-2025 15:47:46)
2,2 , 3,0,2,0,S, 	(30-MAY-2025 15:47:46)
2,2 , 3,0,2,0,S, 	(30-MAY-2025 15:47:46)
2,2 , 3,0,2,0,S, 	(30-MAY-2025 15:47:46)
2,2 , 3,0,2,0,S, 	(30-MAY-2025 15:47:46)
2,2 , 3,0,2,0,S, 	(30-MAY-2025 15:47:46)
2,2 , 3,0,2,0,S, 	(30-MAY-2025 15:47:46)
2,2 , 3,0,2,0,S, 	(30-MAY-2025 15:47:46)
2,2 , 3,0,2,0,S, 	(30-MAY-2025 15:47:46)
2,2 , 3,0,2,0,S, 	(30-MAY-2025 15:47:46)
2,2 , 3,0,2,0,S, 	(30-MAY-2025 15:47:46)
2,2 , 3,0,2,0,S, 	(30-MAY-2025 15:47:46)
2,2 , 3,0,2,0,S, 	(30-MAY-2025 15:47:46)
2,2 , 3,0,2,0,S, 	(30-MAY-2025 15:47:47)
2,2 , 3,0,9,0,S, 	(30-MAY-2025 15:47:47)
2,2 , 3,0,9,0,S, 	(30-MAY-2025 15:47:47)
2,2 , 3,0,9,0,S, 	(30-MAY-2025 15:47:47)
2,2 , 3,0,9,0,S, 	(30-MAY-2025 15:47:47)
2,2 , 3,0,9,0,S, 	(30-MAY-2025 15:47:47)
2,2 , 3,0,9,0,S, 	(30-MAY-2025 15:47:47)
2,2 , 3,0,9,0,S, 	(30-MAY-2025 15:47:47)
2,2 , 3,0,9,0,S, 	(30-MAY-2025 15:47:47)
2,2 , 3,0,9,0,S, 	(30-MAY-2025 15:47:47)
2,2 , 3,0,9,0,S, 	(30-MAY-2025 15:47:47)
2,2 , 3,0,9,0,S, 	(30-MAY-2025 15:47:47)
2,2 , 3,0,9,0,S, 	(30-MAY-2025 15:47:47)
2,2 , 3,0,9,0,S, 	(30-MAY-2025 15:47:47)
2,2 , 3,0,9,0,S, 	(30-MAY-2025 15:47:47)
2,2 , 3,0,9,0,S, 	(30-MAY-2025 15:47:47)
2,2 , 3,0,7,0,S, 	(30-MAY-2025 15:47:47)
2,2 , 3,0,7,0,S, 	(30-MAY-2025 15:47:47)
2,2 , 3,0,7,0,S, 	(30-MAY-2025 15:47:47)
2,2 , 3,0,7,0,S, 	(30-MAY-2025 15:47:47)
2,2 , 3,0,7,0,S, 	(30-MAY-2025 15:47:47)
2,2 , 3,0,7,0,S, 	(30-MAY-2025 15:47:47)
2,2 , 3,0,7,0,S, 	(30-MAY-2025 15:47:47)
2,2 , 3,0,7,0,S, 	(30-MAY-2025 15:47:47)
2,2 , 3,0,7,0,S, 	(30-MAY-2025 15:47:47)
2,2 , 3,0,7,0,S, 	(30-MAY-2025 15:47:47)
2,2 , 3,0,7,0,S, 	(30-MAY-2025 15:47:47)
2,2 , 3,0,7,0,S, 	(30-MAY-2025 15:47:47)
2,2 , 3,0,7,0,S, 	(30-MAY-2025 15:47:47)
2,2 , 3,0,7,0,S, 	(30-MAY-2025 15:47:47)
2,2 , 3,0,7,0,S, 	(30-MAY-2025 15:47:47)
2,2 , 3,0,7,0,S, 	(30-MAY-2025 15:47:47)
2,2 , 3,0,8,0,S, 	(30-MAY-2025 15:47:47)
2,2 , 3,0,8,0,S, 	(30-MAY-2025 15:47:47)
2,2 , 3,0,8,0,S, 	(30-MAY-2025 15:47:47)
2,2 , 3,0,8,0,S, 	(30-MAY-2025 15:47:47)
2,2 , 3,0,8,0,S, 	(30-MAY-2025 15:47:47)
2,2 , 3,0,8,0,S, 	(30-MAY-2025 15:47:47)
2,2 , 3,0,8,0,S, 	(30-MAY-2025 15:47:47)
2,2 , 3,0,8,0,S, 	(30-MAY-2025 15:47:47)
2,2 , 3,0,8,0,S, 	(30-MAY-2025 15:47:47)
2,2 , 3,0,8,0,S, 	(30-MAY-2025 15:47:47)
2,2 , 3,0,8,0,S, 	(30-MAY-2025 15:47:47)
2,2 , 3,0,8,0,S, 	(30-MAY-2025 15:47:47)
2,2 , 3,0,8,0,S, 	(30-MAY-2025 15:47:47)
2,2 , 3,0,8,0,S, 	(30-MAY-2025 15:47:47)
2,2 , 3,0,8,0,S, 	(30-MAY-2025 15:47:47)
2,2 , 3,0,13,0,S, 	(30-MAY-2025 15:47:47)
2,2 , 3,0,13,0,S, 	(30-MAY-2025 15:47:47)
2,2 , 3,0,13,0,S, 	(30-MAY-2025 15:47:47)
2,2 , 3,0,13,0,S, 	(30-MAY-2025 15:47:47)
2,2 , 3,0,13,0,S, 	(30-MAY-2025 15:47:47)
2,2 , 3,0,13,0,S, 	(30-MAY-2025 15:47:47)
2,2 , 3,0,13,0,S, 	(30-MAY-2025 15:47:47)
2,2 , 3,0,13,0,S, 	(30-MAY-2025 15:47:47)
2,2 , 3,0,13,0,S, 	(30-MAY-2025 15:47:47)
2,2 , 3,0,13,0,S, 	(30-MAY-2025 15:47:47)
2,2 , 3,0,13,0,S, 	(30-MAY-2025 15:47:47)
2,2 , 3,0,13,0,S, 	(30-MAY-2025 15:47:47)
2,2 , 3,0,13,0,S, 	(30-MAY-2025 15:47:47)
2,2 , 3,0,13,0,S, 	(30-MAY-2025 15:47:47)
2,2 , 3,0,13,0,S, 	(30-MAY-2025 15:47:47)
2,2 , 3,0,13,0,S, 	(30-MAY-2025 15:47:47)
2,2 , 5,0,2,0,S, 	(30-MAY-2025 15:47:47)
2,2 , 5,0,2,0,S, 	(30-MAY-2025 15:47:47)
2,2 , 5,0,2,0,S, 	(30-MAY-2025 15:47:47)
2,2 , 5,0,2,0,S, 	(30-MAY-2025 15:47:47)
2,2 , 5,0,2,0,S, 	(30-MAY-2025 15:47:47)
2,2 , 5,0,2,0,S, 	(30-MAY-2025 15:47:47)
2,2 , 5,0,2,0,S, 	(30-MAY-2025 15:47:47)
2,2 , 5,0,2,0,S, 	(30-MAY-2025 15:47:47)
2,2 , 5,0,2,0,S, 	(30-MAY-2025 15:47:47)
2,2 , 5,0,2,0,S, 	(30-MAY-2025 15:47:47)
2,2 , 5,0,2,0,S, 	(30-MAY-2025 15:47:47)
2,2 , 5,0,2,0,S, 	(30-MAY-2025 15:47:47)
2,2 , 5,0,2,0,S, 	(30-MAY-2025 15:47:47)
2,2 , 5,0,2,0,S, 	(30-MAY-2025 15:47:47)
2,2 , 5,0,2,0,S, 	(30-MAY-2025 15:47:47)
2,2 , 5,0,2,0,S, 	(30-MAY-2025 15:47:47)
2,2 , 5,0,2,0,S, 	(30-MAY-2025 15:47:47)
2,2 , 5,0,2,0,S, 	(30-MAY-2025 15:47:47)
2,2 , 5,0,2,0,S, 	(30-MAY-2025 15:47:47)
2,2 , 5,0,3,0,S, 	(30-MAY-2025 15:47:47)
2,2 , 5,0,3,0,S, 	(30-MAY-2025 15:47:47)
2,2 , 5,0,3,0,S, 	(30-MAY-2025 15:47:47)
2,2 , 5,0,3,0,S, 	(30-MAY-2025 15:47:47)
2,2 , 5,0,3,0,S, 	(30-MAY-2025 15:47:47)
2,2 , 5,0,3,0,S, 	(30-MAY-2025 15:47:47)
2,2 , 5,0,3,0,S, 	(30-MAY-2025 15:47:47)
2,2 , 5,0,3,0,S, 	(30-MAY-2025 15:47:47)
2,2 , 5,0,3,0,S, 	(30-MAY-2025 15:47:47)
2,2 , 5,0,3,0,S, 	(30-MAY-2025 15:47:47)
2,2 , 5,0,3,0,S, 	(30-MAY-2025 15:47:47)
2,2 , 5,0,3,0,S, 	(30-MAY-2025 15:47:47)
2,2 , 5,0,3,0,S, 	(30-MAY-2025 15:47:47)
2,2 , 5,0,3,0,S, 	(30-MAY-2025 15:47:47)
2,2 , 5,0,3,0,S, 	(30-MAY-2025 15:47:47)
2,2 , 5,0,3,0,S, 	(30-MAY-2025 15:47:47)
2,2 , 5,0,3,0,S, 	(30-MAY-2025 15:47:47)
2,2 , 5,0,3,0,S, 	(30-MAY-2025 15:47:47)
2,2 , 5,0,3,0,S, 	(30-MAY-2025 15:47:47)
2,2 , 5,0,3,0,S, 	(30-MAY-2025 15:47:47)
2,2 , 5,0,3,0,S, 	(30-MAY-2025 15:47:47)
2,2 , 5,0,3,0,S, 	(30-MAY-2025 15:47:47)
2,2 , 5,0,3,0,S, 	(30-MAY-2025 15:47:47)
2,2 , 5,0,3,0,S, 	(30-MAY-2025 15:47:47)
2,2 , 5,0,3,0,S, 	(30-MAY-2025 15:47:47)
2,2 , 5,0,3,0,S, 	(30-MAY-2025 15:47:47)
2,2 , 5,0,3,0,S, 	(30-MAY-2025 15:47:47)
2,2 , 5,0,3,0,S, 	(30-MAY-2025 15:47:47)
2,2 , 5,0,3,0,S, 	(30-MAY-2025 15:47:47)
2,2 , 5,0,3,0,S, 	(30-MAY-2025 15:47:47)
2,2 , 5,0,3,0,S, 	(30-MAY-2025 15:47:47)
2,2 , 5,0,3,0,S, 	(30-MAY-2025 15:47:47)
2,2 , 5,0,3,0,S, 	(30-MAY-2025 15:47:47)
2,2 , 4,0,1,0,S, 	(30-MAY-2025 15:47:47)
2,2 , 4,0,1,0,S, 	(30-MAY-2025 15:47:47)
2,2 , 4,0,1,0,S, 	(30-MAY-2025 15:47:47)
2,2 , 4,0,1,0,S, 	(30-MAY-2025 15:47:47)
2,2 , 4,0,1,0,S, 	(30-MAY-2025 15:47:47)
2,2 , 4,0,1,0,S, 	(30-MAY-2025 15:47:47)
2,2 , 4,0,1,0,S, 	(30-MAY-2025 15:47:47)
2,2 , 4,0,1,0,S, 	(30-MAY-2025 15:47:47)
2,2 , 4,0,1,0,S, 	(30-MAY-2025 15:47:47)
2,2 , 4,0,1,0,S, 	(30-MAY-2025 15:47:47)
2,2 , 4,0,1,0,S, 	(30-MAY-2025 15:47:47)
2,2 , 4,0,1,0,S, 	(30-MAY-2025 15:47:47)
2,2 , 4,0,1,0,S, 	(30-MAY-2025 15:47:47)
2,2 , 4,0,1,0,S, 	(30-MAY-2025 15:47:47)
2,2 , 4,0,1,0,S, 	(30-MAY-2025 15:47:47)
2,2 , 4,0,1,0,S, 	(30-MAY-2025 15:47:47)
2,2 , 6,0,1,0,S, 	(30-MAY-2025 15:47:47)
2,2 , 6,0,1,0,S, 	(30-MAY-2025 15:47:47)
2,2 , 6,0,1,0,S, 	(30-MAY-2025 15:47:47)
2,2 , 6,0,1,0,S, 	(30-MAY-2025 15:47:47)
2,2 , 6,0,1,0,S, 	(30-MAY-2025 15:47:47)
2,2 , 6,0,1,0,S, 	(30-MAY-2025 15:47:47)
2,2 , 6,0,1,0,S, 	(30-MAY-2025 15:47:47)
2,2 , 6,0,1,0,S, 	(30-MAY-2025 15:47:47)
2,2 , 6,0,1,0,S, 	(30-MAY-2025 15:47:47)
2,2 , 6,0,1,0,S, 	(30-MAY-2025 15:47:47)
2,2 , 6,0,1,0,S, 	(30-MAY-2025 15:47:47)
2,2 , 6,0,1,0,S, 	(30-MAY-2025 15:47:47)
2,2 , 6,0,1,0,S, 	(30-MAY-2025 15:47:47)
2,2 , 6,0,1,0,S, 	(30-MAY-2025 15:47:47)
2,2 , 6,0,1,0,S, 	(30-MAY-2025 15:47:47)
2,2 , 6,0,1,0,S, 	(30-MAY-2025 15:47:47)
2,2 , 6,0,1,0,S, 	(30-MAY-2025 15:47:47)
2,2 , 6,0,1,0,S, 	(30-MAY-2025 15:47:47)
2,2 , 6,0,1,0,S, 	(30-MAY-2025 15:47:47)
2,2 , 6,0,1,0,S, 	(30-MAY-2025 15:47:47)
2,2 , 6,0,1,0,S, 	(30-MAY-2025 15:47:47)
2,2 , 6,0,1,0,S, 	(30-MAY-2025 15:47:47)
2,2 , 6,0,1,0,S, 	(30-MAY-2025 15:47:47)
2,2 , 6,0,1,0,S, 	(30-MAY-2025 15:47:47)
2,2 , 6,0,1,0,S, 	(30-MAY-2025 15:47:47)
2,2 , 6,0,1,0,S, 	(30-MAY-2025 15:47:47)
2,2 , 6,0,1,0,S, 	(30-MAY-2025 15:47:47)
2,2 , 6,0,1,0,S, 	(30-MAY-2025 15:47:47)
2,2 , 6,0,1,0,S, 	(30-MAY-2025 15:47:47)
2,2 , 6,0,1,0,S, 	(30-MAY-2025 15:47:47)
2,2 , 6,0,1,0,S, 	(30-MAY-2025 15:47:47)
2,2 , 6,0,4,0,S, 	(30-MAY-2025 15:47:47)
2,2 , 6,0,4,0,S, 	(30-MAY-2025 15:47:47)
2,2 , 6,0,4,0,S, 	(30-MAY-2025 15:47:47)
2,2 , 6,0,4,0,S, 	(30-MAY-2025 15:47:47)
2,2 , 6,0,4,0,S, 	(30-MAY-2025 15:47:47)
2,2 , 6,0,4,0,S, 	(30-MAY-2025 15:47:47)
2,2 , 6,0,4,0,S, 	(30-MAY-2025 15:47:47)
2,2 , 6,0,4,0,S, 	(30-MAY-2025 15:47:47)
2,2 , 6,0,4,0,S, 	(30-MAY-2025 15:47:47)
2,2 , 6,0,4,0,S, 	(30-MAY-2025 15:47:47)
2,2 , 6,0,4,0,S, 	(30-MAY-2025 15:47:47)
2,2 , 6,0,4,0,S, 	(30-MAY-2025 15:47:47)
2,2 , 6,0,4,0,S, 	(30-MAY-2025 15:47:47)
2,2 , 6,0,4,0,S, 	(30-MAY-2025 15:47:47)
2,2 , 6,0,4,0,S, 	(30-MAY-2025 15:47:47)
2,2 , 6,0,4,0,S, 	(30-MAY-2025 15:47:47)
2,2 , 6,0,4,0,S, 	(30-MAY-2025 15:47:47)
2,2 , 6,0,4,0,S, 	(30-MAY-2025 15:47:47)
2,2 , 6,0,4,0,S, 	(30-MAY-2025 15:47:47)
2,2 , 6,0,4,0,S, 	(30-MAY-2025 15:47:47)
2,2 , 6,0,4,0,S, 	(30-MAY-2025 15:47:47)
2,2 , 6,0,4,0,S, 	(30-MAY-2025 15:47:47)
2,2 , 6,0,4,0,S, 	(30-MAY-2025 15:47:47)
2,2 , 6,0,4,0,S, 	(30-MAY-2025 15:47:47)
2,2 , 6,0,4,0,S, 	(30-MAY-2025 15:47:47)
2,2 , 6,0,4,0,S, 	(30-MAY-2025 15:47:47)
2,2 , 6,0,4,0,S, 	(30-MAY-2025 15:47:47)
2,2 , 6,0,4,0,S, 	(30-MAY-2025 15:47:47)
2,2 , 6,0,4,0,S, 	(30-MAY-2025 15:47:47)
2,2 , 6,0,4,0,S, 	(30-MAY-2025 15:47:47)
2,2 , 3,0,12,0,S, 	(30-MAY-2025 15:47:47)
2,2 , 3,0,12,0,S, 	(30-MAY-2025 15:47:47)
2,2 , 3,0,12,0,S, 	(30-MAY-2025 15:47:47)
2,2 , 3,0,12,0,S, 	(30-MAY-2025 15:47:47)
2,2 , 3,0,12,0,S, 	(30-MAY-2025 15:47:47)
2,2 , 3,0,12,0,S, 	(30-MAY-2025 15:47:47)
2,2 , 3,0,12,0,S, 	(30-MAY-2025 15:47:47)
2,2 , 3,0,12,0,S, 	(30-MAY-2025 15:47:47)
2,2 , 3,0,12,0,S, 	(30-MAY-2025 15:47:47)
2,2 , 3,0,12,0,S, 	(30-MAY-2025 15:47:47)
2,2 , 3,0,12,0,S, 	(30-MAY-2025 15:47:47)
2,2 , 3,0,12,0,S, 	(30-MAY-2025 15:47:47)
2,2 , 3,0,12,0,S, 	(30-MAY-2025 15:47:47)
2,2 , 3,0,12,0,S, 	(30-MAY-2025 15:47:47)
2,2 , 3,0,12,0,S, 	(30-MAY-2025 15:47:47)
2,2 , 4,0,2,0,S, 	(30-MAY-2025 15:47:47)
2,2 , 4,0,2,0,S, 	(30-MAY-2025 15:47:47)
2,2 , 4,0,2,0,S, 	(30-MAY-2025 15:47:47)
2,2 , 4,0,2,0,S, 	(30-MAY-2025 15:47:47)
2,2 , 4,0,2,0,S, 	(30-MAY-2025 15:47:47)
2,2 , 4,0,2,0,S, 	(30-MAY-2025 15:47:47)
2,2 , 4,0,2,0,S, 	(30-MAY-2025 15:47:47)
2,2 , 4,0,2,0,S, 	(30-MAY-2025 15:47:47)
2,2 , 4,0,2,0,S, 	(30-MAY-2025 15:47:47)
2,2 , 4,0,2,0,S, 	(30-MAY-2025 15:47:47)
2,2 , 4,0,2,0,S, 	(30-MAY-2025 15:47:47)
2,2 , 4,0,2,0,S, 	(30-MAY-2025 15:47:47)
2,2 , 4,0,2,0,S, 	(30-MAY-2025 15:47:47)
2,2 , 4,0,2,0,S, 	(30-MAY-2025 15:47:47)
2,2 , 4,0,2,0,S, 	(30-MAY-2025 15:47:47)
2,2 , 4,0,3,0,S, 	(30-MAY-2025 15:47:47)
2,2 , 4,0,3,0,S, 	(30-MAY-2025 15:47:47)
2,2 , 4,0,3,0,S, 	(30-MAY-2025 15:47:47)
2,2 , 4,0,3,0,S, 	(30-MAY-2025 15:47:47)
2,2 , 4,0,3,0,S, 	(30-MAY-2025 15:47:47)
2,2 , 4,0,3,0,S, 	(30-MAY-2025 15:47:47)
2,2 , 4,0,3,0,S, 	(30-MAY-2025 15:47:47)
2,2 , 4,0,3,0,S, 	(30-MAY-2025 15:47:47)
2,2 , 4,0,3,0,S, 	(30-MAY-2025 15:47:47)
2,2 , 4,0,3,0,S, 	(30-MAY-2025 15:47:47)
2,2 , 4,0,3,0,S, 	(30-MAY-2025 15:47:47)
2,2 , 4,0,3,0,S, 	(30-MAY-2025 15:47:47)
2,2 , 4,0,3,0,S, 	(30-MAY-2025 15:47:47)
2,2 , 4,0,3,0,S, 	(30-MAY-2025 15:47:47)
2,2 , 4,0,3,0,S, 	(30-MAY-2025 15:47:47)
2,2 , 4,0,3,0,S, 	(30-MAY-2025 15:47:47)
2,2 , 4,0,4,0,S, 	(30-MAY-2025 15:47:47)
2,2 , 4,0,4,0,S, 	(30-MAY-2025 15:47:47)
2,2 , 4,0,4,0,S, 	(30-MAY-2025 15:47:47)
2,2 , 4,0,4,0,S, 	(30-MAY-2025 15:47:47)
2,2 , 4,0,4,0,S, 	(30-MAY-2025 15:47:47)
2,2 , 4,0,4,0,S, 	(30-MAY-2025 15:47:47)
2,2 , 4,0,4,0,S, 	(30-MAY-2025 15:47:47)
2,2 , 4,0,4,0,S, 	(30-MAY-2025 15:47:47)
2,2 , 4,0,4,0,S, 	(30-MAY-2025 15:47:47)
2,2 , 4,0,4,0,S, 	(30-MAY-2025 15:47:47)
2,2 , 4,0,4,0,S, 	(30-MAY-2025 15:47:47)
2,2 , 4,0,4,0,S, 	(30-MAY-2025 15:47:47)
2,2 , 4,0,4,0,S, 	(30-MAY-2025 15:47:47)
2,2 , 4,0,4,0,S, 	(30-MAY-2025 15:47:47)
2,2 , 4,0,4,0,S, 	(30-MAY-2025 15:47:47)
2,2 , 4,0,4,0,S, 	(30-MAY-2025 15:47:47)
2,2 , 5,0,1,0,S, 	(30-MAY-2025 15:47:47)
2,2 , 5,0,1,0,S, 	(30-MAY-2025 15:47:47)
2,2 , 5,0,1,0,S, 	(30-MAY-2025 15:47:47)
2,2 , 5,0,1,0,S, 	(30-MAY-2025 15:47:47)
2,2 , 5,0,1,0,S, 	(30-MAY-2025 15:47:47)
2,2 , 5,0,1,0,S, 	(30-MAY-2025 15:47:47)
2,2 , 5,0,1,0,S, 	(30-MAY-2025 15:47:47)
2,2 , 5,0,1,0,S, 	(30-MAY-2025 15:47:47)
2,2 , 5,0,1,0,S, 	(30-MAY-2025 15:47:47)
2,2 , 5,0,1,0,S, 	(30-MAY-2025 15:47:47)
2,2 , 5,0,1,0,S, 	(30-MAY-2025 15:47:47)
2,2 , 5,0,1,0,S, 	(30-MAY-2025 15:47:47)
2,2 , 5,0,1,0,S, 	(30-MAY-2025 15:47:47)
2,2 , 5,0,1,0,S, 	(30-MAY-2025 15:47:47)
2,2 , 5,0,1,0,S, 	(30-MAY-2025 15:47:47)
2,2 , 2,0,4,1,S, 	(30-MAY-2025 15:47:47)
2,2 , 2,0,4,1,S, 	(30-MAY-2025 15:47:47)
2,2 , 2,0,4,1,S, 	(30-MAY-2025 15:47:47)
2,2 , 2,0,4,1,S, 	(30-MAY-2025 15:47:47)
2,2 , 2,0,4,1,S, 	(30-MAY-2025 15:47:47)
2,2 , 2,0,4,1,S, 	(30-MAY-2025 15:47:47)
2,2 , 2,0,4,1,S, 	(30-MAY-2025 15:47:47)
2,2 , 2,0,4,1,S, 	(30-MAY-2025 15:47:47)
2,2 , 3,0,3,0,S, 	(30-MAY-2025 15:47:47)
2,2 , 3,0,3,0,S, 	(30-MAY-2025 15:47:47)
2,2 , 3,0,3,0,S, 	(30-MAY-2025 15:47:47)
2,2 , 3,0,3,0,S, 	(30-MAY-2025 15:47:47)
2,2 , 3,0,3,0,S, 	(30-MAY-2025 15:47:47)
2,2 , 3,0,3,0,S, 	(30-MAY-2025 15:47:47)
2,2 , 3,0,3,0,S, 	(30-MAY-2025 15:47:47)
2,2 , 3,0,3,0,S, 	(30-MAY-2025 15:47:47)
2,2 , 3,0,3,0,S, 	(30-MAY-2025 15:47:47)
2,2 , 3,0,3,0,S, 	(30-MAY-2025 15:47:47)
2,2 , 3,0,3,0,S, 	(30-MAY-2025 15:47:47)
2,2 , 3,0,3,0,S, 	(30-MAY-2025 15:47:47)
2,2 , 3,0,3,0,S, 	(30-MAY-2025 15:47:47)
2,2 , 3,0,3,0,S, 	(30-MAY-2025 15:47:47)
2,2 , 3,0,3,0,S, 	(30-MAY-2025 15:47:47)
2,2 , 3,0,3,0,S, 	(30-MAY-2025 15:47:47)
2,2 , 3,0,11,0,S, 	(30-MAY-2025 15:47:47)
2,2 , 3,0,11,0,S, 	(30-MAY-2025 15:47:47)
2,2 , 3,0,11,0,S, 	(30-MAY-2025 15:47:47)
2,2 , 3,0,11,0,S, 	(30-MAY-2025 15:47:47)
2,2 , 3,0,11,0,S, 	(30-MAY-2025 15:47:47)
2,2 , 3,0,11,0,S, 	(30-MAY-2025 15:47:47)
2,2 , 3,0,11,0,S, 	(30-MAY-2025 15:47:47)
2,2 , 3,0,11,0,S, 	(30-MAY-2025 15:47:47)
2,2 , 3,0,11,0,S, 	(30-MAY-2025 15:47:47)
2,2 , 3,0,11,0,S, 	(30-MAY-2025 15:47:47)
2,2 , 3,0,11,0,S, 	(30-MAY-2025 15:47:47)
2,2 , 3,0,11,0,S, 	(30-MAY-2025 15:47:47)
2,2 , 3,0,11,0,S, 	(30-MAY-2025 15:47:47)
2,2 , 3,0,11,0,S, 	(30-MAY-2025 15:47:47)
2,2 , 3,0,11,0,S, 	(30-MAY-2025 15:47:47)
2,2 , 2,0,1,0,S, 	(30-MAY-2025 15:47:47)
2,2 , 2,0,1,0,S, 	(30-MAY-2025 15:47:47)
2,2 , 2,0,1,0,S, 	(30-MAY-2025 15:47:47)
2,2 , 2,0,1,0,S, 	(30-MAY-2025 15:47:47)
2,2 , 2,0,1,0,S, 	(30-MAY-2025 15:47:47)
2,2 , 2,0,1,0,S, 	(30-MAY-2025 15:47:47)
2,2 , 2,0,1,0,S, 	(30-MAY-2025 15:47:47)
2,2 , 2,0,1,0,S, 	(30-MAY-2025 15:47:47)
2,2 , 2,0,1,0,S, 	(30-MAY-2025 15:47:47)
2,2 , 2,0,1,0,S, 	(30-MAY-2025 15:47:47)
2,2 , 2,0,1,0,S, 	(30-MAY-2025 15:47:47)
2,2 , 2,0,1,0,S, 	(30-MAY-2025 15:47:47)
2,2 , 2,0,1,0,S, 	(30-MAY-2025 15:47:47)
2,2 , 2,0,1,0,S, 	(30-MAY-2025 15:47:47)
2,2 , 2,0,1,0,S, 	(30-MAY-2025 15:47:47)
2,2 , 3,0,5,0,S, 	(30-MAY-2025 15:47:47)
2,2 , 3,0,5,0,S, 	(30-MAY-2025 15:47:47)
2,2 , 3,0,5,0,S, 	(30-MAY-2025 15:47:47)
2,2 , 3,0,5,0,S, 	(30-MAY-2025 15:47:47)
2,2 , 3,0,5,0,S, 	(30-MAY-2025 15:47:47)
2,2 , 3,0,5,0,S, 	(30-MAY-2025 15:47:47)
2,2 , 3,0,5,0,S, 	(30-MAY-2025 15:47:47)
2,2 , 3,0,5,0,S, 	(30-MAY-2025 15:47:47)
2,2 , 3,0,5,0,S, 	(30-MAY-2025 15:47:47)
2,2 , 3,0,5,0,S, 	(30-MAY-2025 15:47:47)
2,2 , 3,0,5,0,S, 	(30-MAY-2025 15:47:47)
2,2 , 3,0,5,0,S, 	(30-MAY-2025 15:47:47)
2,2 , 3,0,5,0,S, 	(30-MAY-2025 15:47:47)
2,2 , 3,0,5,0,S, 	(30-MAY-2025 15:47:47)
2,2 , 3,0,5,0,S, 	(30-MAY-2025 15:47:47)
2,2 , 3,0,5,0,S, 	(30-MAY-2025 15:47:47)
2,2 , 2,0,3,0,S, 	(30-MAY-2025 15:47:47)
2,2 , 2,0,3,0,S, 	(30-MAY-2025 15:47:47)
2,2 , 2,0,3,0,S, 	(30-MAY-2025 15:47:47)
2,2 , 2,0,3,0,S, 	(30-MAY-2025 15:47:47)
2,2 , 2,0,3,0,S, 	(30-MAY-2025 15:47:47)
2,2 , 2,0,3,0,S, 	(30-MAY-2025 15:47:47)
2,2 , 2,0,3,0,S, 	(30-MAY-2025 15:47:47)
2,2 , 2,0,3,0,S, 	(30-MAY-2025 15:47:47)
2,2 , 2,0,2,0,S, 	(30-MAY-2025 15:47:47)
2,2 , 2,0,2,0,S, 	(30-MAY-2025 15:47:47)
2,2 , 2,0,2,0,S, 	(30-MAY-2025 15:47:47)
2,2 , 2,0,2,0,S, 	(30-MAY-2025 15:47:47)
2,2 , 2,0,2,0,S, 	(30-MAY-2025 15:47:47)
2,2 , 2,0,2,0,S, 	(30-MAY-2025 15:47:47)
2,2 , 2,0,2,0,S, 	(30-MAY-2025 15:47:47)
2,2 , 2,0,2,0,S, 	(30-MAY-2025 15:47:47)
2,2 , 2,0,2,0,S, 	(30-MAY-2025 15:47:47)
2,2 , 2,0,2,0,S, 	(30-MAY-2025 15:47:47)
2,2 , 2,0,2,0,S, 	(30-MAY-2025 15:47:47)
2,2 , 2,0,2,0,S, 	(30-MAY-2025 15:47:47)
2,2 , 2,0,2,0,S, 	(30-MAY-2025 15:47:47)
2,2 , 2,0,2,0,S, 	(30-MAY-2025 15:47:47)
2,2 , 2,0,2,0,S, 	(30-MAY-2025 15:47:47)
2,2 , 2,0,2,0,S, 	(30-MAY-2025 15:47:47)
2,2 , 3,0,6,0,S, 	(30-MAY-2025 15:47:47)
2,2 , 3,0,6,0,S, 	(30-MAY-2025 15:47:47)
2,2 , 3,0,6,0,S, 	(30-MAY-2025 15:47:47)
2,2 , 3,0,6,0,S, 	(30-MAY-2025 15:47:47)
2,2 , 3,0,6,0,S, 	(30-MAY-2025 15:47:47)
2,2 , 3,0,6,0,S, 	(30-MAY-2025 15:47:47)
2,2 , 3,0,6,0,S, 	(30-MAY-2025 15:47:47)
2,2 , 3,0,6,0,S, 	(30-MAY-2025 15:47:47)
2,2 , 3,0,6,0,S, 	(30-MAY-2025 15:47:47)
2,2 , 3,0,6,0,S, 	(30-MAY-2025 15:47:47)
2,2 , 3,0,6,0,S, 	(30-MAY-2025 15:47:47)
2,2 , 3,0,6,0,S, 	(30-MAY-2025 15:47:47)
2,2 , 3,0,6,0,S, 	(30-MAY-2025 15:47:47)
2,2 , 3,0,6,0,S, 	(30-MAY-2025 15:47:47)
2,2 , 3,0,6,0,S, 	(30-MAY-2025 15:47:47)
2,2 , 3,0,10,0,S, 	(30-MAY-2025 15:47:47)
2,2 , 3,0,10,0,S, 	(30-MAY-2025 15:47:47)
2,2 , 3,0,10,0,S, 	(30-MAY-2025 15:47:47)
2,2 , 3,0,10,0,S, 	(30-MAY-2025 15:47:47)
2,2 , 3,0,10,0,S, 	(30-MAY-2025 15:47:47)
2,2 , 3,0,10,0,S, 	(30-MAY-2025 15:47:47)
2,2 , 3,0,10,0,S, 	(30-MAY-2025 15:47:47)
2,2 , 3,0,10,0,S, 	(30-MAY-2025 15:47:47)
2,2 , 3,0,10,0,S, 	(30-MAY-2025 15:47:47)
2,2 , 3,0,10,0,S, 	(30-MAY-2025 15:47:47)
2,2 , 3,0,10,0,S, 	(30-MAY-2025 15:47:47)
2,2 , 3,0,10,0,S, 	(30-MAY-2025 15:47:47)
2,2 , 3,0,10,0,S, 	(30-MAY-2025 15:47:47)
2,2 , 3,0,10,0,S, 	(30-MAY-2025 15:47:47)
2,2 , 3,0,10,0,S, 	(30-MAY-2025 15:47:47)
2,2 , 3,0,10,0,S, 	(30-MAY-2025 15:47:47)
2,2 , 3,0,1,0,S, 	(30-MAY-2025 15:47:47)
2,2 , 3,0,1,0,S, 	(30-MAY-2025 15:47:47)
2,2 , 3,0,1,0,S, 	(30-MAY-2025 15:47:47)
2,2 , 3,0,1,0,S, 	(30-MAY-2025 15:47:47)
2,2 , 3,0,1,0,S, 	(30-MAY-2025 15:47:47)
2,2 , 3,0,1,0,S, 	(30-MAY-2025 15:47:47)
2,2 , 3,0,1,0,S, 	(30-MAY-2025 15:47:47)
2,2 , 3,0,1,0,S, 	(30-MAY-2025 15:47:47)
2,2 , 3,0,1,0,S, 	(30-MAY-2025 15:47:47)
2,2 , 3,0,1,0,S, 	(30-MAY-2025 15:47:47)
2,2 , 3,0,1,0,S, 	(30-MAY-2025 15:47:47)
2,2 , 3,0,1,0,S, 	(30-MAY-2025 15:47:47)
2,2 , 3,0,1,0,S, 	(30-MAY-2025 15:47:47)
2,2 , 3,0,1,0,S, 	(30-MAY-2025 15:47:47)
2,2 , 3,0,1,0,S, 	(30-MAY-2025 15:47:47)
2,2 , 6,0,3,0,S, 	(30-MAY-2025 15:47:47)
2,2 , 6,0,3,0,S, 	(30-MAY-2025 15:47:47)
2,2 , 6,0,3,0,S, 	(30-MAY-2025 15:47:47)
2,2 , 6,0,3,0,S, 	(30-MAY-2025 15:47:47)
2,2 , 6,0,3,0,S, 	(30-MAY-2025 15:47:47)
2,2 , 6,0,3,0,S, 	(30-MAY-2025 15:47:47)
2,2 , 6,0,3,0,S, 	(30-MAY-2025 15:47:47)
2,2 , 6,0,3,0,S, 	(30-MAY-2025 15:47:47)
2,2 , 6,0,3,0,S, 	(30-MAY-2025 15:47:47)
2,2 , 6,0,3,0,S, 	(30-MAY-2025 15:47:47)
2,2 , 6,0,3,0,S, 	(30-MAY-2025 15:47:47)
2,2 , 6,0,3,0,S, 	(30-MAY-2025 15:47:47)
2,2 , 6,0,3,0,S, 	(30-MAY-2025 15:47:47)
2,2 , 6,0,3,0,S, 	(30-MAY-2025 15:47:47)
2,2 , 6,0,3,0,S, 	(30-MAY-2025 15:47:47)
2,2 , 6,0,3,0,S, 	(30-MAY-2025 15:47:47)
2,2 , 6,0,3,0,S, 	(30-MAY-2025 15:47:47)
2,2 , 6,0,3,0,S, 	(30-MAY-2025 15:47:47)
2,2 , 6,0,3,0,S, 	(30-MAY-2025 15:47:47)
2,2 , 6,0,3,0,S, 	(30-MAY-2025 15:47:47)
2,2 , 6,0,3,0,S, 	(30-MAY-2025 15:47:47)
2,2 , 6,0,3,0,S, 	(30-MAY-2025 15:47:47)
2,2 , 6,0,3,0,S, 	(30-MAY-2025 15:47:47)
2,2 , 6,0,3,0,S, 	(30-MAY-2025 15:47:47)
2,2 , 6,0,3,0,S, 	(30-MAY-2025 15:47:47)
2,2 , 6,0,3,0,S, 	(30-MAY-2025 15:47:47)
2,2 , 6,0,3,0,S, 	(30-MAY-2025 15:47:47)
2,2 , 6,0,3,0,S, 	(30-MAY-2025 15:47:47)
2,2 , 6,0,3,0,S, 	(30-MAY-2025 15:47:47)
2,2 , 6,0,3,0,S, 	(30-MAY-2025 15:47:47)
2,2 , 6,0,3,0,S, 	(30-MAY-2025 15:47:47)
2,2 , 6,0,5,0,S, 	(30-MAY-2025 15:47:47)
2,2 , 6,0,5,0,S, 	(30-MAY-2025 15:47:47)
2,2 , 6,0,5,0,S, 	(30-MAY-2025 15:47:47)
2,2 , 6,0,5,0,S, 	(30-MAY-2025 15:47:47)
2,2 , 6,0,5,0,S, 	(30-MAY-2025 15:47:47)
2,2 , 6,0,5,0,S, 	(30-MAY-2025 15:47:47)
2,2 , 6,0,5,0,S, 	(30-MAY-2025 15:47:47)
2,2 , 6,0,5,0,S, 	(30-MAY-2025 15:47:47)
2,2 , 6,0,5,0,S, 	(30-MAY-2025 15:47:47)
2,2 , 6,0,5,0,S, 	(30-MAY-2025 15:47:47)
2,2 , 6,0,5,0,S, 	(30-MAY-2025 15:47:47)
2,2 , 6,0,5,0,S, 	(30-MAY-2025 15:47:47)
2,2 , 6,0,5,0,S, 	(30-MAY-2025 15:47:47)
2,2 , 6,0,5,0,S, 	(30-MAY-2025 15:47:47)
2,2 , 6,0,5,0,S, 	(30-MAY-2025 15:47:47)
2,2 , 6,0,5,2,S, 	(30-MAY-2025 15:47:47)
2,2 , 6,0,5,2,S, 	(30-MAY-2025 15:47:47)
2,2 , 6,0,5,2,S, 	(30-MAY-2025 15:47:47)
2,2 , 6,0,5,2,S, 	(30-MAY-2025 15:47:47)
2,2 , 6,0,5,2,S, 	(30-MAY-2025 15:47:47)
2,2 , 6,0,5,2,S, 	(30-MAY-2025 15:47:47)
2,2 , 6,0,5,2,S, 	(30-MAY-2025 15:47:47)
2,2 , 6,0,5,2,S, 	(30-MAY-2025 15:47:47)
2,2 , 6,0,5,2,S, 	(30-MAY-2025 15:47:47)
2,2 , 6,0,5,2,S, 	(30-MAY-2025 15:47:47)
2,2 , 6,0,5,2,S, 	(30-MAY-2025 15:47:47)
2,2 , 6,0,5,2,S, 	(30-MAY-2025 15:47:47)
2,2 , 6,0,5,2,S, 	(30-MAY-2025 15:47:47)
2,2 , 6,0,5,2,S, 	(30-MAY-2025 15:47:47)
2,2 , 6,0,5,2,S, 	(30-MAY-2025 15:47:47)
2,2 , 6,0,9,0,S, 	(30-MAY-2025 15:47:47)
2,2 , 6,0,9,0,S, 	(30-MAY-2025 15:47:47)
2,2 , 6,0,9,0,S, 	(30-MAY-2025 15:47:47)
2,2 , 6,0,9,0,S, 	(30-MAY-2025 15:47:47)
2,2 , 6,0,9,0,S, 	(30-MAY-2025 15:47:47)
2,2 , 6,0,9,0,S, 	(30-MAY-2025 15:47:47)
2,2 , 6,0,9,0,S, 	(30-MAY-2025 15:47:47)
2,2 , 6,0,9,0,S, 	(30-MAY-2025 15:47:47)
2,2 , 6,0,9,0,S, 	(30-MAY-2025 15:47:47)
2,2 , 6,0,9,0,S, 	(30-MAY-2025 15:47:47)
2,2 , 6,0,9,0,S, 	(30-MAY-2025 15:47:47)
2,2 , 6,0,9,0,S, 	(30-MAY-2025 15:47:47)
2,2 , 6,0,9,0,S, 	(30-MAY-2025 15:47:47)
2,2 , 6,0,9,0,S, 	(30-MAY-2025 15:47:47)
2,2 , 6,0,9,0,S, 	(30-MAY-2025 15:47:47)
2,2 , 6,0,9,0,S, 	(30-MAY-2025 15:47:47)
2,2 , 6,0,10,0,S, 	(30-MAY-2025 15:47:47)
2,2 , 6,0,10,0,S, 	(30-MAY-2025 15:47:47)
2,2 , 6,0,10,0,S, 	(30-MAY-2025 15:47:47)
2,2 , 6,0,10,0,S, 	(30-MAY-2025 15:47:47)
2,2 , 6,0,10,0,S, 	(30-MAY-2025 15:47:47)
2,2 , 6,0,10,0,S, 	(30-MAY-2025 15:47:47)
2,2 , 6,0,10,0,S, 	(30-MAY-2025 15:47:47)
2,2 , 6,0,10,0,S, 	(30-MAY-2025 15:47:47)
2,2 , 6,0,10,0,S, 	(30-MAY-2025 15:47:47)
2,2 , 6,0,10,0,S, 	(30-MAY-2025 15:47:47)
2,2 , 6,0,10,0,S, 	(30-MAY-2025 15:47:47)
2,2 , 6,0,10,0,S, 	(30-MAY-2025 15:47:47)
2,2 , 6,0,10,0,S, 	(30-MAY-2025 15:47:47)
2,2 , 6,0,10,0,S, 	(30-MAY-2025 15:47:47)
2,2 , 6,0,10,0,S, 	(30-MAY-2025 15:47:47)
2,2 , 6,0,10,0,S, 	(30-MAY-2025 15:47:47)
2,2 , 6,0,10,0,S, 	(30-MAY-2025 15:47:47)
2,2 , 6,0,10,0,S, 	(30-MAY-2025 15:47:47)
2,2 , 6,0,10,0,S, 	(30-MAY-2025 15:47:47)
2,2 , 6,0,10,0,S, 	(30-MAY-2025 15:47:47)
2,2 , 6,0,10,0,S, 	(30-MAY-2025 15:47:47)
2,2 , 6,0,10,0,S, 	(30-MAY-2025 15:47:47)
2,2 , 6,0,10,0,S, 	(30-MAY-2025 15:47:47)
2,2 , 6,0,10,0,S, 	(30-MAY-2025 15:47:47)
2,2 , 6,0,10,0,S, 	(30-MAY-2025 15:47:47)
2,2 , 6,0,10,0,S, 	(30-MAY-2025 15:47:47)
2,2 , 6,0,10,0,S, 	(30-MAY-2025 15:47:47)
2,2 , 6,0,10,0,S, 	(30-MAY-2025 15:47:47)
2,2 , 6,0,10,0,S, 	(30-MAY-2025 15:47:47)
2,2 , 6,0,10,0,S, 	(30-MAY-2025 15:47:47)
2,2 , 6,2,11,0,S, 	(30-MAY-2025 15:47:47)
2,2 , 6,2,11,0,S, 	(30-MAY-2025 15:47:47)
2,2 , 6,2,11,0,S, 	(30-MAY-2025 15:47:47)
2,2 , 6,2,11,0,S, 	(30-MAY-2025 15:47:47)
2,2 , 6,2,11,0,S, 	(30-MAY-2025 15:47:47)
2,2 , 6,2,11,0,S, 	(30-MAY-2025 15:47:47)
2,2 , 6,2,11,0,S, 	(30-MAY-2025 15:47:47)
2,2 , 6,2,11,0,S, 	(30-MAY-2025 15:47:47)
2,2 , 6,2,11,0,S, 	(30-MAY-2025 15:47:47)
2,2 , 6,2,11,0,S, 	(30-MAY-2025 15:47:47)
2,2 , 6,2,11,0,S, 	(30-MAY-2025 15:47:47)
2,2 , 6,2,11,0,S, 	(30-MAY-2025 15:47:47)
2,2 , 6,2,11,0,S, 	(30-MAY-2025 15:47:47)
2,2 , 6,2,11,0,S, 	(30-MAY-2025 15:47:47)
2,2 , 6,2,11,0,S, 	(30-MAY-2025 15:47:47)
2,2 , 6,2,11,0,S, 	(30-MAY-2025 15:47:47)
2,2 , 6,2,11,0,S, 	(30-MAY-2025 15:47:47)
2,2 , 6,2,11,0,S, 	(30-MAY-2025 15:47:47)
2,2 , 6,2,11,0,S, 	(30-MAY-2025 15:47:47)
2,2 , 6,2,11,0,S, 	(30-MAY-2025 15:47:47)
2,2 , 6,2,11,0,S, 	(30-MAY-2025 15:47:47)
2,2 , 6,2,11,0,S, 	(30-MAY-2025 15:47:47)
2,2 , 6,2,11,0,S, 	(30-MAY-2025 15:47:47)
2,2 , 6,2,11,0,S, 	(30-MAY-2025 15:47:47)
2,2 , 6,2,11,0,S, 	(30-MAY-2025 15:47:47)
2,2 , 6,2,11,0,S, 	(30-MAY-2025 15:47:47)
2,2 , 6,2,11,0,S, 	(30-MAY-2025 15:47:47)
2,2 , 6,2,11,0,S, 	(30-MAY-2025 15:47:47)
2,2 , 6,0,6,0,S, 	(30-MAY-2025 15:47:47)
2,2 , 6,0,6,0,S, 	(30-MAY-2025 15:47:47)
2,2 , 6,0,6,0,S, 	(30-MAY-2025 15:47:47)
2,2 , 6,0,6,0,S, 	(30-MAY-2025 15:47:47)
2,2 , 6,0,6,0,S, 	(30-MAY-2025 15:47:47)
2,2 , 6,0,6,0,S, 	(30-MAY-2025 15:47:47)
2,2 , 6,0,6,0,S, 	(30-MAY-2025 15:47:47)
2,2 , 6,0,6,0,S, 	(30-MAY-2025 15:47:47)
2,2 , 6,0,6,0,S, 	(30-MAY-2025 15:47:47)
2,2 , 6,0,6,0,S, 	(30-MAY-2025 15:47:47)
2,2 , 6,0,6,0,S, 	(30-MAY-2025 15:47:47)
2,2 , 6,0,6,0,S, 	(30-MAY-2025 15:47:47)
2,2 , 6,0,6,0,S, 	(30-MAY-2025 15:47:47)
2,2 , 6,0,6,0,S, 	(30-MAY-2025 15:47:47)
2,2 , 6,0,6,0,S, 	(30-MAY-2025 15:47:47)
2,2 , 6,0,6,0,S, 	(30-MAY-2025 15:47:47)
2,2 , 6,0,6,0,S, 	(30-MAY-2025 15:47:47)
2,2 , 6,0,6,0,S, 	(30-MAY-2025 15:47:47)
2,2 , 6,0,6,0,S, 	(30-MAY-2025 15:47:47)
2,2 , 6,0,6,0,S, 	(30-MAY-2025 15:47:47)
2,2 , 6,0,6,0,S, 	(30-MAY-2025 15:47:47)
2,2 , 6,0,6,0,S, 	(30-MAY-2025 15:47:47)
2,2 , 6,0,6,0,S, 	(30-MAY-2025 15:47:47)
2,2 , 6,0,6,0,S, 	(30-MAY-2025 15:47:47)
2,2 , 6,0,6,0,S, 	(30-MAY-2025 15:47:47)
2,2 , 6,0,6,0,S, 	(30-MAY-2025 15:47:47)
2,2 , 6,0,6,0,S, 	(30-MAY-2025 15:47:47)
2,2 , 6,0,6,0,S, 	(30-MAY-2025 15:47:47)
2,2 , 6,0,6,0,S, 	(30-MAY-2025 15:47:47)
2,2 , 6,0,6,0,S, 	(30-MAY-2025 15:47:47)
2,2 , 6,0,6,0,S, 	(30-MAY-2025 15:47:47)
2,2 , 6,0,2,1,S, 	(30-MAY-2025 15:47:47)
2,2 , 6,0,2,1,S, 	(30-MAY-2025 15:47:47)
2,2 , 6,0,2,1,S, 	(30-MAY-2025 15:47:47)
2,2 , 6,0,2,1,S, 	(30-MAY-2025 15:47:47)
2,2 , 6,0,2,1,S, 	(30-MAY-2025 15:47:47)
2,2 , 6,0,2,1,S, 	(30-MAY-2025 15:47:47)
2,2 , 6,0,2,1,S, 	(30-MAY-2025 15:47:47)
2,2 , 6,0,2,1,S, 	(30-MAY-2025 15:47:47)
2,2 , 6,0,2,1,S, 	(30-MAY-2025 15:47:47)
2,2 , 6,0,2,1,S, 	(30-MAY-2025 15:47:47)
2,2 , 6,0,2,1,S, 	(30-MAY-2025 15:47:47)
2,2 , 6,0,2,1,S, 	(30-MAY-2025 15:47:47)
2,2 , 6,0,7,0,S, 	(30-MAY-2025 15:47:47)
2,2 , 6,0,7,0,S, 	(30-MAY-2025 15:47:47)
2,2 , 6,0,7,0,S, 	(30-MAY-2025 15:47:47)
2,2 , 6,0,7,0,S, 	(30-MAY-2025 15:47:47)
2,2 , 6,0,7,0,S, 	(30-MAY-2025 15:47:47)
2,2 , 6,0,7,0,S, 	(30-MAY-2025 15:47:47)
2,2 , 6,0,7,0,S, 	(30-MAY-2025 15:47:47)
2,2 , 6,0,7,0,S, 	(30-MAY-2025 15:47:47)
2,2 , 6,0,7,0,S, 	(30-MAY-2025 15:47:47)
2,2 , 6,0,7,0,S, 	(30-MAY-2025 15:47:47)
2,2 , 6,0,7,0,S, 	(30-MAY-2025 15:47:47)
2,2 , 6,0,7,0,S, 	(30-MAY-2025 15:47:47)
2,2 , 6,0,7,0,S, 	(30-MAY-2025 15:47:47)
2,2 , 6,0,7,0,S, 	(30-MAY-2025 15:47:47)
2,2 , 6,0,7,0,S, 	(30-MAY-2025 15:47:47)
2,2 , 6,0,7,0,S, 	(30-MAY-2025 15:47:47)
2,2 , 6,0,7,0,S, 	(30-MAY-2025 15:47:47)
2,2 , 6,0,7,0,S, 	(30-MAY-2025 15:47:47)
2,2 , 6,0,7,0,S, 	(30-MAY-2025 15:47:47)
2,2 , 6,0,7,0,S, 	(30-MAY-2025 15:47:47)
2,2 , 6,0,7,0,S, 	(30-MAY-2025 15:47:47)
2,2 , 6,0,7,0,S, 	(30-MAY-2025 15:47:47)
2,2 , 6,2,14,0,S, 	(30-MAY-2025 15:47:47)
2,2 , 6,2,14,0,S, 	(30-MAY-2025 15:47:47)
2,2 , 6,2,14,0,S, 	(30-MAY-2025 15:47:47)
2,2 , 6,2,14,0,S, 	(30-MAY-2025 15:47:47)
2,2 , 6,2,14,0,S, 	(30-MAY-2025 15:47:47)
2,2 , 6,2,14,0,S, 	(30-MAY-2025 15:47:47)
2,2 , 6,2,14,0,S, 	(30-MAY-2025 15:47:47)
2,2 , 6,2,14,0,S, 	(30-MAY-2025 15:47:47)
2,2 , 6,2,14,0,S, 	(30-MAY-2025 15:47:47)
2,2 , 6,2,14,0,S, 	(30-MAY-2025 15:47:47)
2,2 , 6,2,14,0,S, 	(30-MAY-2025 15:47:47)
2,2 , 6,2,14,0,S, 	(30-MAY-2025 15:47:47)
2,2 , 6,2,14,0,S, 	(30-MAY-2025 15:47:47)
2,2 , 6,2,14,0,S, 	(30-MAY-2025 15:47:47)
2,2 , 6,2,14,0,S, 	(30-MAY-2025 15:47:47)
2,2 , 6,2,14,0,S, 	(30-MAY-2025 15:47:47)
2,2 , 6,2,14,0,S, 	(30-MAY-2025 15:47:47)
2,2 , 6,2,14,0,S, 	(30-MAY-2025 15:47:47)
2,2 , 6,2,14,0,S, 	(30-MAY-2025 15:47:47)
2,2 , 6,2,14,0,S, 	(30-MAY-2025 15:47:47)
2,2 , 6,2,14,0,S, 	(30-MAY-2025 15:47:47)
2,2 , 6,2,14,0,S, 	(30-MAY-2025 15:47:47)
2,2 , 6,2,14,0,S, 	(30-MAY-2025 15:47:47)
2,2 , 6,2,14,0,S, 	(30-MAY-2025 15:47:47)
2,2 , 6,2,14,0,S, 	(30-MAY-2025 15:47:47)
2,2 , 6,2,14,0,S, 	(30-MAY-2025 15:47:47)
2,2 , 6,2,14,0,S, 	(30-MAY-2025 15:47:48)
2,2 , 6,2,14,0,S, 	(30-MAY-2025 15:47:48)
2,2 , 6,2,14,0,S, 	(30-MAY-2025 15:47:48)
2,2 , 6,2,14,0,S, 	(30-MAY-2025 15:47:48)
2,2 , 6,2,14,0,S, 	(30-MAY-2025 15:47:48)
2,2 , 6,2,15,0,S, 	(30-MAY-2025 15:47:48)
2,2 , 6,2,15,0,S, 	(30-MAY-2025 15:47:48)
2,2 , 6,2,15,0,S, 	(30-MAY-2025 15:47:48)
2,2 , 6,2,15,0,S, 	(30-MAY-2025 15:47:48)
2,2 , 6,2,15,0,S, 	(30-MAY-2025 15:47:48)
2,2 , 6,2,15,0,S, 	(30-MAY-2025 15:47:48)
2,2 , 6,2,15,0,S, 	(30-MAY-2025 15:47:48)
2,2 , 6,2,15,0,S, 	(30-MAY-2025 15:47:48)
2,2 , 6,2,15,0,S, 	(30-MAY-2025 15:47:48)
2,2 , 6,2,15,0,S, 	(30-MAY-2025 15:47:48)
2,2 , 6,2,15,0,S, 	(30-MAY-2025 15:47:48)
2,2 , 6,2,15,0,S, 	(30-MAY-2025 15:47:48)
2,2 , 6,2,15,0,S, 	(30-MAY-2025 15:47:48)
2,2 , 6,2,15,0,S, 	(30-MAY-2025 15:47:48)
2,2 , 6,2,15,0,S, 	(30-MAY-2025 15:47:48)
2,2 , 6,2,15,0,S, 	(30-MAY-2025 15:47:48)
2,2 , 6,2,15,0,S, 	(30-MAY-2025 15:47:48)
2,2 , 6,2,15,0,S, 	(30-MAY-2025 15:47:48)
2,2 , 6,2,15,0,S, 	(30-MAY-2025 15:47:48)
2,2 , 6,2,15,0,S, 	(30-MAY-2025 15:47:48)
2,2 , 6,2,15,0,S, 	(30-MAY-2025 15:47:48)
2,2 , 6,2,15,0,S, 	(30-MAY-2025 15:47:48)
2,2 , 6,2,15,0,S, 	(30-MAY-2025 15:47:48)
2,2 , 6,2,15,0,S, 	(30-MAY-2025 15:47:48)
2,2 , 6,2,15,0,S, 	(30-MAY-2025 15:47:48)
2,2 , 6,2,15,0,S, 	(30-MAY-2025 15:47:48)
2,2 , 6,2,15,0,S, 	(30-MAY-2025 15:47:48)
2,2 , 6,2,15,0,S, 	(30-MAY-2025 15:47:48)
2,2 , 6,2,15,0,S, 	(30-MAY-2025 15:47:48)
2,2 , 6,2,15,0,S, 	(30-MAY-2025 15:47:48)
2,2 , 6,2,15,0,S, 	(30-MAY-2025 15:47:48)
2,2 , 6,0,8,0,S, 	(30-MAY-2025 15:47:48)
2,2 , 6,0,8,0,S, 	(30-MAY-2025 15:47:48)
2,2 , 6,0,8,0,S, 	(30-MAY-2025 15:47:48)
2,2 , 6,0,8,0,S, 	(30-MAY-2025 15:47:48)
2,2 , 6,0,8,0,S, 	(30-MAY-2025 15:47:48)
2,2 , 6,0,8,0,S, 	(30-MAY-2025 15:47:48)
2,2 , 6,0,8,0,S, 	(30-MAY-2025 15:47:48)
2,2 , 6,0,8,0,S, 	(30-MAY-2025 15:47:48)
2,2 , 6,0,8,0,S, 	(30-MAY-2025 15:47:48)
2,2 , 6,0,8,0,S, 	(30-MAY-2025 15:47:48)
2,2 , 6,0,8,0,S, 	(30-MAY-2025 15:47:48)
2,2 , 6,0,8,0,S, 	(30-MAY-2025 15:47:48)
2,2 , 6,0,8,0,S, 	(30-MAY-2025 15:47:48)
2,2 , 6,0,8,0,S, 	(30-MAY-2025 15:47:48)
2,2 , 6,0,8,0,S, 	(30-MAY-2025 15:47:48)
2,2 , 6,0,8,0,S, 	(30-MAY-2025 15:47:48)
2,2 , 6,0,8,0,S, 	(30-MAY-2025 15:47:48)
2,2 , 6,0,8,0,S, 	(30-MAY-2025 15:47:48)
2,2 , 6,0,8,0,S, 	(30-MAY-2025 15:47:48)
2,2 , 6,0,8,0,S, 	(30-MAY-2025 15:47:48)
2,2 , 6,0,8,0,S, 	(30-MAY-2025 15:47:48)
2,2 , 6,0,8,0,S, 	(30-MAY-2025 15:47:48)
2,2 , 6,0,8,0,S, 	(30-MAY-2025 15:47:48)
2,2 , 6,0,8,0,S, 	(30-MAY-2025 15:47:48)
2,2 , 6,0,8,0,S, 	(30-MAY-2025 15:47:48)
2,2 , 6,0,8,0,S, 	(30-MAY-2025 15:47:48)
2,2 , 6,0,8,0,S, 	(30-MAY-2025 15:47:48)
2,2 , 6,0,8,0,S, 	(30-MAY-2025 15:47:48)
2,2 , 6,0,8,0,S, 	(30-MAY-2025 15:47:48)
2,2 , 6,0,8,0,S, 	(30-MAY-2025 15:47:48)
2,2 , 6,0,8,0,S, 	(30-MAY-2025 15:47:48)
2,2 , 6,2,13,0,S, 	(30-MAY-2025 15:47:48)
2,2 , 6,2,13,0,S, 	(30-MAY-2025 15:47:48)
2,2 , 6,2,13,0,S, 	(30-MAY-2025 15:47:48)
2,2 , 6,2,13,0,S, 	(30-MAY-2025 15:47:48)
2,2 , 6,2,13,0,S, 	(30-MAY-2025 15:47:48)
2,2 , 6,2,13,0,S, 	(30-MAY-2025 15:47:48)
2,2 , 6,2,13,0,S, 	(30-MAY-2025 15:47:48)
2,2 , 6,2,13,0,S, 	(30-MAY-2025 15:47:48)
2,2 , 6,2,13,0,S, 	(30-MAY-2025 15:47:48)
2,2 , 6,2,13,0,S, 	(30-MAY-2025 15:47:48)
2,2 , 6,2,13,0,S, 	(30-MAY-2025 15:47:48)
2,2 , 6,2,13,0,S, 	(30-MAY-2025 15:47:48)
2,2 , 6,2,13,0,S, 	(30-MAY-2025 15:47:48)
2,2 , 6,2,13,0,S, 	(30-MAY-2025 15:47:48)
2,2 , 6,2,13,0,S, 	(30-MAY-2025 15:47:48)
2,2 , 6,2,13,0,S, 	(30-MAY-2025 15:47:48)
2,2 , 6,2,13,0,S, 	(30-MAY-2025 15:47:48)
2,2 , 6,2,13,0,S, 	(30-MAY-2025 15:47:48)
2,2 , 6,2,13,0,S, 	(30-MAY-2025 15:47:48)
2,2 , 6,2,13,0,S, 	(30-MAY-2025 15:47:48)
2,2 , 6,2,13,0,S, 	(30-MAY-2025 15:47:48)
2,2 , 6,2,13,0,S, 	(30-MAY-2025 15:47:48)
2,2 , 6,2,13,0,S, 	(30-MAY-2025 15:47:48)
2,2 , 6,2,13,0,S, 	(30-MAY-2025 15:47:48)
2,2 , 6,2,13,0,S, 	(30-MAY-2025 15:47:48)
2,2 , 6,2,13,0,S, 	(30-MAY-2025 15:47:48)
2,2 , 6,2,13,0,S, 	(30-MAY-2025 15:47:48)
2,2 , 6,2,13,0,S, 	(30-MAY-2025 15:47:48)
2,2 , 6,2,13,0,S, 	(30-MAY-2025 15:47:48)
2,2 , 6,2,13,0,S, 	(30-MAY-2025 15:47:48)
2,2 , 6,2,13,0,S, 	(30-MAY-2025 15:47:48)
2,2 , 6,2,12,0,S, 	(30-MAY-2025 15:47:48)
2,2 , 6,2,12,0,S, 	(30-MAY-2025 15:47:48)
2,2 , 6,2,12,0,S, 	(30-MAY-2025 15:47:48)
2,2 , 6,2,12,0,S, 	(30-MAY-2025 15:47:48)
2,2 , 6,2,12,0,S, 	(30-MAY-2025 15:47:48)
2,2 , 6,2,12,0,S, 	(30-MAY-2025 15:47:48)
2,2 , 6,2,12,0,S, 	(30-MAY-2025 15:47:48)
2,2 , 6,2,12,0,S, 	(30-MAY-2025 15:47:48)
2,2 , 6,2,12,0,S, 	(30-MAY-2025 15:47:48)
2,2 , 6,2,12,0,S, 	(30-MAY-2025 15:47:48)
2,2 , 6,2,12,0,S, 	(30-MAY-2025 15:47:48)
2,2 , 6,2,12,0,S, 	(30-MAY-2025 15:47:48)
2,2 , 6,2,12,0,S, 	(30-MAY-2025 15:47:48)
2,2 , 6,2,12,0,S, 	(30-MAY-2025 15:47:48)
2,2 , 6,2,12,0,S, 	(30-MAY-2025 15:47:48)
2,2 , 6,2,16,0,S, 	(30-MAY-2025 15:47:48)
2,2 , 6,2,16,0,S, 	(30-MAY-2025 15:47:48)
2,2 , 6,2,16,0,S, 	(30-MAY-2025 15:47:48)
2,2 , 6,2,16,0,S, 	(30-MAY-2025 15:47:48)
2,2 , 6,2,16,0,S, 	(30-MAY-2025 15:47:48)
2,2 , 6,2,16,0,S, 	(30-MAY-2025 15:47:48)
2,2 , 6,2,16,0,S, 	(30-MAY-2025 15:47:48)
2,2 , 6,2,16,0,S, 	(30-MAY-2025 15:47:48)
2,2 , 6,2,16,0,S, 	(30-MAY-2025 15:47:48)
2,2 , 6,2,16,0,S, 	(30-MAY-2025 15:47:48)
2,2 , 6,2,16,0,S, 	(30-MAY-2025 15:47:48)
2,2 , 6,2,16,0,S, 	(30-MAY-2025 15:47:48)
2,2 , 6,2,16,0,S, 	(30-MAY-2025 15:47:48)
2,2 , 6,2,16,0,S, 	(30-MAY-2025 15:47:48)
2,2 , 6,2,16,0,S, 	(30-MAY-2025 15:47:48)
2,2 , 6,2,16,0,S, 	(30-MAY-2025 15:47:48)
2,2 , 6,2,16,0,S, 	(30-MAY-2025 15:47:48)
2,2 , 6,2,16,0,S, 	(30-MAY-2025 15:47:48)
2,2 , 6,2,16,0,S, 	(30-MAY-2025 15:47:48)
2,2 , 6,2,16,0,S, 	(30-MAY-2025 15:47:48)
2,2 , 6,2,16,0,S, 	(30-MAY-2025 15:47:48)
2,2 , 6,2,16,0,S, 	(30-MAY-2025 15:47:48)
2,2 , 6,2,16,0,S, 	(30-MAY-2025 15:47:48)
2,2 , 6,2,16,0,S, 	(30-MAY-2025 15:47:48)
2,2 , 6,2,16,0,S, 	(30-MAY-2025 15:47:48)
2,2 , 6,2,16,0,S, 	(30-MAY-2025 15:47:48)
2,2 , 6,2,16,0,S, 	(30-MAY-2025 15:47:48)
2,2 , 6,2,16,0,S, 	(30-MAY-2025 15:47:48)
2,2 , 6,2,16,0,S, 	(30-MAY-2025 15:47:48)
2,2 , 6,2,16,0,S, 	(30-MAY-2025 15:47:48)
2,2 , 6,2,16,0,S, 	(30-MAY-2025 15:47:48)
2,2 , 6,2,17,0,S, 	(30-MAY-2025 15:47:48)
2,2 , 6,2,17,0,S, 	(30-MAY-2025 15:47:48)
2,2 , 6,2,17,0,S, 	(30-MAY-2025 15:47:48)
2,2 , 6,2,17,0,S, 	(30-MAY-2025 15:47:48)
2,2 , 6,2,17,0,S, 	(30-MAY-2025 15:47:48)
2,2 , 6,2,17,0,S, 	(30-MAY-2025 15:47:48)
2,2 , 6,2,17,0,S, 	(30-MAY-2025 15:47:48)
2,2 , 6,2,17,0,S, 	(30-MAY-2025 15:47:48)
2,2 , 6,2,17,0,S, 	(30-MAY-2025 15:47:48)
2,2 , 6,2,17,0,S, 	(30-MAY-2025 15:47:48)
2,2 , 6,2,17,0,S, 	(30-MAY-2025 15:47:48)
2,2 , 6,2,17,0,S, 	(30-MAY-2025 15:47:48)
2,2 , 6,2,17,0,S, 	(30-MAY-2025 15:47:48)
2,2 , 6,2,17,0,S, 	(30-MAY-2025 15:47:48)
2,2 , 6,2,17,0,S, 	(30-MAY-2025 15:47:48)
2,2 , 6,2,17,0,S, 	(30-MAY-2025 15:47:48)
2,2 , 6,2,17,0,S, 	(30-MAY-2025 15:47:48)
2,2 , 6,2,17,0,S, 	(30-MAY-2025 15:47:48)
2,2 , 6,2,17,0,S, 	(30-MAY-2025 15:47:48)
2,2 , 6,2,17,0,S, 	(30-MAY-2025 15:47:48)
2,2 , 6,2,17,0,S, 	(30-MAY-2025 15:47:48)
2,2 , 6,2,17,0,S, 	(30-MAY-2025 15:47:48)
2,2 , 6,2,17,0,S, 	(30-MAY-2025 15:47:48)
2,2 , 6,2,17,0,S, 	(30-MAY-2025 15:47:48)
2,2 , 6,2,17,0,S, 	(30-MAY-2025 15:47:48)
2,2 , 6,2,17,0,S, 	(30-MAY-2025 15:47:48)
2,2 , 6,2,17,0,S, 	(30-MAY-2025 15:47:48)
2,2 , 6,2,17,0,S, 	(30-MAY-2025 15:47:48)
2,2 , 6,2,17,0,S, 	(30-MAY-2025 15:47:48)
2,2 , 6,2,17,0,S, 	(30-MAY-2025 15:47:48)
2,2 , 6,2,17,0,S, 	(30-MAY-2025 15:47:48)
2,2 , 0,0,122001,0,X, 	(30-MAY-2025 15:47:48)
2,2 , 0,0,122002,0,X, 	(30-MAY-2025 15:47:48)
2,2 , 0,0,122003,0,X, 	(30-MAY-2025 15:47:48)
2,2 , 0,0,122004,0,X, 	(30-MAY-2025 15:47:48)
2,2 , 0,0,124001,0,X, 	(30-MAY-2025 15:47:48)
2,2 , 0,0,124002,0,X, 	(30-MAY-2025 15:47:48)
2,2 , 0,0,124003,0,X, 	(30-MAY-2025 15:47:48)
2,2 , 0,0,124004,0,X, 	(30-MAY-2025 15:47:48)
2,2 , 0,0,124005,0,X, 	(30-MAY-2025 15:47:48)
2,2 , 0,0,124005,0,X, 	(30-MAY-2025 15:47:48)
2,2 , 0,0,124005,0,X, 	(30-MAY-2025 15:47:48)
2,2 , 0,0,124005,0,X, 	(30-MAY-2025 15:47:48)
2,2 , 0,0,124005,0,X, 	(30-MAY-2025 15:47:48)
2,2 , 0,0,124005,0,X, 	(30-MAY-2025 15:47:48)
2,2 , 0,0,124005,0,X, 	(30-MAY-2025 15:47:48)
2,2 , 0,0,124005,0,X, 	(30-MAY-2025 15:47:48)
2,2 , 0,0,124006,1,X, 	(30-MAY-2025 15:47:48)
2,2 , 0,0,124006,1,X, 	(30-MAY-2025 15:47:48)
2,2 , 0,0,124006,1,X, 	(30-MAY-2025 15:47:48)
2,2 , 0,0,124006,1,X, 	(30-MAY-2025 15:47:48)
2,2 , 0,0,124006,1,X, 	(30-MAY-2025 15:47:48)
2,2 , 0,0,124006,1,X, 	(30-MAY-2025 15:47:48)
2,2 , 0,0,124006,1,X, 	(30-MAY-2025 15:47:48)
2,2 , 0,0,124006,1,X, 	(30-MAY-2025 15:47:48)
2,2 , 0,0,124006,1,X, 	(30-MAY-2025 15:47:48)
2,2 , 0,0,124006,1,X, 	(30-MAY-2025 15:47:48)
2,2 , 0,0,124006,1,X, 	(30-MAY-2025 15:47:48)
2,2 , 0,0,124006,1,X, 	(30-MAY-2025 15:47:48)
2,2 , 0,0,124006,1,X, 	(30-MAY-2025 15:47:48)
2,2 , 0,0,124006,1,X, 	(30-MAY-2025 15:47:48)
2,2 , 0,0,124006,1,X, 	(30-MAY-2025 15:47:48)
2,2 , 0,0,124006,1,X, 	(30-MAY-2025 15:47:48)
2,3 , 2,0,1,0,S, 	(30-MAY-2025 15:47:48)
2,3 , 2,0,1,0,S, 	(30-MAY-2025 15:47:48)
2,3 , 2,0,1,0,S, 	(30-MAY-2025 15:47:48)
2,3 , 2,0,1,0,S, 	(30-MAY-2025 15:47:48)
2,3 , 2,0,1,0,S, 	(30-MAY-2025 15:47:48)
2,3 , 2,0,1,0,S, 	(30-MAY-2025 15:47:48)
2,3 , 2,0,1,0,S, 	(30-MAY-2025 15:47:48)
2,3 , 2,0,1,0,S, 	(30-MAY-2025 15:47:48)
2,3 , 2,0,1,0,S, 	(30-MAY-2025 15:47:48)
2,3 , 2,0,1,0,S, 	(30-MAY-2025 15:47:48)
2,3 , 2,0,1,0,S, 	(30-MAY-2025 15:47:48)
2,3 , 2,0,1,0,S, 	(30-MAY-2025 15:47:48)
2,3 , 1,3,68,0,S, 	(30-MAY-2025 15:47:48)
2,3 , 1,3,68,0,S, 	(30-MAY-2025 15:47:48)
2,3 , 1,3,68,0,S, 	(30-MAY-2025 15:47:48)
2,3 , 1,3,68,0,S, 	(30-MAY-2025 15:47:48)
2,3 , 1,3,68,0,S, 	(30-MAY-2025 15:47:48)
2,3 , 1,3,68,0,S, 	(30-MAY-2025 15:47:48)
2,3 , 1,3,68,0,S, 	(30-MAY-2025 15:47:48)
2,3 , 1,3,68,0,S, 	(30-MAY-2025 15:47:48)
2,3 , 1,3,68,0,S, 	(30-MAY-2025 15:47:48)
2,3 , 1,3,68,0,S, 	(30-MAY-2025 15:47:48)
2,3 , 1,3,68,0,S, 	(30-MAY-2025 15:47:48)
2,3 , 1,3,68,0,S, 	(30-MAY-2025 15:47:48)
2,3 , 1,3,68,0,S, 	(30-MAY-2025 15:47:48)
2,3 , 1,3,68,0,S, 	(30-MAY-2025 15:47:48)
2,3 , 1,3,68,0,S, 	(30-MAY-2025 15:47:48)
2,3 , 1,3,68,0,S, 	(30-MAY-2025 15:47:48)
2,3 , 1,3,68,0,S, 	(30-MAY-2025 15:47:48)
2,3 , 1,3,68,0,S, 	(30-MAY-2025 15:47:48)
2,3 , 1,3,68,0,S, 	(30-MAY-2025 15:47:48)
2,3 , 1,3,68,0,S, 	(30-MAY-2025 15:47:48)
2,3 , 1,3,68,0,S, 	(30-MAY-2025 15:47:48)
2,3 , 1,3,68,0,S, 	(30-MAY-2025 15:47:48)
2,3 , 1,3,68,0,S, 	(30-MAY-2025 15:47:48)
2,3 , 1,3,68,0,S, 	(30-MAY-2025 15:47:48)
2,3 , 1,3,69,0,S, 	(30-MAY-2025 15:47:48)
2,3 , 1,3,69,0,S, 	(30-MAY-2025 15:47:48)
2,3 , 1,3,69,0,S, 	(30-MAY-2025 15:47:48)
2,3 , 1,3,69,0,S, 	(30-MAY-2025 15:47:48)
2,3 , 1,3,78,1,S, 	(30-MAY-2025 15:47:48)
2,3 , 1,3,78,1,S, 	(30-MAY-2025 15:47:48)
2,3 , 1,3,78,1,S, 	(30-MAY-2025 15:47:48)
2,3 , 1,3,78,1,S, 	(30-MAY-2025 15:47:48)
2,3 , 1,3,78,1,S, 	(30-MAY-2025 15:47:48)
2,3 , 1,3,78,1,S, 	(30-MAY-2025 15:47:48)
2,3 , 1,3,78,1,S, 	(30-MAY-2025 15:47:48)
2,3 , 1,3,78,1,S, 	(30-MAY-2025 15:47:48)
2,3 , 1,3,78,1,S, 	(30-MAY-2025 15:47:48)
2,3 , 1,3,78,1,S, 	(30-MAY-2025 15:47:48)
2,3 , 1,3,78,1,S, 	(30-MAY-2025 15:47:48)
2,3 , 1,3,78,1,S, 	(30-MAY-2025 15:47:48)
2,3 , 1,3,78,1,S, 	(30-MAY-2025 15:47:48)
2,3 , 1,3,78,1,S, 	(30-MAY-2025 15:47:48)
2,3 , 1,3,78,1,S, 	(30-MAY-2025 15:47:48)
2,3 , 1,3,78,1,S, 	(30-MAY-2025 15:47:48)
2,3 , 1,3,78,1,S, 	(30-MAY-2025 15:47:48)
2,3 , 1,3,78,1,S, 	(30-MAY-2025 15:47:48)
2,3 , 1,3,78,1,S, 	(30-MAY-2025 15:47:48)
2,3 , 1,3,78,1,S, 	(30-MAY-2025 15:47:48)
2,3 , 1,3,78,1,S, 	(30-MAY-2025 15:47:48)
2,3 , 1,3,78,1,S, 	(30-MAY-2025 15:47:48)
2,3 , 1,3,78,1,S, 	(30-MAY-2025 15:47:48)
2,3 , 1,3,78,1,S, 	(30-MAY-2025 15:47:48)
2,3 , 1,3,78,1,S, 	(30-MAY-2025 15:47:48)
2,3 , 1,3,78,1,S, 	(30-MAY-2025 15:47:48)
2,3 , 1,3,78,1,S, 	(30-MAY-2025 15:47:48)
2,3 , 1,3,78,1,S, 	(30-MAY-2025 15:47:48)
2,3 , 1,3,78,1,S, 	(30-MAY-2025 15:47:48)
2,3 , 1,3,78,1,S, 	(30-MAY-2025 15:47:48)
2,3 , 1,3,78,1,S, 	(30-MAY-2025 15:47:48)
2,3 , 1,3,78,1,S, 	(30-MAY-2025 15:47:48)
2,3 , 1,3,78,1,S, 	(30-MAY-2025 15:47:48)
2,3 , 1,3,78,1,S, 	(30-MAY-2025 15:47:48)
2,3 , 1,3,78,1,S, 	(30-MAY-2025 15:47:48)
2,3 , 1,3,78,1,S, 	(30-MAY-2025 15:47:48)
2,3 , 1,3,78,1,S, 	(30-MAY-2025 15:47:48)
2,3 , 1,3,78,1,S, 	(30-MAY-2025 15:47:48)
2,3 , 1,3,78,1,S, 	(30-MAY-2025 15:47:48)
2,3 , 1,3,78,1,S, 	(30-MAY-2025 15:47:48)
2,3 , 1,3,78,1,S, 	(30-MAY-2025 15:47:48)
2,3 , 1,3,78,1,S, 	(30-MAY-2025 15:47:48)
2,3 , 1,3,78,1,S, 	(30-MAY-2025 15:47:48)
2,3 , 1,3,78,1,S, 	(30-MAY-2025 15:47:48)
2,3 , 1,3,78,1,S, 	(30-MAY-2025 15:47:48)
2,3 , 1,3,78,1,S, 	(30-MAY-2025 15:47:48)
2,3 , 1,3,78,1,S, 	(30-MAY-2025 15:47:48)
2,3 , 1,3,78,1,S, 	(30-MAY-2025 15:47:48)
2,3 , 1,3,70,1,S, 	(30-MAY-2025 15:47:48)
2,3 , 1,3,70,1,S, 	(30-MAY-2025 15:47:48)
2,3 , 1,3,70,1,S, 	(30-MAY-2025 15:47:48)
2,3 , 1,3,70,1,S, 	(30-MAY-2025 15:47:48)
2,3 , 1,3,70,1,S, 	(30-MAY-2025 15:47:48)
2,3 , 1,3,70,1,S, 	(30-MAY-2025 15:47:48)
2,3 , 1,3,70,1,S, 	(30-MAY-2025 15:47:48)
2,3 , 1,3,70,1,S, 	(30-MAY-2025 15:47:48)
2,3 , 1,3,70,1,S, 	(30-MAY-2025 15:47:48)
2,3 , 1,3,70,1,S, 	(30-MAY-2025 15:47:48)
2,3 , 1,3,70,1,S, 	(30-MAY-2025 15:47:48)
2,3 , 1,3,70,1,S, 	(30-MAY-2025 15:47:48)
2,3 , 1,3,70,1,S, 	(30-MAY-2025 15:47:48)
2,3 , 1,3,70,1,S, 	(30-MAY-2025 15:47:48)
2,3 , 1,3,70,1,S, 	(30-MAY-2025 15:47:48)
2,3 , 1,3,70,1,S, 	(30-MAY-2025 15:47:48)
2,3 , 1,3,70,1,S, 	(30-MAY-2025 15:47:48)
2,3 , 1,3,70,1,S, 	(30-MAY-2025 15:47:48)
2,3 , 1,3,70,1,S, 	(30-MAY-2025 15:47:48)
2,3 , 1,3,70,1,S, 	(30-MAY-2025 15:47:48)
2,3 , 1,3,70,1,S, 	(30-MAY-2025 15:47:48)
2,3 , 1,3,70,1,S, 	(30-MAY-2025 15:47:48)
2,3 , 1,3,70,1,S, 	(30-MAY-2025 15:47:48)
2,3 , 1,3,70,1,S, 	(30-MAY-2025 15:47:48)
2,3 , 1,3,70,1,S, 	(30-MAY-2025 15:47:48)
2,3 , 1,3,70,1,S, 	(30-MAY-2025 15:47:48)
2,3 , 1,3,70,1,S, 	(30-MAY-2025 15:47:48)
2,3 , 1,3,70,1,S, 	(30-MAY-2025 15:47:48)
2,3 , 1,3,70,1,S, 	(30-MAY-2025 15:47:48)
2,3 , 1,3,70,1,S, 	(30-MAY-2025 15:47:48)
2,3 , 1,3,70,1,S, 	(30-MAY-2025 15:47:48)
2,3 , 1,3,70,1,S, 	(30-MAY-2025 15:47:48)
2,3 , 1,3,70,1,S, 	(30-MAY-2025 15:47:48)
2,3 , 1,3,70,1,S, 	(30-MAY-2025 15:47:48)
2,3 , 1,3,70,1,S, 	(30-MAY-2025 15:47:48)
2,3 , 1,3,70,1,S, 	(30-MAY-2025 15:47:48)
2,3 , 1,3,70,1,S, 	(30-MAY-2025 15:47:48)
2,3 , 1,3,70,1,S, 	(30-MAY-2025 15:47:48)
2,3 , 1,3,70,1,S, 	(30-MAY-2025 15:47:48)
2,3 , 1,3,84,0,S, 	(30-MAY-2025 15:47:48)
2,3 , 1,3,84,0,S, 	(30-MAY-2025 15:47:48)
2,3 , 1,3,84,0,S, 	(30-MAY-2025 15:47:48)
2,3 , 1,3,84,0,S, 	(30-MAY-2025 15:47:48)
2,3 , 1,3,84,0,S, 	(30-MAY-2025 15:47:48)
2,3 , 1,3,84,0,S, 	(30-MAY-2025 15:47:48)
2,3 , 1,3,84,0,S, 	(30-MAY-2025 15:47:48)
2,3 , 1,3,84,0,S, 	(30-MAY-2025 15:47:48)
2,3 , 1,3,84,0,S, 	(30-MAY-2025 15:47:48)
2,3 , 1,3,84,0,S, 	(30-MAY-2025 15:47:48)
2,3 , 1,3,84,0,S, 	(30-MAY-2025 15:47:48)
2,3 , 1,3,84,0,S, 	(30-MAY-2025 15:47:48)
2,3 , 1,3,84,0,S, 	(30-MAY-2025 15:47:48)
2,3 , 1,3,84,0,S, 	(30-MAY-2025 15:47:48)
2,3 , 1,3,81,0,S, 	(30-MAY-2025 15:47:48)
2,3 , 1,3,81,0,S, 	(30-MAY-2025 15:47:48)
2,3 , 1,3,81,0,S, 	(30-MAY-2025 15:47:48)
2,3 , 1,3,81,0,S, 	(30-MAY-2025 15:47:48)
2,3 , 1,3,81,0,S, 	(30-MAY-2025 15:47:48)
2,3 , 1,3,81,0,S, 	(30-MAY-2025 15:47:48)
2,3 , 1,3,81,0,S, 	(30-MAY-2025 15:47:48)
2,3 , 1,3,81,0,S, 	(30-MAY-2025 15:47:48)
2,3 , 1,3,81,0,S, 	(30-MAY-2025 15:47:48)
2,3 , 1,3,81,0,S, 	(30-MAY-2025 15:47:48)
2,3 , 1,3,81,0,S, 	(30-MAY-2025 15:47:48)
2,3 , 1,3,81,0,S, 	(30-MAY-2025 15:47:48)
2,3 , 1,3,84,1,S, 	(30-MAY-2025 15:47:48)
2,3 , 1,3,84,1,S, 	(30-MAY-2025 15:47:48)
2,3 , 1,3,84,1,S, 	(30-MAY-2025 15:47:48)
2,3 , 1,3,84,1,S, 	(30-MAY-2025 15:47:48)
2,3 , 1,3,84,1,S, 	(30-MAY-2025 15:47:48)
2,3 , 1,3,84,1,S, 	(30-MAY-2025 15:47:48)
2,3 , 1,3,84,1,S, 	(30-MAY-2025 15:47:48)
2,3 , 1,3,84,1,S, 	(30-MAY-2025 15:47:48)
2,3 , 1,3,84,1,S, 	(30-MAY-2025 15:47:48)
2,3 , 1,3,84,1,S, 	(30-MAY-2025 15:47:48)
2,3 , 1,3,84,1,S, 	(30-MAY-2025 15:47:48)
2,3 , 1,3,84,1,S, 	(30-MAY-2025 15:47:48)
2,3 , 1,3,84,1,S, 	(30-MAY-2025 15:47:48)
2,3 , 1,3,84,1,S, 	(30-MAY-2025 15:47:48)
2,3 , 1,3,84,1,S, 	(30-MAY-2025 15:47:48)
2,3 , 1,3,84,1,S, 	(30-MAY-2025 15:47:48)
2,3 , 1,3,84,1,S, 	(30-MAY-2025 15:47:48)
2,3 , 1,3,84,1,S, 	(30-MAY-2025 15:47:48)
2,3 , 1,3,84,1,S, 	(30-MAY-2025 15:47:48)
2,3 , 1,3,84,1,S, 	(30-MAY-2025 15:47:48)
2,3 , 1,3,84,1,S, 	(30-MAY-2025 15:47:48)
2,3 , 1,3,84,1,S, 	(30-MAY-2025 15:47:48)
2,3 , 1,3,84,1,S, 	(30-MAY-2025 15:47:48)
2,3 , 1,3,84,1,S, 	(30-MAY-2025 15:47:48)
2,3 , 1,3,84,1,S, 	(30-MAY-2025 15:47:48)
2,3 , 1,3,84,1,S, 	(30-MAY-2025 15:47:48)
2,3 , 1,3,84,1,S, 	(30-MAY-2025 15:47:48)
2,3 , 1,3,84,1,S, 	(30-MAY-2025 15:47:48)
2,3 , 1,3,84,1,S, 	(30-MAY-2025 15:47:48)
2,3 , 1,3,84,1,S, 	(30-MAY-2025 15:47:48)
2,3 , 1,3,84,1,S, 	(30-MAY-2025 15:47:48)
2,3 , 1,3,94,0,S, 	(30-MAY-2025 15:47:48)
2,3 , 1,3,94,0,S, 	(30-MAY-2025 15:47:48)
2,3 , 1,3,94,0,S, 	(30-MAY-2025 15:47:48)
2,3 , 1,3,94,0,S, 	(30-MAY-2025 15:47:48)
2,3 , 1,3,94,0,S, 	(30-MAY-2025 15:47:48)
2,3 , 1,3,97,0,S, 	(30-MAY-2025 15:47:48)
2,3 , 1,3,97,0,S, 	(30-MAY-2025 15:47:48)
2,3 , 1,3,97,0,S, 	(30-MAY-2025 15:47:48)
2,3 , 1,3,97,0,S, 	(30-MAY-2025 15:47:48)
2,3 , 1,3,97,0,S, 	(30-MAY-2025 15:47:48)
2,3 , 1,3,97,0,S, 	(30-MAY-2025 15:47:48)
2,3 , 1,3,97,0,S, 	(30-MAY-2025 15:47:48)
2,3 , 1,3,89,1,S, 	(30-MAY-2025 15:47:48)
2,3 , 1,3,89,1,S, 	(30-MAY-2025 15:47:48)
2,3 , 1,3,89,1,S, 	(30-MAY-2025 15:47:48)
2,3 , 1,3,89,1,S, 	(30-MAY-2025 15:47:48)
2,3 , 1,3,89,1,S, 	(30-MAY-2025 15:47:48)
2,3 , 1,3,89,1,S, 	(30-MAY-2025 15:47:48)
2,3 , 1,3,89,1,S, 	(30-MAY-2025 15:47:48)
2,3 , 1,3,89,1,S, 	(30-MAY-2025 15:47:48)
2,3 , 1,3,89,1,S, 	(30-MAY-2025 15:47:48)
2,3 , 1,3,89,1,S, 	(30-MAY-2025 15:47:48)
2,3 , 1,3,89,1,S, 	(30-MAY-2025 15:47:48)
2,3 , 1,3,91,0,S, 	(30-MAY-2025 15:47:48)
2,3 , 1,3,91,0,S, 	(30-MAY-2025 15:47:48)
2,3 , 1,3,91,0,S, 	(30-MAY-2025 15:47:48)
2,3 , 1,3,91,0,S, 	(30-MAY-2025 15:47:48)
2,3 , 1,3,91,0,S, 	(30-MAY-2025 15:47:48)
2,3 , 1,3,91,0,S, 	(30-MAY-2025 15:47:48)
2,3 , 1,3,91,0,S, 	(30-MAY-2025 15:47:48)
2,3 , 1,3,91,1,S, 	(30-MAY-2025 15:47:48)
2,3 , 1,3,91,1,S, 	(30-MAY-2025 15:47:48)
2,3 , 1,3,91,1,S, 	(30-MAY-2025 15:47:48)
2,3 , 1,3,91,1,S, 	(30-MAY-2025 15:47:48)
2,3 , 1,3,91,1,S, 	(30-MAY-2025 15:47:48)
2,3 , 1,3,91,1,S, 	(30-MAY-2025 15:47:48)
2,3 , 1,3,91,1,S, 	(30-MAY-2025 15:47:48)
2,3 , 1,3,91,1,S, 	(30-MAY-2025 15:47:48)
2,3 , 1,3,91,1,S, 	(30-MAY-2025 15:47:48)
2,3 , 1,3,91,1,S, 	(30-MAY-2025 15:47:48)
2,3 , 1,3,91,1,S, 	(30-MAY-2025 15:47:48)
2,3 , 1,3,91,1,S, 	(30-MAY-2025 15:47:48)
2,3 , 1,3,91,1,S, 	(30-MAY-2025 15:47:48)
2,3 , 1,3,91,1,S, 	(30-MAY-2025 15:47:48)
2,3 , 1,3,91,1,S, 	(30-MAY-2025 15:47:48)
2,3 , 1,3,91,1,S, 	(30-MAY-2025 15:47:48)
2,3 , 1,3,91,1,S, 	(30-MAY-2025 15:47:48)
2,3 , 1,3,91,1,S, 	(30-MAY-2025 15:47:48)
2,3 , 1,3,91,1,S, 	(30-MAY-2025 15:47:48)
2,3 , 1,3,91,1,S, 	(30-MAY-2025 15:47:48)
2,3 , 1,3,91,1,S, 	(30-MAY-2025 15:47:48)
2,3 , 1,3,91,1,S, 	(30-MAY-2025 15:47:48)
2,3 , 1,3,91,1,S, 	(30-MAY-2025 15:47:48)
2,3 , 1,3,91,1,S, 	(30-MAY-2025 15:47:48)
2,3 , 1,3,91,1,S, 	(30-MAY-2025 15:47:48)
2,3 , 1,3,91,1,S, 	(30-MAY-2025 15:47:48)
2,3 , 1,3,93,0,S, 	(30-MAY-2025 15:47:48)
2,3 , 1,3,93,0,S, 	(30-MAY-2025 15:47:48)
2,3 , 1,3,93,0,S, 	(30-MAY-2025 15:47:48)
2,3 , 1,3,93,0,S, 	(30-MAY-2025 15:47:48)
2,3 , 1,3,95,0,S, 	(30-MAY-2025 15:47:48)
2,3 , 1,3,95,0,S, 	(30-MAY-2025 15:47:48)
2,3 , 1,3,95,0,S, 	(30-MAY-2025 15:47:48)
2,3 , 1,3,96,0,S, 	(30-MAY-2025 15:47:48)
2,3 , 1,3,96,0,S, 	(30-MAY-2025 15:47:48)
2,3 , 1,3,96,0,S, 	(30-MAY-2025 15:47:48)
2,3 , 1,3,96,0,S, 	(30-MAY-2025 15:47:48)
2,3 , 1,3,96,0,S, 	(30-MAY-2025 15:47:48)
2,3 , 1,3,96,0,S, 	(30-MAY-2025 15:47:48)
2,3 , 1,3,96,0,S, 	(30-MAY-2025 15:47:48)
2,3 , 1,3,96,0,S, 	(30-MAY-2025 15:47:48)
2,3 , 1,3,96,0,S, 	(30-MAY-2025 15:47:48)
2,3 , 1,3,98,0,S, 	(30-MAY-2025 15:47:48)
2,3 , 1,3,98,0,S, 	(30-MAY-2025 15:47:48)
2,3 , 1,3,98,0,S, 	(30-MAY-2025 15:47:48)
2,3 , 1,3,98,0,S, 	(30-MAY-2025 15:47:48)
2,3 , 1,3,98,0,S, 	(30-MAY-2025 15:47:48)
2,3 , 1,3,101,0,S, 	(30-MAY-2025 15:47:48)
2,3 , 1,3,101,0,S, 	(30-MAY-2025 15:47:48)
2,3 , 1,3,101,0,S, 	(30-MAY-2025 15:47:48)
2,3 , 1,3,101,0,S, 	(30-MAY-2025 15:47:48)
2,3 , 1,3,101,0,S, 	(30-MAY-2025 15:47:48)
2,3 , 1,3,101,0,S, 	(30-MAY-2025 15:47:48)
2,3 , 1,3,101,0,S, 	(30-MAY-2025 15:47:48)
2,3 , 1,3,101,0,S, 	(30-MAY-2025 15:47:48)
2,3 , 1,3,101,0,S, 	(30-MAY-2025 15:47:48)
2,3 , 1,3,101,0,S, 	(30-MAY-2025 15:47:48)
2,3 , 1,3,101,0,S, 	(30-MAY-2025 15:47:48)
2,3 , 1,3,101,0,S, 	(30-MAY-2025 15:47:48)
2,3 , 1,3,101,0,S, 	(30-MAY-2025 15:47:48)
2,3 , 1,3,101,0,S, 	(30-MAY-2025 15:47:48)
2,3 , 1,3,101,0,S, 	(30-MAY-2025 15:47:48)
2,3 , 1,3,101,0,S, 	(30-MAY-2025 15:47:48)
2,3 , 1,3,101,0,S, 	(30-MAY-2025 15:47:48)
2,3 , 1,3,101,0,S, 	(30-MAY-2025 15:47:48)
2,3 , 1,3,99,0,S, 	(30-MAY-2025 15:47:48)
2,3 , 1,3,99,0,S, 	(30-MAY-2025 15:47:48)
2,3 , 1,3,99,0,S, 	(30-MAY-2025 15:47:48)
2,3 , 1,3,99,0,S, 	(30-MAY-2025 15:47:48)
2,3 , 1,3,99,0,S, 	(30-MAY-2025 15:47:48)
2,3 , 1,3,99,0,S, 	(30-MAY-2025 15:47:48)
2,3 , 1,3,101,1,S, 	(30-MAY-2025 15:47:48)
2,3 , 1,3,101,1,S, 	(30-MAY-2025 15:47:48)
2,3 , 1,3,101,1,S, 	(30-MAY-2025 15:47:48)
2,3 , 1,3,101,1,S, 	(30-MAY-2025 15:47:48)
2,3 , 1,3,101,1,S, 	(30-MAY-2025 15:47:48)
2,3 , 1,3,101,1,S, 	(30-MAY-2025 15:47:48)
2,3 , 1,3,101,1,S, 	(30-MAY-2025 15:47:48)
2,3 , 1,3,101,1,S, 	(30-MAY-2025 15:47:48)
2,3 , 1,3,101,1,S, 	(30-MAY-2025 15:47:48)
2,3 , 1,3,100,2,S, 	(30-MAY-2025 15:47:48)
2,3 , 1,3,100,2,S, 	(30-MAY-2025 15:47:48)
2,3 , 1,3,100,2,S, 	(30-MAY-2025 15:47:48)
2,3 , 1,3,100,2,S, 	(30-MAY-2025 15:47:48)
2,3 , 1,3,100,2,S, 	(30-MAY-2025 15:47:48)
2,3 , 1,3,100,2,S, 	(30-MAY-2025 15:47:48)
2,3 , 1,3,100,2,S, 	(30-MAY-2025 15:47:48)
2,3 , 1,3,100,2,S, 	(30-MAY-2025 15:47:48)
2,3 , 1,3,100,2,S, 	(30-MAY-2025 15:47:48)
2,3 , 1,3,100,1,S, 	(30-MAY-2025 15:47:48)
2,3 , 1,3,100,1,S, 	(30-MAY-2025 15:47:48)
2,3 , 1,3,100,1,S, 	(30-MAY-2025 15:47:48)
2,3 , 1,3,100,1,S, 	(30-MAY-2025 15:47:48)
2,3 , 1,3,100,1,S, 	(30-MAY-2025 15:47:48)
2,3 , 1,3,100,1,S, 	(30-MAY-2025 15:47:48)
2,3 , 1,3,100,1,S, 	(30-MAY-2025 15:47:48)
2,3 , 1,3,100,1,S, 	(30-MAY-2025 15:47:48)
2,3 , 1,3,100,1,S, 	(30-MAY-2025 15:47:48)
2,3 , 1,3,100,1,S, 	(30-MAY-2025 15:47:48)
2,3 , 1,3,100,1,S, 	(30-MAY-2025 15:47:48)
2,3 , 1,3,100,1,S, 	(30-MAY-2025 15:47:48)
2,3 , 1,3,89,0,S, 	(30-MAY-2025 15:47:48)
2,3 , 1,3,89,0,S, 	(30-MAY-2025 15:47:48)
2,3 , 1,3,89,0,S, 	(30-MAY-2025 15:47:48)
2,3 , 1,3,89,0,S, 	(30-MAY-2025 15:47:48)
2,3 , 1,3,89,0,S, 	(30-MAY-2025 15:47:48)
2,3 , 1,3,89,0,S, 	(30-MAY-2025 15:47:48)
2,3 , 1,3,89,0,S, 	(30-MAY-2025 15:47:48)
2,3 , 1,3,89,0,S, 	(30-MAY-2025 15:47:48)
2,3 , 1,3,89,0,S, 	(30-MAY-2025 15:47:48)
2,3 , 1,3,89,0,S, 	(30-MAY-2025 15:47:48)
2,3 , 1,3,89,0,S, 	(30-MAY-2025 15:47:48)
2,3 , 1,3,89,0,S, 	(30-MAY-2025 15:47:48)
2,3 , 1,3,89,0,S, 	(30-MAY-2025 15:47:48)
2,3 , 1,3,89,0,S, 	(30-MAY-2025 15:47:48)
2,3 , 1,3,89,0,S, 	(30-MAY-2025 15:47:48)
2,3 , 1,3,89,0,S, 	(30-MAY-2025 15:47:48)
2,3 , 1,3,89,0,S, 	(30-MAY-2025 15:47:48)
2,3 , 1,3,68,1,S, 	(30-MAY-2025 15:47:48)
2,3 , 1,3,68,1,S, 	(30-MAY-2025 15:47:48)
2,3 , 1,3,68,1,S, 	(30-MAY-2025 15:47:48)
2,3 , 1,3,68,1,S, 	(30-MAY-2025 15:47:48)
2,3 , 1,3,68,1,S, 	(30-MAY-2025 15:47:48)
2,3 , 1,3,68,1,S, 	(30-MAY-2025 15:47:48)
2,3 , 1,3,68,1,S, 	(30-MAY-2025 15:47:48)
2,3 , 1,3,68,1,S, 	(30-MAY-2025 15:47:48)
2,3 , 1,3,68,1,S, 	(30-MAY-2025 15:47:48)
2,3 , 1,3,68,1,S, 	(30-MAY-2025 15:47:48)
2,3 , 1,3,68,1,S, 	(30-MAY-2025 15:47:48)
2,3 , 1,3,68,1,S, 	(30-MAY-2025 15:47:48)
2,3 , 1,3,68,1,S, 	(30-MAY-2025 15:47:48)
2,3 , 1,3,85,0,S, 	(30-MAY-2025 15:47:48)
2,3 , 1,3,85,0,S, 	(30-MAY-2025 15:47:48)
2,3 , 1,3,85,0,S, 	(30-MAY-2025 15:47:48)
2,3 , 1,3,85,0,S, 	(30-MAY-2025 15:47:48)
2,3 , 1,3,85,0,S, 	(30-MAY-2025 15:47:48)
2,3 , 1,3,85,0,S, 	(30-MAY-2025 15:47:48)
2,3 , 1,3,85,0,S, 	(30-MAY-2025 15:47:48)
2,3 , 1,3,85,0,S, 	(30-MAY-2025 15:47:48)
2,3 , 1,3,85,0,S, 	(30-MAY-2025 15:47:48)
2,3 , 1,3,85,0,S, 	(30-MAY-2025 15:47:48)
2,3 , 1,3,85,0,S, 	(30-MAY-2025 15:47:48)
2,3 , 1,3,85,0,S, 	(30-MAY-2025 15:47:48)
2,3 , 1,3,85,0,S, 	(30-MAY-2025 15:47:48)
2,3 , 1,3,85,0,S, 	(30-MAY-2025 15:47:48)
2,3 , 1,3,85,0,S, 	(30-MAY-2025 15:47:48)
2,3 , 1,3,85,0,S, 	(30-MAY-2025 15:47:48)
2,3 , 1,3,85,0,S, 	(30-MAY-2025 15:47:48)
2,3 , 1,3,85,0,S, 	(30-MAY-2025 15:47:48)
2,3 , 1,3,85,0,S, 	(30-MAY-2025 15:47:48)
2,3 , 1,3,85,0,S, 	(30-MAY-2025 15:47:48)
2,3 , 1,3,85,0,S, 	(30-MAY-2025 15:47:48)
2,3 , 1,3,85,0,S, 	(30-MAY-2025 15:47:48)
2,3 , 1,3,85,0,S, 	(30-MAY-2025 15:47:48)
2,3 , 1,3,85,0,S, 	(30-MAY-2025 15:47:48)
2,3 , 1,3,85,0,S, 	(30-MAY-2025 15:47:48)
2,3 , 1,3,85,0,S, 	(30-MAY-2025 15:47:48)
2,3 , 1,3,85,0,S, 	(30-MAY-2025 15:47:48)
2,3 , 1,3,85,0,S, 	(30-MAY-2025 15:47:48)
2,3 , 1,3,85,0,S, 	(30-MAY-2025 15:47:48)
2,3 , 1,3,85,0,S, 	(30-MAY-2025 15:47:48)
2,3 , 1,3,85,0,S, 	(30-MAY-2025 15:47:48)
2,3 , 1,3,85,0,S, 	(30-MAY-2025 15:47:48)
2,3 , 1,3,85,0,S, 	(30-MAY-2025 15:47:48)
2,3 , 1,3,85,0,S, 	(30-MAY-2025 15:47:48)
2,3 , 1,3,85,0,S, 	(30-MAY-2025 15:47:48)
2,3 , 1,3,85,0,S, 	(30-MAY-2025 15:47:48)
2,3 , 1,3,85,0,S, 	(30-MAY-2025 15:47:48)
2,3 , 1,3,85,0,S, 	(30-MAY-2025 15:47:48)
2,3 , 1,3,85,0,S, 	(30-MAY-2025 15:47:48)
2,3 , 1,3,85,0,S, 	(30-MAY-2025 15:47:48)
2,3 , 1,3,85,0,S, 	(30-MAY-2025 15:47:48)
2,3 , 1,3,85,0,S, 	(30-MAY-2025 15:47:48)
2,3 , 1,3,85,0,S, 	(30-MAY-2025 15:47:48)
2,3 , 1,3,85,0,S, 	(30-MAY-2025 15:47:48)
2,3 , 1,3,85,0,S, 	(30-MAY-2025 15:47:48)
2,3 , 1,3,85,0,S, 	(30-MAY-2025 15:47:48)
2,3 , 1,3,90,0,S, 	(30-MAY-2025 15:47:48)
2,3 , 1,3,90,0,S, 	(30-MAY-2025 15:47:48)
2,3 , 1,3,90,0,S, 	(30-MAY-2025 15:47:48)
2,3 , 1,3,90,0,S, 	(30-MAY-2025 15:47:48)
2,3 , 1,3,90,0,S, 	(30-MAY-2025 15:47:48)
2,3 , 1,3,90,0,S, 	(30-MAY-2025 15:47:48)
2,3 , 1,3,90,0,S, 	(30-MAY-2025 15:47:48)
2,3 , 1,3,90,0,S, 	(30-MAY-2025 15:47:48)
2,3 , 1,3,90,0,S, 	(30-MAY-2025 15:47:48)
2,3 , 1,3,90,0,S, 	(30-MAY-2025 15:47:48)
2,3 , 1,3,90,0,S, 	(30-MAY-2025 15:47:48)
2,3 , 1,3,90,0,S, 	(30-MAY-2025 15:47:48)
2,3 , 1,3,90,0,S, 	(30-MAY-2025 15:47:48)
2,3 , 1,3,90,0,S, 	(30-MAY-2025 15:47:48)
2,3 , 1,3,90,0,S, 	(30-MAY-2025 15:47:48)
2,3 , 1,3,90,0,S, 	(30-MAY-2025 15:47:48)
2,3 , 1,3,90,0,S, 	(30-MAY-2025 15:47:48)
2,3 , 1,3,90,0,S, 	(30-MAY-2025 15:47:48)
2,3 , 1,3,90,0,S, 	(30-MAY-2025 15:47:48)
2,3 , 1,3,90,0,S, 	(30-MAY-2025 15:47:48)
2,3 , 1,3,90,0,S, 	(30-MAY-2025 15:47:48)
2,3 , 1,3,90,0,S, 	(30-MAY-2025 15:47:48)
2,3 , 1,3,90,0,S, 	(30-MAY-2025 15:47:48)
2,3 , 1,3,90,0,S, 	(30-MAY-2025 15:47:48)
2,3 , 1,3,92,0,S, 	(30-MAY-2025 15:47:48)
2,3 , 1,3,92,0,S, 	(30-MAY-2025 15:47:48)
2,3 , 1,3,92,0,S, 	(30-MAY-2025 15:47:48)
2,3 , 1,3,92,0,S, 	(30-MAY-2025 15:47:48)
2,3 , 1,3,92,0,S, 	(30-MAY-2025 15:47:48)
2,3 , 1,3,92,0,S, 	(30-MAY-2025 15:47:48)
2,3 , 1,3,92,0,S, 	(30-MAY-2025 15:47:48)
2,3 , 1,3,92,0,S, 	(30-MAY-2025 15:47:48)
2,3 , 1,3,92,0,S, 	(30-MAY-2025 15:47:48)
2,3 , 1,3,92,0,S, 	(30-MAY-2025 15:47:48)
2,3 , 1,3,92,0,S, 	(30-MAY-2025 15:47:48)
2,3 , 1,3,92,0,S, 	(30-MAY-2025 15:47:49)
2,3 , 1,3,92,0,S, 	(30-MAY-2025 15:47:49)
2,3 , 1,3,92,0,S, 	(30-MAY-2025 15:47:49)
2,3 , 1,3,92,0,S, 	(30-MAY-2025 15:47:49)
2,3 , 1,3,92,0,S, 	(30-MAY-2025 15:47:49)
2,3 , 1,3,92,0,S, 	(30-MAY-2025 15:47:49)
2,3 , 1,3,92,0,S, 	(30-MAY-2025 15:47:49)
2,3 , 1,3,92,0,S, 	(30-MAY-2025 15:47:49)
2,3 , 1,3,92,0,S, 	(30-MAY-2025 15:47:49)
2,3 , 1,3,92,0,S, 	(30-MAY-2025 15:47:49)
2,3 , 1,3,92,0,S, 	(30-MAY-2025 15:47:49)
2,3 , 1,3,92,0,S, 	(30-MAY-2025 15:47:49)
2,3 , 1,3,92,0,S, 	(30-MAY-2025 15:47:49)
2,3 , 1,3,92,0,S, 	(30-MAY-2025 15:47:49)
2,3 , 1,3,92,0,S, 	(30-MAY-2025 15:47:49)
2,3 , 1,3,92,0,S, 	(30-MAY-2025 15:47:49)
2,3 , 1,3,92,0,S, 	(30-MAY-2025 15:47:49)
2,3 , 1,3,92,0,S, 	(30-MAY-2025 15:47:49)
2,3 , 1,3,92,0,S, 	(30-MAY-2025 15:47:49)
2,3 , 1,3,92,0,S, 	(30-MAY-2025 15:47:49)
2,3 , 1,3,77,0,S, 	(30-MAY-2025 15:47:49)
2,3 , 1,3,77,0,S, 	(30-MAY-2025 15:47:49)
2,3 , 1,3,77,0,S, 	(30-MAY-2025 15:47:49)
2,3 , 1,3,77,0,S, 	(30-MAY-2025 15:47:49)
2,3 , 1,3,77,0,S, 	(30-MAY-2025 15:47:49)
2,3 , 1,3,77,0,S, 	(30-MAY-2025 15:47:49)
2,3 , 1,3,77,0,S, 	(30-MAY-2025 15:47:49)
2,3 , 1,3,77,0,S, 	(30-MAY-2025 15:47:49)
2,3 , 1,3,77,0,S, 	(30-MAY-2025 15:47:49)
2,3 , 1,3,77,0,S, 	(30-MAY-2025 15:47:49)
2,3 , 1,3,77,0,S, 	(30-MAY-2025 15:47:49)
2,3 , 1,3,77,0,S, 	(30-MAY-2025 15:47:49)
2,3 , 1,3,77,0,S, 	(30-MAY-2025 15:47:49)
2,3 , 1,3,77,0,S, 	(30-MAY-2025 15:47:49)
2,3 , 1,3,77,0,S, 	(30-MAY-2025 15:47:49)
2,3 , 1,3,77,0,S, 	(30-MAY-2025 15:47:49)
2,3 , 1,3,77,0,S, 	(30-MAY-2025 15:47:49)
2,3 , 1,3,69,1,S, 	(30-MAY-2025 15:47:49)
2,3 , 1,3,69,1,S, 	(30-MAY-2025 15:47:49)
2,3 , 1,3,69,1,S, 	(30-MAY-2025 15:47:49)
2,3 , 1,3,69,1,S, 	(30-MAY-2025 15:47:49)
2,3 , 1,3,69,1,S, 	(30-MAY-2025 15:47:49)
2,3 , 1,3,69,1,S, 	(30-MAY-2025 15:47:49)
2,3 , 1,3,69,1,S, 	(30-MAY-2025 15:47:49)
2,3 , 1,3,69,1,S, 	(30-MAY-2025 15:47:49)
2,3 , 1,3,69,1,S, 	(30-MAY-2025 15:47:49)
2,3 , 1,3,69,1,S, 	(30-MAY-2025 15:47:49)
2,3 , 1,3,69,1,S, 	(30-MAY-2025 15:47:49)
2,3 , 1,3,69,1,S, 	(30-MAY-2025 15:47:49)
2,3 , 1,3,69,1,S, 	(30-MAY-2025 15:47:49)
2,3 , 1,3,69,1,S, 	(30-MAY-2025 15:47:49)
2,3 , 1,3,69,1,S, 	(30-MAY-2025 15:47:49)
2,3 , 1,3,69,1,S, 	(30-MAY-2025 15:47:49)
2,3 , 1,3,69,1,S, 	(30-MAY-2025 15:47:49)
2,3 , 1,3,69,1,S, 	(30-MAY-2025 15:47:49)
2,3 , 1,3,69,1,S, 	(30-MAY-2025 15:47:49)
2,3 , 1,3,69,1,S, 	(30-MAY-2025 15:47:49)
2,3 , 1,3,69,1,S, 	(30-MAY-2025 15:47:49)
2,3 , 1,3,69,1,S, 	(30-MAY-2025 15:47:49)
2,3 , 1,3,69,1,S, 	(30-MAY-2025 15:47:49)
2,3 , 1,3,69,1,S, 	(30-MAY-2025 15:47:49)
2,3 , 1,3,69,1,S, 	(30-MAY-2025 15:47:49)
2,3 , 1,3,69,1,S, 	(30-MAY-2025 15:47:49)
2,3 , 1,3,69,1,S, 	(30-MAY-2025 15:47:49)
2,3 , 1,3,69,1,S, 	(30-MAY-2025 15:47:49)
2,3 , 1,3,69,1,S, 	(30-MAY-2025 15:47:49)
2,3 , 1,3,69,1,S, 	(30-MAY-2025 15:47:49)
2,3 , 1,3,69,1,S, 	(30-MAY-2025 15:47:49)
2,3 , 1,3,69,1,S, 	(30-MAY-2025 15:47:49)
2,3 , 1,3,69,1,S, 	(30-MAY-2025 15:47:49)
2,3 , 1,3,69,1,S, 	(30-MAY-2025 15:47:49)
2,3 , 1,3,69,1,S, 	(30-MAY-2025 15:47:49)
2,3 , 1,3,69,1,S, 	(30-MAY-2025 15:47:49)
2,3 , 1,3,69,1,S, 	(30-MAY-2025 15:47:49)
2,3 , 1,3,69,1,S, 	(30-MAY-2025 15:47:49)
2,3 , 1,3,69,1,S, 	(30-MAY-2025 15:47:49)
2,3 , 1,3,69,1,S, 	(30-MAY-2025 15:47:49)
2,3 , 1,3,69,1,S, 	(30-MAY-2025 15:47:49)
2,3 , 1,3,69,1,S, 	(30-MAY-2025 15:47:49)
2,3 , 1,3,69,1,S, 	(30-MAY-2025 15:47:49)
2,3 , 1,3,69,1,S, 	(30-MAY-2025 15:47:49)
2,3 , 1,3,69,1,S, 	(30-MAY-2025 15:47:49)
2,3 , 1,3,69,1,S, 	(30-MAY-2025 15:47:49)
2,3 , 1,3,86,1,S, 	(30-MAY-2025 15:47:49)
2,3 , 1,3,86,1,S, 	(30-MAY-2025 15:47:49)
2,3 , 1,3,86,1,S, 	(30-MAY-2025 15:47:49)
2,3 , 1,3,86,1,S, 	(30-MAY-2025 15:47:49)
2,3 , 1,3,86,1,S, 	(30-MAY-2025 15:47:49)
2,3 , 1,3,86,1,S, 	(30-MAY-2025 15:47:49)
2,3 , 1,3,86,1,S, 	(30-MAY-2025 15:47:49)
2,3 , 1,3,86,1,S, 	(30-MAY-2025 15:47:49)
2,3 , 1,3,86,1,S, 	(30-MAY-2025 15:47:49)
2,3 , 1,3,86,1,S, 	(30-MAY-2025 15:47:49)
2,3 , 1,3,86,1,S, 	(30-MAY-2025 15:47:49)
2,3 , 1,3,86,1,S, 	(30-MAY-2025 15:47:49)
2,3 , 1,3,86,1,S, 	(30-MAY-2025 15:47:49)
2,3 , 1,3,86,1,S, 	(30-MAY-2025 15:47:49)
2,3 , 1,3,86,1,S, 	(30-MAY-2025 15:47:49)
2,3 , 1,3,86,1,S, 	(30-MAY-2025 15:47:49)
2,3 , 1,3,86,1,S, 	(30-MAY-2025 15:47:49)
2,3 , 1,3,87,0,S, 	(30-MAY-2025 15:47:49)
2,3 , 1,3,87,0,S, 	(30-MAY-2025 15:47:49)
2,3 , 1,3,87,0,S, 	(30-MAY-2025 15:47:49)
2,3 , 1,3,87,0,S, 	(30-MAY-2025 15:47:49)
2,3 , 1,3,87,0,S, 	(30-MAY-2025 15:47:49)
2,3 , 1,3,87,0,S, 	(30-MAY-2025 15:47:49)
2,3 , 1,3,87,0,S, 	(30-MAY-2025 15:47:49)
2,3 , 1,3,87,0,S, 	(30-MAY-2025 15:47:49)
2,3 , 1,3,87,0,S, 	(30-MAY-2025 15:47:49)
2,3 , 1,3,87,0,S, 	(30-MAY-2025 15:47:49)
2,3 , 1,3,87,0,S, 	(30-MAY-2025 15:47:49)
2,3 , 1,3,87,0,S, 	(30-MAY-2025 15:47:49)
2,3 , 1,3,87,0,S, 	(30-MAY-2025 15:47:49)
2,3 , 1,3,87,0,S, 	(30-MAY-2025 15:47:49)
2,3 , 1,3,87,0,S, 	(30-MAY-2025 15:47:49)
2,3 , 1,3,87,0,S, 	(30-MAY-2025 15:47:49)
2,3 , 1,3,87,0,S, 	(30-MAY-2025 15:47:49)
2,3 , 1,3,87,0,S, 	(30-MAY-2025 15:47:49)
2,3 , 1,3,87,0,S, 	(30-MAY-2025 15:47:49)
2,3 , 1,3,87,0,S, 	(30-MAY-2025 15:47:49)
2,3 , 1,3,87,0,S, 	(30-MAY-2025 15:47:49)
2,3 , 1,3,87,0,S, 	(30-MAY-2025 15:47:49)
2,3 , 1,3,87,0,S, 	(30-MAY-2025 15:47:49)
2,3 , 1,3,87,0,S, 	(30-MAY-2025 15:47:49)
2,3 , 1,3,87,0,S, 	(30-MAY-2025 15:47:49)
2,3 , 1,3,67,1,S, 	(30-MAY-2025 15:47:49)
2,3 , 1,3,67,1,S, 	(30-MAY-2025 15:47:49)
2,3 , 1,3,67,1,S, 	(30-MAY-2025 15:47:49)
2,3 , 1,3,67,1,S, 	(30-MAY-2025 15:47:49)
2,3 , 1,3,67,1,S, 	(30-MAY-2025 15:47:49)
2,3 , 1,3,67,1,S, 	(30-MAY-2025 15:47:49)
2,3 , 1,3,67,1,S, 	(30-MAY-2025 15:47:49)
2,3 , 1,3,67,1,S, 	(30-MAY-2025 15:47:49)
2,3 , 1,3,67,1,S, 	(30-MAY-2025 15:47:49)
2,3 , 1,3,67,1,S, 	(30-MAY-2025 15:47:49)
2,3 , 1,3,67,1,S, 	(30-MAY-2025 15:47:49)
2,3 , 1,3,67,1,S, 	(30-MAY-2025 15:47:49)
2,3 , 1,3,67,1,S, 	(30-MAY-2025 15:47:49)
2,3 , 1,3,67,1,S, 	(30-MAY-2025 15:47:49)
2,3 , 1,3,67,1,S, 	(30-MAY-2025 15:47:49)
2,3 , 1,3,67,1,S, 	(30-MAY-2025 15:47:49)
2,3 , 1,3,67,1,S, 	(30-MAY-2025 15:47:49)
2,3 , 1,3,67,1,S, 	(30-MAY-2025 15:47:49)
2,3 , 1,3,67,1,S, 	(30-MAY-2025 15:47:49)
2,3 , 1,3,67,1,S, 	(30-MAY-2025 15:47:49)
2,3 , 1,3,67,1,S, 	(30-MAY-2025 15:47:49)
2,3 , 1,3,67,1,S, 	(30-MAY-2025 15:47:49)
2,3 , 1,3,67,1,S, 	(30-MAY-2025 15:47:49)
2,3 , 1,3,67,1,S, 	(30-MAY-2025 15:47:49)
2,3 , 1,3,67,1,S, 	(30-MAY-2025 15:47:49)
2,3 , 1,3,67,1,S, 	(30-MAY-2025 15:47:49)
2,3 , 1,3,67,1,S, 	(30-MAY-2025 15:47:49)
2,3 , 1,3,67,1,S, 	(30-MAY-2025 15:47:49)
2,3 , 1,3,67,1,S, 	(30-MAY-2025 15:47:49)
2,3 , 1,3,67,1,S, 	(30-MAY-2025 15:47:49)
2,3 , 1,3,71,1,S, 	(30-MAY-2025 15:47:49)
2,3 , 1,3,71,1,S, 	(30-MAY-2025 15:47:49)
2,3 , 1,3,71,1,S, 	(30-MAY-2025 15:47:49)
2,3 , 1,3,71,1,S, 	(30-MAY-2025 15:47:49)
2,3 , 1,3,71,1,S, 	(30-MAY-2025 15:47:49)
2,3 , 1,3,71,1,S, 	(30-MAY-2025 15:47:49)
2,3 , 1,3,71,1,S, 	(30-MAY-2025 15:47:49)
2,3 , 1,3,71,1,S, 	(30-MAY-2025 15:47:49)
2,3 , 1,3,71,1,S, 	(30-MAY-2025 15:47:49)
2,3 , 1,3,71,1,S, 	(30-MAY-2025 15:47:49)
2,3 , 1,3,71,1,S, 	(30-MAY-2025 15:47:49)
2,3 , 1,3,71,1,S, 	(30-MAY-2025 15:47:49)
2,3 , 1,3,71,1,S, 	(30-MAY-2025 15:47:49)
2,3 , 1,3,71,1,S, 	(30-MAY-2025 15:47:49)
2,3 , 1,3,71,1,S, 	(30-MAY-2025 15:47:49)
2,3 , 1,3,71,1,S, 	(30-MAY-2025 15:47:49)
2,3 , 1,3,71,1,S, 	(30-MAY-2025 15:47:49)
2,3 , 1,3,71,1,S, 	(30-MAY-2025 15:47:49)
2,3 , 1,3,71,1,S, 	(30-MAY-2025 15:47:49)
2,3 , 1,3,71,1,S, 	(30-MAY-2025 15:47:49)
2,3 , 1,3,71,1,S, 	(30-MAY-2025 15:47:49)
2,3 , 1,3,71,1,S, 	(30-MAY-2025 15:47:49)
2,3 , 1,3,71,1,S, 	(30-MAY-2025 15:47:49)
2,3 , 1,3,71,1,S, 	(30-MAY-2025 15:47:49)
2,3 , 1,3,71,1,S, 	(30-MAY-2025 15:47:49)
2,3 , 1,3,71,1,S, 	(30-MAY-2025 15:47:49)
2,3 , 1,3,71,1,S, 	(30-MAY-2025 15:47:49)
2,3 , 1,3,71,1,S, 	(30-MAY-2025 15:47:49)
2,3 , 1,3,71,1,S, 	(30-MAY-2025 15:47:49)
2,3 , 1,3,71,1,S, 	(30-MAY-2025 15:47:49)
2,3 , 1,3,71,1,S, 	(30-MAY-2025 15:47:49)
2,3 , 1,3,71,1,S, 	(30-MAY-2025 15:47:49)
2,3 , 1,3,71,1,S, 	(30-MAY-2025 15:47:49)
2,3 , 1,3,71,1,S, 	(30-MAY-2025 15:47:49)
2,3 , 1,3,71,1,S, 	(30-MAY-2025 15:47:49)
2,3 , 1,3,71,1,S, 	(30-MAY-2025 15:47:49)
2,3 , 1,3,71,1,S, 	(30-MAY-2025 15:47:49)
2,3 , 1,3,80,0,S, 	(30-MAY-2025 15:47:49)
2,3 , 1,3,80,0,S, 	(30-MAY-2025 15:47:49)
2,3 , 1,3,80,0,S, 	(30-MAY-2025 15:47:49)
2,3 , 1,3,80,0,S, 	(30-MAY-2025 15:47:49)
2,3 , 1,3,80,0,S, 	(30-MAY-2025 15:47:49)
2,3 , 1,3,80,0,S, 	(30-MAY-2025 15:47:49)
2,3 , 1,3,80,0,S, 	(30-MAY-2025 15:47:49)
2,3 , 1,3,80,0,S, 	(30-MAY-2025 15:47:49)
2,3 , 1,3,80,0,S, 	(30-MAY-2025 15:47:49)
2,3 , 1,3,80,0,S, 	(30-MAY-2025 15:47:49)
2,3 , 1,3,80,0,S, 	(30-MAY-2025 15:47:49)
2,3 , 1,3,80,0,S, 	(30-MAY-2025 15:47:49)
2,3 , 1,3,80,0,S, 	(30-MAY-2025 15:47:49)
2,3 , 1,3,80,0,S, 	(30-MAY-2025 15:47:49)
2,3 , 1,3,80,0,S, 	(30-MAY-2025 15:47:49)
2,3 , 1,3,80,0,S, 	(30-MAY-2025 15:47:49)
2,3 , 1,3,80,0,S, 	(30-MAY-2025 15:47:49)
2,3 , 1,3,80,0,S, 	(30-MAY-2025 15:47:49)
2,3 , 1,3,80,0,S, 	(30-MAY-2025 15:47:49)
2,3 , 1,3,80,0,S, 	(30-MAY-2025 15:47:49)
2,3 , 1,3,80,0,S, 	(30-MAY-2025 15:47:49)
2,3 , 1,3,80,0,S, 	(30-MAY-2025 15:47:49)
2,3 , 1,3,80,0,S, 	(30-MAY-2025 15:47:49)
2,3 , 1,3,80,0,S, 	(30-MAY-2025 15:47:49)
2,3 , 1,3,80,0,S, 	(30-MAY-2025 15:47:49)
2,3 , 1,3,80,0,S, 	(30-MAY-2025 15:47:49)
2,3 , 1,3,80,0,S, 	(30-MAY-2025 15:47:49)
2,3 , 1,3,80,0,S, 	(30-MAY-2025 15:47:49)
2,3 , 1,3,80,0,S, 	(30-MAY-2025 15:47:49)
2,3 , 1,3,80,0,S, 	(30-MAY-2025 15:47:49)
2,3 , 1,3,80,0,S, 	(30-MAY-2025 15:47:49)
2,3 , 1,3,80,0,S, 	(30-MAY-2025 15:47:49)
2,3 , 1,3,80,0,S, 	(30-MAY-2025 15:47:49)
2,3 , 1,3,80,0,S, 	(30-MAY-2025 15:47:49)
2,3 , 1,3,80,0,S, 	(30-MAY-2025 15:47:49)
2,3 , 1,3,80,0,S, 	(30-MAY-2025 15:47:49)
2,3 , 1,3,80,0,S, 	(30-MAY-2025 15:47:49)
2,3 , 1,3,80,0,S, 	(30-MAY-2025 15:47:49)
2,3 , 1,3,80,0,S, 	(30-MAY-2025 15:47:49)
2,3 , 1,3,80,0,S, 	(30-MAY-2025 15:47:49)
2,3 , 1,3,80,0,S, 	(30-MAY-2025 15:47:49)
2,3 , 1,3,80,0,S, 	(30-MAY-2025 15:47:49)
2,3 , 1,3,80,0,S, 	(30-MAY-2025 15:47:49)
2,3 , 1,3,80,0,S, 	(30-MAY-2025 15:47:49)
2,3 , 1,3,80,0,S, 	(30-MAY-2025 15:47:49)
2,3 , 1,3,80,0,S, 	(30-MAY-2025 15:47:49)
2,3 , 1,3,80,0,S, 	(30-MAY-2025 15:47:49)
2,3 , 1,3,80,0,S, 	(30-MAY-2025 15:47:49)
2,3 , 1,3,80,0,S, 	(30-MAY-2025 15:47:49)
2,3 , 1,3,80,0,S, 	(30-MAY-2025 15:47:49)
2,3 , 1,3,80,0,S, 	(30-MAY-2025 15:47:49)
2,3 , 1,3,80,0,S, 	(30-MAY-2025 15:47:49)
2,3 , 1,3,81,2,S, 	(30-MAY-2025 15:47:49)
2,3 , 1,3,81,2,S, 	(30-MAY-2025 15:47:49)
2,3 , 1,3,81,2,S, 	(30-MAY-2025 15:47:49)
2,3 , 1,3,81,2,S, 	(30-MAY-2025 15:47:49)
2,3 , 1,3,81,2,S, 	(30-MAY-2025 15:47:49)
2,3 , 1,3,81,2,S, 	(30-MAY-2025 15:47:49)
2,3 , 1,3,81,2,S, 	(30-MAY-2025 15:47:49)
2,3 , 1,3,81,2,S, 	(30-MAY-2025 15:47:49)
2,3 , 1,3,81,2,S, 	(30-MAY-2025 15:47:49)
2,3 , 1,3,81,2,S, 	(30-MAY-2025 15:47:49)
2,3 , 1,3,81,2,S, 	(30-MAY-2025 15:47:49)
2,3 , 1,3,81,2,S, 	(30-MAY-2025 15:47:49)
2,3 , 1,3,81,2,S, 	(30-MAY-2025 15:47:49)
2,3 , 1,3,81,2,S, 	(30-MAY-2025 15:47:49)
2,3 , 1,3,81,2,S, 	(30-MAY-2025 15:47:49)
2,3 , 1,3,81,2,S, 	(30-MAY-2025 15:47:49)
2,3 , 1,3,81,2,S, 	(30-MAY-2025 15:47:49)
2,3 , 1,3,81,2,S, 	(30-MAY-2025 15:47:49)
2,3 , 1,3,81,2,S, 	(30-MAY-2025 15:47:49)
2,3 , 1,3,81,2,S, 	(30-MAY-2025 15:47:49)
2,3 , 1,3,81,2,S, 	(30-MAY-2025 15:47:49)
2,3 , 1,3,81,2,S, 	(30-MAY-2025 15:47:49)
2,3 , 1,3,81,2,S, 	(30-MAY-2025 15:47:49)
2,3 , 1,3,81,2,S, 	(30-MAY-2025 15:47:49)
2,3 , 1,3,81,2,S, 	(30-MAY-2025 15:47:49)
2,3 , 1,3,81,2,S, 	(30-MAY-2025 15:47:49)
2,3 , 1,3,81,2,S, 	(30-MAY-2025 15:47:49)
2,3 , 1,3,81,2,S, 	(30-MAY-2025 15:47:49)
2,3 , 1,3,81,2,S, 	(30-MAY-2025 15:47:49)
2,3 , 1,3,81,2,S, 	(30-MAY-2025 15:47:49)
2,3 , 1,3,81,2,S, 	(30-MAY-2025 15:47:49)
2,3 , 1,3,81,2,S, 	(30-MAY-2025 15:47:49)
2,3 , 1,3,86,0,S, 	(30-MAY-2025 15:47:49)
2,3 , 1,3,86,0,S, 	(30-MAY-2025 15:47:49)
2,3 , 1,3,86,0,S, 	(30-MAY-2025 15:47:49)
2,3 , 1,3,86,0,S, 	(30-MAY-2025 15:47:49)
2,3 , 1,3,86,0,S, 	(30-MAY-2025 15:47:49)
2,3 , 1,3,86,0,S, 	(30-MAY-2025 15:47:49)
2,3 , 1,3,86,0,S, 	(30-MAY-2025 15:47:49)
2,3 , 1,3,86,0,S, 	(30-MAY-2025 15:47:49)
2,3 , 1,3,86,0,S, 	(30-MAY-2025 15:47:49)
2,3 , 1,3,86,0,S, 	(30-MAY-2025 15:47:49)
2,3 , 1,3,86,0,S, 	(30-MAY-2025 15:47:49)
2,3 , 1,3,86,0,S, 	(30-MAY-2025 15:47:49)
2,3 , 1,3,86,0,S, 	(30-MAY-2025 15:47:49)
2,3 , 1,3,86,0,S, 	(30-MAY-2025 15:47:49)
2,3 , 1,3,86,0,S, 	(30-MAY-2025 15:47:49)
2,3 , 1,3,86,0,S, 	(30-MAY-2025 15:47:49)
2,3 , 1,3,86,0,S, 	(30-MAY-2025 15:47:49)
2,3 , 1,3,86,0,S, 	(30-MAY-2025 15:47:49)
2,3 , 1,3,86,0,S, 	(30-MAY-2025 15:47:49)
2,3 , 1,3,86,0,S, 	(30-MAY-2025 15:47:49)
2,3 , 1,3,86,0,S, 	(30-MAY-2025 15:47:49)
2,3 , 1,3,86,0,S, 	(30-MAY-2025 15:47:49)
2,3 , 1,3,86,0,S, 	(30-MAY-2025 15:47:49)
2,3 , 1,3,86,0,S, 	(30-MAY-2025 15:47:49)
2,3 , 1,3,86,0,S, 	(30-MAY-2025 15:47:49)
2,3 , 1,3,86,0,S, 	(30-MAY-2025 15:47:49)
2,3 , 1,3,86,0,S, 	(30-MAY-2025 15:47:49)
2,3 , 1,3,86,0,S, 	(30-MAY-2025 15:47:49)
2,3 , 1,3,86,0,S, 	(30-MAY-2025 15:47:49)
2,3 , 1,3,86,0,S, 	(30-MAY-2025 15:47:49)
2,3 , 1,3,88,1,S, 	(30-MAY-2025 15:47:49)
2,3 , 1,3,88,1,S, 	(30-MAY-2025 15:47:49)
2,3 , 1,3,88,1,S, 	(30-MAY-2025 15:47:49)
2,3 , 1,3,88,1,S, 	(30-MAY-2025 15:47:49)
2,3 , 1,3,88,1,S, 	(30-MAY-2025 15:47:49)
2,3 , 1,3,88,1,S, 	(30-MAY-2025 15:47:49)
2,3 , 1,3,88,1,S, 	(30-MAY-2025 15:47:49)
2,3 , 1,3,88,1,S, 	(30-MAY-2025 15:47:49)
2,3 , 1,3,88,1,S, 	(30-MAY-2025 15:47:49)
2,3 , 1,3,88,1,S, 	(30-MAY-2025 15:47:49)
2,3 , 1,3,88,1,S, 	(30-MAY-2025 15:47:49)
2,3 , 1,3,88,1,S, 	(30-MAY-2025 15:47:49)
2,3 , 1,3,88,1,S, 	(30-MAY-2025 15:47:49)
2,3 , 1,3,88,1,S, 	(30-MAY-2025 15:47:49)
2,3 , 1,3,88,1,S, 	(30-MAY-2025 15:47:49)
2,3 , 1,3,88,1,S, 	(30-MAY-2025 15:47:49)
2,3 , 1,3,88,1,S, 	(30-MAY-2025 15:47:49)
2,3 , 1,3,88,1,S, 	(30-MAY-2025 15:47:49)
2,3 , 1,3,88,1,S, 	(30-MAY-2025 15:47:49)
2,3 , 1,3,88,1,S, 	(30-MAY-2025 15:47:49)
2,3 , 1,3,88,1,S, 	(30-MAY-2025 15:47:49)
2,3 , 1,3,88,1,S, 	(30-MAY-2025 15:47:49)
2,3 , 1,3,88,1,S, 	(30-MAY-2025 15:47:49)
2,3 , 1,3,88,1,S, 	(30-MAY-2025 15:47:49)
2,3 , 1,3,79,0,S, 	(30-MAY-2025 15:47:49)
2,3 , 1,3,79,0,S, 	(30-MAY-2025 15:47:49)
2,3 , 1,3,79,0,S, 	(30-MAY-2025 15:47:49)
2,3 , 1,3,79,0,S, 	(30-MAY-2025 15:47:49)
2,3 , 1,3,79,0,S, 	(30-MAY-2025 15:47:49)
2,3 , 1,3,79,0,S, 	(30-MAY-2025 15:47:49)
2,3 , 1,3,79,0,S, 	(30-MAY-2025 15:47:49)
2,3 , 1,3,79,0,S, 	(30-MAY-2025 15:47:49)
2,3 , 1,3,79,0,S, 	(30-MAY-2025 15:47:49)
2,3 , 1,3,79,0,S, 	(30-MAY-2025 15:47:49)
2,3 , 1,3,79,0,S, 	(30-MAY-2025 15:47:49)
2,3 , 1,3,79,0,S, 	(30-MAY-2025 15:47:49)
2,3 , 1,3,79,0,S, 	(30-MAY-2025 15:47:49)
2,3 , 1,3,79,0,S, 	(30-MAY-2025 15:47:49)
2,3 , 1,3,79,0,S, 	(30-MAY-2025 15:47:49)
2,3 , 1,3,79,0,S, 	(30-MAY-2025 15:47:49)
2,3 , 1,3,79,0,S, 	(30-MAY-2025 15:47:49)
2,3 , 1,3,79,0,S, 	(30-MAY-2025 15:47:49)
2,3 , 1,3,79,0,S, 	(30-MAY-2025 15:47:49)
2,3 , 1,3,79,0,S, 	(30-MAY-2025 15:47:49)
2,3 , 1,3,79,0,S, 	(30-MAY-2025 15:47:49)
2,3 , 1,3,79,0,S, 	(30-MAY-2025 15:47:49)
2,3 , 1,3,79,0,S, 	(30-MAY-2025 15:47:49)
2,3 , 1,3,79,0,S, 	(30-MAY-2025 15:47:49)
2,3 , 1,3,79,0,S, 	(30-MAY-2025 15:47:49)
2,3 , 1,3,79,0,S, 	(30-MAY-2025 15:47:49)
2,3 , 1,3,79,0,S, 	(30-MAY-2025 15:47:49)
2,3 , 1,3,79,0,S, 	(30-MAY-2025 15:47:49)
2,3 , 1,3,79,0,S, 	(30-MAY-2025 15:47:49)
2,3 , 1,3,79,0,S, 	(30-MAY-2025 15:47:49)
2,3 , 1,3,79,0,S, 	(30-MAY-2025 15:47:49)
2,3 , 1,3,79,0,S, 	(30-MAY-2025 15:47:49)
2,3 , 1,3,79,0,S, 	(30-MAY-2025 15:47:49)
2,3 , 1,3,79,0,S, 	(30-MAY-2025 15:47:49)
2,3 , 1,3,79,0,S, 	(30-MAY-2025 15:47:49)
2,3 , 1,3,82,1,S, 	(30-MAY-2025 15:47:49)
2,3 , 1,3,82,1,S, 	(30-MAY-2025 15:47:49)
2,3 , 1,3,82,1,S, 	(30-MAY-2025 15:47:49)
2,3 , 1,3,82,1,S, 	(30-MAY-2025 15:47:49)
2,3 , 1,3,82,1,S, 	(30-MAY-2025 15:47:49)
2,3 , 1,3,82,1,S, 	(30-MAY-2025 15:47:49)
2,3 , 1,3,82,1,S, 	(30-MAY-2025 15:47:49)
2,3 , 1,3,82,1,S, 	(30-MAY-2025 15:47:49)
2,3 , 1,3,82,1,S, 	(30-MAY-2025 15:47:49)
2,3 , 1,3,82,1,S, 	(30-MAY-2025 15:47:49)
2,3 , 1,3,82,1,S, 	(30-MAY-2025 15:47:49)
2,3 , 1,3,82,1,S, 	(30-MAY-2025 15:47:49)
2,3 , 1,3,82,1,S, 	(30-MAY-2025 15:47:49)
2,3 , 1,3,82,1,S, 	(30-MAY-2025 15:47:49)
2,3 , 1,3,82,1,S, 	(30-MAY-2025 15:47:49)
2,3 , 1,3,82,1,S, 	(30-MAY-2025 15:47:49)
2,3 , 1,3,82,1,S, 	(30-MAY-2025 15:47:49)
2,3 , 1,3,82,1,S, 	(30-MAY-2025 15:47:49)
2,3 , 1,3,82,1,S, 	(30-MAY-2025 15:47:49)
2,3 , 1,3,82,1,S, 	(30-MAY-2025 15:47:49)
2,3 , 1,3,82,1,S, 	(30-MAY-2025 15:47:49)
2,3 , 1,3,82,1,S, 	(30-MAY-2025 15:47:49)
2,3 , 1,3,82,1,S, 	(30-MAY-2025 15:47:49)
2,3 , 1,3,82,1,S, 	(30-MAY-2025 15:47:49)
2,3 , 1,3,82,1,S, 	(30-MAY-2025 15:47:49)
2,3 , 1,3,82,1,S, 	(30-MAY-2025 15:47:49)
2,3 , 1,3,82,1,S, 	(30-MAY-2025 15:47:49)
2,3 , 1,3,82,1,S, 	(30-MAY-2025 15:47:49)
2,3 , 1,3,82,1,S, 	(30-MAY-2025 15:47:49)
2,3 , 1,3,82,1,S, 	(30-MAY-2025 15:47:49)
2,3 , 1,3,82,1,S, 	(30-MAY-2025 15:47:49)
2,3 , 1,3,82,1,S, 	(30-MAY-2025 15:47:49)
2,3 , 1,3,82,1,S, 	(30-MAY-2025 15:47:49)
2,3 , 1,3,82,1,S, 	(30-MAY-2025 15:47:49)
2,3 , 1,3,82,1,S, 	(30-MAY-2025 15:47:49)
2,3 , 1,3,82,1,S, 	(30-MAY-2025 15:47:49)
2,3 , 1,3,82,1,S, 	(30-MAY-2025 15:47:49)
2,3 , 1,3,82,1,S, 	(30-MAY-2025 15:47:49)
2,3 , 1,3,82,1,S, 	(30-MAY-2025 15:47:49)
2,3 , 1,3,82,1,S, 	(30-MAY-2025 15:47:49)
2,3 , 1,3,82,1,S, 	(30-MAY-2025 15:47:49)
2,3 , 1,3,82,1,S, 	(30-MAY-2025 15:47:49)
2,3 , 1,3,82,1,S, 	(30-MAY-2025 15:47:49)
2,3 , 1,3,82,1,S, 	(30-MAY-2025 15:47:49)
2,3 , 1,3,82,1,S, 	(30-MAY-2025 15:47:49)
2,3 , 1,3,82,1,S, 	(30-MAY-2025 15:47:49)
2,3 , 1,3,83,0,S, 	(30-MAY-2025 15:47:49)
2,3 , 1,3,83,0,S, 	(30-MAY-2025 15:47:49)
2,3 , 1,3,83,0,S, 	(30-MAY-2025 15:47:49)
2,3 , 1,3,83,0,S, 	(30-MAY-2025 15:47:49)
2,3 , 1,3,83,0,S, 	(30-MAY-2025 15:47:49)
2,3 , 1,3,83,0,S, 	(30-MAY-2025 15:47:49)
2,3 , 1,3,83,0,S, 	(30-MAY-2025 15:47:49)
2,3 , 1,3,83,0,S, 	(30-MAY-2025 15:47:49)
2,3 , 1,3,83,0,S, 	(30-MAY-2025 15:47:49)
2,3 , 1,3,83,0,S, 	(30-MAY-2025 15:47:49)
2,3 , 1,3,83,0,S, 	(30-MAY-2025 15:47:49)
2,3 , 1,3,83,0,S, 	(30-MAY-2025 15:47:49)
2,3 , 1,3,83,0,S, 	(30-MAY-2025 15:47:49)
2,3 , 1,3,83,0,S, 	(30-MAY-2025 15:47:49)
2,3 , 1,3,83,0,S, 	(30-MAY-2025 15:47:49)
2,3 , 1,3,83,0,S, 	(30-MAY-2025 15:47:49)
2,3 , 1,3,83,0,S, 	(30-MAY-2025 15:47:49)
2,3 , 1,3,83,0,S, 	(30-MAY-2025 15:47:49)
2,3 , 1,3,83,0,S, 	(30-MAY-2025 15:47:49)
2,3 , 1,3,83,0,S, 	(30-MAY-2025 15:47:49)
2,3 , 1,3,83,0,S, 	(30-MAY-2025 15:47:49)
2,3 , 1,3,83,0,S, 	(30-MAY-2025 15:47:49)
2,3 , 1,3,83,0,S, 	(30-MAY-2025 15:47:49)
2,3 , 1,3,83,0,S, 	(30-MAY-2025 15:47:49)
2,3 , 1,3,83,0,S, 	(30-MAY-2025 15:47:49)
2,3 , 1,3,83,0,S, 	(30-MAY-2025 15:47:49)
2,3 , 1,3,83,0,S, 	(30-MAY-2025 15:47:49)
2,3 , 1,3,83,0,S, 	(30-MAY-2025 15:47:49)
2,3 , 1,3,83,0,S, 	(30-MAY-2025 15:47:49)
2,3 , 1,3,83,0,S, 	(30-MAY-2025 15:47:49)
2,3 , 1,3,83,0,S, 	(30-MAY-2025 15:47:49)
2,3 , 1,3,83,0,S, 	(30-MAY-2025 15:47:49)
2,3 , 1,3,83,0,S, 	(30-MAY-2025 15:47:49)
2,3 , 1,3,83,0,S, 	(30-MAY-2025 15:47:49)
2,3 , 1,3,83,0,S, 	(30-MAY-2025 15:47:49)
2,3 , 1,3,83,0,S, 	(30-MAY-2025 15:47:49)
2,3 , 1,3,83,0,S, 	(30-MAY-2025 15:47:49)
2,3 , 1,3,83,0,S, 	(30-MAY-2025 15:47:49)
2,3 , 1,3,83,0,S, 	(30-MAY-2025 15:47:49)
2,3 , 1,3,83,0,S, 	(30-MAY-2025 15:47:49)
2,3 , 1,3,83,0,S, 	(30-MAY-2025 15:47:49)
2,3 , 1,3,83,0,S, 	(30-MAY-2025 15:47:49)
2,3 , 1,3,83,0,S, 	(30-MAY-2025 15:47:49)
2,3 , 1,3,102,2,S, 	(30-MAY-2025 15:47:49)
2,3 , 1,3,102,2,S, 	(30-MAY-2025 15:47:49)
2,3 , 1,3,102,2,S, 	(30-MAY-2025 15:47:49)
2,3 , 1,3,102,2,S, 	(30-MAY-2025 15:47:49)
2,3 , 1,3,102,2,S, 	(30-MAY-2025 15:47:49)
2,3 , 1,3,102,2,S, 	(30-MAY-2025 15:47:49)
2,3 , 1,3,102,2,S, 	(30-MAY-2025 15:47:49)
2,3 , 1,3,102,2,S, 	(30-MAY-2025 15:47:49)
2,3 , 1,3,102,2,S, 	(30-MAY-2025 15:47:49)
2,3 , 1,3,102,2,S, 	(30-MAY-2025 15:47:49)
2,3 , 1,3,102,2,S, 	(30-MAY-2025 15:47:49)
2,3 , 1,3,102,2,S, 	(30-MAY-2025 15:47:49)
2,3 , 1,3,102,2,S, 	(30-MAY-2025 15:47:49)
2,3 , 1,3,102,2,S, 	(30-MAY-2025 15:47:49)
2,3 , 1,3,102,2,S, 	(30-MAY-2025 15:47:49)
2,3 , 1,3,111,0,S, 	(30-MAY-2025 15:47:49)
2,3 , 1,3,111,0,S, 	(30-MAY-2025 15:47:49)
2,3 , 1,3,111,0,S, 	(30-MAY-2025 15:47:49)
2,3 , 1,3,111,0,S, 	(30-MAY-2025 15:47:49)
2,3 , 1,3,111,0,S, 	(30-MAY-2025 15:47:49)
2,3 , 1,3,111,0,S, 	(30-MAY-2025 15:47:49)
2,3 , 1,3,111,0,S, 	(30-MAY-2025 15:47:49)
2,3 , 1,3,111,0,S, 	(30-MAY-2025 15:47:49)
2,3 , 1,3,111,0,S, 	(30-MAY-2025 15:47:49)
2,3 , 1,3,111,0,S, 	(30-MAY-2025 15:47:49)
2,3 , 1,3,111,0,S, 	(30-MAY-2025 15:47:49)
2,3 , 1,3,111,0,S, 	(30-MAY-2025 15:47:49)
2,3 , 1,3,111,0,S, 	(30-MAY-2025 15:47:49)
2,3 , 1,3,111,0,S, 	(30-MAY-2025 15:47:49)
2,3 , 1,3,111,0,S, 	(30-MAY-2025 15:47:49)
2,3 , 1,3,111,0,S, 	(30-MAY-2025 15:47:49)
2,3 , 1,3,111,0,S, 	(30-MAY-2025 15:47:49)
2,3 , 1,3,114,2,S, 	(30-MAY-2025 15:47:49)
2,3 , 1,3,114,2,S, 	(30-MAY-2025 15:47:49)
2,3 , 1,3,114,2,S, 	(30-MAY-2025 15:47:49)
2,3 , 1,3,114,2,S, 	(30-MAY-2025 15:47:49)
2,3 , 1,3,114,2,S, 	(30-MAY-2025 15:47:49)
2,3 , 1,3,114,2,S, 	(30-MAY-2025 15:47:49)
2,3 , 1,3,114,2,S, 	(30-MAY-2025 15:47:49)
2,3 , 1,3,114,2,S, 	(30-MAY-2025 15:47:49)
2,3 , 1,3,114,2,S, 	(30-MAY-2025 15:47:49)
2,3 , 1,3,114,2,S, 	(30-MAY-2025 15:47:49)
2,3 , 1,3,114,2,S, 	(30-MAY-2025 15:47:49)
2,3 , 1,3,114,2,S, 	(30-MAY-2025 15:47:49)
2,3 , 1,3,114,2,S, 	(30-MAY-2025 15:47:49)
2,3 , 1,3,114,2,S, 	(30-MAY-2025 15:47:49)
2,3 , 1,3,114,2,S, 	(30-MAY-2025 15:47:49)
2,3 , 1,3,114,2,S, 	(30-MAY-2025 15:47:49)
2,3 , 1,3,104,0,S, 	(30-MAY-2025 15:47:49)
2,3 , 1,3,104,0,S, 	(30-MAY-2025 15:47:49)
2,3 , 1,3,104,0,S, 	(30-MAY-2025 15:47:49)
2,3 , 1,3,104,0,S, 	(30-MAY-2025 15:47:49)
2,3 , 1,3,104,0,S, 	(30-MAY-2025 15:47:49)
2,3 , 1,3,104,0,S, 	(30-MAY-2025 15:47:49)
2,3 , 1,3,104,0,S, 	(30-MAY-2025 15:47:49)
2,3 , 1,3,105,0,S, 	(30-MAY-2025 15:47:49)
2,3 , 1,3,105,0,S, 	(30-MAY-2025 15:47:49)
2,3 , 1,3,105,0,S, 	(30-MAY-2025 15:47:49)
2,3 , 1,3,105,0,S, 	(30-MAY-2025 15:47:49)
2,3 , 1,3,105,0,S, 	(30-MAY-2025 15:47:49)
2,3 , 1,3,105,0,S, 	(30-MAY-2025 15:47:49)
2,3 , 1,3,105,0,S, 	(30-MAY-2025 15:47:49)
2,3 , 1,3,105,0,S, 	(30-MAY-2025 15:47:49)
2,3 , 1,3,105,0,S, 	(30-MAY-2025 15:47:49)
2,3 , 1,3,105,0,S, 	(30-MAY-2025 15:47:49)
2,3 , 1,3,105,0,S, 	(30-MAY-2025 15:47:49)
2,3 , 1,3,105,0,S, 	(30-MAY-2025 15:47:49)
2,3 , 1,3,105,0,S, 	(30-MAY-2025 15:47:49)
2,3 , 1,3,105,0,S, 	(30-MAY-2025 15:47:49)
2,3 , 1,3,105,0,S, 	(30-MAY-2025 15:47:49)
2,3 , 1,3,105,0,S, 	(30-MAY-2025 15:47:49)
2,3 , 1,3,105,0,S, 	(30-MAY-2025 15:47:49)
2,3 , 1,3,105,0,S, 	(30-MAY-2025 15:47:49)
2,3 , 1,3,105,0,S, 	(30-MAY-2025 15:47:49)
2,3 , 1,3,105,0,S, 	(30-MAY-2025 15:47:49)
2,3 , 1,3,105,0,S, 	(30-MAY-2025 15:47:49)
2,3 , 1,3,105,0,S, 	(30-MAY-2025 15:47:49)
2,3 , 1,3,105,0,S, 	(30-MAY-2025 15:47:49)
2,3 , 1,3,105,0,S, 	(30-MAY-2025 15:47:49)
2,3 , 1,3,105,0,S, 	(30-MAY-2025 15:47:49)
2,3 , 1,3,105,0,S, 	(30-MAY-2025 15:47:49)
2,3 , 1,3,105,0,S, 	(30-MAY-2025 15:47:49)
2,3 , 1,3,105,0,S, 	(30-MAY-2025 15:47:49)
2,3 , 1,3,105,0,S, 	(30-MAY-2025 15:47:49)
2,3 , 1,3,105,0,S, 	(30-MAY-2025 15:47:49)
2,3 , 1,3,105,0,S, 	(30-MAY-2025 15:47:49)
2,3 , 1,3,105,0,S, 	(30-MAY-2025 15:47:49)
2,3 , 1,3,105,0,S, 	(30-MAY-2025 15:47:49)
2,3 , 1,3,105,0,S, 	(30-MAY-2025 15:47:49)
2,3 , 1,3,105,0,S, 	(30-MAY-2025 15:47:49)
2,3 , 1,3,105,0,S, 	(30-MAY-2025 15:47:49)
2,3 , 1,3,105,0,S, 	(30-MAY-2025 15:47:49)
2,3 , 1,3,105,0,S, 	(30-MAY-2025 15:47:49)
2,3 , 1,3,105,0,S, 	(30-MAY-2025 15:47:49)
2,3 , 1,3,105,0,S, 	(30-MAY-2025 15:47:49)
2,3 , 1,3,105,0,S, 	(30-MAY-2025 15:47:49)
2,3 , 1,3,105,0,S, 	(30-MAY-2025 15:47:49)
2,3 , 1,3,105,0,S, 	(30-MAY-2025 15:47:49)
2,3 , 1,3,105,0,S, 	(30-MAY-2025 15:47:49)
2,3 , 1,3,105,0,S, 	(30-MAY-2025 15:47:49)
2,3 , 1,3,106,0,S, 	(30-MAY-2025 15:47:49)
2,3 , 1,3,106,0,S, 	(30-MAY-2025 15:47:49)
2,3 , 1,3,106,0,S, 	(30-MAY-2025 15:47:49)
2,3 , 1,3,106,0,S, 	(30-MAY-2025 15:47:49)
2,3 , 1,3,106,0,S, 	(30-MAY-2025 15:47:49)
2,3 , 1,3,106,0,S, 	(30-MAY-2025 15:47:49)
2,3 , 1,3,106,0,S, 	(30-MAY-2025 15:47:49)
2,3 , 1,3,106,0,S, 	(30-MAY-2025 15:47:49)
2,3 , 1,3,106,0,S, 	(30-MAY-2025 15:47:49)
2,3 , 1,3,106,0,S, 	(30-MAY-2025 15:47:49)
2,3 , 1,3,106,0,S, 	(30-MAY-2025 15:47:49)
2,3 , 1,3,106,0,S, 	(30-MAY-2025 15:47:49)
2,3 , 1,3,106,0,S, 	(30-MAY-2025 15:47:49)
2,3 , 1,3,106,0,S, 	(30-MAY-2025 15:47:49)
2,3 , 1,3,106,0,S, 	(30-MAY-2025 15:47:49)
2,3 , 1,3,106,0,S, 	(30-MAY-2025 15:47:49)
2,3 , 1,3,106,0,S, 	(30-MAY-2025 15:47:49)
2,3 , 1,3,106,0,S, 	(30-MAY-2025 15:47:49)
2,3 , 1,3,106,0,S, 	(30-MAY-2025 15:47:49)
2,3 , 1,3,106,0,S, 	(30-MAY-2025 15:47:49)
2,3 , 1,3,106,0,S, 	(30-MAY-2025 15:47:49)
2,3 , 1,3,106,0,S, 	(30-MAY-2025 15:47:49)
2,3 , 1,3,106,0,S, 	(30-MAY-2025 15:47:49)
2,3 , 1,3,106,0,S, 	(30-MAY-2025 15:47:49)
2,3 , 1,3,106,0,S, 	(30-MAY-2025 15:47:49)
2,3 , 1,3,106,0,S, 	(30-MAY-2025 15:47:49)
2,3 , 1,3,106,0,S, 	(30-MAY-2025 15:47:49)
2,3 , 1,3,106,0,S, 	(30-MAY-2025 15:47:49)
2,3 , 1,3,106,0,S, 	(30-MAY-2025 15:47:49)
2,3 , 1,3,106,0,S, 	(30-MAY-2025 15:47:49)
2,3 , 1,3,112,0,S, 	(30-MAY-2025 15:47:49)
2,3 , 1,3,112,0,S, 	(30-MAY-2025 15:47:49)
2,3 , 1,3,112,0,S, 	(30-MAY-2025 15:47:49)
2,3 , 1,3,112,0,S, 	(30-MAY-2025 15:47:49)
2,3 , 1,3,112,0,S, 	(30-MAY-2025 15:47:49)
2,3 , 1,3,112,0,S, 	(30-MAY-2025 15:47:49)
2,3 , 1,3,112,0,S, 	(30-MAY-2025 15:47:49)
2,3 , 1,3,112,0,S, 	(30-MAY-2025 15:47:49)
2,3 , 1,3,112,0,S, 	(30-MAY-2025 15:47:49)
2,3 , 1,3,112,0,S, 	(30-MAY-2025 15:47:49)
2,3 , 1,3,112,0,S, 	(30-MAY-2025 15:47:49)
2,3 , 1,3,112,0,S, 	(30-MAY-2025 15:47:49)
2,3 , 1,3,112,0,S, 	(30-MAY-2025 15:47:49)
2,3 , 1,3,112,0,S, 	(30-MAY-2025 15:47:49)
2,3 , 1,3,112,0,S, 	(30-MAY-2025 15:47:49)
2,3 , 1,3,112,0,S, 	(30-MAY-2025 15:47:49)
2,3 , 1,3,112,0,S, 	(30-MAY-2025 15:47:49)
2,3 , 1,3,112,0,S, 	(30-MAY-2025 15:47:49)
2,3 , 1,3,112,0,S, 	(30-MAY-2025 15:47:49)
2,3 , 1,3,112,0,S, 	(30-MAY-2025 15:47:49)
2,3 , 1,3,112,0,S, 	(30-MAY-2025 15:47:49)
2,3 , 1,3,112,0,S, 	(30-MAY-2025 15:47:49)
2,3 , 1,3,112,0,S, 	(30-MAY-2025 15:47:49)
2,3 , 1,3,112,0,S, 	(30-MAY-2025 15:47:49)
2,3 , 1,3,112,0,S, 	(30-MAY-2025 15:47:49)
2,3 , 1,3,112,0,S, 	(30-MAY-2025 15:47:49)
2,3 , 1,3,112,0,S, 	(30-MAY-2025 15:47:49)
2,3 , 1,3,112,0,S, 	(30-MAY-2025 15:47:49)
2,3 , 1,3,112,0,S, 	(30-MAY-2025 15:47:49)
2,3 , 1,3,112,0,S, 	(30-MAY-2025 15:47:49)
2,3 , 1,3,112,0,S, 	(30-MAY-2025 15:47:49)
2,3 , 1,3,112,0,S, 	(30-MAY-2025 15:47:49)
2,3 , 1,3,112,0,S, 	(30-MAY-2025 15:47:49)
2,3 , 1,3,112,0,S, 	(30-MAY-2025 15:47:49)
2,3 , 1,3,112,0,S, 	(30-MAY-2025 15:47:49)
2,3 , 1,3,112,0,S, 	(30-MAY-2025 15:47:49)
2,3 , 1,3,112,0,S, 	(30-MAY-2025 15:47:49)
2,3 , 1,3,112,0,S, 	(30-MAY-2025 15:47:49)
2,3 , 1,3,112,0,S, 	(30-MAY-2025 15:47:49)
2,3 , 1,3,112,0,S, 	(30-MAY-2025 15:47:49)
2,3 , 1,3,112,0,S, 	(30-MAY-2025 15:47:49)
2,3 , 1,3,112,0,S, 	(30-MAY-2025 15:47:49)
2,3 , 1,3,112,0,S, 	(30-MAY-2025 15:47:49)
2,3 , 1,3,112,0,S, 	(30-MAY-2025 15:47:49)
2,3 , 1,3,112,0,S, 	(30-MAY-2025 15:47:49)
2,3 , 1,3,112,0,S, 	(30-MAY-2025 15:47:49)
2,3 , 1,3,112,0,S, 	(30-MAY-2025 15:47:49)
2,3 , 1,3,112,0,S, 	(30-MAY-2025 15:47:49)
2,3 , 1,3,112,0,S, 	(30-MAY-2025 15:47:49)
2,3 , 1,3,112,0,S, 	(30-MAY-2025 15:47:49)
2,3 , 1,3,112,0,S, 	(30-MAY-2025 15:47:49)
2,3 , 1,3,112,0,S, 	(30-MAY-2025 15:47:49)
2,3 , 1,3,112,0,S, 	(30-MAY-2025 15:47:49)
2,3 , 1,3,112,0,S, 	(30-MAY-2025 15:47:49)
2,3 , 1,3,112,0,S, 	(30-MAY-2025 15:47:50)
2,3 , 1,3,112,0,S, 	(30-MAY-2025 15:47:50)
2,3 , 1,3,112,0,S, 	(30-MAY-2025 15:47:50)
2,3 , 1,3,112,0,S, 	(30-MAY-2025 15:47:50)
2,3 , 1,3,112,0,S, 	(30-MAY-2025 15:47:50)
2,3 , 1,3,112,0,S, 	(30-MAY-2025 15:47:50)
2,3 , 1,3,112,0,S, 	(30-MAY-2025 15:47:50)
2,3 , 1,3,112,0,S, 	(30-MAY-2025 15:47:50)
2,3 , 1,3,112,0,S, 	(30-MAY-2025 15:47:50)
2,3 , 1,3,112,0,S, 	(30-MAY-2025 15:47:50)
2,3 , 1,3,112,0,S, 	(30-MAY-2025 15:47:50)
2,3 , 1,3,112,0,S, 	(30-MAY-2025 15:47:50)
2,3 , 1,3,112,0,S, 	(30-MAY-2025 15:47:50)
2,3 , 1,3,112,0,S, 	(30-MAY-2025 15:47:50)
2,3 , 1,3,112,0,S, 	(30-MAY-2025 15:47:50)
2,3 , 1,3,112,0,S, 	(30-MAY-2025 15:47:50)
2,3 , 1,3,112,0,S, 	(30-MAY-2025 15:47:50)
2,3 , 1,3,112,0,S, 	(30-MAY-2025 15:47:50)
2,3 , 1,3,112,0,S, 	(30-MAY-2025 15:47:50)
2,3 , 1,3,112,0,S, 	(30-MAY-2025 15:47:50)
2,3 , 1,3,113,0,S, 	(30-MAY-2025 15:47:50)
2,3 , 1,3,113,0,S, 	(30-MAY-2025 15:47:50)
2,3 , 1,3,113,0,S, 	(30-MAY-2025 15:47:50)
2,3 , 1,3,113,0,S, 	(30-MAY-2025 15:47:50)
2,3 , 1,3,113,0,S, 	(30-MAY-2025 15:47:50)
2,3 , 1,3,113,0,S, 	(30-MAY-2025 15:47:50)
2,3 , 1,3,113,0,S, 	(30-MAY-2025 15:47:50)
2,3 , 1,3,113,0,S, 	(30-MAY-2025 15:47:50)
2,3 , 1,3,113,0,S, 	(30-MAY-2025 15:47:50)
2,3 , 1,3,113,0,S, 	(30-MAY-2025 15:47:50)
2,3 , 1,3,113,0,S, 	(30-MAY-2025 15:47:50)
2,3 , 1,3,113,0,S, 	(30-MAY-2025 15:47:50)
2,3 , 1,3,113,0,S, 	(30-MAY-2025 15:47:50)
2,3 , 1,3,113,0,S, 	(30-MAY-2025 15:47:50)
2,3 , 1,3,113,0,S, 	(30-MAY-2025 15:47:50)
2,3 , 1,3,113,0,S, 	(30-MAY-2025 15:47:50)
2,3 , 1,3,113,0,S, 	(30-MAY-2025 15:47:50)
2,3 , 1,3,113,0,S, 	(30-MAY-2025 15:47:50)
2,3 , 1,3,113,0,S, 	(30-MAY-2025 15:47:50)
2,3 , 1,3,113,0,S, 	(30-MAY-2025 15:47:50)
2,3 , 1,3,113,0,S, 	(30-MAY-2025 15:47:50)
2,3 , 1,3,113,0,S, 	(30-MAY-2025 15:47:50)
2,3 , 1,3,113,0,S, 	(30-MAY-2025 15:47:50)
2,3 , 1,3,113,0,S, 	(30-MAY-2025 15:47:50)
2,3 , 1,3,113,0,S, 	(30-MAY-2025 15:47:50)
2,3 , 1,3,113,0,S, 	(30-MAY-2025 15:47:50)
2,3 , 1,3,113,0,S, 	(30-MAY-2025 15:47:50)
2,3 , 1,3,113,0,S, 	(30-MAY-2025 15:47:50)
2,3 , 1,3,113,0,S, 	(30-MAY-2025 15:47:50)
2,3 , 1,3,113,0,S, 	(30-MAY-2025 15:47:50)
2,3 , 1,3,113,0,S, 	(30-MAY-2025 15:47:50)
2,3 , 1,3,113,0,S, 	(30-MAY-2025 15:47:50)
2,3 , 1,3,113,0,S, 	(30-MAY-2025 15:47:50)
2,3 , 1,3,113,0,S, 	(30-MAY-2025 15:47:50)
2,3 , 1,3,113,0,S, 	(30-MAY-2025 15:47:50)
2,3 , 1,3,113,0,S, 	(30-MAY-2025 15:47:50)
2,3 , 1,3,113,0,S, 	(30-MAY-2025 15:47:50)
2,3 , 1,3,113,0,S, 	(30-MAY-2025 15:47:50)
2,3 , 1,3,113,0,S, 	(30-MAY-2025 15:47:50)
2,3 , 1,3,113,0,S, 	(30-MAY-2025 15:47:50)
2,3 , 1,3,113,0,S, 	(30-MAY-2025 15:47:50)
2,3 , 1,3,113,0,S, 	(30-MAY-2025 15:47:50)
2,3 , 1,3,113,0,S, 	(30-MAY-2025 15:47:50)
2,3 , 1,3,113,0,S, 	(30-MAY-2025 15:47:50)
2,3 , 1,3,113,0,S, 	(30-MAY-2025 15:47:50)
2,3 , 1,3,113,0,S, 	(30-MAY-2025 15:47:50)
2,3 , 1,3,113,0,S, 	(30-MAY-2025 15:47:50)
2,3 , 1,3,113,0,S, 	(30-MAY-2025 15:47:50)
2,3 , 1,3,113,0,S, 	(30-MAY-2025 15:47:50)
2,3 , 1,3,113,0,S, 	(30-MAY-2025 15:47:50)
2,3 , 1,3,113,0,S, 	(30-MAY-2025 15:47:50)
2,3 , 1,3,113,0,S, 	(30-MAY-2025 15:47:50)
2,3 , 1,3,113,0,S, 	(30-MAY-2025 15:47:50)
2,3 , 1,3,113,0,S, 	(30-MAY-2025 15:47:50)
2,3 , 1,3,113,0,S, 	(30-MAY-2025 15:47:50)
2,3 , 1,3,113,0,S, 	(30-MAY-2025 15:47:50)
2,3 , 1,3,113,0,S, 	(30-MAY-2025 15:47:50)
2,3 , 1,3,113,0,S, 	(30-MAY-2025 15:47:50)
2,3 , 1,3,113,0,S, 	(30-MAY-2025 15:47:50)
2,3 , 1,3,113,0,S, 	(30-MAY-2025 15:47:50)
2,3 , 1,3,113,0,S, 	(30-MAY-2025 15:47:50)
2,3 , 1,3,113,0,S, 	(30-MAY-2025 15:47:50)
2,3 , 1,3,113,0,S, 	(30-MAY-2025 15:47:50)
2,3 , 1,3,113,0,S, 	(30-MAY-2025 15:47:50)
2,3 , 1,3,113,0,S, 	(30-MAY-2025 15:47:50)
2,3 , 1,3,113,0,S, 	(30-MAY-2025 15:47:50)
2,3 , 1,3,113,0,S, 	(30-MAY-2025 15:47:50)
2,3 , 1,3,113,0,S, 	(30-MAY-2025 15:47:50)
2,3 , 1,3,113,0,S, 	(30-MAY-2025 15:47:50)
2,3 , 1,3,113,0,S, 	(30-MAY-2025 15:47:50)
2,3 , 1,3,113,0,S, 	(30-MAY-2025 15:47:50)
2,3 , 1,3,113,0,S, 	(30-MAY-2025 15:47:50)
2,3 , 1,3,113,0,S, 	(30-MAY-2025 15:47:50)
2,3 , 1,3,113,0,S, 	(30-MAY-2025 15:47:50)
2,3 , 1,3,113,0,S, 	(30-MAY-2025 15:47:50)
2,3 , 1,3,114,1,S, 	(30-MAY-2025 15:47:50)
2,3 , 1,3,114,1,S, 	(30-MAY-2025 15:47:50)
2,3 , 1,3,114,1,S, 	(30-MAY-2025 15:47:50)
2,3 , 1,3,114,1,S, 	(30-MAY-2025 15:47:50)
2,3 , 1,3,114,1,S, 	(30-MAY-2025 15:47:50)
2,3 , 1,3,114,1,S, 	(30-MAY-2025 15:47:50)
2,3 , 1,3,114,1,S, 	(30-MAY-2025 15:47:50)
2,3 , 1,3,114,1,S, 	(30-MAY-2025 15:47:50)
2,3 , 1,3,114,1,S, 	(30-MAY-2025 15:47:50)
2,3 , 1,3,114,1,S, 	(30-MAY-2025 15:47:50)
2,3 , 1,3,114,1,S, 	(30-MAY-2025 15:47:50)
2,3 , 1,3,114,1,S, 	(30-MAY-2025 15:47:50)
2,3 , 1,3,114,1,S, 	(30-MAY-2025 15:47:50)
2,3 , 1,3,116,0,S, 	(30-MAY-2025 15:47:50)
2,3 , 1,3,116,0,S, 	(30-MAY-2025 15:47:50)
2,3 , 1,3,116,0,S, 	(30-MAY-2025 15:47:50)
2,3 , 1,3,116,0,S, 	(30-MAY-2025 15:47:50)
2,3 , 1,3,116,0,S, 	(30-MAY-2025 15:47:50)
2,3 , 1,3,116,0,S, 	(30-MAY-2025 15:47:50)
2,3 , 1,3,116,0,S, 	(30-MAY-2025 15:47:50)
2,3 , 1,3,116,0,S, 	(30-MAY-2025 15:47:50)
2,3 , 1,3,116,0,S, 	(30-MAY-2025 15:47:50)
2,3 , 1,3,116,0,S, 	(30-MAY-2025 15:47:50)
2,3 , 1,3,116,0,S, 	(30-MAY-2025 15:47:50)
2,3 , 1,3,116,0,S, 	(30-MAY-2025 15:47:50)
2,3 , 1,3,116,0,S, 	(30-MAY-2025 15:47:50)
2,3 , 1,3,116,0,S, 	(30-MAY-2025 15:47:50)
2,3 , 1,3,116,0,S, 	(30-MAY-2025 15:47:50)
2,3 , 1,3,116,0,S, 	(30-MAY-2025 15:47:50)
2,3 , 1,3,116,0,S, 	(30-MAY-2025 15:47:50)
2,3 , 1,3,116,0,S, 	(30-MAY-2025 15:47:50)
2,3 , 1,3,116,0,S, 	(30-MAY-2025 15:47:50)
2,3 , 1,3,116,0,S, 	(30-MAY-2025 15:47:50)
2,3 , 1,3,116,0,S, 	(30-MAY-2025 15:47:50)
2,3 , 1,3,116,0,S, 	(30-MAY-2025 15:47:50)
2,3 , 1,3,116,0,S, 	(30-MAY-2025 15:47:50)
2,3 , 1,3,116,0,S, 	(30-MAY-2025 15:47:50)
2,3 , 1,3,116,0,S, 	(30-MAY-2025 15:47:50)
2,3 , 1,3,116,0,S, 	(30-MAY-2025 15:47:50)
2,3 , 1,3,116,0,S, 	(30-MAY-2025 15:47:50)
2,3 , 1,3,116,0,S, 	(30-MAY-2025 15:47:50)
2,3 , 1,3,116,0,S, 	(30-MAY-2025 15:47:50)
2,3 , 1,3,116,0,S, 	(30-MAY-2025 15:47:50)
2,3 , 1,3,116,0,S, 	(30-MAY-2025 15:47:50)
2,3 , 1,3,117,0,S, 	(30-MAY-2025 15:47:50)
2,3 , 1,3,117,0,S, 	(30-MAY-2025 15:47:50)
2,3 , 1,3,117,0,S, 	(30-MAY-2025 15:47:50)
2,3 , 1,3,117,0,S, 	(30-MAY-2025 15:47:50)
2,3 , 1,3,117,0,S, 	(30-MAY-2025 15:47:50)
2,3 , 1,3,117,0,S, 	(30-MAY-2025 15:47:50)
2,3 , 1,3,117,0,S, 	(30-MAY-2025 15:47:50)
2,3 , 1,3,117,0,S, 	(30-MAY-2025 15:47:50)
2,3 , 1,3,117,0,S, 	(30-MAY-2025 15:47:50)
2,3 , 1,3,117,0,S, 	(30-MAY-2025 15:47:50)
2,3 , 1,3,117,0,S, 	(30-MAY-2025 15:47:50)
2,3 , 1,3,117,0,S, 	(30-MAY-2025 15:47:50)
2,3 , 1,3,117,0,S, 	(30-MAY-2025 15:47:50)
2,3 , 1,3,117,0,S, 	(30-MAY-2025 15:47:50)
2,3 , 1,3,117,0,S, 	(30-MAY-2025 15:47:50)
2,3 , 1,3,117,0,S, 	(30-MAY-2025 15:47:50)
2,3 , 1,3,117,0,S, 	(30-MAY-2025 15:47:50)
2,3 , 1,3,117,0,S, 	(30-MAY-2025 15:47:50)
2,3 , 1,3,117,0,S, 	(30-MAY-2025 15:47:50)
2,3 , 1,3,117,0,S, 	(30-MAY-2025 15:47:50)
2,3 , 1,3,117,0,S, 	(30-MAY-2025 15:47:50)
2,3 , 1,3,117,0,S, 	(30-MAY-2025 15:47:50)
2,3 , 1,3,117,0,S, 	(30-MAY-2025 15:47:50)
2,3 , 1,3,117,0,S, 	(30-MAY-2025 15:47:50)
2,3 , 1,3,117,0,S, 	(30-MAY-2025 15:47:50)
2,3 , 1,3,117,0,S, 	(30-MAY-2025 15:47:50)
2,3 , 1,3,117,0,S, 	(30-MAY-2025 15:47:50)
2,3 , 1,3,117,0,S, 	(30-MAY-2025 15:47:50)
2,3 , 1,3,117,0,S, 	(30-MAY-2025 15:47:50)
2,3 , 1,3,117,0,S, 	(30-MAY-2025 15:47:50)
2,3 , 1,3,117,0,S, 	(30-MAY-2025 15:47:50)
2,3 , 1,3,118,0,S, 	(30-MAY-2025 15:47:50)
2,3 , 1,3,118,0,S, 	(30-MAY-2025 15:47:50)
2,3 , 1,3,118,0,S, 	(30-MAY-2025 15:47:50)
2,3 , 1,3,118,0,S, 	(30-MAY-2025 15:47:50)
2,3 , 1,3,118,0,S, 	(30-MAY-2025 15:47:50)
2,3 , 1,3,118,0,S, 	(30-MAY-2025 15:47:50)
2,3 , 1,3,118,0,S, 	(30-MAY-2025 15:47:50)
2,3 , 1,3,118,0,S, 	(30-MAY-2025 15:47:50)
2,3 , 1,3,118,0,S, 	(30-MAY-2025 15:47:50)
2,3 , 1,3,118,0,S, 	(30-MAY-2025 15:47:50)
2,3 , 1,3,118,0,S, 	(30-MAY-2025 15:47:50)
2,3 , 1,3,118,0,S, 	(30-MAY-2025 15:47:50)
2,3 , 1,3,118,0,S, 	(30-MAY-2025 15:47:50)
2,3 , 1,3,118,0,S, 	(30-MAY-2025 15:47:50)
2,3 , 1,3,118,0,S, 	(30-MAY-2025 15:47:50)
2,3 , 1,3,118,0,S, 	(30-MAY-2025 15:47:50)
2,3 , 1,3,118,0,S, 	(30-MAY-2025 15:47:50)
2,3 , 1,3,118,0,S, 	(30-MAY-2025 15:47:50)
2,3 , 1,3,118,0,S, 	(30-MAY-2025 15:47:50)
2,3 , 1,3,118,0,S, 	(30-MAY-2025 15:47:50)
2,3 , 1,3,118,0,S, 	(30-MAY-2025 15:47:50)
2,3 , 1,3,118,0,S, 	(30-MAY-2025 15:47:50)
2,3 , 1,3,118,0,S, 	(30-MAY-2025 15:47:50)
2,3 , 1,3,118,0,S, 	(30-MAY-2025 15:47:50)
2,3 , 1,3,118,0,S, 	(30-MAY-2025 15:47:50)
2,3 , 1,3,118,0,S, 	(30-MAY-2025 15:47:50)
2,3 , 1,3,118,0,S, 	(30-MAY-2025 15:47:50)
2,3 , 1,3,118,0,S, 	(30-MAY-2025 15:47:50)
2,3 , 1,3,118,0,S, 	(30-MAY-2025 15:47:50)
2,3 , 1,3,118,0,S, 	(30-MAY-2025 15:47:50)
2,3 , 1,3,118,0,S, 	(30-MAY-2025 15:47:50)
2,3 , 1,3,107,0,S, 	(30-MAY-2025 15:47:50)
2,3 , 1,3,107,0,S, 	(30-MAY-2025 15:47:50)
2,3 , 1,3,107,0,S, 	(30-MAY-2025 15:47:50)
2,3 , 1,3,107,0,S, 	(30-MAY-2025 15:47:50)
2,3 , 1,3,107,0,S, 	(30-MAY-2025 15:47:50)
2,3 , 1,3,107,0,S, 	(30-MAY-2025 15:47:50)
2,3 , 1,3,107,0,S, 	(30-MAY-2025 15:47:50)
2,3 , 1,3,107,0,S, 	(30-MAY-2025 15:47:50)
2,3 , 1,3,107,0,S, 	(30-MAY-2025 15:47:50)
2,3 , 1,3,107,0,S, 	(30-MAY-2025 15:47:50)
2,3 , 1,3,107,0,S, 	(30-MAY-2025 15:47:50)
2,3 , 1,3,107,0,S, 	(30-MAY-2025 15:47:50)
2,3 , 1,3,107,0,S, 	(30-MAY-2025 15:47:50)
2,3 , 1,3,107,0,S, 	(30-MAY-2025 15:47:50)
2,3 , 1,3,107,0,S, 	(30-MAY-2025 15:47:50)
2,3 , 1,3,107,0,S, 	(30-MAY-2025 15:47:50)
2,3 , 1,3,108,0,S, 	(30-MAY-2025 15:47:50)
2,3 , 1,3,108,0,S, 	(30-MAY-2025 15:47:50)
2,3 , 1,3,108,0,S, 	(30-MAY-2025 15:47:50)
2,3 , 1,3,108,0,S, 	(30-MAY-2025 15:47:50)
2,3 , 1,3,108,0,S, 	(30-MAY-2025 15:47:50)
2,3 , 1,3,108,0,S, 	(30-MAY-2025 15:47:50)
2,3 , 1,3,108,0,S, 	(30-MAY-2025 15:47:50)
2,3 , 1,3,108,0,S, 	(30-MAY-2025 15:47:50)
2,3 , 1,3,108,0,S, 	(30-MAY-2025 15:47:50)
2,3 , 1,3,108,0,S, 	(30-MAY-2025 15:47:50)
2,3 , 1,3,108,0,S, 	(30-MAY-2025 15:47:50)
2,3 , 1,3,108,0,S, 	(30-MAY-2025 15:47:50)
2,3 , 1,3,108,0,S, 	(30-MAY-2025 15:47:50)
2,3 , 1,3,108,0,S, 	(30-MAY-2025 15:47:50)
2,3 , 1,3,108,0,S, 	(30-MAY-2025 15:47:50)
2,3 , 1,3,108,0,S, 	(30-MAY-2025 15:47:50)
2,3 , 1,3,108,0,S, 	(30-MAY-2025 15:47:50)
2,3 , 1,3,108,0,S, 	(30-MAY-2025 15:47:50)
2,3 , 1,3,108,0,S, 	(30-MAY-2025 15:47:50)
2,3 , 1,3,108,0,S, 	(30-MAY-2025 15:47:50)
2,3 , 1,3,108,0,S, 	(30-MAY-2025 15:47:50)
2,3 , 1,3,108,0,S, 	(30-MAY-2025 15:47:50)
2,3 , 1,3,108,0,S, 	(30-MAY-2025 15:47:50)
2,3 , 1,3,108,0,S, 	(30-MAY-2025 15:47:50)
2,3 , 1,3,108,0,S, 	(30-MAY-2025 15:47:50)
2,3 , 1,3,108,0,S, 	(30-MAY-2025 15:47:50)
2,3 , 1,3,108,0,S, 	(30-MAY-2025 15:47:50)
2,3 , 1,3,108,0,S, 	(30-MAY-2025 15:47:50)
2,3 , 1,3,108,0,S, 	(30-MAY-2025 15:47:50)
2,3 , 1,3,108,0,S, 	(30-MAY-2025 15:47:50)
2,3 , 1,3,108,0,S, 	(30-MAY-2025 15:47:50)
2,3 , 1,3,109,0,S, 	(30-MAY-2025 15:47:50)
2,3 , 1,3,109,0,S, 	(30-MAY-2025 15:47:50)
2,3 , 1,3,109,0,S, 	(30-MAY-2025 15:47:50)
2,3 , 1,3,109,0,S, 	(30-MAY-2025 15:47:50)
2,3 , 1,3,109,0,S, 	(30-MAY-2025 15:47:50)
2,3 , 1,3,109,0,S, 	(30-MAY-2025 15:47:50)
2,3 , 1,3,109,0,S, 	(30-MAY-2025 15:47:50)
2,3 , 1,3,109,0,S, 	(30-MAY-2025 15:47:50)
2,3 , 1,3,109,0,S, 	(30-MAY-2025 15:47:50)
2,3 , 1,3,109,0,S, 	(30-MAY-2025 15:47:50)
2,3 , 1,3,109,0,S, 	(30-MAY-2025 15:47:50)
2,3 , 1,3,109,0,S, 	(30-MAY-2025 15:47:50)
2,3 , 1,3,109,0,S, 	(30-MAY-2025 15:47:50)
2,3 , 1,3,109,0,S, 	(30-MAY-2025 15:47:50)
2,3 , 1,3,109,0,S, 	(30-MAY-2025 15:47:50)
2,3 , 1,3,109,0,S, 	(30-MAY-2025 15:47:50)
2,3 , 1,3,109,0,S, 	(30-MAY-2025 15:47:50)
2,3 , 1,3,109,0,S, 	(30-MAY-2025 15:47:50)
2,3 , 1,3,109,0,S, 	(30-MAY-2025 15:47:50)
2,3 , 1,3,109,0,S, 	(30-MAY-2025 15:47:50)
2,3 , 1,3,109,0,S, 	(30-MAY-2025 15:47:50)
2,3 , 1,3,109,0,S, 	(30-MAY-2025 15:47:50)
2,3 , 1,3,109,0,S, 	(30-MAY-2025 15:47:50)
2,3 , 1,3,109,0,S, 	(30-MAY-2025 15:47:50)
2,3 , 1,3,109,0,S, 	(30-MAY-2025 15:47:50)
2,3 , 1,3,109,0,S, 	(30-MAY-2025 15:47:50)
2,3 , 1,3,109,0,S, 	(30-MAY-2025 15:47:50)
2,3 , 1,3,109,0,S, 	(30-MAY-2025 15:47:50)
2,3 , 1,3,109,0,S, 	(30-MAY-2025 15:47:50)
2,3 , 1,3,109,0,S, 	(30-MAY-2025 15:47:50)
2,3 , 1,3,109,0,S, 	(30-MAY-2025 15:47:50)
2,3 , 1,3,109,0,S, 	(30-MAY-2025 15:47:50)
2,3 , 1,3,109,0,S, 	(30-MAY-2025 15:47:50)
2,3 , 1,3,109,0,S, 	(30-MAY-2025 15:47:50)
2,3 , 1,3,109,0,S, 	(30-MAY-2025 15:47:50)
2,3 , 1,3,109,0,S, 	(30-MAY-2025 15:47:50)
2,3 , 1,3,109,0,S, 	(30-MAY-2025 15:47:50)
2,3 , 1,3,109,0,S, 	(30-MAY-2025 15:47:50)
2,3 , 1,3,109,0,S, 	(30-MAY-2025 15:47:50)
2,3 , 1,3,110,0,S, 	(30-MAY-2025 15:47:50)
2,3 , 1,3,110,0,S, 	(30-MAY-2025 15:47:50)
2,3 , 1,3,110,0,S, 	(30-MAY-2025 15:47:50)
2,3 , 1,3,110,0,S, 	(30-MAY-2025 15:47:50)
2,3 , 1,3,110,0,S, 	(30-MAY-2025 15:47:50)
2,3 , 1,3,110,0,S, 	(30-MAY-2025 15:47:50)
2,3 , 1,3,110,0,S, 	(30-MAY-2025 15:47:50)
2,3 , 1,3,110,0,S, 	(30-MAY-2025 15:47:50)
2,3 , 1,3,110,0,S, 	(30-MAY-2025 15:47:50)
2,3 , 1,3,110,0,S, 	(30-MAY-2025 15:47:50)
2,3 , 1,3,110,0,S, 	(30-MAY-2025 15:47:50)
2,3 , 1,3,110,0,S, 	(30-MAY-2025 15:47:50)
2,3 , 1,3,110,0,S, 	(30-MAY-2025 15:47:50)
2,3 , 1,3,110,0,S, 	(30-MAY-2025 15:47:50)
2,3 , 1,3,110,0,S, 	(30-MAY-2025 15:47:50)
2,3 , 1,3,110,0,S, 	(30-MAY-2025 15:47:50)
2,3 , 1,3,110,0,S, 	(30-MAY-2025 15:47:50)
2,3 , 1,3,110,0,S, 	(30-MAY-2025 15:47:50)
2,3 , 1,3,110,0,S, 	(30-MAY-2025 15:47:50)
2,3 , 1,3,110,0,S, 	(30-MAY-2025 15:47:50)
2,3 , 1,3,110,0,S, 	(30-MAY-2025 15:47:50)
2,3 , 1,3,110,0,S, 	(30-MAY-2025 15:47:50)
2,3 , 1,3,110,0,S, 	(30-MAY-2025 15:47:50)
2,3 , 1,3,110,0,S, 	(30-MAY-2025 15:47:50)
2,3 , 1,3,110,0,S, 	(30-MAY-2025 15:47:50)
2,3 , 1,3,110,0,S, 	(30-MAY-2025 15:47:50)
2,3 , 1,3,110,0,S, 	(30-MAY-2025 15:47:50)
2,3 , 1,3,110,0,S, 	(30-MAY-2025 15:47:50)
2,3 , 1,3,110,0,S, 	(30-MAY-2025 15:47:50)
2,3 , 1,3,110,0,S, 	(30-MAY-2025 15:47:50)
2,3 , 1,3,110,0,S, 	(30-MAY-2025 15:47:50)
2,3 , 1,3,110,0,S, 	(30-MAY-2025 15:47:50)
2,3 , 1,3,110,0,S, 	(30-MAY-2025 15:47:50)
2,3 , 1,3,110,0,S, 	(30-MAY-2025 15:47:50)
2,3 , 1,3,110,0,S, 	(30-MAY-2025 15:47:50)
2,3 , 1,3,110,0,S, 	(30-MAY-2025 15:47:50)
2,3 , 1,3,110,0,S, 	(30-MAY-2025 15:47:50)
2,3 , 1,3,110,0,S, 	(30-MAY-2025 15:47:50)
2,3 , 1,3,110,0,S, 	(30-MAY-2025 15:47:50)
2,3 , 1,3,110,0,S, 	(30-MAY-2025 15:47:50)
2,3 , 1,3,110,0,S, 	(30-MAY-2025 15:47:50)
2,3 , 1,3,110,0,S, 	(30-MAY-2025 15:47:50)
2,3 , 1,3,110,0,S, 	(30-MAY-2025 15:47:50)
2,3 , 1,3,110,0,S, 	(30-MAY-2025 15:47:50)
2,3 , 1,3,110,0,S, 	(30-MAY-2025 15:47:50)
2,3 , 1,3,110,0,S, 	(30-MAY-2025 15:47:50)
2,3 , 1,3,110,0,S, 	(30-MAY-2025 15:47:50)
2,3 , 1,3,110,0,S, 	(30-MAY-2025 15:47:50)
2,3 , 1,3,110,0,S, 	(30-MAY-2025 15:47:50)
2,3 , 1,3,110,0,S, 	(30-MAY-2025 15:47:50)
2,3 , 1,3,110,0,S, 	(30-MAY-2025 15:47:50)
2,3 , 1,3,110,0,S, 	(30-MAY-2025 15:47:50)
2,3 , 1,3,110,0,S, 	(30-MAY-2025 15:47:50)
2,3 , 1,3,110,0,S, 	(30-MAY-2025 15:47:50)
2,3 , 1,3,110,0,S, 	(30-MAY-2025 15:47:50)
2,3 , 1,3,110,0,S, 	(30-MAY-2025 15:47:50)
2,3 , 1,3,110,0,S, 	(30-MAY-2025 15:47:50)
2,3 , 1,3,110,0,S, 	(30-MAY-2025 15:47:50)
2,3 , 1,3,110,0,S, 	(30-MAY-2025 15:47:50)
2,3 , 1,3,110,0,S, 	(30-MAY-2025 15:47:50)
2,3 , 1,3,110,0,S, 	(30-MAY-2025 15:47:50)
2,3 , 1,3,110,0,S, 	(30-MAY-2025 15:47:50)
2,3 , 1,3,110,0,S, 	(30-MAY-2025 15:47:50)
2,3 , 1,3,110,0,S, 	(30-MAY-2025 15:47:50)
2,3 , 1,3,110,0,S, 	(30-MAY-2025 15:47:50)
2,3 , 1,3,110,0,S, 	(30-MAY-2025 15:47:50)
2,3 , 1,3,110,0,S, 	(30-MAY-2025 15:47:50)
2,3 , 1,3,110,0,S, 	(30-MAY-2025 15:47:50)
2,3 , 1,3,110,0,S, 	(30-MAY-2025 15:47:50)
2,3 , 1,3,110,0,S, 	(30-MAY-2025 15:47:50)
2,3 , 1,3,110,0,S, 	(30-MAY-2025 15:47:50)
2,3 , 1,3,110,0,S, 	(30-MAY-2025 15:47:50)
2,3 , 1,3,110,0,S, 	(30-MAY-2025 15:47:50)
2,3 , 1,3,110,0,S, 	(30-MAY-2025 15:47:50)
2,3 , 1,3,103,0,S, 	(30-MAY-2025 15:47:50)
2,3 , 1,3,103,0,S, 	(30-MAY-2025 15:47:50)
2,3 , 1,3,103,0,S, 	(30-MAY-2025 15:47:50)
2,3 , 1,3,103,0,S, 	(30-MAY-2025 15:47:50)
2,3 , 1,3,103,0,S, 	(30-MAY-2025 15:47:50)
2,3 , 1,3,115,0,S, 	(30-MAY-2025 15:47:50)
2,3 , 1,3,115,0,S, 	(30-MAY-2025 15:47:50)
2,3 , 1,3,115,0,S, 	(30-MAY-2025 15:47:50)
2,3 , 1,3,115,0,S, 	(30-MAY-2025 15:47:50)
2,3 , 1,3,115,0,S, 	(30-MAY-2025 15:47:50)
2,3 , 1,3,115,0,S, 	(30-MAY-2025 15:47:50)
2,3 , 1,3,115,0,S, 	(30-MAY-2025 15:47:50)
2,3 , 1,3,115,0,S, 	(30-MAY-2025 15:47:50)
2,3 , 1,3,115,0,S, 	(30-MAY-2025 15:47:50)
2,3 , 1,3,115,0,S, 	(30-MAY-2025 15:47:50)
2,3 , 1,3,115,0,S, 	(30-MAY-2025 15:47:50)
2,3 , 1,3,115,0,S, 	(30-MAY-2025 15:47:50)
2,3 , 1,3,115,0,S, 	(30-MAY-2025 15:47:50)
2,3 , 1,3,115,0,S, 	(30-MAY-2025 15:47:50)
2,3 , 1,3,115,0,S, 	(30-MAY-2025 15:47:50)
2,3 , 1,3,115,0,S, 	(30-MAY-2025 15:47:50)
2,3 , 1,3,115,0,S, 	(30-MAY-2025 15:47:50)
2,3 , 1,3,115,0,S, 	(30-MAY-2025 15:47:50)
2,3 , 1,3,115,0,S, 	(30-MAY-2025 15:47:50)
2,3 , 1,3,115,0,S, 	(30-MAY-2025 15:47:50)
2,3 , 1,3,115,0,S, 	(30-MAY-2025 15:47:50)
2,3 , 1,3,115,0,S, 	(30-MAY-2025 15:47:50)
2,3 , 1,3,115,0,S, 	(30-MAY-2025 15:47:50)
2,3 , 1,3,115,0,S, 	(30-MAY-2025 15:47:50)
2,3 , 1,3,115,0,S, 	(30-MAY-2025 15:47:50)
2,3 , 1,3,115,0,S, 	(30-MAY-2025 15:47:50)
2,3 , 1,3,115,0,S, 	(30-MAY-2025 15:47:50)
2,3 , 1,3,115,0,S, 	(30-MAY-2025 15:47:50)
2,3 , 1,3,115,0,S, 	(30-MAY-2025 15:47:50)
2,3 , 1,3,115,0,S, 	(30-MAY-2025 15:47:50)
2,3 , 1,3,115,0,S, 	(30-MAY-2025 15:47:50)
2,3 , 1,3,115,0,S, 	(30-MAY-2025 15:47:50)
2,3 , 1,3,115,0,S, 	(30-MAY-2025 15:47:50)
2,3 , 1,3,115,0,S, 	(30-MAY-2025 15:47:50)
2,3 , 1,3,115,0,S, 	(30-MAY-2025 15:47:50)
2,3 , 1,3,115,0,S, 	(30-MAY-2025 15:47:50)
2,3 , 1,3,115,0,S, 	(30-MAY-2025 15:47:50)
2,3 , 1,3,115,0,S, 	(30-MAY-2025 15:47:50)
2,3 , 1,3,115,0,S, 	(30-MAY-2025 15:47:50)
2,3 , 1,3,115,0,S, 	(30-MAY-2025 15:47:50)
2,3 , 1,3,115,0,S, 	(30-MAY-2025 15:47:50)
2,3 , 1,3,115,0,S, 	(30-MAY-2025 15:47:50)
2,3 , 1,3,115,0,S, 	(30-MAY-2025 15:47:50)
2,3 , 1,3,115,0,S, 	(30-MAY-2025 15:47:50)
2,3 , 1,3,115,0,S, 	(30-MAY-2025 15:47:50)
2,3 , 1,3,115,0,S, 	(30-MAY-2025 15:47:50)
2,3 , 1,3,115,0,S, 	(30-MAY-2025 15:47:50)
2,3 , 1,3,115,0,S, 	(30-MAY-2025 15:47:50)
2,3 , 1,3,115,0,S, 	(30-MAY-2025 15:47:50)
2,3 , 1,3,115,0,S, 	(30-MAY-2025 15:47:50)
2,3 , 1,3,115,0,S, 	(30-MAY-2025 15:47:50)
2,3 , 1,3,115,0,S, 	(30-MAY-2025 15:47:50)
2,3 , 1,3,115,0,S, 	(30-MAY-2025 15:47:50)
2,3 , 1,3,119,0,S, 	(30-MAY-2025 15:47:50)
2,3 , 1,3,119,0,S, 	(30-MAY-2025 15:47:50)
2,3 , 1,3,119,0,S, 	(30-MAY-2025 15:47:50)
2,3 , 1,3,119,0,S, 	(30-MAY-2025 15:47:50)
2,3 , 1,3,119,0,S, 	(30-MAY-2025 15:47:50)
2,3 , 1,3,119,0,S, 	(30-MAY-2025 15:47:50)
2,3 , 1,3,119,0,S, 	(30-MAY-2025 15:47:50)
2,3 , 1,3,119,0,S, 	(30-MAY-2025 15:47:50)
2,3 , 1,3,119,0,S, 	(30-MAY-2025 15:47:50)
2,3 , 1,3,119,0,S, 	(30-MAY-2025 15:47:50)
2,3 , 1,3,119,0,S, 	(30-MAY-2025 15:47:50)
2,3 , 1,3,119,0,S, 	(30-MAY-2025 15:47:50)
2,3 , 1,3,119,0,S, 	(30-MAY-2025 15:47:50)
2,3 , 1,3,119,0,S, 	(30-MAY-2025 15:47:50)
2,3 , 1,3,119,0,S, 	(30-MAY-2025 15:47:50)
2,3 , 1,3,119,0,S, 	(30-MAY-2025 15:47:50)
2,3 , 1,3,119,0,S, 	(30-MAY-2025 15:47:50)
2,3 , 1,3,119,0,S, 	(30-MAY-2025 15:47:50)
2,3 , 1,3,119,0,S, 	(30-MAY-2025 15:47:50)
2,3 , 1,3,119,0,S, 	(30-MAY-2025 15:47:50)
2,3 , 1,3,119,0,S, 	(30-MAY-2025 15:47:50)
2,3 , 1,3,119,0,S, 	(30-MAY-2025 15:47:50)
2,3 , 1,3,119,0,S, 	(30-MAY-2025 15:47:50)
2,3 , 1,3,119,0,S, 	(30-MAY-2025 15:47:50)
2,3 , 1,3,119,0,S, 	(30-MAY-2025 15:47:50)
2,3 , 1,3,119,0,S, 	(30-MAY-2025 15:47:50)
2,3 , 1,3,119,0,S, 	(30-MAY-2025 15:47:50)
2,3 , 1,3,119,0,S, 	(30-MAY-2025 15:47:50)
2,3 , 1,3,119,0,S, 	(30-MAY-2025 15:47:50)
2,3 , 1,3,119,0,S, 	(30-MAY-2025 15:47:50)
2,3 , 1,3,119,0,S, 	(30-MAY-2025 15:47:50)
2,3 , 1,3,119,0,S, 	(30-MAY-2025 15:47:50)
2,3 , 1,3,119,0,S, 	(30-MAY-2025 15:47:50)
2,3 , 1,3,119,0,S, 	(30-MAY-2025 15:47:50)
2,3 , 1,3,119,0,S, 	(30-MAY-2025 15:47:50)
2,3 , 1,3,119,0,S, 	(30-MAY-2025 15:47:50)
2,3 , 1,3,123,0,S, 	(30-MAY-2025 15:47:50)
2,3 , 1,3,123,0,S, 	(30-MAY-2025 15:47:50)
2,3 , 1,3,123,0,S, 	(30-MAY-2025 15:47:50)
2,3 , 1,3,123,0,S, 	(30-MAY-2025 15:47:50)
2,3 , 1,3,123,0,S, 	(30-MAY-2025 15:47:50)
2,3 , 1,3,123,0,S, 	(30-MAY-2025 15:47:50)
2,3 , 1,3,123,0,S, 	(30-MAY-2025 15:47:50)
2,3 , 1,3,123,0,S, 	(30-MAY-2025 15:47:50)
2,3 , 1,3,123,0,S, 	(30-MAY-2025 15:47:50)
2,3 , 1,3,123,0,S, 	(30-MAY-2025 15:47:50)
2,3 , 1,3,123,0,S, 	(30-MAY-2025 15:47:50)
2,3 , 1,3,123,0,S, 	(30-MAY-2025 15:47:50)
2,3 , 1,3,123,1,S, 	(30-MAY-2025 15:47:50)
2,3 , 1,3,123,1,S, 	(30-MAY-2025 15:47:50)
2,3 , 1,3,123,1,S, 	(30-MAY-2025 15:47:50)
2,3 , 1,3,123,1,S, 	(30-MAY-2025 15:47:50)
2,3 , 1,3,123,1,S, 	(30-MAY-2025 15:47:50)
2,3 , 1,3,123,1,S, 	(30-MAY-2025 15:47:50)
2,3 , 1,3,123,1,S, 	(30-MAY-2025 15:47:50)
2,3 , 1,3,123,1,S, 	(30-MAY-2025 15:47:50)
2,3 , 1,3,123,1,S, 	(30-MAY-2025 15:47:50)
2,3 , 1,3,123,1,S, 	(30-MAY-2025 15:47:50)
2,3 , 1,3,123,1,S, 	(30-MAY-2025 15:47:50)
2,3 , 1,3,123,1,S, 	(30-MAY-2025 15:47:50)
2,3 , 1,3,120,0,S, 	(30-MAY-2025 15:47:50)
2,3 , 1,3,120,0,S, 	(30-MAY-2025 15:47:50)
2,3 , 1,3,120,0,S, 	(30-MAY-2025 15:47:50)
2,3 , 1,3,120,0,S, 	(30-MAY-2025 15:47:50)
2,3 , 1,3,120,0,S, 	(30-MAY-2025 15:47:50)
2,3 , 1,3,120,0,S, 	(30-MAY-2025 15:47:50)
2,3 , 1,3,120,0,S, 	(30-MAY-2025 15:47:50)
2,3 , 1,3,121,0,S, 	(30-MAY-2025 15:47:50)
2,3 , 1,3,121,0,S, 	(30-MAY-2025 15:47:50)
2,3 , 1,3,121,0,S, 	(30-MAY-2025 15:47:50)
2,3 , 1,3,121,0,S, 	(30-MAY-2025 15:47:50)
2,3 , 1,3,121,0,S, 	(30-MAY-2025 15:47:50)
2,3 , 1,3,121,0,S, 	(30-MAY-2025 15:47:50)
2,3 , 1,3,121,0,S, 	(30-MAY-2025 15:47:50)
2,3 , 1,4,124,0,S, 	(30-MAY-2025 15:47:50)
2,3 , 1,4,124,0,S, 	(30-MAY-2025 15:47:50)
2,3 , 1,4,124,0,S, 	(30-MAY-2025 15:47:50)
2,3 , 1,4,124,0,S, 	(30-MAY-2025 15:47:50)
2,3 , 1,4,124,0,S, 	(30-MAY-2025 15:47:50)
2,3 , 1,4,124,0,S, 	(30-MAY-2025 15:47:50)
2,3 , 1,4,124,0,S, 	(30-MAY-2025 15:47:50)
2,3 , 1,4,124,0,S, 	(30-MAY-2025 15:47:50)
2,3 , 1,4,124,0,S, 	(30-MAY-2025 15:47:50)
2,3 , 1,4,124,0,S, 	(30-MAY-2025 15:47:50)
2,3 , 1,4,124,0,S, 	(30-MAY-2025 15:47:50)
2,3 , 1,4,124,0,S, 	(30-MAY-2025 15:47:50)
2,3 , 1,4,124,0,S, 	(30-MAY-2025 15:47:50)
2,3 , 1,4,124,0,S, 	(30-MAY-2025 15:47:50)
2,3 , 1,4,124,0,S, 	(30-MAY-2025 15:47:50)
2,3 , 1,4,124,0,S, 	(30-MAY-2025 15:47:50)
2,3 , 1,4,124,0,S, 	(30-MAY-2025 15:47:50)
2,3 , 1,4,124,0,S, 	(30-MAY-2025 15:47:50)
2,3 , 1,4,124,0,S, 	(30-MAY-2025 15:47:50)
2,3 , 1,4,124,0,S, 	(30-MAY-2025 15:47:50)
2,3 , 1,4,124,0,S, 	(30-MAY-2025 15:47:50)
2,3 , 1,4,124,0,S, 	(30-MAY-2025 15:47:50)
2,3 , 1,4,124,0,S, 	(30-MAY-2025 15:47:50)
2,3 , 1,4,124,0,S, 	(30-MAY-2025 15:47:50)
2,3 , 1,4,124,0,S, 	(30-MAY-2025 15:47:50)
2,3 , 1,4,124,0,S, 	(30-MAY-2025 15:47:50)
2,3 , 1,4,124,0,S, 	(30-MAY-2025 15:47:50)
2,3 , 1,4,124,0,S, 	(30-MAY-2025 15:47:50)
2,3 , 1,4,124,0,S, 	(30-MAY-2025 15:47:50)
2,3 , 1,4,124,0,S, 	(30-MAY-2025 15:47:50)
2,3 , 1,4,124,0,S, 	(30-MAY-2025 15:47:50)
2,3 , 1,4,125,0,S, 	(30-MAY-2025 15:47:50)
2,3 , 1,4,125,0,S, 	(30-MAY-2025 15:47:50)
2,3 , 1,4,125,0,S, 	(30-MAY-2025 15:47:50)
2,3 , 1,4,125,0,S, 	(30-MAY-2025 15:47:50)
2,3 , 1,4,125,0,S, 	(30-MAY-2025 15:47:50)
2,3 , 1,4,125,0,S, 	(30-MAY-2025 15:47:50)
2,3 , 1,4,125,0,S, 	(30-MAY-2025 15:47:50)
2,3 , 1,4,125,0,S, 	(30-MAY-2025 15:47:50)
2,3 , 1,4,125,0,S, 	(30-MAY-2025 15:47:50)
2,3 , 1,4,125,0,S, 	(30-MAY-2025 15:47:50)
2,3 , 1,4,125,0,S, 	(30-MAY-2025 15:47:50)
2,3 , 1,4,125,0,S, 	(30-MAY-2025 15:47:50)
2,3 , 1,4,125,0,S, 	(30-MAY-2025 15:47:50)
2,3 , 1,4,125,0,S, 	(30-MAY-2025 15:47:50)
2,3 , 1,4,125,0,S, 	(30-MAY-2025 15:47:50)
2,3 , 1,4,125,0,S, 	(30-MAY-2025 15:47:50)
2,3 , 1,4,125,0,S, 	(30-MAY-2025 15:47:50)
2,3 , 1,4,125,0,S, 	(30-MAY-2025 15:47:50)
2,3 , 1,4,125,0,S, 	(30-MAY-2025 15:47:50)
2,3 , 1,4,125,0,S, 	(30-MAY-2025 15:47:50)
2,3 , 1,4,125,0,S, 	(30-MAY-2025 15:47:50)
2,3 , 1,4,125,0,S, 	(30-MAY-2025 15:47:50)
2,3 , 1,4,125,0,S, 	(30-MAY-2025 15:47:50)
2,3 , 1,4,125,0,S, 	(30-MAY-2025 15:47:50)
2,3 , 1,4,125,0,S, 	(30-MAY-2025 15:47:50)
2,3 , 1,4,125,0,S, 	(30-MAY-2025 15:47:50)
2,3 , 1,4,125,0,S, 	(30-MAY-2025 15:47:50)
2,3 , 1,4,125,0,S, 	(30-MAY-2025 15:47:50)
2,3 , 1,4,125,0,S, 	(30-MAY-2025 15:47:50)
2,3 , 1,4,125,0,S, 	(30-MAY-2025 15:47:50)
2,3 , 1,4,125,0,S, 	(30-MAY-2025 15:47:50)
2,3 , 0,0,122005,0,X, 	(30-MAY-2025 15:47:50)
2,3 , 0,0,122005,0,X, 	(30-MAY-2025 15:47:50)
2,3 , 0,0,122005,0,X, 	(30-MAY-2025 15:47:50)
2,3 , 0,0,122005,0,X, 	(30-MAY-2025 15:47:50)
2,3 , 0,0,122005,0,X, 	(30-MAY-2025 15:47:50)
2,3 , 0,0,122005,0,X, 	(30-MAY-2025 15:47:50)
2,3 , 0,0,122005,0,X, 	(30-MAY-2025 15:47:50)
2,3 , 0,0,122005,0,X, 	(30-MAY-2025 15:47:50)
2,3 , 0,0,122005,0,X, 	(30-MAY-2025 15:47:50)
2,3 , 0,0,122005,0,X, 	(30-MAY-2025 15:47:50)
2,3 , 0,0,122005,0,X, 	(30-MAY-2025 15:47:50)
2,3 , 0,0,122005,0,X, 	(30-MAY-2025 15:47:50)
2,3 , 0,0,122005,0,X, 	(30-MAY-2025 15:47:50)
2,3 , 0,0,122005,0,X, 	(30-MAY-2025 15:47:50)
2,3 , 0,0,122005,0,X, 	(30-MAY-2025 15:47:50)
2,3 , 0,0,122006,0,X, 	(30-MAY-2025 15:47:50)
2,3 , 0,0,122007,0,X, 	(30-MAY-2025 15:47:50)
2,3 , 0,0,122007,0,X, 	(30-MAY-2025 15:47:50)
2,3 , 0,0,122007,0,X, 	(30-MAY-2025 15:47:50)
2,3 , 0,0,122007,0,X, 	(30-MAY-2025 15:47:50)
2,3 , 0,0,122007,0,X, 	(30-MAY-2025 15:47:50)
2,3 , 0,0,122007,0,X, 	(30-MAY-2025 15:47:50)
2,3 , 0,0,122007,0,X, 	(30-MAY-2025 15:47:50)
2,3 , 0,0,122007,0,X, 	(30-MAY-2025 15:47:50)
2,3 , 0,0,122007,0,X, 	(30-MAY-2025 15:47:50)
2,3 , 0,0,122007,0,X, 	(30-MAY-2025 15:47:50)
2,3 , 0,0,122007,0,X, 	(30-MAY-2025 15:47:50)
2,3 , 0,0,122007,0,X, 	(30-MAY-2025 15:47:50)
2,3 , 0,0,122007,0,X, 	(30-MAY-2025 15:47:50)
2,3 , 0,0,122007,0,X, 	(30-MAY-2025 15:47:50)
2,3 , 0,0,122007,0,X, 	(30-MAY-2025 15:47:50)
2,3 , 0,0,122008,0,X, 	(30-MAY-2025 15:47:50)
2,3 , 0,0,122008,0,X, 	(30-MAY-2025 15:47:50)
2,3 , 0,0,122008,0,X, 	(30-MAY-2025 15:47:50)
2,3 , 0,0,122008,0,X, 	(30-MAY-2025 15:47:50)
2,3 , 0,0,122008,0,X, 	(30-MAY-2025 15:47:50)
2,3 , 0,0,122008,0,X, 	(30-MAY-2025 15:47:50)
2,3 , 0,0,122008,0,X, 	(30-MAY-2025 15:47:50)
2,3 , 0,0,122008,0,X, 	(30-MAY-2025 15:47:50)
2,3 , 0,0,122008,0,X, 	(30-MAY-2025 15:47:50)
2,3 , 0,0,122008,0,X, 	(30-MAY-2025 15:47:50)
2,3 , 0,0,122008,0,X, 	(30-MAY-2025 15:47:50)
2,3 , 0,0,122008,0,X, 	(30-MAY-2025 15:47:50)
2,3 , 0,0,122008,0,X, 	(30-MAY-2025 15:47:50)
2,3 , 0,0,122008,0,X, 	(30-MAY-2025 15:47:50)
2,3 , 0,0,122008,0,X, 	(30-MAY-2025 15:47:50)
2,3 , 0,0,122009,0,X, 	(30-MAY-2025 15:47:50)
2,3 , 0,0,122010,0,X, 	(30-MAY-2025 15:47:50)
2,3 , 0,0,122011,0,X, 	(30-MAY-2025 15:47:50)
2,3 , 0,0,122012,0,X, 	(30-MAY-2025 15:47:50)
2,3 , 0,0,122012,0,X, 	(30-MAY-2025 15:47:50)
2,3 , 0,0,122012,0,X, 	(30-MAY-2025 15:47:50)
2,3 , 0,0,122012,0,X, 	(30-MAY-2025 15:47:50)
2,3 , 0,0,122012,0,X, 	(30-MAY-2025 15:47:50)
2,3 , 0,0,122013,0,X, 	(30-MAY-2025 15:47:50)
2,3 , 0,0,122014,0,X, 	(30-MAY-2025 15:47:50)
2,3 , 0,0,122015,0,X, 	(30-MAY-2025 15:47:50)
2,3 , 0,0,122016,0,X, 	(30-MAY-2025 15:47:50)
2,3 , 0,0,124007,0,X, 	(30-MAY-2025 15:47:50)
2,3 , 0,0,124007,0,X, 	(30-MAY-2025 15:47:50)
2,3 , 0,0,124007,0,X, 	(30-MAY-2025 15:47:50)
2,3 , 0,0,124007,0,X, 	(30-MAY-2025 15:47:50)
2,3 , 0,0,124007,0,X, 	(30-MAY-2025 15:47:50)
2,3 , 0,0,124007,0,X, 	(30-MAY-2025 15:47:50)
2,3 , 0,0,124007,0,X, 	(30-MAY-2025 15:47:50)
2,3 , 0,0,124007,0,X, 	(30-MAY-2025 15:47:50)
2,3 , 0,0,124007,0,X, 	(30-MAY-2025 15:47:50)
2,3 , 0,0,124007,0,X, 	(30-MAY-2025 15:47:50)
2,3 , 0,0,124007,0,X, 	(30-MAY-2025 15:47:50)
2,3 , 0,0,124007,0,X, 	(30-MAY-2025 15:47:50)
2,3 , 0,0,124007,0,X, 	(30-MAY-2025 15:47:50)
2,3 , 0,0,124007,0,X, 	(30-MAY-2025 15:47:50)
2,3 , 0,0,124007,0,X, 	(30-MAY-2025 15:47:50)
2,3 , 0,0,124007,0,X, 	(30-MAY-2025 15:47:50)
2,3 , 0,0,124007,0,X, 	(30-MAY-2025 15:47:50)
2,3 , 0,0,124007,0,X, 	(30-MAY-2025 15:47:50)
2,3 , 0,0,124007,0,X, 	(30-MAY-2025 15:47:50)
2,3 , 0,0,124007,0,X, 	(30-MAY-2025 15:47:50)
2,3 , 0,0,124007,0,X, 	(30-MAY-2025 15:47:50)
2,3 , 0,0,124007,0,X, 	(30-MAY-2025 15:47:50)
2,3 , 0,0,124007,0,X, 	(30-MAY-2025 15:47:50)
2,3 , 0,0,124007,0,X, 	(30-MAY-2025 15:47:50)
2,3 , 0,0,124007,0,X, 	(30-MAY-2025 15:47:50)
2,3 , 0,0,124007,0,X, 	(30-MAY-2025 15:47:50)
2,3 , 0,0,124007,0,X, 	(30-MAY-2025 15:47:50)
2,3 , 0,0,124007,0,X, 	(30-MAY-2025 15:47:50)
2,3 , 0,0,124007,0,X, 	(30-MAY-2025 15:47:50)
2,3 , 0,0,124007,0,X, 	(30-MAY-2025 15:47:50)
2,4 , 2,1,2,0,S, 	(30-MAY-2025 15:47:50)
2,4 , 2,1,2,0,S, 	(30-MAY-2025 15:47:50)
2,4 , 2,1,2,0,S, 	(30-MAY-2025 15:47:51)
2,4 , 2,1,2,0,S, 	(30-MAY-2025 15:47:51)
2,4 , 2,1,2,0,S, 	(30-MAY-2025 15:47:51)
2,4 , 2,1,2,0,S, 	(30-MAY-2025 15:47:51)
2,4 , 2,1,2,0,S, 	(30-MAY-2025 15:47:51)
2,4 , 2,1,2,0,S, 	(30-MAY-2025 15:47:51)
2,4 , 2,1,2,0,S, 	(30-MAY-2025 15:47:51)
2,4 , 2,1,2,0,S, 	(30-MAY-2025 15:47:51)
2,4 , 2,1,2,0,S, 	(30-MAY-2025 15:47:51)
2,4 , 2,1,2,0,S, 	(30-MAY-2025 15:47:51)
2,4 , 2,1,2,0,S, 	(30-MAY-2025 15:47:51)
2,4 , 2,1,1,0,S, 	(30-MAY-2025 15:47:51)
2,4 , 2,1,1,0,S, 	(30-MAY-2025 15:47:51)
2,4 , 2,1,1,0,S, 	(30-MAY-2025 15:47:51)
2,4 , 2,1,1,0,S, 	(30-MAY-2025 15:47:51)
2,4 , 2,1,1,0,S, 	(30-MAY-2025 15:47:51)
2,4 , 2,1,1,0,S, 	(30-MAY-2025 15:47:51)
2,4 , 2,1,1,0,S, 	(30-MAY-2025 15:47:51)
2,4 , 2,1,1,0,S, 	(30-MAY-2025 15:47:51)
2,4 , 2,1,1,0,S, 	(30-MAY-2025 15:47:51)
2,4 , 2,1,1,0,S, 	(30-MAY-2025 15:47:51)
2,4 , 2,1,1,0,S, 	(30-MAY-2025 15:47:51)
2,4 , 2,1,1,0,S, 	(30-MAY-2025 15:47:51)
2,4 , 2,1,1,0,S, 	(30-MAY-2025 15:47:51)
2,4 , 2,1,1,0,S, 	(30-MAY-2025 15:47:51)
2,4 , 2,1,1,0,S, 	(30-MAY-2025 15:47:51)
2,4 , 2,1,1,0,S, 	(30-MAY-2025 15:47:51)
2,4 , 2,1,1,0,S, 	(30-MAY-2025 15:47:51)
2,4 , 2,1,1,0,S, 	(30-MAY-2025 15:47:51)
2,4 , 2,1,1,0,S, 	(30-MAY-2025 15:47:51)
2,4 , 2,1,1,0,S, 	(30-MAY-2025 15:47:51)
2,4 , 2,1,1,0,S, 	(30-MAY-2025 15:47:51)
2,4 , 2,1,1,0,S, 	(30-MAY-2025 15:47:51)
2,4 , 1,0,23,0,S, 	(30-MAY-2025 15:47:51)
2,4 , 1,0,23,0,S, 	(30-MAY-2025 15:47:51)
2,4 , 1,0,23,0,S, 	(30-MAY-2025 15:47:51)
2,4 , 1,0,23,0,S, 	(30-MAY-2025 15:47:51)
2,4 , 1,0,24,0,S, 	(30-MAY-2025 15:47:51)
2,4 , 1,0,24,0,S, 	(30-MAY-2025 15:47:51)
2,4 , 1,0,22,0,S, 	(30-MAY-2025 15:47:51)
2,4 , 2,1,3,1,S, 	(30-MAY-2025 15:47:51)
2,4 , 2,1,3,1,S, 	(30-MAY-2025 15:47:51)
2,4 , 2,1,3,1,S, 	(30-MAY-2025 15:47:51)
2,4 , 2,1,3,1,S, 	(30-MAY-2025 15:47:51)
2,4 , 2,1,3,1,S, 	(30-MAY-2025 15:47:51)
2,4 , 2,1,3,1,S, 	(30-MAY-2025 15:47:51)
2,4 , 2,1,3,1,S, 	(30-MAY-2025 15:47:51)
2,4 , 2,1,3,1,S, 	(30-MAY-2025 15:47:51)
2,4 , 2,1,5,0,S, 	(30-MAY-2025 15:47:51)
2,4 , 2,1,5,0,S, 	(30-MAY-2025 15:47:51)
2,4 , 2,1,5,0,S, 	(30-MAY-2025 15:47:51)
2,4 , 2,1,5,0,S, 	(30-MAY-2025 15:47:51)
2,4 , 2,1,6,0,S, 	(30-MAY-2025 15:47:51)
2,4 , 2,1,6,0,S, 	(30-MAY-2025 15:47:51)
2,4 , 2,1,6,0,S, 	(30-MAY-2025 15:47:51)
2,4 , 2,1,6,0,S, 	(30-MAY-2025 15:47:51)
2,4 , 2,1,6,0,S, 	(30-MAY-2025 15:47:51)
2,4 , 2,1,6,0,S, 	(30-MAY-2025 15:47:51)
2,4 , 2,1,6,0,S, 	(30-MAY-2025 15:47:51)
2,4 , 2,1,6,0,S, 	(30-MAY-2025 15:47:51)
2,4 , 2,1,8,0,S, 	(30-MAY-2025 15:47:51)
2,4 , 2,1,8,0,S, 	(30-MAY-2025 15:47:51)
2,4 , 2,1,8,0,S, 	(30-MAY-2025 15:47:51)
2,4 , 2,1,8,0,S, 	(30-MAY-2025 15:47:51)
2,4 , 2,1,8,0,S, 	(30-MAY-2025 15:47:51)
2,4 , 2,1,8,0,S, 	(30-MAY-2025 15:47:51)
2,4 , 2,1,8,0,S, 	(30-MAY-2025 15:47:51)
2,4 , 2,1,8,0,S, 	(30-MAY-2025 15:47:51)
2,4 , 2,1,8,0,S, 	(30-MAY-2025 15:47:51)
2,4 , 2,1,8,0,S, 	(30-MAY-2025 15:47:51)
2,4 , 2,1,8,0,S, 	(30-MAY-2025 15:47:51)
2,4 , 2,1,8,0,S, 	(30-MAY-2025 15:47:51)
2,4 , 2,1,9,0,S, 	(30-MAY-2025 15:47:51)
2,4 , 2,1,9,0,S, 	(30-MAY-2025 15:47:51)
2,4 , 2,1,9,0,S, 	(30-MAY-2025 15:47:51)
2,4 , 2,1,10,0,S, 	(30-MAY-2025 15:47:51)
2,4 , 2,1,10,0,S, 	(30-MAY-2025 15:47:51)
2,4 , 2,1,10,0,S, 	(30-MAY-2025 15:47:51)
2,4 , 2,1,10,0,S, 	(30-MAY-2025 15:47:51)
2,4 , 2,1,10,0,S, 	(30-MAY-2025 15:47:51)
2,4 , 2,1,10,0,S, 	(30-MAY-2025 15:47:51)
2,4 , 2,1,10,0,S, 	(30-MAY-2025 15:47:51)
2,4 , 2,1,10,0,S, 	(30-MAY-2025 15:47:51)
2,4 , 2,1,10,0,S, 	(30-MAY-2025 15:47:51)
2,4 , 2,1,7,0,S, 	(30-MAY-2025 15:47:51)
2,4 , 2,1,7,0,S, 	(30-MAY-2025 15:47:51)
2,4 , 2,1,7,0,S, 	(30-MAY-2025 15:47:51)
2,4 , 2,1,7,0,S, 	(30-MAY-2025 15:47:51)
2,4 , 2,1,7,0,S, 	(30-MAY-2025 15:47:51)
2,4 , 2,1,7,0,S, 	(30-MAY-2025 15:47:51)
2,4 , 2,1,7,0,S, 	(30-MAY-2025 15:47:51)
2,4 , 2,1,7,0,S, 	(30-MAY-2025 15:47:51)
2,4 , 2,1,7,0,S, 	(30-MAY-2025 15:47:51)
2,4 , 2,1,7,0,S, 	(30-MAY-2025 15:47:51)
2,4 , 0,0,122017,0,X, 	(30-MAY-2025 15:47:51)
2,4 , 0,0,122017,0,X, 	(30-MAY-2025 15:47:51)
2,4 , 0,0,122017,0,X, 	(30-MAY-2025 15:47:51)
2,4 , 0,0,122017,0,X, 	(30-MAY-2025 15:47:51)
2,4 , 0,0,122017,0,X, 	(30-MAY-2025 15:47:51)
2,4 , 0,0,122017,0,X, 	(30-MAY-2025 15:47:51)
2,4 , 0,0,122017,0,X, 	(30-MAY-2025 15:47:51)
2,4 , 0,0,122017,0,X, 	(30-MAY-2025 15:47:51)
2,4 , 0,0,122017,0,X, 	(30-MAY-2025 15:47:51)
2,4 , 0,0,122017,0,X, 	(30-MAY-2025 15:47:51)
2,4 , 0,0,122017,0,X, 	(30-MAY-2025 15:47:51)
2,4 , 0,0,122017,0,X, 	(30-MAY-2025 15:47:51)
2,4 , 0,0,122017,0,X, 	(30-MAY-2025 15:47:51)
2,4 , 0,0,122017,0,X, 	(30-MAY-2025 15:47:51)
2,4 , 0,0,122017,0,X, 	(30-MAY-2025 15:47:51)
2,4 , 0,0,122017,0,X, 	(30-MAY-2025 15:47:51)
2,4 , 0,0,122017,0,X, 	(30-MAY-2025 15:47:51)
2,4 , 0,0,122017,0,X, 	(30-MAY-2025 15:47:51)
2,4 , 0,0,122017,0,X, 	(30-MAY-2025 15:47:51)
2,4 , 0,0,122017,0,X, 	(30-MAY-2025 15:47:51)
2,4 , 0,0,122017,0,X, 	(30-MAY-2025 15:47:51)
2,4 , 0,0,122017,0,X, 	(30-MAY-2025 15:47:51)
2,4 , 0,0,122017,0,X, 	(30-MAY-2025 15:47:51)
2,4 , 0,0,122017,0,X, 	(30-MAY-2025 15:47:51)
2,4 , 0,0,122017,0,X, 	(30-MAY-2025 15:47:51)
2,4 , 0,0,122017,0,X, 	(30-MAY-2025 15:47:51)
2,4 , 0,0,122017,0,X, 	(30-MAY-2025 15:47:51)
2,4 , 0,0,122017,0,X, 	(30-MAY-2025 15:47:51)
2,4 , 0,0,122017,0,X, 	(30-MAY-2025 15:47:51)
2,4 , 0,0,122017,0,X, 	(30-MAY-2025 15:47:51)
2,4 , 0,0,122017,0,X, 	(30-MAY-2025 15:47:51)
2,4 , 0,0,122018,0,X, 	(30-MAY-2025 15:47:51)
2,4 , 0,0,122018,0,X, 	(30-MAY-2025 15:47:51)
2,4 , 0,0,122018,0,X, 	(30-MAY-2025 15:47:51)
2,4 , 0,0,122018,0,X, 	(30-MAY-2025 15:47:51)
2,4 , 0,0,122018,0,X, 	(30-MAY-2025 15:47:51)
2,4 , 0,0,122018,0,X, 	(30-MAY-2025 15:47:51)
2,4 , 0,0,122018,0,X, 	(30-MAY-2025 15:47:51)
2,4 , 0,0,122018,0,X, 	(30-MAY-2025 15:47:51)
2,4 , 0,0,122018,0,X, 	(30-MAY-2025 15:47:51)
2,4 , 0,0,122018,0,X, 	(30-MAY-2025 15:47:51)
2,4 , 0,0,122018,0,X, 	(30-MAY-2025 15:47:51)
2,4 , 0,0,122018,0,X, 	(30-MAY-2025 15:47:51)
2,4 , 0,0,122018,0,X, 	(30-MAY-2025 15:47:51)
2,4 , 0,0,122018,0,X, 	(30-MAY-2025 15:47:51)
2,4 , 0,0,122018,0,X, 	(30-MAY-2025 15:47:51)
2,4 , 0,0,122018,0,X, 	(30-MAY-2025 15:47:51)
2,4 , 0,0,122018,0,X, 	(30-MAY-2025 15:47:51)
2,4 , 0,0,122018,0,X, 	(30-MAY-2025 15:47:51)
2,4 , 0,0,122018,0,X, 	(30-MAY-2025 15:47:51)
2,4 , 0,0,122018,0,X, 	(30-MAY-2025 15:47:51)
2,4 , 0,0,122018,0,X, 	(30-MAY-2025 15:47:51)
2,4 , 0,0,122018,0,X, 	(30-MAY-2025 15:47:51)
2,4 , 0,0,122018,0,X, 	(30-MAY-2025 15:47:51)
2,4 , 0,0,122018,0,X, 	(30-MAY-2025 15:47:51)
2,4 , 0,0,122018,0,X, 	(30-MAY-2025 15:47:51)
2,4 , 0,0,122018,0,X, 	(30-MAY-2025 15:47:51)
2,4 , 0,0,122018,0,X, 	(30-MAY-2025 15:47:51)
2,4 , 0,0,122018,0,X, 	(30-MAY-2025 15:47:51)
2,4 , 0,0,122018,0,X, 	(30-MAY-2025 15:47:51)
2,4 , 0,0,122018,0,X, 	(30-MAY-2025 15:47:51)
2,4 , 0,0,122018,0,X, 	(30-MAY-2025 15:47:51)
2,4 , 0,0,122019,0,X, 	(30-MAY-2025 15:47:51)
2,4 , 0,0,122019,0,X, 	(30-MAY-2025 15:47:51)
2,4 , 0,0,122019,0,X, 	(30-MAY-2025 15:47:51)
2,4 , 0,0,122019,0,X, 	(30-MAY-2025 15:47:51)
2,4 , 0,0,122019,0,X, 	(30-MAY-2025 15:47:51)
2,4 , 0,0,122019,0,X, 	(30-MAY-2025 15:47:51)
2,4 , 0,0,122019,0,X, 	(30-MAY-2025 15:47:51)
2,4 , 0,0,122019,0,X, 	(30-MAY-2025 15:47:51)
2,4 , 0,0,122019,0,X, 	(30-MAY-2025 15:47:51)
2,4 , 0,0,122019,0,X, 	(30-MAY-2025 15:47:51)
2,4 , 0,0,122019,0,X, 	(30-MAY-2025 15:47:51)
2,4 , 0,0,122019,0,X, 	(30-MAY-2025 15:47:51)
2,4 , 0,0,122019,0,X, 	(30-MAY-2025 15:47:51)
2,4 , 0,0,122019,0,X, 	(30-MAY-2025 15:47:51)
2,4 , 0,0,122019,0,X, 	(30-MAY-2025 15:47:51)
2,4 , 0,0,122019,0,X, 	(30-MAY-2025 15:47:51)
2,4 , 0,0,122019,0,X, 	(30-MAY-2025 15:47:51)
2,4 , 0,0,122019,0,X, 	(30-MAY-2025 15:47:51)
2,4 , 0,0,122019,0,X, 	(30-MAY-2025 15:47:51)
2,4 , 0,0,122019,0,X, 	(30-MAY-2025 15:47:51)
2,4 , 0,0,122019,0,X, 	(30-MAY-2025 15:47:51)
2,4 , 0,0,122019,0,X, 	(30-MAY-2025 15:47:51)
2,4 , 0,0,122019,0,X, 	(30-MAY-2025 15:47:51)
2,4 , 0,0,122019,0,X, 	(30-MAY-2025 15:47:51)
2,4 , 0,0,122019,0,X, 	(30-MAY-2025 15:47:51)
2,4 , 0,0,122019,0,X, 	(30-MAY-2025 15:47:51)
2,4 , 0,0,122019,0,X, 	(30-MAY-2025 15:47:51)
2,4 , 0,0,122019,0,X, 	(30-MAY-2025 15:47:51)
2,4 , 0,0,122019,0,X, 	(30-MAY-2025 15:47:51)
2,4 , 0,0,122019,0,X, 	(30-MAY-2025 15:47:51)
2,4 , 0,0,122019,0,X, 	(30-MAY-2025 15:47:51)
2,4 , 0,0,122020,1,X, 	(30-MAY-2025 15:47:51)
2,4 , 0,0,122021,1,X, 	(30-MAY-2025 15:47:51)
2,4 , 0,0,124008,0,X, 	(30-MAY-2025 15:47:51)
2,4 , 0,0,124009,0,X, 	(30-MAY-2025 15:47:51)
2,4 , 0,0,124009,0,X, 	(30-MAY-2025 15:47:51)
2,4 , 0,0,124009,0,X, 	(30-MAY-2025 15:47:51)
2,4 , 0,0,124009,0,X, 	(30-MAY-2025 15:47:51)
2,4 , 0,0,124009,0,X, 	(30-MAY-2025 15:47:51)
2,4 , 0,0,124009,0,X, 	(30-MAY-2025 15:47:51)
2,4 , 0,0,124009,0,X, 	(30-MAY-2025 15:47:51)
2,4 , 0,0,124009,0,X, 	(30-MAY-2025 15:47:51)
2,4 , 0,0,124009,0,X, 	(30-MAY-2025 15:47:51)
2,4 , 0,0,124009,0,X, 	(30-MAY-2025 15:47:51)
2,4 , 0,0,124009,0,X, 	(30-MAY-2025 15:47:51)
2,4 , 0,0,124009,0,X, 	(30-MAY-2025 15:47:51)
2,4 , 0,0,124009,0,X, 	(30-MAY-2025 15:47:51)
2,4 , 0,0,124009,0,X, 	(30-MAY-2025 15:47:51)
2,4 , 0,0,124009,0,X, 	(30-MAY-2025 15:47:51)
2,4 , 0,0,124009,0,X, 	(30-MAY-2025 15:47:51)
2,4 , 0,0,124010,0,X, 	(30-MAY-2025 15:47:51)
2,4 , 0,0,124011,0,X, 	(30-MAY-2025 15:47:51)
2,4 , 0,0,124012,0,X, 	(30-MAY-2025 15:47:51)
2,4 , 0,0,124013,0,X, 	(30-MAY-2025 15:47:51)
2,4 , 0,0,124013,0,X, 	(30-MAY-2025 15:47:51)
2,4 , 0,0,124013,0,X, 	(30-MAY-2025 15:47:51)
2,4 , 0,0,124013,0,X, 	(30-MAY-2025 15:47:51)
2,4 , 0,0,124013,0,X, 	(30-MAY-2025 15:47:51)
2,4 , 0,0,124013,0,X, 	(30-MAY-2025 15:47:51)
2,4 , 0,0,124013,0,X, 	(30-MAY-2025 15:47:51)
2,4 , 0,0,124013,0,X, 	(30-MAY-2025 15:47:51)
2,4 , 0,0,124013,0,X, 	(30-MAY-2025 15:47:51)
2,4 , 0,0,124013,0,X, 	(30-MAY-2025 15:47:51)
2,4 , 0,0,124013,0,X, 	(30-MAY-2025 15:47:51)
2,4 , 0,0,124013,0,X, 	(30-MAY-2025 15:47:51)
2,4 , 0,0,124013,0,X, 	(30-MAY-2025 15:47:51)
2,4 , 0,0,124013,0,X, 	(30-MAY-2025 15:47:51)
2,4 , 0,0,124013,0,X, 	(30-MAY-2025 15:47:51)
2,4 , 0,0,124013,0,X, 	(30-MAY-2025 15:47:51)
2,4 , 0,0,124013,0,X, 	(30-MAY-2025 15:47:51)
2,4 , 0,0,124013,0,X, 	(30-MAY-2025 15:47:51)
2,4 , 0,0,124013,0,X, 	(30-MAY-2025 15:47:51)
2,4 , 0,0,124013,0,X, 	(30-MAY-2025 15:47:51)
2,4 , 0,0,124013,0,X, 	(30-MAY-2025 15:47:51)
2,4 , 0,0,124013,0,X, 	(30-MAY-2025 15:47:51)
2,4 , 0,0,124013,0,X, 	(30-MAY-2025 15:47:51)
2,4 , 0,0,124013,0,X, 	(30-MAY-2025 15:47:51)
2,4 , 0,0,124013,0,X, 	(30-MAY-2025 15:47:51)
2,4 , 0,0,124013,0,X, 	(30-MAY-2025 15:47:51)
2,4 , 0,0,124013,0,X, 	(30-MAY-2025 15:47:51)
2,4 , 0,0,124013,0,X, 	(30-MAY-2025 15:47:51)
2,4 , 0,0,124013,0,X, 	(30-MAY-2025 15:47:51)
2,4 , 0,0,124013,0,X, 	(30-MAY-2025 15:47:51)
2,4 , 0,0,124014,0,X, 	(30-MAY-2025 15:47:51)
2,4 , 0,0,124014,0,X, 	(30-MAY-2025 15:47:51)
2,4 , 0,0,124014,0,X, 	(30-MAY-2025 15:47:51)
2,4 , 0,0,124014,0,X, 	(30-MAY-2025 15:47:51)
2,4 , 0,0,124014,0,X, 	(30-MAY-2025 15:47:51)
2,4 , 0,0,124014,0,X, 	(30-MAY-2025 15:47:51)
2,4 , 0,0,124014,0,X, 	(30-MAY-2025 15:47:51)
2,4 , 0,0,124014,0,X, 	(30-MAY-2025 15:47:51)
2,4 , 0,0,124014,0,X, 	(30-MAY-2025 15:47:51)
2,4 , 0,0,124014,0,X, 	(30-MAY-2025 15:47:51)
2,4 , 0,0,124014,0,X, 	(30-MAY-2025 15:47:51)
2,4 , 0,0,124014,0,X, 	(30-MAY-2025 15:47:51)
2,4 , 0,0,124014,0,X, 	(30-MAY-2025 15:47:51)
2,4 , 0,0,124014,0,X, 	(30-MAY-2025 15:47:51)
2,4 , 0,0,124014,0,X, 	(30-MAY-2025 15:47:51)
2,4 , 0,0,124014,0,X, 	(30-MAY-2025 15:47:51)
2,5 , 0,0,223001,0,L, 	(30-MAY-2025 15:47:51)
2,5 , 0,0,223001,0,L, 	(30-MAY-2025 15:47:51)
2,5 , 0,0,223001,0,L, 	(30-MAY-2025 15:47:51)
2,5 , 0,0,224001,0,L, 	(30-MAY-2025 15:47:51)
2,5 , 0,0,224001,0,L, 	(30-MAY-2025 15:47:51)
2,5 , 0,0,224001,0,L, 	(30-MAY-2025 15:47:51)
2,5 , 0,0,224001,0,L, 	(30-MAY-2025 15:47:51)
2,5 , 0,0,224001,0,L, 	(30-MAY-2025 15:47:51)
2,5 , 0,0,224001,0,L, 	(30-MAY-2025 15:47:51)
2,5 , 0,0,224001,0,L, 	(30-MAY-2025 15:47:51)
2,5 , 0,0,224001,0,L, 	(30-MAY-2025 15:47:51)
2,5 , 0,0,224001,0,L, 	(30-MAY-2025 15:47:51)
2,5 , 0,0,224001,0,L, 	(30-MAY-2025 15:47:51)
2,5 , 0,0,224001,0,L, 	(30-MAY-2025 15:47:51)
2,5 , 0,0,224001,0,L, 	(30-MAY-2025 15:47:51)
2,5 , 0,0,224001,0,L, 	(30-MAY-2025 15:47:51)
2,5 , 0,0,224001,0,L, 	(30-MAY-2025 15:47:51)
2,5 , 0,0,224001,0,L, 	(30-MAY-2025 15:47:51)
2,5 , 0,0,224001,0,L, 	(30-MAY-2025 15:47:51)
2,5 , 0,0,224001,0,L, 	(30-MAY-2025 15:47:51)
2,5 , 0,0,224001,0,L, 	(30-MAY-2025 15:47:51)
2,5 , 0,0,224001,0,L, 	(30-MAY-2025 15:47:51)
2,5 , 0,0,224001,0,L, 	(30-MAY-2025 15:47:51)
2,5 , 0,0,223009,0,L, 	(30-MAY-2025 15:47:51)
2,5 , 0,0,223009,0,L, 	(30-MAY-2025 15:47:51)
2,5 , 0,0,223009,0,L, 	(30-MAY-2025 15:47:51)
2,5 , 0,0,223031,0,L, 	(30-MAY-2025 15:47:51)
2,5 , 0,0,223031,0,L, 	(30-MAY-2025 15:47:51)
2,5 , 0,0,223031,0,L, 	(30-MAY-2025 15:47:51)
2,5 , 0,0,223031,0,L, 	(30-MAY-2025 15:47:51)
2,5 , 0,0,223031,0,L, 	(30-MAY-2025 15:47:51)
2,5 , 0,0,223033,0,L, 	(30-MAY-2025 15:47:51)
2,5 , 0,0,223033,0,L, 	(30-MAY-2025 15:47:51)
2,5 , 0,0,223033,0,L, 	(30-MAY-2025 15:47:51)
2,5 , 0,0,223033,0,L, 	(30-MAY-2025 15:47:51)
2,5 , 0,0,223033,0,L, 	(30-MAY-2025 15:47:51)
2,5 , 0,0,223062,1,L, 	(30-MAY-2025 15:47:51)
2,5 , 0,0,223061,1,L, 	(30-MAY-2025 15:47:51)
2,5 , 0,0,223067,0,L, 	(30-MAY-2025 15:47:51)
2,5 , 0,0,223067,0,L, 	(30-MAY-2025 15:47:51)
2,5 , 0,0,224014,0,L, 	(30-MAY-2025 15:47:51)
2,5 , 0,0,123001,1,X, 	(30-MAY-2025 15:47:51)
2,5 , 0,0,123001,1,X, 	(30-MAY-2025 15:47:51)
2,5 , 0,0,123001,1,X, 	(30-MAY-2025 15:47:51)
2,5 , 0,0,123002,0,X, 	(30-MAY-2025 15:47:51)
2,5 , 0,0,123002,0,X, 	(30-MAY-2025 15:47:51)
2,5 , 0,0,123002,0,X, 	(30-MAY-2025 15:47:51)
2,5 , 0,0,123004,0,X, 	(30-MAY-2025 15:47:51)
2,5 , 0,0,123004,0,X, 	(30-MAY-2025 15:47:51)
2,5 , 0,0,123004,0,X, 	(30-MAY-2025 15:47:51)
2,5 , 0,0,123004,0,X, 	(30-MAY-2025 15:47:51)
2,5 , 0,0,123004,0,X, 	(30-MAY-2025 15:47:51)
2,5 , 0,0,124015,0,X, 	(30-MAY-2025 15:47:51)
2,5 , 0,0,124015,0,X, 	(30-MAY-2025 15:47:51)
2,5 , 0,0,124015,0,X, 	(30-MAY-2025 15:47:51)
2,5 , 0,0,124015,0,X, 	(30-MAY-2025 15:47:51)
2,5 , 0,0,124015,0,X, 	(30-MAY-2025 15:47:51)
2,5 , 0,0,124015,0,X, 	(30-MAY-2025 15:47:51)
2,5 , 0,0,124015,0,X, 	(30-MAY-2025 15:47:51)
2,5 , 0,0,124015,0,X, 	(30-MAY-2025 15:47:51)
2,5 , 0,0,124015,0,X, 	(30-MAY-2025 15:47:51)
2,5 , 0,0,124015,0,X, 	(30-MAY-2025 15:47:51)
2,5 , 0,0,123005,0,X, 	(30-MAY-2025 15:47:51)
2,5 , 0,0,123006,0,X, 	(30-MAY-2025 15:47:51)
2,5 , 0,0,123007,0,X, 	(30-MAY-2025 15:47:51)
2,5 , 0,0,123008,0,X, 	(30-MAY-2025 15:47:51)
2,5 , 0,0,123010,1,X, 	(30-MAY-2025 15:47:51)
2,5 , 0,0,123010,1,X, 	(30-MAY-2025 15:47:51)
2,5 , 0,0,123010,1,X, 	(30-MAY-2025 15:47:51)
2,5 , 0,0,123010,1,X, 	(30-MAY-2025 15:47:51)
2,5 , 0,0,123010,1,X, 	(30-MAY-2025 15:47:51)
2,5 , 0,0,123003,1,X, 	(30-MAY-2025 15:47:51)
2,5 , 0,0,123003,1,X, 	(30-MAY-2025 15:47:51)
2,5 , 0,0,123003,1,X, 	(30-MAY-2025 15:47:51)
2,5 , 0,0,124016,1,X, 	(30-MAY-2025 15:47:51)
2,5 , 0,0,124016,1,X, 	(30-MAY-2025 15:47:51)
2,5 , 0,0,124016,1,X, 	(30-MAY-2025 15:47:51)
2,5 , 0,0,124017,1,X, 	(30-MAY-2025 15:47:51)
2,5 , 0,0,124017,1,X, 	(30-MAY-2025 15:47:51)
2,5 , 0,0,124017,1,X, 	(30-MAY-2025 15:47:51)
2,5 , 0,0,124019,0,X, 	(30-MAY-2025 15:47:51)
2,5 , 0,0,124019,0,X, 	(30-MAY-2025 15:47:51)
2,5 , 0,0,124019,0,X, 	(30-MAY-2025 15:47:51)
2,5 , 0,0,124019,0,X, 	(30-MAY-2025 15:47:51)
2,5 , 0,0,124019,0,X, 	(30-MAY-2025 15:47:51)
2,5 , 0,0,124019,0,X, 	(30-MAY-2025 15:47:51)
2,5 , 0,0,124019,0,X, 	(30-MAY-2025 15:47:51)
2,5 , 0,0,124019,0,X, 	(30-MAY-2025 15:47:51)
2,5 , 0,0,124019,0,X, 	(30-MAY-2025 15:47:51)
2,5 , 0,0,124019,0,X, 	(30-MAY-2025 15:47:51)
2,5 , 0,0,124019,0,X, 	(30-MAY-2025 15:47:51)
2,5 , 0,0,124019,0,X, 	(30-MAY-2025 15:47:51)
2,5 , 0,0,124019,0,X, 	(30-MAY-2025 15:47:51)
2,5 , 0,0,124019,0,X, 	(30-MAY-2025 15:47:51)
2,5 , 0,0,124019,0,X, 	(30-MAY-2025 15:47:51)
2,5 , 0,0,124019,0,X, 	(30-MAY-2025 15:47:51)
2,5 , 0,0,124019,0,X, 	(30-MAY-2025 15:47:51)
2,5 , 0,0,124019,0,X, 	(30-MAY-2025 15:47:51)
2,5 , 0,0,124019,0,X, 	(30-MAY-2025 15:47:51)
2,5 , 0,0,124019,0,X, 	(30-MAY-2025 15:47:51)
2,5 , 0,0,124019,0,X, 	(30-MAY-2025 15:47:51)
2,5 , 0,0,124019,0,X, 	(30-MAY-2025 15:47:51)
2,5 , 0,0,124019,0,X, 	(30-MAY-2025 15:47:51)
2,5 , 0,0,124019,0,X, 	(30-MAY-2025 15:47:51)
2,5 , 0,0,124019,0,X, 	(30-MAY-2025 15:47:51)
2,5 , 0,0,124019,0,X, 	(30-MAY-2025 15:47:51)
2,5 , 0,0,124019,0,X, 	(30-MAY-2025 15:47:51)
2,5 , 0,0,124019,0,X, 	(30-MAY-2025 15:47:51)
2,5 , 0,0,124019,0,X, 	(30-MAY-2025 15:47:51)
2,5 , 0,0,124019,0,X, 	(30-MAY-2025 15:47:51)
2,5 , 0,0,124019,0,X, 	(30-MAY-2025 15:47:51)
2,5 , 0,0,124019,0,X, 	(30-MAY-2025 15:47:51)
2,5 , 0,0,124019,0,X, 	(30-MAY-2025 15:47:51)
2,5 , 0,0,124019,0,X, 	(30-MAY-2025 15:47:51)
2,5 , 0,0,124019,0,X, 	(30-MAY-2025 15:47:51)
2,5 , 0,0,124019,0,X, 	(30-MAY-2025 15:47:51)
2,5 , 0,0,124019,0,X, 	(30-MAY-2025 15:47:51)
2,5 , 0,0,124019,0,X, 	(30-MAY-2025 15:47:51)
2,5 , 0,0,124019,0,X, 	(30-MAY-2025 15:47:51)
2,5 , 0,0,124019,0,X, 	(30-MAY-2025 15:47:51)
2,5 , 0,0,124019,0,X, 	(30-MAY-2025 15:47:51)
2,5 , 0,0,124019,0,X, 	(30-MAY-2025 15:47:51)
2,5 , 0,0,124019,0,X, 	(30-MAY-2025 15:47:51)
2,5 , 0,0,124019,0,X, 	(30-MAY-2025 15:47:51)
2,5 , 0,0,124019,0,X, 	(30-MAY-2025 15:47:51)
2,5 , 0,0,124019,0,X, 	(30-MAY-2025 15:47:51)
2,5 , 0,0,124019,0,X, 	(30-MAY-2025 15:47:51)	 (Not Inserted)
2,5 , 0,0,124019,0,X, 	(30-MAY-2025 15:47:51)
2,5 , 0,0,124019,0,X, 	(30-MAY-2025 15:47:51)	 (Not Inserted)
2,5 , 0,0,124019,0,X, 	(30-MAY-2025 15:47:51)
2,5 , 0,0,124019,0,X, 	(30-MAY-2025 15:47:51)	 (Not Inserted)
2,5 , 0,0,124019,0,X, 	(30-MAY-2025 15:47:51)
2,5 , 0,0,124019,0,X, 	(30-MAY-2025 15:47:51)	 (Not Inserted)
2,5 , 0,0,124019,0,X, 	(30-MAY-2025 15:47:51)
2,5 , 0,0,124019,0,X, 	(30-MAY-2025 15:47:51)	 (Not Inserted)
2,5 , 0,0,124019,0,X, 	(30-MAY-2025 15:47:51)
2,5 , 0,0,124019,0,X, 	(30-MAY-2025 15:47:51)	 (Not Inserted)
2,5 , 0,0,124019,0,X, 	(30-MAY-2025 15:47:51)
2,5 , 0,0,124019,0,X, 	(30-MAY-2025 15:47:51)	 (Not Inserted)
2,5 , 0,0,124019,0,X, 	(30-MAY-2025 15:47:51)
2,5 , 0,0,124019,0,X, 	(30-MAY-2025 15:47:51)	 (Not Inserted)
2,5 , 0,0,124019,0,X, 	(30-MAY-2025 15:47:51)
2,5 , 0,0,124019,0,X, 	(30-MAY-2025 15:47:51)	 (Not Inserted)
2,5 , 0,0,124019,0,X, 	(30-MAY-2025 15:47:51)
2,5 , 0,0,124019,0,X, 	(30-MAY-2025 15:47:51)	 (Not Inserted)
2,5 , 0,0,124019,0,X, 	(30-MAY-2025 15:47:51)
2,5 , 0,0,124019,0,X, 	(30-MAY-2025 15:47:51)	 (Not Inserted)
2,5 , 0,0,124019,0,X, 	(30-MAY-2025 15:47:51)
2,5 , 0,0,124019,0,X, 	(30-MAY-2025 15:47:51)	 (Not Inserted)
2,5 , 0,0,124019,0,X, 	(30-MAY-2025 15:47:51)
2,5 , 0,0,124019,0,X, 	(30-MAY-2025 15:47:51)	 (Not Inserted)
2,5 , 0,0,124019,0,X, 	(30-MAY-2025 15:47:51)
2,5 , 0,0,124019,0,X, 	(30-MAY-2025 15:47:51)	 (Not Inserted)
2,5 , 0,0,124019,0,X, 	(30-MAY-2025 15:47:51)
2,5 , 0,0,124019,0,X, 	(30-MAY-2025 15:47:51)	 (Not Inserted)
2,5 , 0,0,124019,0,X, 	(30-MAY-2025 15:47:51)
2,5 , 0,0,124019,0,X, 	(30-MAY-2025 15:47:51)
2,5 , 0,0,124019,0,X, 	(30-MAY-2025 15:47:51)
2,5 , 0,0,124019,0,X, 	(30-MAY-2025 15:47:51)
2,5 , 0,0,124019,0,X, 	(30-MAY-2025 15:47:51)
2,5 , 0,0,124019,0,X, 	(30-MAY-2025 15:47:51)
2,5 , 0,0,124019,0,X, 	(30-MAY-2025 15:47:51)
2,5 , 0,0,124019,0,X, 	(30-MAY-2025 15:47:51)
2,5 , 0,0,124019,0,X, 	(30-MAY-2025 15:47:51)
2,5 , 0,0,124019,0,X, 	(30-MAY-2025 15:47:51)
2,5 , 0,0,124019,0,X, 	(30-MAY-2025 15:47:51)
2,5 , 0,0,124019,0,X, 	(30-MAY-2025 15:47:51)
2,5 , 0,0,124019,0,X, 	(30-MAY-2025 15:47:51)
2,5 , 0,0,124019,0,X, 	(30-MAY-2025 15:47:51)
2,5 , 0,0,124019,0,X, 	(30-MAY-2025 15:47:51)
2,5 , 0,0,124019,0,X, 	(30-MAY-2025 15:47:51)
2,5 , 0,0,124019,0,X, 	(30-MAY-2025 15:47:51)
2,5 , 0,0,124019,0,X, 	(30-MAY-2025 15:47:51)
2,5 , 0,0,124019,0,X, 	(30-MAY-2025 15:47:51)
2,5 , 0,0,124019,0,X, 	(30-MAY-2025 15:47:51)
2,5 , 0,0,124019,0,X, 	(30-MAY-2025 15:47:51)
2,5 , 0,0,124019,0,X, 	(30-MAY-2025 15:47:51)
2,5 , 0,0,124019,0,X, 	(30-MAY-2025 15:47:51)
2,5 , 0,0,124019,0,X, 	(30-MAY-2025 15:47:51)
2,5 , 0,0,124019,0,X, 	(30-MAY-2025 15:47:51)
2,5 , 0,0,124019,0,X, 	(30-MAY-2025 15:47:51)
2,5 , 0,0,124019,0,X, 	(30-MAY-2025 15:47:51)
2,5 , 0,0,124019,0,X, 	(30-MAY-2025 15:47:51)
2,5 , 0,0,124019,0,X, 	(30-MAY-2025 15:47:51)
2,5 , 0,0,124019,0,X, 	(30-MAY-2025 15:47:51)
2,5 , 0,0,124019,0,X, 	(30-MAY-2025 15:47:51)
2,5 , 0,0,124019,0,X, 	(30-MAY-2025 15:47:51)
2,5 , 0,0,124020,0,X, 	(30-MAY-2025 15:47:51)
2,5 , 0,0,124020,0,X, 	(30-MAY-2025 15:47:51)
2,5 , 0,0,124020,0,X, 	(30-MAY-2025 15:47:51)
2,5 , 0,0,124020,0,X, 	(30-MAY-2025 15:47:51)
2,5 , 0,0,124020,0,X, 	(30-MAY-2025 15:47:51)
2,5 , 0,0,124020,0,X, 	(30-MAY-2025 15:47:51)
2,5 , 0,0,124020,0,X, 	(30-MAY-2025 15:47:51)
2,5 , 0,0,124020,0,X, 	(30-MAY-2025 15:47:51)
2,5 , 0,0,124020,0,X, 	(30-MAY-2025 15:47:51)
2,5 , 0,0,124020,0,X, 	(30-MAY-2025 15:47:51)
2,5 , 0,0,124020,0,X, 	(30-MAY-2025 15:47:51)
2,5 , 0,0,124020,0,X, 	(30-MAY-2025 15:47:51)
2,5 , 0,0,124020,0,X, 	(30-MAY-2025 15:47:51)
2,5 , 0,0,124020,0,X, 	(30-MAY-2025 15:47:51)
2,5 , 0,0,124020,0,X, 	(30-MAY-2025 15:47:51)
2,5 , 0,0,124020,0,X, 	(30-MAY-2025 15:47:51)
2,5 , 0,0,124020,0,X, 	(30-MAY-2025 15:47:51)
2,5 , 0,0,124020,0,X, 	(30-MAY-2025 15:47:51)
2,5 , 0,0,124020,0,X, 	(30-MAY-2025 15:47:51)
2,5 , 0,0,124020,0,X, 	(30-MAY-2025 15:47:51)
2,5 , 0,0,124020,0,X, 	(30-MAY-2025 15:47:51)
2,5 , 0,0,124020,0,X, 	(30-MAY-2025 15:47:51)
2,5 , 0,0,124020,0,X, 	(30-MAY-2025 15:47:51)
2,5 , 0,0,124020,0,X, 	(30-MAY-2025 15:47:51)
2,5 , 0,0,124020,0,X, 	(30-MAY-2025 15:47:51)
2,5 , 0,0,124020,0,X, 	(30-MAY-2025 15:47:51)
2,5 , 0,0,124020,0,X, 	(30-MAY-2025 15:47:51)
2,5 , 0,0,124020,0,X, 	(30-MAY-2025 15:47:51)
2,5 , 0,0,124020,0,X, 	(30-MAY-2025 15:47:51)
2,5 , 0,0,124020,0,X, 	(30-MAY-2025 15:47:51)
2,5 , 0,0,124020,0,X, 	(30-MAY-2025 15:47:51)
2,5 , 0,0,124020,0,X, 	(30-MAY-2025 15:47:51)
2,5 , 0,0,124020,0,X, 	(30-MAY-2025 15:47:51)
2,5 , 0,0,124020,0,X, 	(30-MAY-2025 15:47:51)
2,5 , 0,0,124020,0,X, 	(30-MAY-2025 15:47:51)
2,5 , 0,0,124020,0,X, 	(30-MAY-2025 15:47:51)
2,5 , 0,0,124020,0,X, 	(30-MAY-2025 15:47:51)
2,5 , 0,0,124020,0,X, 	(30-MAY-2025 15:47:51)
2,5 , 0,0,124020,0,X, 	(30-MAY-2025 15:47:51)
2,5 , 0,0,124020,0,X, 	(30-MAY-2025 15:47:51)
2,5 , 0,0,124020,0,X, 	(30-MAY-2025 15:47:51)
2,5 , 0,0,124020,0,X, 	(30-MAY-2025 15:47:51)
2,5 , 0,0,124020,0,X, 	(30-MAY-2025 15:47:51)
2,5 , 0,0,124020,0,X, 	(30-MAY-2025 15:47:51)
2,5 , 0,0,124020,0,X, 	(30-MAY-2025 15:47:51)
2,5 , 0,0,124020,0,X, 	(30-MAY-2025 15:47:51)
2,5 , 0,0,124020,0,X, 	(30-MAY-2025 15:47:51)
2,5 , 0,0,124020,0,X, 	(30-MAY-2025 15:47:51)
2,5 , 0,0,124020,0,X, 	(30-MAY-2025 15:47:51)
2,5 , 0,0,124020,0,X, 	(30-MAY-2025 15:47:51)
2,5 , 0,0,123009,1,X, 	(30-MAY-2025 15:47:51)
2,5 , 0,0,123009,1,X, 	(30-MAY-2025 15:47:51)
2,5 , 0,0,123011,1,X, 	(30-MAY-2025 15:47:51)
2,5 , 0,0,123011,1,X, 	(30-MAY-2025 15:47:51)
2,5 , 0,0,123011,1,X, 	(30-MAY-2025 15:47:51)
2,5 , 0,0,123011,1,X, 	(30-MAY-2025 15:47:51)
2,5 , 0,0,124021,1,X, 	(30-MAY-2025 15:47:51)
2,5 , 0,0,124021,1,X, 	(30-MAY-2025 15:47:51)
2,5 , 0,0,124021,1,X, 	(30-MAY-2025 15:47:51)
2,5 , 0,0,124022,1,X, 	(30-MAY-2025 15:47:51)
2,5 , 0,0,124022,1,X, 	(30-MAY-2025 15:47:51)
2,5 , 0,0,124022,1,X, 	(30-MAY-2025 15:47:51)
2,5 , 0,0,124022,1,X, 	(30-MAY-2025 15:47:51)
2,5 , 0,0,124022,1,X, 	(30-MAY-2025 15:47:51)
2,5 , 0,0,124023,1,X, 	(30-MAY-2025 15:47:51)
2,5 , 0,0,124023,1,X, 	(30-MAY-2025 15:47:51)
2,5 , 0,0,124023,1,X, 	(30-MAY-2025 15:47:51)
2,5 , 0,0,124023,1,X, 	(30-MAY-2025 15:47:51)
2,5 , 0,0,124023,1,X, 	(30-MAY-2025 15:47:51)
2,5 , 0,0,124024,2,X, 	(30-MAY-2025 15:47:51)
2,5 , 0,0,124024,2,X, 	(30-MAY-2025 15:47:51)
2,5 , 0,0,124024,2,X, 	(30-MAY-2025 15:47:51)
2,5 , 0,0,124025,1,X, 	(30-MAY-2025 15:47:51)
2,5 , 0,0,124025,1,X, 	(30-MAY-2025 15:47:51)
2,5 , 0,0,124025,1,X, 	(30-MAY-2025 15:47:51)
2,5 , 0,0,124025,1,X, 	(30-MAY-2025 15:47:51)
2,5 , 0,0,124025,1,X, 	(30-MAY-2025 15:47:51)
2,5 , 0,0,124026,1,X, 	(30-MAY-2025 15:47:51)
2,5 , 0,0,124026,1,X, 	(30-MAY-2025 15:47:51)
2,5 , 0,0,124026,1,X, 	(30-MAY-2025 15:47:51)
2,5 , 0,0,124018,1,X, 	(30-MAY-2025 15:47:51)
2,5 , 0,0,124018,1,X, 	(30-MAY-2025 15:47:51)
2,5 , 0,0,124027,1,X, 	(30-MAY-2025 15:47:51)
2,5 , 0,0,124027,1,X, 	(30-MAY-2025 15:47:51)
2,5 , 0,0,124027,1,X, 	(30-MAY-2025 15:47:51)
2,5 , 0,0,124027,1,X, 	(30-MAY-2025 15:47:51)
2,5 , 0,0,124027,1,X, 	(30-MAY-2025 15:47:51)
2,5 , 0,0,124027,1,X, 	(30-MAY-2025 15:47:51)
2,5 , 0,0,124027,1,X, 	(30-MAY-2025 15:47:51)
2,5 , 0,0,124027,1,X, 	(30-MAY-2025 15:47:51)
2,5 , 0,0,124027,1,X, 	(30-MAY-2025 15:47:51)
2,5 , 0,0,124027,1,X, 	(30-MAY-2025 15:47:51)
2,5 , 0,0,124027,1,X, 	(30-MAY-2025 15:47:51)
2,5 , 0,0,124027,1,X, 	(30-MAY-2025 15:47:51)
2,5 , 0,0,124027,1,X, 	(30-MAY-2025 15:47:51)
2,5 , 0,0,124027,1,X, 	(30-MAY-2025 15:47:51)
2,5 , 0,0,124027,1,X, 	(30-MAY-2025 15:47:51)
2,5 , 0,0,124027,1,X, 	(30-MAY-2025 15:47:51)
2,5 , 0,0,124027,1,X, 	(30-MAY-2025 15:47:51)
2,5 , 0,0,124027,1,X, 	(30-MAY-2025 15:47:51)
2,5 , 0,0,124027,1,X, 	(30-MAY-2025 15:47:51)
2,5 , 0,0,124027,1,X, 	(30-MAY-2025 15:47:51)
2,5 , 0,0,124027,1,X, 	(30-MAY-2025 15:47:51)
2,5 , 0,0,124027,1,X, 	(30-MAY-2025 15:47:51)
2,5 , 0,0,124027,1,X, 	(30-MAY-2025 15:47:51)
2,5 , 0,0,124027,1,X, 	(30-MAY-2025 15:47:51)
2,5 , 0,0,124027,1,X, 	(30-MAY-2025 15:47:51)
2,5 , 0,0,124027,1,X, 	(30-MAY-2025 15:47:51)
2,5 , 0,0,124027,1,X, 	(30-MAY-2025 15:47:51)
2,5 , 0,0,124027,1,X, 	(30-MAY-2025 15:47:51)
2,5 , 0,0,124027,1,X, 	(30-MAY-2025 15:47:51)
2,5 , 0,0,124027,1,X, 	(30-MAY-2025 15:47:51)
2,5 , 0,0,124027,1,X, 	(30-MAY-2025 15:47:51)
2,5 , 0,0,124027,1,X, 	(30-MAY-2025 15:47:51)
2,5 , 0,0,124027,1,X, 	(30-MAY-2025 15:47:51)
2,5 , 0,0,124027,1,X, 	(30-MAY-2025 15:47:51)
2,5 , 0,0,124027,1,X, 	(30-MAY-2025 15:47:51)
2,5 , 0,0,124027,1,X, 	(30-MAY-2025 15:47:51)
2,5 , 0,0,124027,1,X, 	(30-MAY-2025 15:47:51)
2,5 , 0,0,124027,1,X, 	(30-MAY-2025 15:47:51)
2,5 , 0,0,124027,1,X, 	(30-MAY-2025 15:47:51)
2,5 , 0,0,124027,1,X, 	(30-MAY-2025 15:47:51)
2,5 , 0,0,124027,1,X, 	(30-MAY-2025 15:47:51)
2,5 , 0,0,124027,1,X, 	(30-MAY-2025 15:47:51)
2,5 , 0,0,124027,1,X, 	(30-MAY-2025 15:47:51)
2,5 , 0,0,124027,1,X, 	(30-MAY-2025 15:47:51)
2,5 , 0,0,124027,1,X, 	(30-MAY-2025 15:47:51)
2,5 , 0,0,124027,1,X, 	(30-MAY-2025 15:47:51)
2,5 , 0,0,124027,1,X, 	(30-MAY-2025 15:47:51)
2,5 , 0,0,124027,1,X, 	(30-MAY-2025 15:47:51)
2,5 , 0,0,124028,0,X, 	(30-MAY-2025 15:47:51)
2,5 , 0,0,124028,0,X, 	(30-MAY-2025 15:47:51)
2,5 , 0,0,124028,0,X, 	(30-MAY-2025 15:47:51)
2,6 , 0,0,214001,0,L, 	(30-MAY-2025 15:47:51)
2,6 , 0,0,214001,0,L, 	(30-MAY-2025 15:47:51)
2,6 , 0,0,214001,0,L, 	(30-MAY-2025 15:47:51)
2,6 , 0,0,214001,0,L, 	(30-MAY-2025 15:47:51)
2,6 , 0,0,214001,0,L, 	(30-MAY-2025 15:47:51)
2,6 , 0,0,214001,0,L, 	(30-MAY-2025 15:47:51)
2,6 , 0,0,214001,0,L, 	(30-MAY-2025 15:47:51)
2,6 , 0,0,214001,0,L, 	(30-MAY-2025 15:47:51)
2,6 , 0,0,214001,0,L, 	(30-MAY-2025 15:47:51)
2,6 , 0,0,214001,0,L, 	(30-MAY-2025 15:47:51)
2,6 , 0,0,214001,0,L, 	(30-MAY-2025 15:47:51)
2,6 , 0,0,214001,0,L, 	(30-MAY-2025 15:47:51)
2,6 , 0,0,214001,0,L, 	(30-MAY-2025 15:47:51)
2,6 , 0,0,214001,0,L, 	(30-MAY-2025 15:47:51)
2,6 , 0,0,214001,0,L, 	(30-MAY-2025 15:47:51)
2,6 , 0,0,220005,0,L, 	(30-MAY-2025 15:47:51)
2,6 , 0,0,220005,0,L, 	(30-MAY-2025 15:47:51)
2,6 , 0,0,220005,0,L, 	(30-MAY-2025 15:47:51)
2,6 , 0,0,220005,0,L, 	(30-MAY-2025 15:47:51)
2,6 , 0,0,220005,0,L, 	(30-MAY-2025 15:47:51)
2,6 , 0,0,220005,0,L, 	(30-MAY-2025 15:47:51)
2,6 , 0,0,220005,0,L, 	(30-MAY-2025 15:47:51)
2,6 , 0,0,220005,0,L, 	(30-MAY-2025 15:47:51)
2,6 , 0,0,220005,0,L, 	(30-MAY-2025 15:47:51)
2,6 , 0,0,220005,0,L, 	(30-MAY-2025 15:47:51)
2,6 , 0,0,220005,0,L, 	(30-MAY-2025 15:47:51)
2,6 , 0,0,220005,0,L, 	(30-MAY-2025 15:47:51)
2,6 , 0,0,220005,0,L, 	(30-MAY-2025 15:47:51)
2,6 , 0,0,220005,0,L, 	(30-MAY-2025 15:47:51)
2,6 , 0,0,220005,0,L, 	(30-MAY-2025 15:47:51)
2,6 , 0,0,220005,0,L, 	(30-MAY-2025 15:47:51)
2,6 , 0,0,220005,0,L, 	(30-MAY-2025 15:47:51)
2,6 , 0,0,220005,0,L, 	(30-MAY-2025 15:47:51)
2,6 , 0,0,220005,0,L, 	(30-MAY-2025 15:47:51)
2,6 , 0,0,220005,0,L, 	(30-MAY-2025 15:47:52)
2,6 , 0,0,220005,0,L, 	(30-MAY-2025 15:47:52)
2,6 , 0,0,220005,0,L, 	(30-MAY-2025 15:47:52)
2,6 , 0,0,220005,0,L, 	(30-MAY-2025 15:47:52)
2,6 , 0,0,220005,0,L, 	(30-MAY-2025 15:47:52)
2,6 , 0,0,220005,0,L, 	(30-MAY-2025 15:47:52)
2,6 , 0,0,220005,0,L, 	(30-MAY-2025 15:47:52)
2,6 , 0,0,220005,0,L, 	(30-MAY-2025 15:47:52)
2,6 , 0,0,220005,0,L, 	(30-MAY-2025 15:47:52)
2,6 , 0,0,220005,0,L, 	(30-MAY-2025 15:47:52)
2,6 , 0,0,220006,0,L, 	(30-MAY-2025 15:47:52)
2,6 , 0,0,220006,0,L, 	(30-MAY-2025 15:47:52)
2,6 , 0,0,220006,0,L, 	(30-MAY-2025 15:47:52)
2,6 , 0,0,220006,0,L, 	(30-MAY-2025 15:47:52)
2,6 , 0,0,220006,0,L, 	(30-MAY-2025 15:47:52)
2,6 , 0,0,220006,0,L, 	(30-MAY-2025 15:47:52)
2,6 , 0,0,220006,0,L, 	(30-MAY-2025 15:47:52)
2,6 , 0,0,220006,0,L, 	(30-MAY-2025 15:47:52)
2,6 , 0,0,220006,0,L, 	(30-MAY-2025 15:47:52)
2,6 , 0,0,220006,0,L, 	(30-MAY-2025 15:47:52)
2,6 , 0,0,220006,0,L, 	(30-MAY-2025 15:47:52)
2,6 , 0,0,220006,0,L, 	(30-MAY-2025 15:47:52)
2,6 , 0,0,220006,0,L, 	(30-MAY-2025 15:47:52)
2,6 , 0,0,220006,0,L, 	(30-MAY-2025 15:47:52)
2,6 , 0,0,220006,0,L, 	(30-MAY-2025 15:47:52)
2,6 , 0,0,220006,0,L, 	(30-MAY-2025 15:47:52)
2,6 , 0,0,220006,0,L, 	(30-MAY-2025 15:47:52)
2,6 , 0,0,220006,0,L, 	(30-MAY-2025 15:47:52)
2,6 , 0,0,220006,0,L, 	(30-MAY-2025 15:47:52)
2,6 , 0,0,220006,0,L, 	(30-MAY-2025 15:47:52)
2,6 , 0,0,220006,0,L, 	(30-MAY-2025 15:47:52)
2,6 , 0,0,220006,0,L, 	(30-MAY-2025 15:47:52)
2,6 , 0,0,220006,0,L, 	(30-MAY-2025 15:47:52)
2,6 , 0,0,220006,0,L, 	(30-MAY-2025 15:47:52)
2,6 , 0,0,220006,0,L, 	(30-MAY-2025 15:47:52)
2,6 , 0,0,220006,0,L, 	(30-MAY-2025 15:47:52)
2,6 , 0,0,220006,0,L, 	(30-MAY-2025 15:47:52)
2,6 , 0,0,220006,0,L, 	(30-MAY-2025 15:47:52)
2,6 , 0,0,220006,0,L, 	(30-MAY-2025 15:47:52)
2,6 , 0,0,220006,0,L, 	(30-MAY-2025 15:47:52)
2,6 , 0,0,220006,0,L, 	(30-MAY-2025 15:47:52)
2,6 , 0,0,220006,0,L, 	(30-MAY-2025 15:47:52)
2,6 , 0,0,220006,0,L, 	(30-MAY-2025 15:47:52)
2,6 , 0,0,220006,0,L, 	(30-MAY-2025 15:47:52)
2,6 , 0,0,220006,0,L, 	(30-MAY-2025 15:47:52)
2,6 , 0,0,220006,0,L, 	(30-MAY-2025 15:47:52)
2,6 , 0,0,220006,0,L, 	(30-MAY-2025 15:47:52)
2,6 , 0,0,220006,0,L, 	(30-MAY-2025 15:47:52)
2,6 , 0,0,220006,0,L, 	(30-MAY-2025 15:47:52)
2,6 , 0,0,220006,0,L, 	(30-MAY-2025 15:47:52)
2,6 , 0,0,220006,0,L, 	(30-MAY-2025 15:47:52)
2,6 , 0,0,220006,0,L, 	(30-MAY-2025 15:47:52)
2,6 , 0,0,220006,0,L, 	(30-MAY-2025 15:47:52)
2,6 , 0,0,220006,0,L, 	(30-MAY-2025 15:47:52)
2,6 , 0,0,220006,0,L, 	(30-MAY-2025 15:47:52)
2,6 , 0,0,220006,0,L, 	(30-MAY-2025 15:47:52)
2,6 , 0,0,220006,0,L, 	(30-MAY-2025 15:47:52)
2,6 , 0,0,220006,0,L, 	(30-MAY-2025 15:47:52)
2,6 , 0,0,220006,0,L, 	(30-MAY-2025 15:47:52)
2,6 , 0,0,220006,0,L, 	(30-MAY-2025 15:47:52)
2,6 , 0,0,220006,0,L, 	(30-MAY-2025 15:47:52)
2,6 , 0,0,220006,0,L, 	(30-MAY-2025 15:47:52)
2,6 , 0,0,220006,0,L, 	(30-MAY-2025 15:47:52)
2,6 , 0,0,220006,0,L, 	(30-MAY-2025 15:47:52)
2,6 , 0,0,220006,0,L, 	(30-MAY-2025 15:47:52)
2,6 , 0,0,220006,0,L, 	(30-MAY-2025 15:47:52)
2,6 , 0,0,220006,0,L, 	(30-MAY-2025 15:47:52)
2,6 , 0,0,220006,0,L, 	(30-MAY-2025 15:47:52)
2,6 , 0,0,220006,0,L, 	(30-MAY-2025 15:47:52)
2,6 , 0,0,220006,0,L, 	(30-MAY-2025 15:47:52)
2,6 , 0,0,220007,0,L, 	(30-MAY-2025 15:47:52)
2,6 , 0,0,220007,0,L, 	(30-MAY-2025 15:47:52)
2,6 , 0,0,220007,0,L, 	(30-MAY-2025 15:47:52)
2,6 , 0,0,220007,0,L, 	(30-MAY-2025 15:47:52)
2,6 , 0,0,220007,0,L, 	(30-MAY-2025 15:47:52)
2,6 , 0,0,220007,0,L, 	(30-MAY-2025 15:47:52)
2,6 , 0,0,220007,0,L, 	(30-MAY-2025 15:47:52)
2,6 , 0,0,220007,0,L, 	(30-MAY-2025 15:47:52)
2,6 , 0,0,220007,0,L, 	(30-MAY-2025 15:47:52)
2,6 , 0,0,220007,0,L, 	(30-MAY-2025 15:47:52)
2,6 , 0,0,220007,0,L, 	(30-MAY-2025 15:47:52)
2,6 , 0,0,220007,0,L, 	(30-MAY-2025 15:47:52)
2,6 , 0,0,220007,0,L, 	(30-MAY-2025 15:47:52)
2,6 , 0,0,220007,0,L, 	(30-MAY-2025 15:47:52)
2,6 , 0,0,220007,0,L, 	(30-MAY-2025 15:47:52)
2,6 , 0,0,220007,0,L, 	(30-MAY-2025 15:47:52)
2,6 , 0,0,220007,0,L, 	(30-MAY-2025 15:47:52)
2,6 , 0,0,220007,0,L, 	(30-MAY-2025 15:47:52)
2,6 , 0,0,220007,0,L, 	(30-MAY-2025 15:47:52)
2,6 , 0,0,220007,0,L, 	(30-MAY-2025 15:47:52)
2,6 , 0,0,220007,0,L, 	(30-MAY-2025 15:47:52)
2,6 , 0,0,220007,0,L, 	(30-MAY-2025 15:47:52)
2,6 , 0,0,220007,0,L, 	(30-MAY-2025 15:47:52)
2,6 , 0,0,220007,0,L, 	(30-MAY-2025 15:47:52)
2,6 , 0,0,220007,0,L, 	(30-MAY-2025 15:47:52)
2,6 , 0,0,220007,0,L, 	(30-MAY-2025 15:47:52)
2,6 , 0,0,220007,0,L, 	(30-MAY-2025 15:47:52)
2,6 , 0,0,220007,0,L, 	(30-MAY-2025 15:47:52)
2,6 , 0,0,220007,0,L, 	(30-MAY-2025 15:47:52)
2,6 , 0,0,220007,0,L, 	(30-MAY-2025 15:47:52)
2,6 , 0,0,220007,0,L, 	(30-MAY-2025 15:47:52)
2,6 , 0,0,220008,0,L, 	(30-MAY-2025 15:47:52)
2,6 , 0,0,220008,0,L, 	(30-MAY-2025 15:47:52)
2,6 , 0,0,220008,0,L, 	(30-MAY-2025 15:47:52)
2,6 , 0,0,220008,0,L, 	(30-MAY-2025 15:47:52)
2,6 , 0,0,220008,0,L, 	(30-MAY-2025 15:47:52)
2,6 , 0,0,220008,0,L, 	(30-MAY-2025 15:47:52)
2,6 , 0,0,220008,0,L, 	(30-MAY-2025 15:47:52)
2,6 , 0,0,220008,0,L, 	(30-MAY-2025 15:47:52)
2,6 , 0,0,220008,0,L, 	(30-MAY-2025 15:47:52)
2,6 , 0,0,220008,0,L, 	(30-MAY-2025 15:47:52)
2,6 , 0,0,220008,0,L, 	(30-MAY-2025 15:47:52)
2,6 , 0,0,220008,0,L, 	(30-MAY-2025 15:47:52)
2,6 , 0,0,220008,0,L, 	(30-MAY-2025 15:47:52)
2,6 , 0,0,220008,0,L, 	(30-MAY-2025 15:47:52)
2,6 , 0,0,220008,0,L, 	(30-MAY-2025 15:47:52)
2,6 , 0,0,221001,0,L, 	(30-MAY-2025 15:47:52)
2,6 , 0,0,221001,0,L, 	(30-MAY-2025 15:47:52)
2,6 , 0,0,221001,0,L, 	(30-MAY-2025 15:47:52)
2,6 , 0,0,221001,0,L, 	(30-MAY-2025 15:47:52)
2,6 , 0,0,221001,0,L, 	(30-MAY-2025 15:47:52)
2,6 , 0,0,221001,0,L, 	(30-MAY-2025 15:47:52)
2,6 , 0,0,221001,0,L, 	(30-MAY-2025 15:47:52)
2,6 , 0,0,221001,0,L, 	(30-MAY-2025 15:47:52)
2,6 , 0,0,221001,0,L, 	(30-MAY-2025 15:47:52)
2,6 , 0,0,221001,0,L, 	(30-MAY-2025 15:47:52)
2,6 , 0,0,221001,0,L, 	(30-MAY-2025 15:47:52)
2,6 , 0,0,221001,0,L, 	(30-MAY-2025 15:47:52)
2,6 , 0,0,221001,0,L, 	(30-MAY-2025 15:47:52)
2,6 , 0,0,221001,0,L, 	(30-MAY-2025 15:47:52)
2,6 , 0,0,221001,0,L, 	(30-MAY-2025 15:47:52)
2,6 , 0,0,221001,0,L, 	(30-MAY-2025 15:47:52)
2,6 , 0,0,221001,0,L, 	(30-MAY-2025 15:47:52)
2,6 , 0,0,221001,0,L, 	(30-MAY-2025 15:47:52)
2,6 , 0,0,221001,0,L, 	(30-MAY-2025 15:47:52)
2,6 , 0,0,221001,0,L, 	(30-MAY-2025 15:47:52)
2,6 , 0,0,221001,0,L, 	(30-MAY-2025 15:47:52)
2,6 , 0,0,221001,0,L, 	(30-MAY-2025 15:47:52)
2,6 , 0,0,221001,0,L, 	(30-MAY-2025 15:47:52)
2,6 , 0,0,221001,0,L, 	(30-MAY-2025 15:47:52)
2,6 , 0,0,221001,0,L, 	(30-MAY-2025 15:47:52)
2,6 , 0,0,221001,0,L, 	(30-MAY-2025 15:47:52)
2,6 , 0,0,221001,0,L, 	(30-MAY-2025 15:47:52)
2,6 , 0,0,221001,0,L, 	(30-MAY-2025 15:47:52)
2,6 , 0,0,221001,0,L, 	(30-MAY-2025 15:47:52)
2,6 , 0,0,221001,0,L, 	(30-MAY-2025 15:47:52)
2,6 , 0,0,221001,0,L, 	(30-MAY-2025 15:47:52)
2,6 , 0,0,221001,0,L, 	(30-MAY-2025 15:47:52)
2,6 , 0,0,221001,0,L, 	(30-MAY-2025 15:47:52)
2,6 , 0,0,221001,0,L, 	(30-MAY-2025 15:47:52)
2,6 , 0,0,221001,0,L, 	(30-MAY-2025 15:47:52)
2,6 , 0,0,221001,0,L, 	(30-MAY-2025 15:47:52)
2,6 , 0,0,221001,0,L, 	(30-MAY-2025 15:47:52)
2,6 , 0,0,221001,0,L, 	(30-MAY-2025 15:47:52)
2,6 , 0,0,221001,0,L, 	(30-MAY-2025 15:47:52)
2,6 , 0,0,221001,0,L, 	(30-MAY-2025 15:47:52)
2,6 , 0,0,221001,0,L, 	(30-MAY-2025 15:47:52)
2,6 , 0,0,221001,0,L, 	(30-MAY-2025 15:47:52)
2,6 , 0,0,221001,0,L, 	(30-MAY-2025 15:47:52)
2,6 , 0,0,221001,0,L, 	(30-MAY-2025 15:47:52)
2,6 , 0,0,221001,0,L, 	(30-MAY-2025 15:47:52)
2,6 , 0,0,220008,1,L, 	(30-MAY-2025 15:47:52)
2,6 , 0,0,220008,1,L, 	(30-MAY-2025 15:47:52)
2,6 , 0,0,220008,1,L, 	(30-MAY-2025 15:47:52)
2,6 , 0,0,220008,1,L, 	(30-MAY-2025 15:47:52)
2,6 , 0,0,220008,1,L, 	(30-MAY-2025 15:47:52)
2,6 , 0,0,220008,1,L, 	(30-MAY-2025 15:47:52)
2,6 , 0,0,220008,1,L, 	(30-MAY-2025 15:47:52)
2,6 , 0,0,220008,1,L, 	(30-MAY-2025 15:47:52)
2,6 , 0,0,220008,1,L, 	(30-MAY-2025 15:47:52)
2,6 , 0,0,220008,1,L, 	(30-MAY-2025 15:47:52)
2,6 , 0,0,220008,1,L, 	(30-MAY-2025 15:47:52)
2,6 , 0,0,220008,1,L, 	(30-MAY-2025 15:47:52)
2,6 , 0,0,220008,1,L, 	(30-MAY-2025 15:47:52)
2,6 , 0,0,220008,1,L, 	(30-MAY-2025 15:47:52)
2,6 , 0,0,220008,1,L, 	(30-MAY-2025 15:47:52)
2,6 , 0,0,222013,0,L, 	(30-MAY-2025 15:47:52)
2,6 , 0,0,222013,0,L, 	(30-MAY-2025 15:47:52)
2,6 , 0,0,222013,0,L, 	(30-MAY-2025 15:47:52)
2,6 , 0,0,222013,0,L, 	(30-MAY-2025 15:47:52)
2,6 , 0,0,222013,0,L, 	(30-MAY-2025 15:47:52)
2,6 , 0,0,220009,0,L, 	(30-MAY-2025 15:47:52)
2,6 , 0,0,220009,0,L, 	(30-MAY-2025 15:47:52)
2,6 , 0,0,220009,0,L, 	(30-MAY-2025 15:47:52)
2,6 , 0,0,220009,0,L, 	(30-MAY-2025 15:47:52)
2,6 , 0,0,220009,0,L, 	(30-MAY-2025 15:47:52)
2,6 , 0,0,220009,0,L, 	(30-MAY-2025 15:47:52)
2,6 , 0,0,220009,0,L, 	(30-MAY-2025 15:47:52)
2,6 , 0,0,220010,0,L, 	(30-MAY-2025 15:47:52)
2,6 , 0,0,220010,0,L, 	(30-MAY-2025 15:47:52)
2,6 , 0,0,220010,0,L, 	(30-MAY-2025 15:47:52)
2,6 , 0,0,220010,0,L, 	(30-MAY-2025 15:47:52)
2,6 , 0,0,220010,0,L, 	(30-MAY-2025 15:47:52)
2,6 , 0,0,220010,0,L, 	(30-MAY-2025 15:47:52)
2,6 , 0,0,220010,0,L, 	(30-MAY-2025 15:47:52)
2,6 , 0,0,220010,0,L, 	(30-MAY-2025 15:47:52)
2,6 , 0,0,220010,0,L, 	(30-MAY-2025 15:47:52)
2,6 , 0,0,220010,0,L, 	(30-MAY-2025 15:47:52)
2,6 , 0,0,220010,0,L, 	(30-MAY-2025 15:47:52)
2,6 , 0,0,220010,0,L, 	(30-MAY-2025 15:47:52)
2,6 , 0,0,220010,0,L, 	(30-MAY-2025 15:47:52)
2,6 , 0,0,220010,0,L, 	(30-MAY-2025 15:47:52)
2,6 , 0,0,220010,0,L, 	(30-MAY-2025 15:47:52)
2,6 , 0,0,220010,0,L, 	(30-MAY-2025 15:47:52)
2,6 , 0,0,220010,0,L, 	(30-MAY-2025 15:47:52)
2,6 , 0,0,220010,0,L, 	(30-MAY-2025 15:47:52)
2,6 , 0,0,220010,0,L, 	(30-MAY-2025 15:47:52)
2,6 , 0,0,220010,0,L, 	(30-MAY-2025 15:47:52)
2,6 , 0,0,220010,0,L, 	(30-MAY-2025 15:47:52)
2,6 , 0,0,220010,0,L, 	(30-MAY-2025 15:47:52)
2,6 , 0,0,220010,0,L, 	(30-MAY-2025 15:47:52)
2,6 , 0,0,220010,0,L, 	(30-MAY-2025 15:47:52)
2,6 , 0,0,220010,0,L, 	(30-MAY-2025 15:47:52)
2,6 , 0,0,220010,0,L, 	(30-MAY-2025 15:47:52)
2,6 , 0,0,220010,0,L, 	(30-MAY-2025 15:47:52)
2,6 , 0,0,220010,0,L, 	(30-MAY-2025 15:47:52)
2,6 , 0,0,220010,0,L, 	(30-MAY-2025 15:47:52)
2,6 , 0,0,220010,0,L, 	(30-MAY-2025 15:47:52)
2,6 , 0,0,220010,0,L, 	(30-MAY-2025 15:47:52)
2,6 , 0,0,220010,0,L, 	(30-MAY-2025 15:47:52)
2,6 , 0,0,220010,0,L, 	(30-MAY-2025 15:47:52)
2,6 , 0,0,220010,0,L, 	(30-MAY-2025 15:47:52)
2,6 , 0,0,220010,0,L, 	(30-MAY-2025 15:47:52)
2,6 , 0,0,220010,0,L, 	(30-MAY-2025 15:47:52)
2,6 , 0,0,220010,0,L, 	(30-MAY-2025 15:47:52)
2,6 , 0,0,220010,0,L, 	(30-MAY-2025 15:47:52)
2,6 , 0,0,220010,0,L, 	(30-MAY-2025 15:47:52)
2,6 , 0,0,220010,0,L, 	(30-MAY-2025 15:47:52)
2,6 , 0,0,220010,0,L, 	(30-MAY-2025 15:47:52)
2,6 , 0,0,220010,0,L, 	(30-MAY-2025 15:47:52)
2,6 , 0,0,220010,0,L, 	(30-MAY-2025 15:47:52)
2,6 , 0,0,220010,0,L, 	(30-MAY-2025 15:47:52)
2,6 , 0,0,220010,0,L, 	(30-MAY-2025 15:47:52)
2,6 , 0,0,220010,0,L, 	(30-MAY-2025 15:47:52)
2,6 , 0,0,220010,0,L, 	(30-MAY-2025 15:47:52)
2,6 , 0,0,220010,0,L, 	(30-MAY-2025 15:47:52)
2,6 , 0,0,220010,0,L, 	(30-MAY-2025 15:47:52)
2,6 , 0,0,220010,0,L, 	(30-MAY-2025 15:47:52)
2,6 , 0,0,220010,0,L, 	(30-MAY-2025 15:47:52)
2,6 , 0,0,220010,0,L, 	(30-MAY-2025 15:47:52)
2,6 , 0,0,220010,0,L, 	(30-MAY-2025 15:47:52)
2,6 , 0,0,220010,0,L, 	(30-MAY-2025 15:47:52)
2,6 , 0,0,220010,0,L, 	(30-MAY-2025 15:47:52)
2,6 , 0,0,220010,0,L, 	(30-MAY-2025 15:47:52)
2,6 , 0,0,220010,0,L, 	(30-MAY-2025 15:47:52)
2,6 , 0,0,220010,0,L, 	(30-MAY-2025 15:47:52)
2,6 , 0,0,220010,0,L, 	(30-MAY-2025 15:47:52)
2,6 , 0,0,220010,0,L, 	(30-MAY-2025 15:47:52)
2,6 , 0,0,220010,0,L, 	(30-MAY-2025 15:47:52)
2,6 , 0,0,220010,0,L, 	(30-MAY-2025 15:47:52)
2,6 , 0,0,220010,0,L, 	(30-MAY-2025 15:47:52)
2,6 , 0,0,220010,0,L, 	(30-MAY-2025 15:47:52)
2,6 , 0,0,220010,0,L, 	(30-MAY-2025 15:47:52)
2,6 , 0,0,220010,0,L, 	(30-MAY-2025 15:47:52)
2,6 , 0,0,221002,0,L, 	(30-MAY-2025 15:47:52)
2,6 , 0,0,221002,0,L, 	(30-MAY-2025 15:47:52)
2,6 , 0,0,221002,0,L, 	(30-MAY-2025 15:47:52)
2,6 , 0,0,221002,0,L, 	(30-MAY-2025 15:47:52)
2,6 , 0,0,221002,0,L, 	(30-MAY-2025 15:47:52)
2,6 , 0,0,221002,0,L, 	(30-MAY-2025 15:47:52)
2,6 , 0,0,221002,0,L, 	(30-MAY-2025 15:47:52)
2,6 , 0,0,221002,0,L, 	(30-MAY-2025 15:47:52)
2,6 , 0,0,221002,0,L, 	(30-MAY-2025 15:47:52)
2,6 , 0,0,221002,0,L, 	(30-MAY-2025 15:47:52)
2,6 , 0,0,221002,0,L, 	(30-MAY-2025 15:47:52)
2,6 , 0,0,221002,0,L, 	(30-MAY-2025 15:47:52)
2,6 , 0,0,221002,0,L, 	(30-MAY-2025 15:47:52)
2,6 , 0,0,221002,0,L, 	(30-MAY-2025 15:47:52)
2,6 , 0,0,221002,0,L, 	(30-MAY-2025 15:47:52)
2,6 , 0,0,221002,0,L, 	(30-MAY-2025 15:47:52)
2,6 , 0,0,221002,0,L, 	(30-MAY-2025 15:47:52)
2,6 , 0,0,221002,0,L, 	(30-MAY-2025 15:47:52)
2,6 , 0,0,221002,0,L, 	(30-MAY-2025 15:47:52)
2,6 , 0,0,221002,0,L, 	(30-MAY-2025 15:47:52)
2,6 , 0,0,221002,0,L, 	(30-MAY-2025 15:47:52)
2,6 , 0,0,221002,0,L, 	(30-MAY-2025 15:47:52)
2,6 , 0,0,221002,0,L, 	(30-MAY-2025 15:47:52)
2,6 , 0,0,221002,0,L, 	(30-MAY-2025 15:47:52)
2,6 , 0,0,221002,0,L, 	(30-MAY-2025 15:47:52)
2,6 , 0,0,221002,0,L, 	(30-MAY-2025 15:47:52)
2,6 , 0,0,221002,0,L, 	(30-MAY-2025 15:47:52)
2,6 , 0,0,221002,0,L, 	(30-MAY-2025 15:47:52)
2,6 , 0,0,221002,0,L, 	(30-MAY-2025 15:47:52)
2,6 , 0,0,221002,0,L, 	(30-MAY-2025 15:47:52)
2,6 , 0,0,221002,0,L, 	(30-MAY-2025 15:47:52)
2,6 , 0,0,221002,0,L, 	(30-MAY-2025 15:47:52)
2,6 , 0,0,221002,0,L, 	(30-MAY-2025 15:47:52)
2,6 , 0,0,221002,0,L, 	(30-MAY-2025 15:47:52)
2,6 , 0,0,221002,0,L, 	(30-MAY-2025 15:47:52)
2,6 , 0,0,221002,0,L, 	(30-MAY-2025 15:47:52)
2,6 , 0,0,221002,0,L, 	(30-MAY-2025 15:47:52)
2,6 , 0,0,221002,0,L, 	(30-MAY-2025 15:47:52)
2,6 , 0,0,221002,0,L, 	(30-MAY-2025 15:47:52)
2,6 , 0,0,221002,0,L, 	(30-MAY-2025 15:47:52)
2,6 , 0,0,221002,0,L, 	(30-MAY-2025 15:47:52)
2,6 , 0,0,221002,0,L, 	(30-MAY-2025 15:47:52)
2,6 , 0,0,221002,0,L, 	(30-MAY-2025 15:47:52)
2,6 , 0,0,221002,0,L, 	(30-MAY-2025 15:47:52)
2,6 , 0,0,221002,0,L, 	(30-MAY-2025 15:47:52)
2,6 , 0,0,221002,0,L, 	(30-MAY-2025 15:47:52)
2,6 , 0,0,221002,0,L, 	(30-MAY-2025 15:47:52)
2,6 , 0,0,221002,0,L, 	(30-MAY-2025 15:47:52)
2,6 , 0,0,221002,0,L, 	(30-MAY-2025 15:47:52)
2,6 , 0,0,221002,0,L, 	(30-MAY-2025 15:47:52)
2,6 , 0,0,221002,0,L, 	(30-MAY-2025 15:47:52)
2,6 , 0,0,221002,0,L, 	(30-MAY-2025 15:47:52)
2,6 , 0,0,221002,0,L, 	(30-MAY-2025 15:47:52)
2,6 , 0,0,221002,0,L, 	(30-MAY-2025 15:47:52)
2,6 , 0,0,221002,0,L, 	(30-MAY-2025 15:47:52)
2,6 , 0,0,221002,0,L, 	(30-MAY-2025 15:47:52)
2,6 , 0,0,221002,0,L, 	(30-MAY-2025 15:47:52)
2,6 , 0,0,221002,0,L, 	(30-MAY-2025 15:47:52)
2,6 , 0,0,221002,0,L, 	(30-MAY-2025 15:47:52)
2,6 , 0,0,221002,0,L, 	(30-MAY-2025 15:47:52)
2,6 , 0,0,221002,0,L, 	(30-MAY-2025 15:47:52)
2,6 , 0,0,221002,0,L, 	(30-MAY-2025 15:47:52)
2,6 , 0,0,221002,0,L, 	(30-MAY-2025 15:47:52)
2,6 , 0,0,221002,0,L, 	(30-MAY-2025 15:47:52)
2,6 , 0,0,221002,0,L, 	(30-MAY-2025 15:47:52)
2,6 , 0,0,221002,0,L, 	(30-MAY-2025 15:47:52)
2,6 , 0,0,221002,0,L, 	(30-MAY-2025 15:47:52)
2,6 , 0,0,221002,0,L, 	(30-MAY-2025 15:47:52)
2,6 , 0,0,221002,0,L, 	(30-MAY-2025 15:47:52)
2,6 , 0,0,221002,0,L, 	(30-MAY-2025 15:47:52)
2,6 , 0,0,221002,0,L, 	(30-MAY-2025 15:47:52)
2,6 , 0,0,221002,0,L, 	(30-MAY-2025 15:47:52)
2,6 , 0,0,221002,0,L, 	(30-MAY-2025 15:47:52)
2,6 , 0,0,221002,0,L, 	(30-MAY-2025 15:47:52)
2,6 , 0,0,221002,0,L, 	(30-MAY-2025 15:47:52)
2,6 , 0,0,221002,0,L, 	(30-MAY-2025 15:47:52)
2,6 , 0,0,221002,0,L, 	(30-MAY-2025 15:47:52)
2,6 , 0,0,221002,0,L, 	(30-MAY-2025 15:47:52)
2,6 , 0,0,221002,0,L, 	(30-MAY-2025 15:47:52)
2,6 , 0,0,221002,0,L, 	(30-MAY-2025 15:47:52)
2,6 , 0,0,221002,0,L, 	(30-MAY-2025 15:47:52)
2,6 , 0,0,221002,0,L, 	(30-MAY-2025 15:47:52)
2,6 , 0,0,221002,0,L, 	(30-MAY-2025 15:47:52)
2,6 , 0,0,221002,0,L, 	(30-MAY-2025 15:47:52)
2,6 , 0,0,221002,0,L, 	(30-MAY-2025 15:47:52)
2,6 , 0,0,221002,0,L, 	(30-MAY-2025 15:47:52)
2,6 , 0,0,221002,0,L, 	(30-MAY-2025 15:47:52)
2,6 , 0,0,221002,0,L, 	(30-MAY-2025 15:47:52)
2,6 , 0,0,221002,0,L, 	(30-MAY-2025 15:47:52)
2,6 , 0,0,221002,0,L, 	(30-MAY-2025 15:47:52)
2,6 , 0,0,221002,0,L, 	(30-MAY-2025 15:47:52)
2,6 , 0,0,221002,0,L, 	(30-MAY-2025 15:47:52)
2,6 , 0,0,221002,0,L, 	(30-MAY-2025 15:47:52)
2,6 , 0,0,221002,0,L, 	(30-MAY-2025 15:47:52)
2,6 , 0,0,221002,0,L, 	(30-MAY-2025 15:47:52)
2,6 , 0,0,221002,0,L, 	(30-MAY-2025 15:47:52)
2,6 , 0,0,221002,0,L, 	(30-MAY-2025 15:47:52)
2,6 , 0,0,221002,0,L, 	(30-MAY-2025 15:47:52)
2,6 , 0,0,221002,0,L, 	(30-MAY-2025 15:47:52)
2,6 , 0,0,221002,0,L, 	(30-MAY-2025 15:47:52)
2,6 , 0,0,221002,0,L, 	(30-MAY-2025 15:47:52)
2,6 , 0,0,221002,0,L, 	(30-MAY-2025 15:47:52)
2,6 , 0,0,221002,0,L, 	(30-MAY-2025 15:47:52)
2,6 , 0,0,221002,0,L, 	(30-MAY-2025 15:47:52)
2,6 , 0,0,221002,0,L, 	(30-MAY-2025 15:47:52)
2,6 , 0,0,221002,0,L, 	(30-MAY-2025 15:47:52)
2,6 , 0,0,221002,0,L, 	(30-MAY-2025 15:47:52)
2,6 , 0,0,221002,0,L, 	(30-MAY-2025 15:47:52)
2,6 , 0,0,221002,0,L, 	(30-MAY-2025 15:47:52)
2,6 , 0,0,221002,0,L, 	(30-MAY-2025 15:47:52)
2,6 , 0,0,221002,0,L, 	(30-MAY-2025 15:47:52)
2,6 , 0,0,221002,0,L, 	(30-MAY-2025 15:47:52)
2,6 , 0,0,221002,0,L, 	(30-MAY-2025 15:47:52)
2,6 , 0,0,221002,0,L, 	(30-MAY-2025 15:47:52)
2,6 , 0,0,221002,0,L, 	(30-MAY-2025 15:47:52)
2,6 , 0,0,221002,0,L, 	(30-MAY-2025 15:47:52)
2,6 , 0,0,221002,0,L, 	(30-MAY-2025 15:47:52)
2,6 , 0,0,221002,0,L, 	(30-MAY-2025 15:47:52)
2,6 , 0,0,221002,0,L, 	(30-MAY-2025 15:47:52)
2,6 , 0,0,221002,0,L, 	(30-MAY-2025 15:47:52)
2,6 , 0,0,221002,0,L, 	(30-MAY-2025 15:47:52)
2,6 , 0,0,221002,0,L, 	(30-MAY-2025 15:47:52)
2,6 , 0,0,221002,0,L, 	(30-MAY-2025 15:47:52)
2,6 , 0,0,221002,0,L, 	(30-MAY-2025 15:47:52)
2,6 , 0,0,221002,0,L, 	(30-MAY-2025 15:47:52)
2,6 , 0,0,221002,0,L, 	(30-MAY-2025 15:47:52)
2,6 , 0,0,221002,0,L, 	(30-MAY-2025 15:47:52)
2,6 , 0,0,221002,0,L, 	(30-MAY-2025 15:47:52)
2,6 , 0,0,221002,0,L, 	(30-MAY-2025 15:47:52)
2,6 , 0,0,221002,0,L, 	(30-MAY-2025 15:47:52)
2,6 , 0,0,221002,0,L, 	(30-MAY-2025 15:47:52)
2,6 , 0,0,221002,0,L, 	(30-MAY-2025 15:47:52)
2,6 , 0,0,221002,0,L, 	(30-MAY-2025 15:47:52)
2,6 , 0,0,221002,0,L, 	(30-MAY-2025 15:47:52)
2,6 , 0,0,221002,0,L, 	(30-MAY-2025 15:47:52)
2,6 , 0,0,221002,0,L, 	(30-MAY-2025 15:47:52)
2,6 , 0,0,221002,0,L, 	(30-MAY-2025 15:47:52)
2,6 , 0,0,221002,0,L, 	(30-MAY-2025 15:47:52)
2,6 , 0,0,221002,0,L, 	(30-MAY-2025 15:47:52)
2,6 , 0,0,221002,0,L, 	(30-MAY-2025 15:47:52)
2,6 , 0,0,221002,0,L, 	(30-MAY-2025 15:47:52)
2,6 , 0,0,221002,0,L, 	(30-MAY-2025 15:47:52)
2,6 , 0,0,221002,0,L, 	(30-MAY-2025 15:47:52)
2,6 , 0,0,221002,0,L, 	(30-MAY-2025 15:47:52)
2,6 , 0,0,221002,0,L, 	(30-MAY-2025 15:47:52)
2,6 , 0,0,221002,0,L, 	(30-MAY-2025 15:47:52)
2,6 , 0,0,221002,0,L, 	(30-MAY-2025 15:47:52)
2,6 , 0,0,221002,0,L, 	(30-MAY-2025 15:47:52)
2,6 , 0,0,221002,0,L, 	(30-MAY-2025 15:47:52)
2,6 , 0,0,221002,0,L, 	(30-MAY-2025 15:47:52)
2,6 , 0,0,221002,0,L, 	(30-MAY-2025 15:47:52)
2,6 , 0,0,221002,0,L, 	(30-MAY-2025 15:47:52)
2,6 , 0,0,221002,0,L, 	(30-MAY-2025 15:47:52)
2,6 , 0,0,221002,0,L, 	(30-MAY-2025 15:47:52)
2,6 , 0,0,221002,0,L, 	(30-MAY-2025 15:47:52)
2,6 , 0,0,221002,0,L, 	(30-MAY-2025 15:47:52)
2,6 , 0,0,221002,0,L, 	(30-MAY-2025 15:47:52)
2,6 , 0,0,221002,0,L, 	(30-MAY-2025 15:47:52)
2,6 , 0,0,221002,0,L, 	(30-MAY-2025 15:47:52)
2,6 , 0,0,221002,0,L, 	(30-MAY-2025 15:47:52)
2,6 , 0,0,221002,0,L, 	(30-MAY-2025 15:47:52)
2,6 , 0,0,221002,0,L, 	(30-MAY-2025 15:47:52)
2,6 , 0,0,221002,0,L, 	(30-MAY-2025 15:47:52)
2,6 , 0,0,221002,0,L, 	(30-MAY-2025 15:47:52)
2,6 , 0,0,221002,0,L, 	(30-MAY-2025 15:47:52)
2,6 , 0,0,221002,0,L, 	(30-MAY-2025 15:47:52)
2,6 , 0,0,221002,0,L, 	(30-MAY-2025 15:47:52)
2,6 , 0,0,221002,0,L, 	(30-MAY-2025 15:47:52)
2,6 , 0,0,221002,0,L, 	(30-MAY-2025 15:47:52)
2,6 , 0,0,221002,0,L, 	(30-MAY-2025 15:47:52)
2,6 , 0,0,221002,0,L, 	(30-MAY-2025 15:47:52)
2,6 , 0,0,221002,0,L, 	(30-MAY-2025 15:47:52)
2,6 , 0,0,221002,0,L, 	(30-MAY-2025 15:47:52)
2,6 , 0,0,221002,0,L, 	(30-MAY-2025 15:47:52)
2,6 , 0,0,221002,0,L, 	(30-MAY-2025 15:47:52)
2,6 , 0,0,221002,0,L, 	(30-MAY-2025 15:47:52)
2,6 , 0,0,221002,0,L, 	(30-MAY-2025 15:47:52)
2,6 , 0,0,221002,0,L, 	(30-MAY-2025 15:47:52)
2,6 , 0,0,221002,0,L, 	(30-MAY-2025 15:47:52)
2,6 , 0,0,221002,0,L, 	(30-MAY-2025 15:47:52)
2,6 , 0,0,221002,0,L, 	(30-MAY-2025 15:47:52)
2,6 , 0,0,221002,0,L, 	(30-MAY-2025 15:47:52)
2,6 , 0,0,221003,0,L, 	(30-MAY-2025 15:47:52)
2,6 , 0,0,221003,0,L, 	(30-MAY-2025 15:47:52)
2,6 , 0,0,221003,0,L, 	(30-MAY-2025 15:47:52)
2,6 , 0,0,221003,0,L, 	(30-MAY-2025 15:47:52)
2,6 , 0,0,221003,0,L, 	(30-MAY-2025 15:47:52)
2,6 , 0,0,221003,0,L, 	(30-MAY-2025 15:47:52)
2,6 , 0,0,221003,0,L, 	(30-MAY-2025 15:47:52)
2,6 , 0,0,221003,0,L, 	(30-MAY-2025 15:47:52)
2,6 , 0,0,221003,0,L, 	(30-MAY-2025 15:47:52)
2,6 , 0,0,221003,0,L, 	(30-MAY-2025 15:47:52)
2,6 , 0,0,221003,0,L, 	(30-MAY-2025 15:47:52)
2,6 , 0,0,221003,0,L, 	(30-MAY-2025 15:47:52)
2,6 , 0,0,221003,0,L, 	(30-MAY-2025 15:47:52)
2,6 , 0,0,221003,0,L, 	(30-MAY-2025 15:47:52)
2,6 , 0,0,221003,0,L, 	(30-MAY-2025 15:47:52)
2,6 , 0,0,221003,0,L, 	(30-MAY-2025 15:47:52)
2,6 , 0,0,221003,0,L, 	(30-MAY-2025 15:47:52)
2,6 , 0,0,221003,0,L, 	(30-MAY-2025 15:47:52)
2,6 , 0,0,221003,0,L, 	(30-MAY-2025 15:47:52)
2,6 , 0,0,221003,0,L, 	(30-MAY-2025 15:47:52)
2,6 , 0,0,221003,0,L, 	(30-MAY-2025 15:47:52)
2,6 , 0,0,221003,0,L, 	(30-MAY-2025 15:47:52)
2,6 , 0,0,221003,0,L, 	(30-MAY-2025 15:47:52)
2,6 , 0,0,221003,0,L, 	(30-MAY-2025 15:47:52)
2,6 , 0,0,221003,0,L, 	(30-MAY-2025 15:47:52)
2,6 , 0,0,221003,0,L, 	(30-MAY-2025 15:47:52)
2,6 , 0,0,221003,0,L, 	(30-MAY-2025 15:47:52)
2,6 , 0,0,221003,0,L, 	(30-MAY-2025 15:47:52)
2,6 , 0,0,221003,0,L, 	(30-MAY-2025 15:47:52)
2,6 , 0,0,221003,0,L, 	(30-MAY-2025 15:47:52)
2,6 , 0,0,221003,0,L, 	(30-MAY-2025 15:47:52)
2,6 , 0,0,222014,0,L, 	(30-MAY-2025 15:47:52)
2,6 , 0,0,222014,0,L, 	(30-MAY-2025 15:47:52)
2,6 , 0,0,222014,0,L, 	(30-MAY-2025 15:47:52)
2,6 , 0,0,222014,0,L, 	(30-MAY-2025 15:47:52)
2,6 , 0,0,222014,0,L, 	(30-MAY-2025 15:47:52)
2,6 , 0,0,222014,0,L, 	(30-MAY-2025 15:47:52)
2,6 , 0,0,222014,0,L, 	(30-MAY-2025 15:47:52)
2,6 , 0,0,222014,0,L, 	(30-MAY-2025 15:47:52)
2,6 , 0,0,222014,0,L, 	(30-MAY-2025 15:47:52)
2,6 , 0,0,222014,0,L, 	(30-MAY-2025 15:47:52)
2,6 , 0,0,222014,0,L, 	(30-MAY-2025 15:47:52)
2,6 , 0,0,222014,0,L, 	(30-MAY-2025 15:47:52)
2,6 , 0,0,222014,0,L, 	(30-MAY-2025 15:47:52)
2,6 , 0,0,222014,0,L, 	(30-MAY-2025 15:47:52)
2,6 , 0,0,222014,0,L, 	(30-MAY-2025 15:47:52)
2,6 , 0,0,222014,0,L, 	(30-MAY-2025 15:47:52)
2,6 , 0,0,222014,0,L, 	(30-MAY-2025 15:47:52)
2,6 , 0,0,222014,0,L, 	(30-MAY-2025 15:47:52)
2,6 , 0,0,222014,0,L, 	(30-MAY-2025 15:47:52)
2,6 , 0,0,222014,0,L, 	(30-MAY-2025 15:47:52)
2,6 , 0,0,222014,0,L, 	(30-MAY-2025 15:47:52)
2,6 , 0,0,222014,0,L, 	(30-MAY-2025 15:47:52)
2,6 , 0,0,222014,0,L, 	(30-MAY-2025 15:47:52)
2,6 , 0,0,222014,0,L, 	(30-MAY-2025 15:47:52)
2,6 , 0,0,222014,0,L, 	(30-MAY-2025 15:47:52)
2,6 , 0,0,222014,0,L, 	(30-MAY-2025 15:47:52)
2,6 , 0,0,222014,0,L, 	(30-MAY-2025 15:47:52)
2,6 , 0,0,222014,0,L, 	(30-MAY-2025 15:47:52)
2,6 , 0,0,222014,0,L, 	(30-MAY-2025 15:47:52)
2,6 , 0,0,222014,0,L, 	(30-MAY-2025 15:47:52)
2,6 , 0,0,220011,0,L, 	(30-MAY-2025 15:47:52)
2,6 , 0,0,220011,0,L, 	(30-MAY-2025 15:47:52)
2,6 , 0,0,220011,0,L, 	(30-MAY-2025 15:47:52)
2,6 , 0,0,220011,0,L, 	(30-MAY-2025 15:47:52)
2,6 , 0,0,220011,0,L, 	(30-MAY-2025 15:47:52)
2,6 , 0,0,220011,0,L, 	(30-MAY-2025 15:47:52)
2,6 , 0,0,220011,0,L, 	(30-MAY-2025 15:47:52)
2,6 , 0,0,220011,0,L, 	(30-MAY-2025 15:47:52)
2,6 , 0,0,220011,0,L, 	(30-MAY-2025 15:47:52)
2,6 , 0,0,220011,0,L, 	(30-MAY-2025 15:47:52)
2,6 , 0,0,220011,0,L, 	(30-MAY-2025 15:47:52)
2,6 , 0,0,220011,0,L, 	(30-MAY-2025 15:47:52)
2,6 , 0,0,220011,0,L, 	(30-MAY-2025 15:47:52)
2,6 , 0,0,220011,0,L, 	(30-MAY-2025 15:47:52)
2,6 , 0,0,220011,0,L, 	(30-MAY-2025 15:47:52)
2,6 , 0,0,220012,0,L, 	(30-MAY-2025 15:47:52)
2,6 , 0,0,220012,0,L, 	(30-MAY-2025 15:47:52)
2,6 , 0,0,220012,0,L, 	(30-MAY-2025 15:47:52)
2,6 , 0,0,220012,0,L, 	(30-MAY-2025 15:47:52)
2,6 , 0,0,220012,0,L, 	(30-MAY-2025 15:47:52)
2,6 , 0,0,220012,0,L, 	(30-MAY-2025 15:47:52)
2,6 , 0,0,220012,0,L, 	(30-MAY-2025 15:47:52)
2,6 , 0,0,220012,0,L, 	(30-MAY-2025 15:47:52)
2,6 , 0,0,220012,0,L, 	(30-MAY-2025 15:47:52)
2,6 , 0,0,220012,0,L, 	(30-MAY-2025 15:47:52)
2,6 , 0,0,220012,0,L, 	(30-MAY-2025 15:47:52)
2,6 , 0,0,220012,0,L, 	(30-MAY-2025 15:47:52)
2,6 , 0,0,220012,0,L, 	(30-MAY-2025 15:47:52)
2,6 , 0,0,220012,0,L, 	(30-MAY-2025 15:47:52)
2,6 , 0,0,220012,0,L, 	(30-MAY-2025 15:47:52)
2,6 , 0,0,220012,0,L, 	(30-MAY-2025 15:47:52)
2,6 , 0,0,220012,0,L, 	(30-MAY-2025 15:47:52)
2,6 , 0,0,220012,0,L, 	(30-MAY-2025 15:47:52)
2,6 , 0,0,220012,0,L, 	(30-MAY-2025 15:47:52)
2,6 , 0,0,220012,0,L, 	(30-MAY-2025 15:47:52)
2,6 , 0,0,220012,0,L, 	(30-MAY-2025 15:47:52)
2,6 , 0,0,220012,0,L, 	(30-MAY-2025 15:47:52)
2,6 , 0,0,220012,0,L, 	(30-MAY-2025 15:47:52)
2,6 , 0,0,220012,0,L, 	(30-MAY-2025 15:47:52)
2,6 , 0,0,220012,0,L, 	(30-MAY-2025 15:47:52)
2,6 , 0,0,220012,0,L, 	(30-MAY-2025 15:47:52)
2,6 , 0,0,220012,0,L, 	(30-MAY-2025 15:47:52)
2,6 , 0,0,220012,0,L, 	(30-MAY-2025 15:47:52)
2,6 , 0,0,220012,0,L, 	(30-MAY-2025 15:47:52)
2,6 , 0,0,223069,0,L, 	(30-MAY-2025 15:47:52)
2,6 , 0,0,223069,0,L, 	(30-MAY-2025 15:47:52)
2,6 , 0,0,223069,0,L, 	(30-MAY-2025 15:47:52)
2,6 , 0,0,223069,0,L, 	(30-MAY-2025 15:47:52)
2,6 , 0,0,223069,0,L, 	(30-MAY-2025 15:47:52)
2,6 , 0,0,223069,0,L, 	(30-MAY-2025 15:47:52)
2,6 , 0,0,223069,0,L, 	(30-MAY-2025 15:47:52)
2,6 , 0,0,223069,0,L, 	(30-MAY-2025 15:47:52)
2,6 , 0,0,223069,0,L, 	(30-MAY-2025 15:47:52)
2,6 , 0,0,223069,0,L, 	(30-MAY-2025 15:47:52)
2,6 , 0,0,223069,0,L, 	(30-MAY-2025 15:47:52)
2,6 , 0,0,223069,0,L, 	(30-MAY-2025 15:47:52)
2,6 , 0,0,223069,0,L, 	(30-MAY-2025 15:47:52)
2,6 , 0,0,223069,0,L, 	(30-MAY-2025 15:47:52)
2,6 , 0,0,223069,0,L, 	(30-MAY-2025 15:47:52)
2,6 , 0,0,223069,0,L, 	(30-MAY-2025 15:47:52)
2,6 , 0,0,223069,0,L, 	(30-MAY-2025 15:47:52)
2,6 , 0,0,223069,0,L, 	(30-MAY-2025 15:47:52)
2,6 , 0,0,223069,0,L, 	(30-MAY-2025 15:47:52)
2,6 , 0,0,223069,0,L, 	(30-MAY-2025 15:47:52)
2,6 , 0,0,223069,0,L, 	(30-MAY-2025 15:47:52)
2,6 , 0,0,223069,0,L, 	(30-MAY-2025 15:47:52)
2,6 , 0,0,223069,0,L, 	(30-MAY-2025 15:47:52)
2,6 , 0,0,223069,0,L, 	(30-MAY-2025 15:47:52)
2,6 , 0,0,223069,0,L, 	(30-MAY-2025 15:47:52)
2,6 , 0,0,223069,0,L, 	(30-MAY-2025 15:47:52)
2,6 , 0,0,223069,0,L, 	(30-MAY-2025 15:47:52)
2,6 , 0,0,223069,0,L, 	(30-MAY-2025 15:47:52)
2,6 , 0,0,223069,0,L, 	(30-MAY-2025 15:47:52)
2,6 , 0,0,223069,0,L, 	(30-MAY-2025 15:47:52)
2,6 , 0,0,223069,0,L, 	(30-MAY-2025 15:47:52)
2,6 , 0,0,223070,0,L, 	(30-MAY-2025 15:47:52)
2,6 , 0,0,223070,0,L, 	(30-MAY-2025 15:47:52)
2,6 , 0,0,223070,0,L, 	(30-MAY-2025 15:47:52)
2,6 , 0,0,223070,0,L, 	(30-MAY-2025 15:47:52)
2,6 , 0,0,223070,0,L, 	(30-MAY-2025 15:47:52)
2,6 , 0,0,223070,0,L, 	(30-MAY-2025 15:47:52)
2,6 , 0,0,223070,0,L, 	(30-MAY-2025 15:47:52)
2,6 , 0,0,223070,0,L, 	(30-MAY-2025 15:47:52)
2,6 , 0,0,223070,0,L, 	(30-MAY-2025 15:47:52)
2,6 , 0,0,223070,0,L, 	(30-MAY-2025 15:47:52)
2,6 , 0,0,223070,0,L, 	(30-MAY-2025 15:47:52)
2,6 , 0,0,223070,0,L, 	(30-MAY-2025 15:47:52)
2,6 , 0,0,223070,0,L, 	(30-MAY-2025 15:47:52)
2,6 , 0,0,223070,0,L, 	(30-MAY-2025 15:47:52)
2,6 , 0,0,223070,0,L, 	(30-MAY-2025 15:47:52)
2,6 , 0,0,223072,0,L, 	(30-MAY-2025 15:47:52)
2,6 , 0,0,223072,0,L, 	(30-MAY-2025 15:47:52)
2,6 , 0,0,223072,0,L, 	(30-MAY-2025 15:47:52)
2,6 , 0,0,223072,0,L, 	(30-MAY-2025 15:47:52)
2,6 , 0,0,223072,0,L, 	(30-MAY-2025 15:47:52)
2,6 , 0,0,223072,0,L, 	(30-MAY-2025 15:47:52)
2,6 , 0,0,223072,0,L, 	(30-MAY-2025 15:47:52)
2,6 , 0,0,223072,0,L, 	(30-MAY-2025 15:47:52)
2,6 , 0,0,223072,0,L, 	(30-MAY-2025 15:47:52)
2,6 , 0,0,223072,0,L, 	(30-MAY-2025 15:47:52)
2,6 , 0,0,223072,0,L, 	(30-MAY-2025 15:47:52)
2,6 , 0,0,223072,0,L, 	(30-MAY-2025 15:47:52)
2,6 , 0,0,223072,0,L, 	(30-MAY-2025 15:47:52)
2,6 , 0,0,223072,0,L, 	(30-MAY-2025 15:47:52)
2,6 , 0,0,223072,0,L, 	(30-MAY-2025 15:47:52)
2,6 , 0,0,223072,0,L, 	(30-MAY-2025 15:47:52)
2,6 , 0,0,223072,0,L, 	(30-MAY-2025 15:47:52)
2,6 , 0,0,223072,0,L, 	(30-MAY-2025 15:47:52)
2,6 , 0,0,223072,0,L, 	(30-MAY-2025 15:47:53)
2,6 , 0,0,223072,0,L, 	(30-MAY-2025 15:47:53)
2,6 , 0,0,223072,0,L, 	(30-MAY-2025 15:47:53)
2,6 , 0,0,223072,0,L, 	(30-MAY-2025 15:47:53)
2,6 , 0,0,223072,0,L, 	(30-MAY-2025 15:47:53)
2,6 , 0,0,223072,0,L, 	(30-MAY-2025 15:47:53)
2,6 , 0,0,223072,0,L, 	(30-MAY-2025 15:47:53)
2,6 , 0,0,223072,0,L, 	(30-MAY-2025 15:47:53)
2,6 , 0,0,223072,0,L, 	(30-MAY-2025 15:47:53)
2,6 , 0,0,223072,0,L, 	(30-MAY-2025 15:47:53)
2,6 , 0,0,223072,0,L, 	(30-MAY-2025 15:47:53)
2,6 , 0,0,223072,0,L, 	(30-MAY-2025 15:47:53)
2,6 , 0,0,223071,1,L, 	(30-MAY-2025 15:47:53)
2,6 , 0,0,223071,1,L, 	(30-MAY-2025 15:47:53)
2,6 , 0,0,223071,1,L, 	(30-MAY-2025 15:47:53)
2,6 , 0,0,223071,1,L, 	(30-MAY-2025 15:47:53)
2,6 , 0,0,223071,1,L, 	(30-MAY-2025 15:47:53)
2,6 , 0,0,223071,1,L, 	(30-MAY-2025 15:47:53)
2,6 , 0,0,223071,1,L, 	(30-MAY-2025 15:47:53)
2,6 , 0,0,223071,1,L, 	(30-MAY-2025 15:47:53)
2,6 , 0,0,223071,1,L, 	(30-MAY-2025 15:47:53)
2,6 , 0,0,223071,1,L, 	(30-MAY-2025 15:47:53)
2,6 , 0,0,223071,1,L, 	(30-MAY-2025 15:47:53)
2,6 , 0,0,223071,1,L, 	(30-MAY-2025 15:47:53)
2,6 , 0,0,223071,1,L, 	(30-MAY-2025 15:47:53)
2,6 , 0,0,223071,1,L, 	(30-MAY-2025 15:47:53)
2,6 , 0,0,223071,1,L, 	(30-MAY-2025 15:47:53)
2,6 , 0,0,223071,1,L, 	(30-MAY-2025 15:47:53)
2,6 , 0,0,223070,1,L, 	(30-MAY-2025 15:47:53)
2,6 , 0,0,223070,1,L, 	(30-MAY-2025 15:47:53)
2,6 , 0,0,223070,1,L, 	(30-MAY-2025 15:47:53)
2,6 , 0,0,223070,1,L, 	(30-MAY-2025 15:47:53)
2,6 , 0,0,223070,1,L, 	(30-MAY-2025 15:47:53)
2,6 , 0,0,223070,1,L, 	(30-MAY-2025 15:47:53)
2,6 , 0,0,223070,1,L, 	(30-MAY-2025 15:47:53)
2,6 , 0,0,223070,1,L, 	(30-MAY-2025 15:47:53)
2,6 , 0,0,223070,1,L, 	(30-MAY-2025 15:47:53)
2,6 , 0,0,223070,1,L, 	(30-MAY-2025 15:47:53)
2,6 , 0,0,223070,1,L, 	(30-MAY-2025 15:47:53)
2,6 , 0,0,223070,1,L, 	(30-MAY-2025 15:47:53)
2,6 , 0,0,223070,1,L, 	(30-MAY-2025 15:47:53)
2,6 , 0,0,223070,1,L, 	(30-MAY-2025 15:47:53)
2,6 , 0,0,223070,1,L, 	(30-MAY-2025 15:47:53)
2,6 , 0,0,223070,1,L, 	(30-MAY-2025 15:47:53)
2,7 , 2,0,4,1,S, 	(30-MAY-2025 15:47:53)
2,7 , 2,0,4,1,S, 	(30-MAY-2025 15:47:53)
2,7 , 2,0,4,1,S, 	(30-MAY-2025 15:47:53)
2,7 , 2,0,4,1,S, 	(30-MAY-2025 15:47:53)
2,7 , 2,0,4,1,S, 	(30-MAY-2025 15:47:53)
2,7 , 2,0,4,1,S, 	(30-MAY-2025 15:47:53)
2,7 , 2,0,4,1,S, 	(30-MAY-2025 15:47:53)
2,7 , 2,0,4,1,S, 	(30-MAY-2025 15:47:53)
2,7 , 2,0,4,1,S, 	(30-MAY-2025 15:47:53)
2,7 , 2,0,4,1,S, 	(30-MAY-2025 15:47:53)
2,7 , 2,0,4,1,S, 	(30-MAY-2025 15:47:53)
2,7 , 2,0,4,1,S, 	(30-MAY-2025 15:47:53)
2,7 , 2,0,4,1,S, 	(30-MAY-2025 15:47:53)
2,7 , 2,0,4,1,S, 	(30-MAY-2025 15:47:53)
2,7 , 2,0,4,1,S, 	(30-MAY-2025 15:47:53)
2,7 , 2,0,4,1,S, 	(30-MAY-2025 15:47:53)
2,7 , 2,0,4,1,S, 	(30-MAY-2025 15:47:53)
2,7 , 2,0,4,1,S, 	(30-MAY-2025 15:47:53)
2,7 , 2,0,4,1,S, 	(30-MAY-2025 15:47:53)
2,7 , 2,0,4,1,S, 	(30-MAY-2025 15:47:53)
2,7 , 2,0,4,1,S, 	(30-MAY-2025 15:47:53)
2,7 , 2,0,4,1,S, 	(30-MAY-2025 15:47:53)
2,7 , 2,0,4,1,S, 	(30-MAY-2025 15:47:53)
2,7 , 2,0,4,1,S, 	(30-MAY-2025 15:47:53)
2,7 , 2,0,4,1,S, 	(30-MAY-2025 15:47:53)
2,7 , 2,0,4,1,S, 	(30-MAY-2025 15:47:53)
2,7 , 2,0,4,1,S, 	(30-MAY-2025 15:47:53)
2,7 , 2,0,4,1,S, 	(30-MAY-2025 15:47:53)
2,7 , 2,0,4,1,S, 	(30-MAY-2025 15:47:53)
2,7 , 2,0,5,0,S, 	(30-MAY-2025 15:47:53)
2,7 , 2,0,5,0,S, 	(30-MAY-2025 15:47:53)
2,7 , 2,0,5,0,S, 	(30-MAY-2025 15:47:53)
2,7 , 2,0,5,0,S, 	(30-MAY-2025 15:47:53)
2,7 , 2,0,5,0,S, 	(30-MAY-2025 15:47:53)
2,7 , 2,0,5,0,S, 	(30-MAY-2025 15:47:53)
2,7 , 2,0,5,0,S, 	(30-MAY-2025 15:47:53)
2,7 , 2,0,5,0,S, 	(30-MAY-2025 15:47:53)
2,7 , 2,0,5,0,S, 	(30-MAY-2025 15:47:53)
2,7 , 2,0,5,0,S, 	(30-MAY-2025 15:47:53)
2,7 , 2,0,5,0,S, 	(30-MAY-2025 15:47:53)
2,7 , 2,0,5,0,S, 	(30-MAY-2025 15:47:53)
2,7 , 2,0,5,0,S, 	(30-MAY-2025 15:47:53)
2,7 , 2,0,5,0,S, 	(30-MAY-2025 15:47:53)
2,7 , 2,0,5,0,S, 	(30-MAY-2025 15:47:53)
2,7 , 2,0,5,0,S, 	(30-MAY-2025 15:47:53)
2,7 , 2,0,5,0,S, 	(30-MAY-2025 15:47:53)
2,7 , 2,0,5,0,S, 	(30-MAY-2025 15:47:53)
2,7 , 2,0,5,0,S, 	(30-MAY-2025 15:47:53)
2,7 , 2,0,5,0,S, 	(30-MAY-2025 15:47:53)
2,7 , 2,0,5,0,S, 	(30-MAY-2025 15:47:53)
2,7 , 2,0,5,0,S, 	(30-MAY-2025 15:47:53)
2,7 , 2,0,5,0,S, 	(30-MAY-2025 15:47:53)
2,7 , 2,0,5,0,S, 	(30-MAY-2025 15:47:53)
2,7 , 2,0,5,0,S, 	(30-MAY-2025 15:47:53)
2,7 , 2,0,5,0,S, 	(30-MAY-2025 15:47:53)
2,7 , 2,0,5,0,S, 	(30-MAY-2025 15:47:53)
2,7 , 2,0,5,0,S, 	(30-MAY-2025 15:47:53)
2,7 , 2,0,5,0,S, 	(30-MAY-2025 15:47:53)
2,7 , 2,0,5,0,S, 	(30-MAY-2025 15:47:53)
2,7 , 2,0,5,0,S, 	(30-MAY-2025 15:47:53)
2,7 , 2,0,5,0,S, 	(30-MAY-2025 15:47:53)
2,7 , 2,0,5,0,S, 	(30-MAY-2025 15:47:53)
2,7 , 2,0,5,0,S, 	(30-MAY-2025 15:47:53)
2,7 , 2,0,5,0,S, 	(30-MAY-2025 15:47:53)
2,7 , 2,0,5,0,S, 	(30-MAY-2025 15:47:53)
2,7 , 2,0,5,0,S, 	(30-MAY-2025 15:47:53)
2,7 , 2,0,5,0,S, 	(30-MAY-2025 15:47:53)
2,7 , 2,0,5,0,S, 	(30-MAY-2025 15:47:53)
2,7 , 2,0,5,0,S, 	(30-MAY-2025 15:47:53)
2,7 , 2,0,5,0,S, 	(30-MAY-2025 15:47:53)
2,7 , 2,0,5,0,S, 	(30-MAY-2025 15:47:53)
2,7 , 2,0,5,0,S, 	(30-MAY-2025 15:47:53)
2,7 , 2,0,5,0,S, 	(30-MAY-2025 15:47:53)
2,7 , 2,0,5,0,S, 	(30-MAY-2025 15:47:53)
2,7 , 2,0,5,0,S, 	(30-MAY-2025 15:47:53)
2,7 , 2,0,5,0,S, 	(30-MAY-2025 15:47:53)
2,7 , 2,0,5,0,S, 	(30-MAY-2025 15:47:53)
2,7 , 2,0,5,0,S, 	(30-MAY-2025 15:47:53)
2,7 , 2,0,5,0,S, 	(30-MAY-2025 15:47:53)
2,7 , 2,0,5,0,S, 	(30-MAY-2025 15:47:53)
2,7 , 2,0,5,0,S, 	(30-MAY-2025 15:47:53)
2,7 , 2,0,5,0,S, 	(30-MAY-2025 15:47:53)
2,7 , 2,0,5,0,S, 	(30-MAY-2025 15:47:53)
2,7 , 2,0,5,0,S, 	(30-MAY-2025 15:47:53)
2,7 , 2,0,5,0,S, 	(30-MAY-2025 15:47:53)
2,7 , 2,0,5,0,S, 	(30-MAY-2025 15:47:53)
2,7 , 2,0,5,0,S, 	(30-MAY-2025 15:47:53)
2,7 , 2,0,5,0,S, 	(30-MAY-2025 15:47:53)
2,7 , 2,0,5,0,S, 	(30-MAY-2025 15:47:53)
2,7 , 2,0,5,0,S, 	(30-MAY-2025 15:47:53)
2,7 , 2,0,5,0,S, 	(30-MAY-2025 15:47:53)
2,7 , 2,0,5,0,S, 	(30-MAY-2025 15:47:53)
2,7 , 2,0,5,0,S, 	(30-MAY-2025 15:47:53)
2,7 , 2,0,5,0,S, 	(30-MAY-2025 15:47:53)
2,7 , 2,0,5,0,S, 	(30-MAY-2025 15:47:53)
2,7 , 2,0,5,0,S, 	(30-MAY-2025 15:47:53)
2,7 , 2,0,5,0,S, 	(30-MAY-2025 15:47:53)
2,7 , 2,0,5,0,S, 	(30-MAY-2025 15:47:53)
2,7 , 2,0,5,0,S, 	(30-MAY-2025 15:47:53)
2,7 , 2,0,5,0,S, 	(30-MAY-2025 15:47:53)
2,7 , 2,0,5,0,S, 	(30-MAY-2025 15:47:53)
2,7 , 2,0,5,0,S, 	(30-MAY-2025 15:47:53)
2,7 , 2,0,5,0,S, 	(30-MAY-2025 15:47:53)
2,7 , 2,0,5,0,S, 	(30-MAY-2025 15:47:53)
2,7 , 2,0,5,0,S, 	(30-MAY-2025 15:47:53)
2,7 , 2,0,5,0,S, 	(30-MAY-2025 15:47:53)
2,7 , 2,0,5,0,S, 	(30-MAY-2025 15:47:53)
2,7 , 2,0,5,0,S, 	(30-MAY-2025 15:47:53)
2,7 , 2,0,5,0,S, 	(30-MAY-2025 15:47:53)
2,7 , 2,0,5,0,S, 	(30-MAY-2025 15:47:53)
2,7 , 2,0,5,0,S, 	(30-MAY-2025 15:47:53)
2,7 , 2,0,5,0,S, 	(30-MAY-2025 15:47:53)
2,7 , 2,0,5,0,S, 	(30-MAY-2025 15:47:53)
2,7 , 2,0,5,0,S, 	(30-MAY-2025 15:47:53)
2,7 , 2,0,5,0,S, 	(30-MAY-2025 15:47:53)
2,7 , 2,0,5,0,S, 	(30-MAY-2025 15:47:53)
2,7 , 2,0,5,0,S, 	(30-MAY-2025 15:47:53)
2,7 , 2,0,5,0,S, 	(30-MAY-2025 15:47:53)
2,7 , 2,0,5,0,S, 	(30-MAY-2025 15:47:53)
2,7 , 2,0,5,0,S, 	(30-MAY-2025 15:47:53)
2,7 , 2,0,5,0,S, 	(30-MAY-2025 15:47:53)
2,7 , 2,0,5,0,S, 	(30-MAY-2025 15:47:53)
2,7 , 2,0,5,0,S, 	(30-MAY-2025 15:47:53)
2,7 , 2,0,5,0,S, 	(30-MAY-2025 15:47:53)
2,7 , 2,0,5,0,S, 	(30-MAY-2025 15:47:53)
2,7 , 2,0,5,0,S, 	(30-MAY-2025 15:47:53)
2,7 , 2,0,5,0,S, 	(30-MAY-2025 15:47:53)
2,7 , 2,0,5,0,S, 	(30-MAY-2025 15:47:53)
2,7 , 2,0,5,0,S, 	(30-MAY-2025 15:47:53)
2,7 , 2,0,5,0,S, 	(30-MAY-2025 15:47:53)
2,7 , 2,0,5,0,S, 	(30-MAY-2025 15:47:53)
2,7 , 2,0,5,0,S, 	(30-MAY-2025 15:47:53)
2,7 , 2,0,5,0,S, 	(30-MAY-2025 15:47:53)
2,7 , 2,0,5,0,S, 	(30-MAY-2025 15:47:53)
2,7 , 2,0,5,0,S, 	(30-MAY-2025 15:47:53)
2,7 , 2,0,5,0,S, 	(30-MAY-2025 15:47:53)
2,7 , 2,0,5,0,S, 	(30-MAY-2025 15:47:53)
2,7 , 2,0,5,0,S, 	(30-MAY-2025 15:47:53)
2,7 , 2,0,5,0,S, 	(30-MAY-2025 15:47:53)
2,7 , 2,0,5,0,S, 	(30-MAY-2025 15:47:53)
2,7 , 2,0,5,0,S, 	(30-MAY-2025 15:47:53)
2,7 , 2,0,5,0,S, 	(30-MAY-2025 15:47:53)
2,7 , 2,0,5,0,S, 	(30-MAY-2025 15:47:53)
2,7 , 2,0,5,0,S, 	(30-MAY-2025 15:47:53)
2,7 , 2,0,5,0,S, 	(30-MAY-2025 15:47:53)
2,7 , 2,0,5,0,S, 	(30-MAY-2025 15:47:53)
2,7 , 2,0,5,0,S, 	(30-MAY-2025 15:47:53)
2,7 , 2,0,5,0,S, 	(30-MAY-2025 15:47:53)
2,7 , 2,0,5,0,S, 	(30-MAY-2025 15:47:53)
2,7 , 2,0,5,0,S, 	(30-MAY-2025 15:47:53)
2,7 , 2,0,5,0,S, 	(30-MAY-2025 15:47:53)
2,7 , 2,0,5,0,S, 	(30-MAY-2025 15:47:53)
2,7 , 2,0,5,0,S, 	(30-MAY-2025 15:47:53)
2,7 , 2,0,5,0,S, 	(30-MAY-2025 15:47:53)
2,7 , 2,0,5,0,S, 	(30-MAY-2025 15:47:53)
2,7 , 2,0,5,0,S, 	(30-MAY-2025 15:47:53)
2,7 , 2,0,5,0,S, 	(30-MAY-2025 15:47:53)
2,7 , 2,0,5,0,S, 	(30-MAY-2025 15:47:53)
2,7 , 2,0,5,0,S, 	(30-MAY-2025 15:47:53)
2,7 , 2,0,5,0,S, 	(30-MAY-2025 15:47:53)
2,7 , 2,0,5,0,S, 	(30-MAY-2025 15:47:53)
2,7 , 2,0,5,0,S, 	(30-MAY-2025 15:47:53)
2,7 , 2,0,5,0,S, 	(30-MAY-2025 15:47:53)
2,7 , 2,0,5,0,S, 	(30-MAY-2025 15:47:53)
2,7 , 2,0,5,0,S, 	(30-MAY-2025 15:47:53)
2,7 , 2,0,5,0,S, 	(30-MAY-2025 15:47:53)
2,7 , 2,0,5,0,S, 	(30-MAY-2025 15:47:53)
2,7 , 2,0,5,0,S, 	(30-MAY-2025 15:47:53)
2,7 , 2,0,5,0,S, 	(30-MAY-2025 15:47:53)
2,7 , 2,0,5,0,S, 	(30-MAY-2025 15:47:53)
2,7 , 2,0,5,0,S, 	(30-MAY-2025 15:47:53)
2,7 , 2,0,5,0,S, 	(30-MAY-2025 15:47:53)
2,7 , 2,0,5,0,S, 	(30-MAY-2025 15:47:53)
2,7 , 2,0,5,0,S, 	(30-MAY-2025 15:47:53)
2,7 , 2,0,5,0,S, 	(30-MAY-2025 15:47:53)
2,7 , 2,0,5,0,S, 	(30-MAY-2025 15:47:53)
2,7 , 2,0,5,0,S, 	(30-MAY-2025 15:47:53)
2,7 , 2,0,5,0,S, 	(30-MAY-2025 15:47:53)
2,7 , 2,0,5,0,S, 	(30-MAY-2025 15:47:53)
2,7 , 2,0,5,0,S, 	(30-MAY-2025 15:47:53)
2,7 , 2,0,5,0,S, 	(30-MAY-2025 15:47:53)
2,7 , 2,0,5,0,S, 	(30-MAY-2025 15:47:53)
2,7 , 2,0,5,0,S, 	(30-MAY-2025 15:47:53)
2,7 , 2,0,5,0,S, 	(30-MAY-2025 15:47:53)
2,7 , 2,0,5,0,S, 	(30-MAY-2025 15:47:53)
2,7 , 2,0,5,0,S, 	(30-MAY-2025 15:47:53)
2,7 , 2,0,5,0,S, 	(30-MAY-2025 15:47:53)
2,7 , 2,0,5,0,S, 	(30-MAY-2025 15:47:53)
2,7 , 2,0,5,0,S, 	(30-MAY-2025 15:47:53)
2,7 , 2,0,5,0,S, 	(30-MAY-2025 15:47:53)
2,7 , 2,0,5,0,S, 	(30-MAY-2025 15:47:53)
2,7 , 2,0,5,0,S, 	(30-MAY-2025 15:47:53)
2,7 , 2,0,5,0,S, 	(30-MAY-2025 15:47:53)
2,7 , 2,0,5,0,S, 	(30-MAY-2025 15:47:53)
2,7 , 2,0,5,0,S, 	(30-MAY-2025 15:47:53)
2,7 , 2,0,5,0,S, 	(30-MAY-2025 15:47:53)
2,7 , 2,0,5,0,S, 	(30-MAY-2025 15:47:53)
2,7 , 2,0,5,0,S, 	(30-MAY-2025 15:47:53)
2,7 , 2,0,5,0,S, 	(30-MAY-2025 15:47:53)
2,7 , 2,0,5,0,S, 	(30-MAY-2025 15:47:53)
2,7 , 2,0,5,0,S, 	(30-MAY-2025 15:47:53)
2,7 , 2,0,5,0,S, 	(30-MAY-2025 15:47:53)
2,7 , 2,0,5,0,S, 	(30-MAY-2025 15:47:53)
2,7 , 2,0,5,0,S, 	(30-MAY-2025 15:47:53)
2,7 , 2,0,5,0,S, 	(30-MAY-2025 15:47:53)
2,7 , 2,0,5,0,S, 	(30-MAY-2025 15:47:53)
2,7 , 2,0,5,0,S, 	(30-MAY-2025 15:47:53)
2,7 , 2,0,5,0,S, 	(30-MAY-2025 15:47:53)
2,7 , 2,0,5,0,S, 	(30-MAY-2025 15:47:53)
2,7 , 2,0,5,0,S, 	(30-MAY-2025 15:47:53)
2,7 , 2,0,5,0,S, 	(30-MAY-2025 15:47:53)
2,7 , 2,0,5,0,S, 	(30-MAY-2025 15:47:53)
2,7 , 2,0,5,0,S, 	(30-MAY-2025 15:47:53)
2,7 , 2,0,5,0,S, 	(30-MAY-2025 15:47:53)
2,7 , 2,0,5,0,S, 	(30-MAY-2025 15:47:53)
2,7 , 2,0,5,0,S, 	(30-MAY-2025 15:47:53)
2,7 , 2,0,5,0,S, 	(30-MAY-2025 15:47:53)
2,7 , 2,0,5,0,S, 	(30-MAY-2025 15:47:53)
2,7 , 2,0,5,0,S, 	(30-MAY-2025 15:47:53)
2,7 , 2,0,5,0,S, 	(30-MAY-2025 15:47:53)
2,7 , 2,0,5,0,S, 	(30-MAY-2025 15:47:53)
2,7 , 2,0,5,0,S, 	(30-MAY-2025 15:47:53)
2,7 , 2,0,5,0,S, 	(30-MAY-2025 15:47:53)
2,7 , 2,0,5,0,S, 	(30-MAY-2025 15:47:53)
2,7 , 2,0,5,0,S, 	(30-MAY-2025 15:47:53)
2,7 , 2,0,5,0,S, 	(30-MAY-2025 15:47:53)
2,7 , 2,0,5,0,S, 	(30-MAY-2025 15:47:53)
2,7 , 2,0,5,0,S, 	(30-MAY-2025 15:47:53)
2,7 , 2,0,5,0,S, 	(30-MAY-2025 15:47:53)
2,7 , 2,0,5,0,S, 	(30-MAY-2025 15:47:53)
2,7 , 2,0,5,0,S, 	(30-MAY-2025 15:47:53)
2,7 , 2,0,5,0,S, 	(30-MAY-2025 15:47:53)
2,7 , 2,0,5,0,S, 	(30-MAY-2025 15:47:53)
2,7 , 2,0,5,0,S, 	(30-MAY-2025 15:47:53)
2,7 , 2,0,5,0,S, 	(30-MAY-2025 15:47:53)
2,7 , 2,0,5,0,S, 	(30-MAY-2025 15:47:53)
2,7 , 2,0,5,0,S, 	(30-MAY-2025 15:47:53)
2,7 , 2,0,5,0,S, 	(30-MAY-2025 15:47:53)
2,7 , 2,0,5,0,S, 	(30-MAY-2025 15:47:53)
2,7 , 2,0,5,0,S, 	(30-MAY-2025 15:47:53)
2,7 , 2,0,5,0,S, 	(30-MAY-2025 15:47:53)
2,7 , 2,0,5,0,S, 	(30-MAY-2025 15:47:53)
2,7 , 2,0,5,0,S, 	(30-MAY-2025 15:47:53)
2,7 , 2,0,5,0,S, 	(30-MAY-2025 15:47:53)
2,7 , 2,0,5,0,S, 	(30-MAY-2025 15:47:53)
2,7 , 2,0,5,0,S, 	(30-MAY-2025 15:47:53)
2,7 , 2,0,5,0,S, 	(30-MAY-2025 15:47:53)
2,7 , 2,0,5,0,S, 	(30-MAY-2025 15:47:53)
2,7 , 2,0,5,0,S, 	(30-MAY-2025 15:47:53)
2,7 , 2,0,5,0,S, 	(30-MAY-2025 15:47:53)
2,7 , 2,0,5,0,S, 	(30-MAY-2025 15:47:53)
2,7 , 2,0,5,0,S, 	(30-MAY-2025 15:47:53)
2,7 , 2,0,5,0,S, 	(30-MAY-2025 15:47:53)
2,7 , 2,0,5,0,S, 	(30-MAY-2025 15:47:53)
2,7 , 2,0,5,0,S, 	(30-MAY-2025 15:47:53)
2,7 , 2,0,5,0,S, 	(30-MAY-2025 15:47:53)
2,7 , 2,0,5,0,S, 	(30-MAY-2025 15:47:53)
2,7 , 2,0,5,0,S, 	(30-MAY-2025 15:47:53)
2,7 , 2,0,5,0,S, 	(30-MAY-2025 15:47:53)
2,7 , 2,0,5,0,S, 	(30-MAY-2025 15:47:53)
2,7 , 2,0,5,0,S, 	(30-MAY-2025 15:47:53)
2,7 , 2,0,5,0,S, 	(30-MAY-2025 15:47:53)
2,7 , 2,0,5,0,S, 	(30-MAY-2025 15:47:53)
2,7 , 2,0,5,0,S, 	(30-MAY-2025 15:47:53)
2,7 , 2,0,5,0,S, 	(30-MAY-2025 15:47:53)
2,7 , 2,0,5,0,S, 	(30-MAY-2025 15:47:53)
2,7 , 2,0,5,0,S, 	(30-MAY-2025 15:47:53)
2,7 , 2,0,5,0,S, 	(30-MAY-2025 15:47:53)
2,7 , 2,0,5,0,S, 	(30-MAY-2025 15:47:53)
2,7 , 2,0,5,0,S, 	(30-MAY-2025 15:47:53)
2,7 , 2,0,5,0,S, 	(30-MAY-2025 15:47:53)
2,7 , 2,0,5,0,S, 	(30-MAY-2025 15:47:53)
2,7 , 2,0,5,0,S, 	(30-MAY-2025 15:47:53)
2,7 , 2,0,5,0,S, 	(30-MAY-2025 15:47:53)
2,7 , 2,0,5,0,S, 	(30-MAY-2025 15:47:53)
2,7 , 2,0,5,0,S, 	(30-MAY-2025 15:47:53)
2,7 , 2,0,5,0,S, 	(30-MAY-2025 15:47:53)
2,7 , 2,0,5,0,S, 	(30-MAY-2025 15:47:53)
2,7 , 2,0,5,0,S, 	(30-MAY-2025 15:47:53)
2,7 , 2,0,5,0,S, 	(30-MAY-2025 15:47:53)
2,7 , 2,0,5,0,S, 	(30-MAY-2025 15:47:53)
2,7 , 2,0,5,0,S, 	(30-MAY-2025 15:47:53)
2,7 , 2,0,5,0,S, 	(30-MAY-2025 15:47:53)
2,7 , 2,0,5,0,S, 	(30-MAY-2025 15:47:53)
2,7 , 2,0,5,0,S, 	(30-MAY-2025 15:47:53)
2,7 , 2,0,5,0,S, 	(30-MAY-2025 15:47:53)
2,7 , 2,0,5,0,S, 	(30-MAY-2025 15:47:53)
2,7 , 2,0,5,0,S, 	(30-MAY-2025 15:47:53)
2,7 , 2,0,1,0,S, 	(30-MAY-2025 15:47:53)
2,7 , 2,0,1,0,S, 	(30-MAY-2025 15:47:53)
2,7 , 2,0,1,0,S, 	(30-MAY-2025 15:47:53)
2,7 , 2,0,1,0,S, 	(30-MAY-2025 15:47:53)
2,7 , 2,0,1,0,S, 	(30-MAY-2025 15:47:53)
2,7 , 2,0,1,0,S, 	(30-MAY-2025 15:47:53)
2,7 , 2,0,1,0,S, 	(30-MAY-2025 15:47:53)
2,7 , 2,0,1,0,S, 	(30-MAY-2025 15:47:53)
2,7 , 2,0,1,0,S, 	(30-MAY-2025 15:47:53)
2,7 , 2,0,1,0,S, 	(30-MAY-2025 15:47:53)
2,7 , 2,0,1,0,S, 	(30-MAY-2025 15:47:53)
2,7 , 2,0,1,0,S, 	(30-MAY-2025 15:47:53)
2,7 , 2,0,1,0,S, 	(30-MAY-2025 15:47:53)
2,7 , 2,0,1,0,S, 	(30-MAY-2025 15:47:53)
2,7 , 2,0,1,0,S, 	(30-MAY-2025 15:47:53)
2,7 , 2,0,1,0,S, 	(30-MAY-2025 15:47:53)
2,7 , 2,0,1,0,S, 	(30-MAY-2025 15:47:53)
2,7 , 2,0,1,0,S, 	(30-MAY-2025 15:47:53)
2,7 , 2,0,1,0,S, 	(30-MAY-2025 15:47:53)
2,7 , 2,0,1,0,S, 	(30-MAY-2025 15:47:53)
2,7 , 2,0,1,0,S, 	(30-MAY-2025 15:47:53)
2,7 , 2,0,1,0,S, 	(30-MAY-2025 15:47:53)
2,7 , 2,0,1,0,S, 	(30-MAY-2025 15:47:53)
2,7 , 2,0,1,0,S, 	(30-MAY-2025 15:47:53)
2,7 , 2,0,1,0,S, 	(30-MAY-2025 15:47:53)
2,7 , 2,0,1,0,S, 	(30-MAY-2025 15:47:53)
2,7 , 2,0,1,0,S, 	(30-MAY-2025 15:47:53)
2,7 , 2,0,1,0,S, 	(30-MAY-2025 15:47:53)
2,7 , 2,0,1,0,S, 	(30-MAY-2025 15:47:53)
2,7 , 2,0,1,0,S, 	(30-MAY-2025 15:47:53)
2,7 , 2,0,1,0,S, 	(30-MAY-2025 15:47:53)
2,7 , 2,0,1,0,S, 	(30-MAY-2025 15:47:53)
2,7 , 2,0,1,0,S, 	(30-MAY-2025 15:47:53)
2,7 , 2,0,1,0,S, 	(30-MAY-2025 15:47:53)
2,7 , 2,0,1,0,S, 	(30-MAY-2025 15:47:53)
2,7 , 2,0,1,0,S, 	(30-MAY-2025 15:47:53)
2,7 , 2,0,1,0,S, 	(30-MAY-2025 15:47:53)
2,7 , 2,0,1,0,S, 	(30-MAY-2025 15:47:53)
2,7 , 2,0,1,0,S, 	(30-MAY-2025 15:47:53)
2,7 , 2,0,1,0,S, 	(30-MAY-2025 15:47:53)
2,7 , 2,0,1,0,S, 	(30-MAY-2025 15:47:53)
2,7 , 2,0,1,0,S, 	(30-MAY-2025 15:47:53)
2,7 , 2,0,1,0,S, 	(30-MAY-2025 15:47:53)
2,7 , 2,0,1,0,S, 	(30-MAY-2025 15:47:53)
2,7 , 2,0,1,0,S, 	(30-MAY-2025 15:47:53)
2,7 , 2,0,1,0,S, 	(30-MAY-2025 15:47:53)
2,7 , 2,0,1,0,S, 	(30-MAY-2025 15:47:53)
2,7 , 2,0,1,0,S, 	(30-MAY-2025 15:47:53)
2,7 , 2,0,1,0,S, 	(30-MAY-2025 15:47:53)
2,7 , 2,0,1,0,S, 	(30-MAY-2025 15:47:53)
2,7 , 2,0,1,0,S, 	(30-MAY-2025 15:47:53)
2,7 , 2,0,1,0,S, 	(30-MAY-2025 15:47:53)
2,7 , 2,0,1,0,S, 	(30-MAY-2025 15:47:53)
2,7 , 2,0,1,0,S, 	(30-MAY-2025 15:47:53)
2,7 , 2,0,1,0,S, 	(30-MAY-2025 15:47:53)
2,7 , 2,0,1,0,S, 	(30-MAY-2025 15:47:53)
2,7 , 2,0,1,0,S, 	(30-MAY-2025 15:47:53)
2,7 , 2,0,1,0,S, 	(30-MAY-2025 15:47:53)
2,7 , 2,0,1,0,S, 	(30-MAY-2025 15:47:53)
2,7 , 2,0,1,0,S, 	(30-MAY-2025 15:47:53)
2,7 , 2,0,1,0,S, 	(30-MAY-2025 15:47:53)
2,7 , 2,0,1,0,S, 	(30-MAY-2025 15:47:53)
2,7 , 2,0,1,0,S, 	(30-MAY-2025 15:47:53)
2,7 , 2,0,1,0,S, 	(30-MAY-2025 15:47:53)
2,7 , 2,0,1,0,S, 	(30-MAY-2025 15:47:53)
2,7 , 2,0,1,0,S, 	(30-MAY-2025 15:47:53)
2,7 , 2,0,1,0,S, 	(30-MAY-2025 15:47:53)
2,7 , 2,0,1,0,S, 	(30-MAY-2025 15:47:53)
2,7 , 2,0,1,0,S, 	(30-MAY-2025 15:47:53)
2,7 , 2,0,1,0,S, 	(30-MAY-2025 15:47:53)
2,7 , 2,0,1,0,S, 	(30-MAY-2025 15:47:53)
2,7 , 2,0,1,0,S, 	(30-MAY-2025 15:47:53)
2,7 , 2,0,1,0,S, 	(30-MAY-2025 15:47:53)
2,7 , 2,0,1,0,S, 	(30-MAY-2025 15:47:53)
2,7 , 2,0,1,0,S, 	(30-MAY-2025 15:47:53)
2,7 , 2,0,1,0,S, 	(30-MAY-2025 15:47:53)
2,7 , 2,0,1,0,S, 	(30-MAY-2025 15:47:53)
2,7 , 2,0,1,0,S, 	(30-MAY-2025 15:47:53)
2,7 , 2,0,1,0,S, 	(30-MAY-2025 15:47:53)
2,7 , 2,0,1,0,S, 	(30-MAY-2025 15:47:53)
2,7 , 2,0,1,0,S, 	(30-MAY-2025 15:47:53)
2,7 , 2,0,1,0,S, 	(30-MAY-2025 15:47:53)
2,7 , 2,0,1,0,S, 	(30-MAY-2025 15:47:53)
2,7 , 2,0,1,0,S, 	(30-MAY-2025 15:47:53)
2,7 , 2,0,1,0,S, 	(30-MAY-2025 15:47:53)
2,7 , 2,0,1,0,S, 	(30-MAY-2025 15:47:53)
2,7 , 2,0,1,0,S, 	(30-MAY-2025 15:47:53)
2,7 , 2,0,1,0,S, 	(30-MAY-2025 15:47:53)
2,7 , 2,0,1,0,S, 	(30-MAY-2025 15:47:53)
2,7 , 2,0,1,0,S, 	(30-MAY-2025 15:47:53)
2,7 , 2,0,1,0,S, 	(30-MAY-2025 15:47:53)
2,7 , 2,0,1,0,S, 	(30-MAY-2025 15:47:53)
2,7 , 2,0,1,0,S, 	(30-MAY-2025 15:47:53)
2,7 , 2,0,1,0,S, 	(30-MAY-2025 15:47:53)
2,7 , 2,0,1,0,S, 	(30-MAY-2025 15:47:53)
2,7 , 2,0,1,0,S, 	(30-MAY-2025 15:47:53)
2,7 , 2,0,1,0,S, 	(30-MAY-2025 15:47:53)
2,7 , 2,0,1,0,S, 	(30-MAY-2025 15:47:53)
2,7 , 2,0,1,0,S, 	(30-MAY-2025 15:47:53)
2,7 , 2,0,1,0,S, 	(30-MAY-2025 15:47:53)
2,7 , 2,0,1,0,S, 	(30-MAY-2025 15:47:53)
2,7 , 2,0,1,0,S, 	(30-MAY-2025 15:47:53)
2,7 , 2,0,1,0,S, 	(30-MAY-2025 15:47:53)
2,7 , 2,0,1,0,S, 	(30-MAY-2025 15:47:53)
2,7 , 2,0,1,0,S, 	(30-MAY-2025 15:47:53)
2,7 , 2,0,1,0,S, 	(30-MAY-2025 15:47:53)
2,7 , 2,0,1,0,S, 	(30-MAY-2025 15:47:53)
2,7 , 2,0,2,3,S, 	(30-MAY-2025 15:47:53)
2,7 , 2,0,2,3,S, 	(30-MAY-2025 15:47:53)
2,7 , 2,0,2,3,S, 	(30-MAY-2025 15:47:53)
2,7 , 2,0,2,3,S, 	(30-MAY-2025 15:47:53)
2,7 , 2,0,2,3,S, 	(30-MAY-2025 15:47:53)
2,7 , 2,0,2,3,S, 	(30-MAY-2025 15:47:53)
2,7 , 2,0,2,3,S, 	(30-MAY-2025 15:47:53)
2,7 , 2,0,2,3,S, 	(30-MAY-2025 15:47:53)
2,7 , 2,0,2,3,S, 	(30-MAY-2025 15:47:53)
2,7 , 2,0,2,3,S, 	(30-MAY-2025 15:47:53)
2,7 , 2,0,2,3,S, 	(30-MAY-2025 15:47:53)
2,7 , 2,0,2,3,S, 	(30-MAY-2025 15:47:53)
2,7 , 2,0,2,3,S, 	(30-MAY-2025 15:47:53)
2,7 , 2,0,2,3,S, 	(30-MAY-2025 15:47:53)
2,7 , 2,0,2,3,S, 	(30-MAY-2025 15:47:53)
2,7 , 2,0,2,3,S, 	(30-MAY-2025 15:47:53)
2,7 , 2,0,2,3,S, 	(30-MAY-2025 15:47:53)
2,7 , 2,0,2,3,S, 	(30-MAY-2025 15:47:53)
2,7 , 2,0,2,3,S, 	(30-MAY-2025 15:47:53)
2,7 , 2,0,2,3,S, 	(30-MAY-2025 15:47:53)
2,7 , 2,0,2,3,S, 	(30-MAY-2025 15:47:53)
2,7 , 2,0,2,3,S, 	(30-MAY-2025 15:47:53)
2,7 , 2,0,2,3,S, 	(30-MAY-2025 15:47:53)
2,7 , 2,0,2,3,S, 	(30-MAY-2025 15:47:53)
2,7 , 2,0,2,3,S, 	(30-MAY-2025 15:47:53)
2,7 , 2,0,2,3,S, 	(30-MAY-2025 15:47:53)
2,7 , 2,0,2,3,S, 	(30-MAY-2025 15:47:53)
2,7 , 2,0,3,1,S, 	(30-MAY-2025 15:47:53)
2,7 , 2,0,3,1,S, 	(30-MAY-2025 15:47:53)
2,7 , 2,0,3,1,S, 	(30-MAY-2025 15:47:53)
2,7 , 2,0,3,1,S, 	(30-MAY-2025 15:47:53)
2,7 , 2,0,3,1,S, 	(30-MAY-2025 15:47:53)
2,7 , 2,0,3,1,S, 	(30-MAY-2025 15:47:53)
2,7 , 2,0,3,1,S, 	(30-MAY-2025 15:47:53)
2,7 , 2,0,3,1,S, 	(30-MAY-2025 15:47:53)
2,7 , 2,0,3,1,S, 	(30-MAY-2025 15:47:53)
2,7 , 2,0,3,1,S, 	(30-MAY-2025 15:47:53)
2,7 , 2,0,3,1,S, 	(30-MAY-2025 15:47:53)
2,7 , 2,0,3,1,S, 	(30-MAY-2025 15:47:53)
2,7 , 2,0,3,1,S, 	(30-MAY-2025 15:47:53)
2,7 , 2,0,3,1,S, 	(30-MAY-2025 15:47:53)
2,7 , 2,0,3,1,S, 	(30-MAY-2025 15:47:53)
2,7 , 2,0,3,1,S, 	(30-MAY-2025 15:47:53)
2,7 , 2,0,3,1,S, 	(30-MAY-2025 15:47:53)
2,7 , 2,0,3,1,S, 	(30-MAY-2025 15:47:53)
2,7 , 2,0,3,1,S, 	(30-MAY-2025 15:47:53)
2,7 , 2,0,3,1,S, 	(30-MAY-2025 15:47:53)
2,7 , 2,0,3,1,S, 	(30-MAY-2025 15:47:53)
2,7 , 2,0,3,1,S, 	(30-MAY-2025 15:47:53)
2,7 , 2,0,3,1,S, 	(30-MAY-2025 15:47:53)
2,7 , 2,0,3,1,S, 	(30-MAY-2025 15:47:53)
2,7 , 2,0,3,1,S, 	(30-MAY-2025 15:47:53)
2,7 , 2,0,3,1,S, 	(30-MAY-2025 15:47:53)
2,7 , 2,0,3,1,S, 	(30-MAY-2025 15:47:53)
2,7 , 2,0,3,1,S, 	(30-MAY-2025 15:47:53)
2,7 , 2,0,3,1,S, 	(30-MAY-2025 15:47:53)
2,7 , 2,0,3,1,S, 	(30-MAY-2025 15:47:53)
2,7 , 2,0,3,1,S, 	(30-MAY-2025 15:47:53)
2,7 , 2,0,3,0,S, 	(30-MAY-2025 15:47:53)
2,7 , 2,0,3,0,S, 	(30-MAY-2025 15:47:53)
2,7 , 2,0,3,0,S, 	(30-MAY-2025 15:47:53)
2,7 , 2,0,3,0,S, 	(30-MAY-2025 15:47:53)
2,7 , 2,0,3,0,S, 	(30-MAY-2025 15:47:53)
2,7 , 2,0,3,0,S, 	(30-MAY-2025 15:47:53)
2,7 , 2,0,3,0,S, 	(30-MAY-2025 15:47:53)
2,7 , 2,0,3,0,S, 	(30-MAY-2025 15:47:53)
2,7 , 2,0,3,0,S, 	(30-MAY-2025 15:47:53)
2,7 , 2,0,3,0,S, 	(30-MAY-2025 15:47:53)
2,7 , 2,0,3,0,S, 	(30-MAY-2025 15:47:53)
2,7 , 2,0,3,0,S, 	(30-MAY-2025 15:47:53)
2,7 , 2,0,3,0,S, 	(30-MAY-2025 15:47:53)
2,7 , 2,0,3,0,S, 	(30-MAY-2025 15:47:53)
2,7 , 2,0,3,0,S, 	(30-MAY-2025 15:47:53)
2,7 , 2,0,3,0,S, 	(30-MAY-2025 15:47:53)
2,7 , 2,0,3,0,S, 	(30-MAY-2025 15:47:53)
2,7 , 2,0,3,0,S, 	(30-MAY-2025 15:47:53)
2,7 , 2,0,3,0,S, 	(30-MAY-2025 15:47:53)
2,7 , 2,0,3,0,S, 	(30-MAY-2025 15:47:53)
2,7 , 2,0,3,0,S, 	(30-MAY-2025 15:47:53)
2,7 , 2,0,3,0,S, 	(30-MAY-2025 15:47:53)
2,7 , 2,0,3,0,S, 	(30-MAY-2025 15:47:53)
2,7 , 2,0,3,0,S, 	(30-MAY-2025 15:47:53)
2,7 , 2,0,3,0,S, 	(30-MAY-2025 15:47:53)
2,7 , 2,0,3,0,S, 	(30-MAY-2025 15:47:53)
2,7 , 2,0,3,0,S, 	(30-MAY-2025 15:47:53)
2,7 , 2,0,3,0,S, 	(30-MAY-2025 15:47:53)
2,7 , 2,0,3,0,S, 	(30-MAY-2025 15:47:53)
2,7 , 2,0,3,0,S, 	(30-MAY-2025 15:47:53)
2,7 , 2,0,6,0,S, 	(30-MAY-2025 15:47:53)
2,7 , 2,0,6,0,S, 	(30-MAY-2025 15:47:53)
2,7 , 2,0,6,0,S, 	(30-MAY-2025 15:47:53)
2,7 , 2,0,6,0,S, 	(30-MAY-2025 15:47:53)
2,7 , 2,0,6,0,S, 	(30-MAY-2025 15:47:53)
2,7 , 2,0,6,0,S, 	(30-MAY-2025 15:47:53)
2,7 , 2,0,6,0,S, 	(30-MAY-2025 15:47:53)
2,7 , 2,0,6,0,S, 	(30-MAY-2025 15:47:53)
2,7 , 2,0,6,0,S, 	(30-MAY-2025 15:47:53)
2,7 , 2,0,6,0,S, 	(30-MAY-2025 15:47:53)
2,7 , 2,0,6,0,S, 	(30-MAY-2025 15:47:53)
2,7 , 2,0,6,0,S, 	(30-MAY-2025 15:47:53)
2,7 , 2,0,6,0,S, 	(30-MAY-2025 15:47:53)
2,7 , 2,0,6,0,S, 	(30-MAY-2025 15:47:53)
2,7 , 2,0,6,0,S, 	(30-MAY-2025 15:47:53)
2,7 , 2,0,6,0,S, 	(30-MAY-2025 15:47:53)
2,7 , 2,0,6,0,S, 	(30-MAY-2025 15:47:53)
2,7 , 2,0,6,0,S, 	(30-MAY-2025 15:47:53)
2,7 , 2,0,6,0,S, 	(30-MAY-2025 15:47:53)
2,7 , 2,0,6,0,S, 	(30-MAY-2025 15:47:53)
2,7 , 2,0,6,0,S, 	(30-MAY-2025 15:47:53)
2,7 , 2,0,6,0,S, 	(30-MAY-2025 15:47:53)
2,7 , 2,0,6,0,S, 	(30-MAY-2025 15:47:53)
2,7 , 2,0,6,0,S, 	(30-MAY-2025 15:47:53)
2,7 , 2,0,6,0,S, 	(30-MAY-2025 15:47:53)
2,7 , 2,0,6,0,S, 	(30-MAY-2025 15:47:53)
2,7 , 2,0,6,0,S, 	(30-MAY-2025 15:47:53)
2,7 , 2,0,6,0,S, 	(30-MAY-2025 15:47:53)
2,7 , 2,0,6,0,S, 	(30-MAY-2025 15:47:53)
2,7 , 2,0,6,0,S, 	(30-MAY-2025 15:47:53)
2,7 , 2,0,6,0,S, 	(30-MAY-2025 15:47:53)
2,7 , 2,0,6,0,S, 	(30-MAY-2025 15:47:53)
2,7 , 2,0,6,0,S, 	(30-MAY-2025 15:47:53)
2,7 , 2,0,6,0,S, 	(30-MAY-2025 15:47:53)
2,7 , 2,0,6,0,S, 	(30-MAY-2025 15:47:53)
2,7 , 2,0,6,0,S, 	(30-MAY-2025 15:47:53)
2,7 , 2,0,6,0,S, 	(30-MAY-2025 15:47:53)
2,7 , 2,0,6,0,S, 	(30-MAY-2025 15:47:53)
2,7 , 2,0,6,0,S, 	(30-MAY-2025 15:47:53)
2,7 , 2,0,6,0,S, 	(30-MAY-2025 15:47:53)
2,7 , 2,0,6,0,S, 	(30-MAY-2025 15:47:53)
2,7 , 2,0,6,0,S, 	(30-MAY-2025 15:47:53)
2,7 , 2,0,6,0,S, 	(30-MAY-2025 15:47:53)
2,7 , 2,0,6,0,S, 	(30-MAY-2025 15:47:53)
2,7 , 2,0,6,0,S, 	(30-MAY-2025 15:47:53)
2,7 , 2,0,6,0,S, 	(30-MAY-2025 15:47:53)
2,7 , 2,0,6,0,S, 	(30-MAY-2025 15:47:53)
2,7 , 2,0,6,0,S, 	(30-MAY-2025 15:47:53)
2,7 , 2,0,6,0,S, 	(30-MAY-2025 15:47:53)
2,7 , 2,0,6,0,S, 	(30-MAY-2025 15:47:53)
2,7 , 2,0,6,0,S, 	(30-MAY-2025 15:47:53)
2,7 , 2,0,6,0,S, 	(30-MAY-2025 15:47:53)
2,7 , 2,0,6,0,S, 	(30-MAY-2025 15:47:53)
2,7 , 2,0,6,0,S, 	(30-MAY-2025 15:47:53)
2,7 , 2,0,6,0,S, 	(30-MAY-2025 15:47:53)
2,7 , 2,0,6,0,S, 	(30-MAY-2025 15:47:53)
2,7 , 2,0,6,0,S, 	(30-MAY-2025 15:47:53)
2,7 , 2,0,6,0,S, 	(30-MAY-2025 15:47:53)
2,7 , 2,0,6,0,S, 	(30-MAY-2025 15:47:53)
2,7 , 2,0,6,0,S, 	(30-MAY-2025 15:47:53)
2,7 , 2,0,6,0,S, 	(30-MAY-2025 15:47:53)
2,7 , 2,0,6,0,S, 	(30-MAY-2025 15:47:53)
2,7 , 2,0,6,0,S, 	(30-MAY-2025 15:47:53)
2,7 , 2,0,6,0,S, 	(30-MAY-2025 15:47:53)
2,7 , 2,0,6,0,S, 	(30-MAY-2025 15:47:53)
2,7 , 2,0,6,0,S, 	(30-MAY-2025 15:47:53)
2,7 , 2,0,6,0,S, 	(30-MAY-2025 15:47:53)
2,7 , 2,0,6,0,S, 	(30-MAY-2025 15:47:53)
2,7 , 2,0,6,0,S, 	(30-MAY-2025 15:47:53)
2,7 , 2,0,6,0,S, 	(30-MAY-2025 15:47:53)
2,7 , 2,0,6,0,S, 	(30-MAY-2025 15:47:53)
2,7 , 2,0,6,0,S, 	(30-MAY-2025 15:47:53)
2,7 , 2,0,6,0,S, 	(30-MAY-2025 15:47:53)
2,7 , 2,0,6,0,S, 	(30-MAY-2025 15:47:53)
2,7 , 2,0,6,0,S, 	(30-MAY-2025 15:47:53)
2,7 , 2,0,6,0,S, 	(30-MAY-2025 15:47:53)
2,7 , 2,0,6,0,S, 	(30-MAY-2025 15:47:53)
2,7 , 2,0,6,0,S, 	(30-MAY-2025 15:47:53)
2,7 , 2,0,6,0,S, 	(30-MAY-2025 15:47:53)
2,7 , 2,0,6,0,S, 	(30-MAY-2025 15:47:53)
2,7 , 2,0,6,0,S, 	(30-MAY-2025 15:47:53)
2,7 , 2,0,6,0,S, 	(30-MAY-2025 15:47:53)
2,7 , 2,0,6,0,S, 	(30-MAY-2025 15:47:53)
2,7 , 2,0,6,0,S, 	(30-MAY-2025 15:47:53)
2,7 , 2,0,6,0,S, 	(30-MAY-2025 15:47:53)
2,7 , 2,0,6,0,S, 	(30-MAY-2025 15:47:53)
2,7 , 2,0,6,0,S, 	(30-MAY-2025 15:47:53)
2,7 , 2,0,6,0,S, 	(30-MAY-2025 15:47:53)
2,7 , 2,0,6,0,S, 	(30-MAY-2025 15:47:53)
2,7 , 2,0,6,0,S, 	(30-MAY-2025 15:47:53)
2,7 , 2,0,6,0,S, 	(30-MAY-2025 15:47:53)
2,7 , 2,0,6,0,S, 	(30-MAY-2025 15:47:53)
2,7 , 2,0,6,0,S, 	(30-MAY-2025 15:47:53)
2,7 , 2,0,6,0,S, 	(30-MAY-2025 15:47:53)
2,7 , 2,0,6,0,S, 	(30-MAY-2025 15:47:53)
2,7 , 2,0,6,0,S, 	(30-MAY-2025 15:47:53)
2,7 , 2,0,6,0,S, 	(30-MAY-2025 15:47:53)
2,7 , 2,0,6,0,S, 	(30-MAY-2025 15:47:53)
2,7 , 2,0,6,0,S, 	(30-MAY-2025 15:47:53)
2,7 , 2,0,6,0,S, 	(30-MAY-2025 15:47:53)
2,7 , 2,0,6,0,S, 	(30-MAY-2025 15:47:53)
2,7 , 2,0,6,0,S, 	(30-MAY-2025 15:47:53)
2,7 , 2,0,6,0,S, 	(30-MAY-2025 15:47:53)
2,7 , 2,0,6,0,S, 	(30-MAY-2025 15:47:53)
2,7 , 2,0,6,0,S, 	(30-MAY-2025 15:47:53)
2,7 , 2,0,6,0,S, 	(30-MAY-2025 15:47:53)
2,7 , 2,0,6,0,S, 	(30-MAY-2025 15:47:53)
2,7 , 2,0,6,0,S, 	(30-MAY-2025 15:47:53)
2,7 , 2,0,6,0,S, 	(30-MAY-2025 15:47:53)
2,7 , 2,0,6,0,S, 	(30-MAY-2025 15:47:53)
2,7 , 2,0,6,0,S, 	(30-MAY-2025 15:47:53)
2,7 , 2,0,6,0,S, 	(30-MAY-2025 15:47:53)
2,7 , 2,0,6,0,S, 	(30-MAY-2025 15:47:53)
2,7 , 2,0,6,0,S, 	(30-MAY-2025 15:47:53)
2,7 , 2,0,6,0,S, 	(30-MAY-2025 15:47:53)
2,7 , 2,0,6,0,S, 	(30-MAY-2025 15:47:53)
2,7 , 2,0,6,0,S, 	(30-MAY-2025 15:47:53)
2,7 , 2,0,6,0,S, 	(30-MAY-2025 15:47:53)
2,7 , 2,0,6,0,S, 	(30-MAY-2025 15:47:53)
2,7 , 2,0,6,0,S, 	(30-MAY-2025 15:47:53)
2,7 , 2,0,6,0,S, 	(30-MAY-2025 15:47:53)
2,7 , 2,0,6,0,S, 	(30-MAY-2025 15:47:53)
2,7 , 2,0,6,0,S, 	(30-MAY-2025 15:47:53)
2,7 , 2,0,6,0,S, 	(30-MAY-2025 15:47:53)
2,7 , 2,0,6,0,S, 	(30-MAY-2025 15:47:53)
2,7 , 2,0,6,0,S, 	(30-MAY-2025 15:47:53)
2,7 , 2,0,6,0,S, 	(30-MAY-2025 15:47:53)
2,7 , 2,0,6,0,S, 	(30-MAY-2025 15:47:53)
2,7 , 2,0,6,0,S, 	(30-MAY-2025 15:47:53)
2,7 , 2,0,6,0,S, 	(30-MAY-2025 15:47:53)
2,7 , 2,0,6,0,S, 	(30-MAY-2025 15:47:53)
2,7 , 2,0,6,0,S, 	(30-MAY-2025 15:47:53)
2,7 , 2,0,6,0,S, 	(30-MAY-2025 15:47:53)
2,7 , 2,0,6,0,S, 	(30-MAY-2025 15:47:53)
2,7 , 2,0,6,0,S, 	(30-MAY-2025 15:47:53)
2,7 , 2,0,6,0,S, 	(30-MAY-2025 15:47:53)
2,7 , 2,0,6,0,S, 	(30-MAY-2025 15:47:54)
2,7 , 2,0,6,0,S, 	(30-MAY-2025 15:47:54)
2,7 , 2,0,6,0,S, 	(30-MAY-2025 15:47:54)
2,7 , 2,0,6,0,S, 	(30-MAY-2025 15:47:54)
2,7 , 2,0,6,0,S, 	(30-MAY-2025 15:47:54)
2,7 , 2,0,6,0,S, 	(30-MAY-2025 15:47:54)
2,7 , 2,0,6,0,S, 	(30-MAY-2025 15:47:54)
2,7 , 2,0,6,0,S, 	(30-MAY-2025 15:47:54)
2,7 , 2,0,6,0,S, 	(30-MAY-2025 15:47:54)
2,7 , 2,0,6,0,S, 	(30-MAY-2025 15:47:54)
2,7 , 2,0,6,0,S, 	(30-MAY-2025 15:47:54)
2,7 , 2,0,6,0,S, 	(30-MAY-2025 15:47:54)
2,7 , 2,0,6,0,S, 	(30-MAY-2025 15:47:54)
2,7 , 2,0,6,0,S, 	(30-MAY-2025 15:47:54)
2,7 , 2,0,6,0,S, 	(30-MAY-2025 15:47:54)
2,9 , 0,0,213001,0,L, 	(30-MAY-2025 15:47:54)
2,9 , 0,0,213001,0,L, 	(30-MAY-2025 15:47:54)
2,9 , 0,0,213001,0,L, 	(30-MAY-2025 15:47:54)
2,9 , 0,0,213001,0,L, 	(30-MAY-2025 15:47:54)
2,9 , 0,0,213001,0,L, 	(30-MAY-2025 15:47:54)
2,9 , 0,0,213001,0,L, 	(30-MAY-2025 15:47:54)
2,9 , 0,0,213001,0,L, 	(30-MAY-2025 15:47:54)
2,9 , 0,0,213001,0,L, 	(30-MAY-2025 15:47:54)
2,9 , 0,0,213001,0,L, 	(30-MAY-2025 15:47:54)
2,9 , 0,0,213001,0,L, 	(30-MAY-2025 15:47:54)
2,9 , 0,0,213001,0,L, 	(30-MAY-2025 15:47:54)
2,9 , 0,0,213001,0,L, 	(30-MAY-2025 15:47:54)
2,9 , 0,0,213001,0,L, 	(30-MAY-2025 15:47:54)
2,9 , 0,0,213001,0,L, 	(30-MAY-2025 15:47:54)
2,9 , 0,0,213001,0,L, 	(30-MAY-2025 15:47:54)
2,9 , 0,0,213001,0,L, 	(30-MAY-2025 15:47:54)
2,9 , 0,0,213001,0,L, 	(30-MAY-2025 15:47:54)
2,9 , 0,0,213001,0,L, 	(30-MAY-2025 15:47:54)
2,9 , 0,0,213001,0,L, 	(30-MAY-2025 15:47:54)
2,9 , 0,0,213001,0,L, 	(30-MAY-2025 15:47:54)
2,9 , 0,0,213001,0,L, 	(30-MAY-2025 15:47:54)
2,9 , 0,0,213001,0,L, 	(30-MAY-2025 15:47:54)
2,9 , 0,0,213001,0,L, 	(30-MAY-2025 15:47:54)
2,9 , 0,0,213001,0,L, 	(30-MAY-2025 15:47:54)
2,9 , 0,0,213001,0,L, 	(30-MAY-2025 15:47:54)
2,9 , 0,0,213001,0,L, 	(30-MAY-2025 15:47:54)
2,9 , 0,0,213001,0,L, 	(30-MAY-2025 15:47:54)
2,9 , 0,0,213001,0,L, 	(30-MAY-2025 15:47:54)
2,9 , 0,0,213001,0,L, 	(30-MAY-2025 15:47:54)
2,9 , 0,0,213001,0,L, 	(30-MAY-2025 15:47:54)
2,9 , 0,0,213001,0,L, 	(30-MAY-2025 15:47:54)
2,9 , 0,0,213001,0,L, 	(30-MAY-2025 15:47:54)	 (Not Inserted)
2,9 , 0,0,213001,0,L, 	(30-MAY-2025 15:47:54)	 (Not Inserted)
2,9 , 0,0,213001,0,L, 	(30-MAY-2025 15:47:54)	 (Not Inserted)
2,9 , 0,0,213001,0,L, 	(30-MAY-2025 15:47:54)	 (Not Inserted)
2,9 , 0,0,213001,0,L, 	(30-MAY-2025 15:47:54)	 (Not Inserted)
2,9 , 0,0,213001,0,L, 	(30-MAY-2025 15:47:54)	 (Not Inserted)
2,9 , 0,0,213001,0,L, 	(30-MAY-2025 15:47:54)	 (Not Inserted)
2,9 , 0,0,213001,0,L, 	(30-MAY-2025 15:47:54)	 (Not Inserted)
2,9 , 0,0,213001,0,L, 	(30-MAY-2025 15:47:54)	 (Not Inserted)
2,9 , 0,0,213001,0,L, 	(30-MAY-2025 15:47:54)	 (Not Inserted)
2,9 , 0,0,213001,0,L, 	(30-MAY-2025 15:47:54)	 (Not Inserted)
2,9 , 0,0,213001,0,L, 	(30-MAY-2025 15:47:54)	 (Not Inserted)
2,9 , 0,0,213001,0,L, 	(30-MAY-2025 15:47:54)	 (Not Inserted)
2,9 , 0,0,213001,0,L, 	(30-MAY-2025 15:47:54)	 (Not Inserted)
2,9 , 0,0,213001,0,L, 	(30-MAY-2025 15:47:54)	 (Not Inserted)
2,9 , 0,0,213001,0,L, 	(30-MAY-2025 15:47:54)	 (Not Inserted)
2,9 , 0,0,213001,0,L, 	(30-MAY-2025 15:47:54)	 (Not Inserted)
2,9 , 0,0,213001,0,L, 	(30-MAY-2025 15:47:54)	 (Not Inserted)
2,9 , 0,0,213001,0,L, 	(30-MAY-2025 15:47:54)	 (Not Inserted)
2,9 , 0,0,213001,0,L, 	(30-MAY-2025 15:47:54)	 (Not Inserted)
2,9 , 0,0,213001,0,L, 	(30-MAY-2025 15:47:54)	 (Not Inserted)
2,9 , 0,0,213001,0,L, 	(30-MAY-2025 15:47:54)	 (Not Inserted)
2,9 , 0,0,213001,0,L, 	(30-MAY-2025 15:47:54)	 (Not Inserted)
2,9 , 0,0,213001,0,L, 	(30-MAY-2025 15:47:54)	 (Not Inserted)
2,9 , 0,0,213001,0,L, 	(30-MAY-2025 15:47:54)	 (Not Inserted)
2,9 , 0,0,213001,0,L, 	(30-MAY-2025 15:47:54)	 (Not Inserted)
2,9 , 0,0,213001,0,L, 	(30-MAY-2025 15:47:54)	 (Not Inserted)
2,9 , 0,0,213001,0,L, 	(30-MAY-2025 15:47:54)	 (Not Inserted)
2,9 , 0,0,213001,0,L, 	(30-MAY-2025 15:47:54)	 (Not Inserted)
2,9 , 0,0,213001,0,L, 	(30-MAY-2025 15:47:54)	 (Not Inserted)
2,9 , 0,0,213001,0,L, 	(30-MAY-2025 15:47:54)	 (Not Inserted)
2,9 , 0,0,213002,0,L, 	(30-MAY-2025 15:47:54)
2,9 , 0,0,213002,0,L, 	(30-MAY-2025 15:47:54)
2,9 , 0,0,213002,0,L, 	(30-MAY-2025 15:47:54)
2,9 , 0,0,213002,0,L, 	(30-MAY-2025 15:47:54)
2,9 , 0,0,213002,0,L, 	(30-MAY-2025 15:47:54)
2,9 , 0,0,213002,0,L, 	(30-MAY-2025 15:47:54)
2,9 , 0,0,213002,0,L, 	(30-MAY-2025 15:47:54)
2,9 , 0,0,213002,0,L, 	(30-MAY-2025 15:47:54)
2,9 , 0,0,213002,0,L, 	(30-MAY-2025 15:47:54)
2,9 , 0,0,213002,0,L, 	(30-MAY-2025 15:47:54)
2,9 , 0,0,213002,0,L, 	(30-MAY-2025 15:47:54)
2,9 , 0,0,213002,0,L, 	(30-MAY-2025 15:47:54)
2,9 , 0,0,213002,0,L, 	(30-MAY-2025 15:47:54)
2,9 , 0,0,213002,0,L, 	(30-MAY-2025 15:47:54)
2,9 , 0,0,213002,0,L, 	(30-MAY-2025 15:47:54)
2,9 , 0,0,213002,0,L, 	(30-MAY-2025 15:47:54)
2,9 , 0,0,213002,0,L, 	(30-MAY-2025 15:47:54)	 (Not Inserted)
2,9 , 0,0,213002,0,L, 	(30-MAY-2025 15:47:54)	 (Not Inserted)
2,9 , 0,0,213002,0,L, 	(30-MAY-2025 15:47:54)	 (Not Inserted)
2,9 , 0,0,213002,0,L, 	(30-MAY-2025 15:47:54)	 (Not Inserted)
2,9 , 0,0,213002,0,L, 	(30-MAY-2025 15:47:54)	 (Not Inserted)
2,9 , 0,0,213002,0,L, 	(30-MAY-2025 15:47:54)	 (Not Inserted)
2,9 , 0,0,213002,0,L, 	(30-MAY-2025 15:47:54)	 (Not Inserted)
2,9 , 0,0,213002,0,L, 	(30-MAY-2025 15:47:54)	 (Not Inserted)
2,9 , 0,0,213002,0,L, 	(30-MAY-2025 15:47:54)	 (Not Inserted)
2,9 , 0,0,213002,0,L, 	(30-MAY-2025 15:47:54)	 (Not Inserted)
2,9 , 0,0,213002,0,L, 	(30-MAY-2025 15:47:54)	 (Not Inserted)
2,9 , 0,0,213002,0,L, 	(30-MAY-2025 15:47:54)	 (Not Inserted)
2,9 , 0,0,213002,0,L, 	(30-MAY-2025 15:47:54)	 (Not Inserted)
2,9 , 0,0,213002,0,L, 	(30-MAY-2025 15:47:54)	 (Not Inserted)
2,9 , 0,0,213002,0,L, 	(30-MAY-2025 15:47:54)	 (Not Inserted)
2,9 , 0,0,213002,0,L, 	(30-MAY-2025 15:47:54)	 (Not Inserted)
2,9 , 0,0,213003,0,L, 	(30-MAY-2025 15:47:54)
2,9 , 0,0,213003,0,L, 	(30-MAY-2025 15:47:54)
2,9 , 0,0,213003,0,L, 	(30-MAY-2025 15:47:54)
2,9 , 0,0,213003,0,L, 	(30-MAY-2025 15:47:54)
2,9 , 0,0,213003,0,L, 	(30-MAY-2025 15:47:54)
2,9 , 0,0,213003,0,L, 	(30-MAY-2025 15:47:54)
2,9 , 0,0,213003,0,L, 	(30-MAY-2025 15:47:54)
2,9 , 0,0,213003,0,L, 	(30-MAY-2025 15:47:54)
2,9 , 0,0,213003,0,L, 	(30-MAY-2025 15:47:54)
2,9 , 0,0,213003,0,L, 	(30-MAY-2025 15:47:54)
2,9 , 0,0,213003,0,L, 	(30-MAY-2025 15:47:54)
2,9 , 0,0,213003,0,L, 	(30-MAY-2025 15:47:54)
2,9 , 0,0,213003,0,L, 	(30-MAY-2025 15:47:54)
2,9 , 0,0,213003,0,L, 	(30-MAY-2025 15:47:54)
2,9 , 0,0,213003,0,L, 	(30-MAY-2025 15:47:54)
2,9 , 0,0,213003,0,L, 	(30-MAY-2025 15:47:54)	 (Not Inserted)
2,9 , 0,0,213003,0,L, 	(30-MAY-2025 15:47:54)	 (Not Inserted)
2,9 , 0,0,213003,0,L, 	(30-MAY-2025 15:47:54)	 (Not Inserted)
2,9 , 0,0,213003,0,L, 	(30-MAY-2025 15:47:54)	 (Not Inserted)
2,9 , 0,0,213003,0,L, 	(30-MAY-2025 15:47:54)	 (Not Inserted)
2,9 , 0,0,213003,0,L, 	(30-MAY-2025 15:47:54)	 (Not Inserted)
2,9 , 0,0,213003,0,L, 	(30-MAY-2025 15:47:54)	 (Not Inserted)
2,9 , 0,0,213003,0,L, 	(30-MAY-2025 15:47:54)	 (Not Inserted)
2,9 , 0,0,213003,0,L, 	(30-MAY-2025 15:47:54)	 (Not Inserted)
2,9 , 0,0,213003,0,L, 	(30-MAY-2025 15:47:54)	 (Not Inserted)
2,9 , 0,0,213003,0,L, 	(30-MAY-2025 15:47:54)	 (Not Inserted)
2,9 , 0,0,213003,0,L, 	(30-MAY-2025 15:47:54)	 (Not Inserted)
2,9 , 0,0,213003,0,L, 	(30-MAY-2025 15:47:54)	 (Not Inserted)
2,9 , 0,0,213003,0,L, 	(30-MAY-2025 15:47:54)	 (Not Inserted)
2,9 , 0,0,213003,0,L, 	(30-MAY-2025 15:47:54)	 (Not Inserted)
2,9 , 0,0,213004,0,L, 	(30-MAY-2025 15:47:54)
2,9 , 0,0,213004,0,L, 	(30-MAY-2025 15:47:54)
2,9 , 0,0,213004,0,L, 	(30-MAY-2025 15:47:54)
2,9 , 0,0,213004,0,L, 	(30-MAY-2025 15:47:54)
2,9 , 0,0,213004,0,L, 	(30-MAY-2025 15:47:54)
2,9 , 0,0,213004,0,L, 	(30-MAY-2025 15:47:54)
2,9 , 0,0,213004,0,L, 	(30-MAY-2025 15:47:54)
2,9 , 0,0,213004,0,L, 	(30-MAY-2025 15:47:54)
2,9 , 0,0,213004,0,L, 	(30-MAY-2025 15:47:54)
2,9 , 0,0,213004,0,L, 	(30-MAY-2025 15:47:54)
2,9 , 0,0,213004,0,L, 	(30-MAY-2025 15:47:54)
2,9 , 0,0,213004,0,L, 	(30-MAY-2025 15:47:54)
2,9 , 0,0,213004,0,L, 	(30-MAY-2025 15:47:54)
2,9 , 0,0,213004,0,L, 	(30-MAY-2025 15:47:54)
2,9 , 0,0,213004,0,L, 	(30-MAY-2025 15:47:54)
2,9 , 0,0,213004,0,L, 	(30-MAY-2025 15:47:54)
2,9 , 0,0,213004,0,L, 	(30-MAY-2025 15:47:54)
2,9 , 0,0,213004,0,L, 	(30-MAY-2025 15:47:54)
2,9 , 0,0,213004,0,L, 	(30-MAY-2025 15:47:54)
2,9 , 0,0,213004,0,L, 	(30-MAY-2025 15:47:54)
2,9 , 0,0,213004,0,L, 	(30-MAY-2025 15:47:54)
2,9 , 0,0,213004,0,L, 	(30-MAY-2025 15:47:54)
2,9 , 0,0,213004,0,L, 	(30-MAY-2025 15:47:54)
2,9 , 0,0,213004,0,L, 	(30-MAY-2025 15:47:54)
2,9 , 0,0,213004,0,L, 	(30-MAY-2025 15:47:54)
2,9 , 0,0,213004,0,L, 	(30-MAY-2025 15:47:54)
2,9 , 0,0,213004,0,L, 	(30-MAY-2025 15:47:54)
2,9 , 0,0,213004,0,L, 	(30-MAY-2025 15:47:54)
2,9 , 0,0,213004,0,L, 	(30-MAY-2025 15:47:54)
2,9 , 0,0,213004,0,L, 	(30-MAY-2025 15:47:54)
2,9 , 0,0,213004,0,L, 	(30-MAY-2025 15:47:54)	 (Not Inserted)
2,9 , 0,0,213004,0,L, 	(30-MAY-2025 15:47:54)	 (Not Inserted)
2,9 , 0,0,213004,0,L, 	(30-MAY-2025 15:47:54)	 (Not Inserted)
2,9 , 0,0,213004,0,L, 	(30-MAY-2025 15:47:54)	 (Not Inserted)
2,9 , 0,0,213004,0,L, 	(30-MAY-2025 15:47:54)	 (Not Inserted)
2,9 , 0,0,213004,0,L, 	(30-MAY-2025 15:47:54)	 (Not Inserted)
2,9 , 0,0,213004,0,L, 	(30-MAY-2025 15:47:54)	 (Not Inserted)
2,9 , 0,0,213004,0,L, 	(30-MAY-2025 15:47:54)	 (Not Inserted)
2,9 , 0,0,213004,0,L, 	(30-MAY-2025 15:47:54)	 (Not Inserted)
2,9 , 0,0,213004,0,L, 	(30-MAY-2025 15:47:54)	 (Not Inserted)
2,9 , 0,0,213004,0,L, 	(30-MAY-2025 15:47:54)	 (Not Inserted)
2,9 , 0,0,213004,0,L, 	(30-MAY-2025 15:47:54)	 (Not Inserted)
2,9 , 0,0,213004,0,L, 	(30-MAY-2025 15:47:54)	 (Not Inserted)
2,9 , 0,0,213004,0,L, 	(30-MAY-2025 15:47:54)	 (Not Inserted)
2,9 , 0,0,213004,0,L, 	(30-MAY-2025 15:47:54)	 (Not Inserted)
2,9 , 0,0,213004,0,L, 	(30-MAY-2025 15:47:54)	 (Not Inserted)
2,9 , 0,0,213004,0,L, 	(30-MAY-2025 15:47:54)	 (Not Inserted)
2,9 , 0,0,213004,0,L, 	(30-MAY-2025 15:47:54)	 (Not Inserted)
2,9 , 0,0,213004,0,L, 	(30-MAY-2025 15:47:54)	 (Not Inserted)
2,9 , 0,0,213004,0,L, 	(30-MAY-2025 15:47:54)	 (Not Inserted)
2,9 , 0,0,213004,0,L, 	(30-MAY-2025 15:47:54)	 (Not Inserted)
2,9 , 0,0,213004,0,L, 	(30-MAY-2025 15:47:54)	 (Not Inserted)
2,9 , 0,0,213004,0,L, 	(30-MAY-2025 15:47:54)	 (Not Inserted)
2,9 , 0,0,213004,0,L, 	(30-MAY-2025 15:47:54)	 (Not Inserted)
2,9 , 0,0,213004,0,L, 	(30-MAY-2025 15:47:54)	 (Not Inserted)
2,9 , 0,0,213004,0,L, 	(30-MAY-2025 15:47:54)	 (Not Inserted)
2,9 , 0,0,213004,0,L, 	(30-MAY-2025 15:47:54)	 (Not Inserted)
2,9 , 0,0,213004,0,L, 	(30-MAY-2025 15:47:54)	 (Not Inserted)
2,9 , 0,0,213004,0,L, 	(30-MAY-2025 15:47:54)	 (Not Inserted)
2,9 , 0,0,213004,0,L, 	(30-MAY-2025 15:47:54)	 (Not Inserted)
2,9 , 0,0,213005,0,L, 	(30-MAY-2025 15:47:54)
2,9 , 0,0,213005,0,L, 	(30-MAY-2025 15:47:54)
2,9 , 0,0,213005,0,L, 	(30-MAY-2025 15:47:54)
2,9 , 0,0,213005,0,L, 	(30-MAY-2025 15:47:54)
2,9 , 0,0,213005,0,L, 	(30-MAY-2025 15:47:54)
2,9 , 0,0,213005,0,L, 	(30-MAY-2025 15:47:54)
2,9 , 0,0,213005,0,L, 	(30-MAY-2025 15:47:54)
2,9 , 0,0,213005,0,L, 	(30-MAY-2025 15:47:54)
2,9 , 0,0,213005,0,L, 	(30-MAY-2025 15:47:54)
2,9 , 0,0,213005,0,L, 	(30-MAY-2025 15:47:54)
2,9 , 0,0,213005,0,L, 	(30-MAY-2025 15:47:54)
2,9 , 0,0,213005,0,L, 	(30-MAY-2025 15:47:54)
2,9 , 0,0,213005,0,L, 	(30-MAY-2025 15:47:54)
2,9 , 0,0,213005,0,L, 	(30-MAY-2025 15:47:54)
2,9 , 0,0,213005,0,L, 	(30-MAY-2025 15:47:54)
2,9 , 0,0,213005,0,L, 	(30-MAY-2025 15:47:54)
2,9 , 0,0,213005,0,L, 	(30-MAY-2025 15:47:54)	 (Not Inserted)
2,9 , 0,0,213005,0,L, 	(30-MAY-2025 15:47:54)	 (Not Inserted)
2,9 , 0,0,213005,0,L, 	(30-MAY-2025 15:47:54)	 (Not Inserted)
2,9 , 0,0,213005,0,L, 	(30-MAY-2025 15:47:54)	 (Not Inserted)
2,9 , 0,0,213005,0,L, 	(30-MAY-2025 15:47:54)	 (Not Inserted)
2,9 , 0,0,213005,0,L, 	(30-MAY-2025 15:47:54)	 (Not Inserted)
2,9 , 0,0,213005,0,L, 	(30-MAY-2025 15:47:54)	 (Not Inserted)
2,9 , 0,0,213005,0,L, 	(30-MAY-2025 15:47:54)	 (Not Inserted)
2,9 , 0,0,213005,0,L, 	(30-MAY-2025 15:47:54)	 (Not Inserted)
2,9 , 0,0,213005,0,L, 	(30-MAY-2025 15:47:54)	 (Not Inserted)
2,9 , 0,0,213005,0,L, 	(30-MAY-2025 15:47:54)	 (Not Inserted)
2,9 , 0,0,213005,0,L, 	(30-MAY-2025 15:47:54)	 (Not Inserted)
2,9 , 0,0,213005,0,L, 	(30-MAY-2025 15:47:54)	 (Not Inserted)
2,9 , 0,0,213005,0,L, 	(30-MAY-2025 15:47:54)	 (Not Inserted)
2,9 , 0,0,213005,0,L, 	(30-MAY-2025 15:47:54)	 (Not Inserted)
2,9 , 0,0,213005,0,L, 	(30-MAY-2025 15:47:54)	 (Not Inserted)
2,9 , 0,0,214002,0,L, 	(30-MAY-2025 15:47:54)
2,9 , 0,0,214002,0,L, 	(30-MAY-2025 15:47:54)
2,9 , 0,0,214002,0,L, 	(30-MAY-2025 15:47:54)
2,9 , 0,0,214002,0,L, 	(30-MAY-2025 15:47:54)
2,9 , 0,0,214002,0,L, 	(30-MAY-2025 15:47:54)
2,9 , 0,0,214002,0,L, 	(30-MAY-2025 15:47:54)
2,9 , 0,0,214002,0,L, 	(30-MAY-2025 15:47:54)
2,9 , 0,0,214002,0,L, 	(30-MAY-2025 15:47:54)
2,9 , 0,0,214002,0,L, 	(30-MAY-2025 15:47:54)
2,9 , 0,0,214002,0,L, 	(30-MAY-2025 15:47:54)
2,9 , 0,0,214002,0,L, 	(30-MAY-2025 15:47:54)
2,9 , 0,0,214002,0,L, 	(30-MAY-2025 15:47:54)
2,9 , 0,0,214002,0,L, 	(30-MAY-2025 15:47:54)
2,9 , 0,0,214002,0,L, 	(30-MAY-2025 15:47:54)
2,9 , 0,0,214002,0,L, 	(30-MAY-2025 15:47:54)
2,9 , 0,0,214002,0,L, 	(30-MAY-2025 15:47:54)
2,9 , 0,0,214002,0,L, 	(30-MAY-2025 15:47:54)	 (Not Inserted)
2,9 , 0,0,214002,0,L, 	(30-MAY-2025 15:47:54)	 (Not Inserted)
2,9 , 0,0,214002,0,L, 	(30-MAY-2025 15:47:54)	 (Not Inserted)
2,9 , 0,0,214002,0,L, 	(30-MAY-2025 15:47:54)	 (Not Inserted)
2,9 , 0,0,214002,0,L, 	(30-MAY-2025 15:47:54)	 (Not Inserted)
2,9 , 0,0,214002,0,L, 	(30-MAY-2025 15:47:54)	 (Not Inserted)
2,9 , 0,0,214002,0,L, 	(30-MAY-2025 15:47:54)	 (Not Inserted)
2,9 , 0,0,214002,0,L, 	(30-MAY-2025 15:47:54)	 (Not Inserted)
2,9 , 0,0,214002,0,L, 	(30-MAY-2025 15:47:54)	 (Not Inserted)
2,9 , 0,0,214002,0,L, 	(30-MAY-2025 15:47:54)	 (Not Inserted)
2,9 , 0,0,214002,0,L, 	(30-MAY-2025 15:47:54)	 (Not Inserted)
2,9 , 0,0,214002,0,L, 	(30-MAY-2025 15:47:54)	 (Not Inserted)
2,9 , 0,0,214002,0,L, 	(30-MAY-2025 15:47:54)	 (Not Inserted)
2,9 , 0,0,214002,0,L, 	(30-MAY-2025 15:47:54)	 (Not Inserted)
2,9 , 0,0,214002,0,L, 	(30-MAY-2025 15:47:54)	 (Not Inserted)
2,9 , 0,0,214002,0,L, 	(30-MAY-2025 15:47:54)	 (Not Inserted)
2,9 , 0,0,214003,0,L, 	(30-MAY-2025 15:47:54)
2,9 , 0,0,214003,0,L, 	(30-MAY-2025 15:47:54)
2,9 , 0,0,214003,0,L, 	(30-MAY-2025 15:47:54)
2,9 , 0,0,214003,0,L, 	(30-MAY-2025 15:47:54)
2,9 , 0,0,214003,0,L, 	(30-MAY-2025 15:47:54)
2,9 , 0,0,214003,0,L, 	(30-MAY-2025 15:47:54)
2,9 , 0,0,214003,0,L, 	(30-MAY-2025 15:47:54)
2,9 , 0,0,214003,0,L, 	(30-MAY-2025 15:47:54)
2,9 , 0,0,214003,0,L, 	(30-MAY-2025 15:47:54)
2,9 , 0,0,214003,0,L, 	(30-MAY-2025 15:47:54)
2,9 , 0,0,214003,0,L, 	(30-MAY-2025 15:47:54)
2,9 , 0,0,214003,0,L, 	(30-MAY-2025 15:47:54)
2,9 , 0,0,214003,0,L, 	(30-MAY-2025 15:47:54)
2,9 , 0,0,214003,0,L, 	(30-MAY-2025 15:47:54)
2,9 , 0,0,214003,0,L, 	(30-MAY-2025 15:47:54)
2,9 , 0,0,214003,0,L, 	(30-MAY-2025 15:47:54)
2,9 , 0,0,214003,0,L, 	(30-MAY-2025 15:47:54)
2,9 , 0,0,214003,0,L, 	(30-MAY-2025 15:47:54)
2,9 , 0,0,214003,0,L, 	(30-MAY-2025 15:47:54)
2,9 , 0,0,214003,0,L, 	(30-MAY-2025 15:47:54)
2,9 , 0,0,214003,0,L, 	(30-MAY-2025 15:47:54)
2,9 , 0,0,214003,0,L, 	(30-MAY-2025 15:47:54)
2,9 , 0,0,214003,0,L, 	(30-MAY-2025 15:47:54)
2,9 , 0,0,214003,0,L, 	(30-MAY-2025 15:47:54)
2,9 , 0,0,214003,0,L, 	(30-MAY-2025 15:47:54)
2,9 , 0,0,214003,0,L, 	(30-MAY-2025 15:47:54)
2,9 , 0,0,214003,0,L, 	(30-MAY-2025 15:47:54)
2,9 , 0,0,214003,0,L, 	(30-MAY-2025 15:47:54)
2,9 , 0,0,214003,0,L, 	(30-MAY-2025 15:47:54)
2,9 , 0,0,214003,0,L, 	(30-MAY-2025 15:47:54)
2,9 , 0,0,214003,0,L, 	(30-MAY-2025 15:47:54)
2,9 , 0,0,214003,0,L, 	(30-MAY-2025 15:47:54)	 (Not Inserted)
2,9 , 0,0,214003,0,L, 	(30-MAY-2025 15:47:54)	 (Not Inserted)
2,9 , 0,0,214003,0,L, 	(30-MAY-2025 15:47:54)	 (Not Inserted)
2,9 , 0,0,214003,0,L, 	(30-MAY-2025 15:47:54)	 (Not Inserted)
2,9 , 0,0,214003,0,L, 	(30-MAY-2025 15:47:54)	 (Not Inserted)
2,9 , 0,0,214003,0,L, 	(30-MAY-2025 15:47:54)	 (Not Inserted)
2,9 , 0,0,214003,0,L, 	(30-MAY-2025 15:47:54)	 (Not Inserted)
2,9 , 0,0,214003,0,L, 	(30-MAY-2025 15:47:54)	 (Not Inserted)
2,9 , 0,0,214003,0,L, 	(30-MAY-2025 15:47:54)	 (Not Inserted)
2,9 , 0,0,214003,0,L, 	(30-MAY-2025 15:47:54)	 (Not Inserted)
2,9 , 0,0,214003,0,L, 	(30-MAY-2025 15:47:54)	 (Not Inserted)
2,9 , 0,0,214003,0,L, 	(30-MAY-2025 15:47:54)	 (Not Inserted)
2,9 , 0,0,214003,0,L, 	(30-MAY-2025 15:47:54)	 (Not Inserted)
2,9 , 0,0,214003,0,L, 	(30-MAY-2025 15:47:54)	 (Not Inserted)
2,9 , 0,0,214003,0,L, 	(30-MAY-2025 15:47:54)	 (Not Inserted)
2,9 , 0,0,214003,0,L, 	(30-MAY-2025 15:47:54)	 (Not Inserted)
2,9 , 0,0,214003,0,L, 	(30-MAY-2025 15:47:54)	 (Not Inserted)
2,9 , 0,0,214003,0,L, 	(30-MAY-2025 15:47:54)	 (Not Inserted)
2,9 , 0,0,214003,0,L, 	(30-MAY-2025 15:47:54)	 (Not Inserted)
2,9 , 0,0,214003,0,L, 	(30-MAY-2025 15:47:54)	 (Not Inserted)
2,9 , 0,0,214003,0,L, 	(30-MAY-2025 15:47:54)	 (Not Inserted)
2,9 , 0,0,214003,0,L, 	(30-MAY-2025 15:47:54)	 (Not Inserted)
2,9 , 0,0,214003,0,L, 	(30-MAY-2025 15:47:54)	 (Not Inserted)
2,9 , 0,0,214003,0,L, 	(30-MAY-2025 15:47:54)	 (Not Inserted)
2,9 , 0,0,214003,0,L, 	(30-MAY-2025 15:47:54)	 (Not Inserted)
2,9 , 0,0,214003,0,L, 	(30-MAY-2025 15:47:54)	 (Not Inserted)
2,9 , 0,0,214003,0,L, 	(30-MAY-2025 15:47:54)	 (Not Inserted)
2,9 , 0,0,214003,0,L, 	(30-MAY-2025 15:47:54)	 (Not Inserted)
2,9 , 0,0,214003,0,L, 	(30-MAY-2025 15:47:54)	 (Not Inserted)
2,9 , 0,0,214003,0,L, 	(30-MAY-2025 15:47:54)	 (Not Inserted)
2,9 , 0,0,214003,0,L, 	(30-MAY-2025 15:47:54)	 (Not Inserted)
2,10 , 1,0,1,0,S, 	(30-MAY-2025 15:47:54)
2,10 , 1,0,1,0,S, 	(30-MAY-2025 15:47:54)
2,10 , 1,0,1,0,S, 	(30-MAY-2025 15:47:54)
2,10 , 1,0,1,0,S, 	(30-MAY-2025 15:47:54)
2,10 , 1,0,1,0,S, 	(30-MAY-2025 15:47:54)
2,10 , 1,0,1,0,S, 	(30-MAY-2025 15:47:54)
2,10 , 1,0,1,0,S, 	(30-MAY-2025 15:47:54)
2,10 , 1,0,1,0,S, 	(30-MAY-2025 15:47:54)
2,11 , 1,0,2,0,S, 	(30-MAY-2025 15:47:54)
2,11 , 1,0,2,0,S, 	(30-MAY-2025 15:47:54)
2,11 , 1,0,2,0,S, 	(30-MAY-2025 15:47:54)
2,11 , 1,0,2,0,S, 	(30-MAY-2025 15:47:54)
2,11 , 1,0,2,0,S, 	(30-MAY-2025 15:47:54)
2,11 , 1,0,2,0,S, 	(30-MAY-2025 15:47:54)
2,11 , 1,0,2,0,S, 	(30-MAY-2025 15:47:54)
2,11 , 1,0,2,0,S, 	(30-MAY-2025 15:47:54)
2,11 , 1,0,2,0,S, 	(30-MAY-2025 15:47:54)
2,11 , 1,0,2,0,S, 	(30-MAY-2025 15:47:54)
2,11 , 1,0,2,0,S, 	(30-MAY-2025 15:47:54)
2,11 , 1,0,2,0,S, 	(30-MAY-2025 15:47:54)
2,11 , 1,0,2,0,S, 	(30-MAY-2025 15:47:54)
2,11 , 1,0,2,0,S, 	(30-MAY-2025 15:47:54)
2,11 , 1,0,2,0,S, 	(30-MAY-2025 15:47:54)
2,11 , 1,0,2,0,S, 	(30-MAY-2025 15:47:54)
2,11 , 1,0,2,0,S, 	(30-MAY-2025 15:47:54)
2,11 , 1,0,2,0,S, 	(30-MAY-2025 15:47:54)
2,11 , 1,0,2,0,S, 	(30-MAY-2025 15:47:54)
2,11 , 1,0,2,0,S, 	(30-MAY-2025 15:47:54)
2,11 , 1,0,2,0,S, 	(30-MAY-2025 15:47:54)
2,11 , 1,0,2,0,S, 	(30-MAY-2025 15:47:54)
2,11 , 1,0,2,0,S, 	(30-MAY-2025 15:47:54)
2,11 , 1,0,2,0,S, 	(30-MAY-2025 15:47:54)
2,11 , 1,0,2,0,S, 	(30-MAY-2025 15:47:54)
2,11 , 1,0,2,0,S, 	(30-MAY-2025 15:47:54)
2,11 , 1,0,2,0,S, 	(30-MAY-2025 15:47:54)
2,11 , 1,0,2,0,S, 	(30-MAY-2025 15:47:54)
2,11 , 1,0,2,0,S, 	(30-MAY-2025 15:47:54)
2,11 , 1,0,2,0,S, 	(30-MAY-2025 15:47:54)
2,11 , 1,0,2,0,S, 	(30-MAY-2025 15:47:54)
2,11 , 1,0,2,0,S, 	(30-MAY-2025 15:47:54)
2,11 , 1,0,2,0,S, 	(30-MAY-2025 15:47:54)
2,11 , 1,0,2,0,S, 	(30-MAY-2025 15:47:54)
2,11 , 1,0,2,0,S, 	(30-MAY-2025 15:47:54)
2,11 , 1,0,2,0,S, 	(30-MAY-2025 15:47:54)
2,11 , 1,0,2,0,S, 	(30-MAY-2025 15:47:54)
2,11 , 1,0,2,0,S, 	(30-MAY-2025 15:47:54)
2,11 , 1,0,2,0,S, 	(30-MAY-2025 15:47:54)
2,11 , 1,0,2,0,S, 	(30-MAY-2025 15:47:54)
2,11 , 1,0,2,0,S, 	(30-MAY-2025 15:47:54)
2,11 , 1,0,1,0,S, 	(30-MAY-2025 15:47:54)
2,11 , 1,0,1,0,S, 	(30-MAY-2025 15:47:54)
2,11 , 1,0,1,0,S, 	(30-MAY-2025 15:47:54)
2,11 , 1,0,1,0,S, 	(30-MAY-2025 15:47:54)
2,11 , 1,0,1,0,S, 	(30-MAY-2025 15:47:54)
2,11 , 1,0,1,0,S, 	(30-MAY-2025 15:47:54)
2,11 , 1,0,1,0,S, 	(30-MAY-2025 15:47:54)
2,11 , 1,0,1,0,S, 	(30-MAY-2025 15:47:54)
2,11 , 1,0,1,0,S, 	(30-MAY-2025 15:47:54)
2,11 , 1,0,1,0,S, 	(30-MAY-2025 15:47:54)
2,11 , 1,0,1,0,S, 	(30-MAY-2025 15:47:54)
2,11 , 1,0,1,0,S, 	(30-MAY-2025 15:47:54)
2,11 , 1,0,1,0,S, 	(30-MAY-2025 15:47:54)
2,11 , 1,0,1,0,S, 	(30-MAY-2025 15:47:54)
2,11 , 1,0,1,0,S, 	(30-MAY-2025 15:47:54)
2,11 , 1,0,1,0,S, 	(30-MAY-2025 15:47:54)
2,11 , 1,0,1,0,S, 	(30-MAY-2025 15:47:54)
2,11 , 1,0,1,0,S, 	(30-MAY-2025 15:47:54)
2,11 , 1,0,1,0,S, 	(30-MAY-2025 15:47:54)
2,11 , 1,0,1,0,S, 	(30-MAY-2025 15:47:54)
2,11 , 1,0,1,0,S, 	(30-MAY-2025 15:47:54)
2,11 , 1,0,1,0,S, 	(30-MAY-2025 15:47:54)
2,11 , 1,0,1,0,S, 	(30-MAY-2025 15:47:54)
2,11 , 1,0,1,0,S, 	(30-MAY-2025 15:47:54)
2,11 , 1,0,1,0,S, 	(30-MAY-2025 15:47:54)
2,11 , 1,0,1,0,S, 	(30-MAY-2025 15:47:54)
2,11 , 1,0,1,0,S, 	(30-MAY-2025 15:47:54)
2,11 , 1,0,1,0,S, 	(30-MAY-2025 15:47:54)
2,11 , 1,0,1,0,S, 	(30-MAY-2025 15:47:54)
2,11 , 1,0,1,0,S, 	(30-MAY-2025 15:47:54)
2,11 , 1,0,1,0,S, 	(30-MAY-2025 15:47:54)
2,11 , 1,0,1,0,S, 	(30-MAY-2025 15:47:54)
2,11 , 1,0,1,0,S, 	(30-MAY-2025 15:47:54)
2,11 , 1,0,1,0,S, 	(30-MAY-2025 15:47:54)
2,11 , 1,0,1,0,S, 	(30-MAY-2025 15:47:54)
2,11 , 1,0,1,0,S, 	(30-MAY-2025 15:47:54)
2,11 , 1,0,1,0,S, 	(30-MAY-2025 15:47:54)
2,11 , 1,0,1,0,S, 	(30-MAY-2025 15:47:54)
2,11 , 1,0,1,0,S, 	(30-MAY-2025 15:47:54)
2,11 , 1,0,1,0,S, 	(30-MAY-2025 15:47:54)
2,11 , 1,0,1,0,S, 	(30-MAY-2025 15:47:54)
2,11 , 1,0,1,0,S, 	(30-MAY-2025 15:47:54)
2,11 , 1,0,1,0,S, 	(30-MAY-2025 15:47:54)
2,11 , 1,0,1,0,S, 	(30-MAY-2025 15:47:54)
2,11 , 1,0,1,0,S, 	(30-MAY-2025 15:47:54)
2,11 , 1,0,1,0,S, 	(30-MAY-2025 15:47:54)
2,11 , 1,0,1,0,S, 	(30-MAY-2025 15:47:54)
2,11 , 1,0,1,0,S, 	(30-MAY-2025 15:47:54)
2,11 , 1,0,1,0,S, 	(30-MAY-2025 15:47:54)
2,11 , 1,0,1,0,S, 	(30-MAY-2025 15:47:54)
2,11 , 1,0,1,0,S, 	(30-MAY-2025 15:47:54)
2,11 , 1,0,1,0,S, 	(30-MAY-2025 15:47:54)
2,11 , 1,0,1,0,S, 	(30-MAY-2025 15:47:54)
2,11 , 1,0,1,0,S, 	(30-MAY-2025 15:47:54)
2,11 , 1,0,1,0,S, 	(30-MAY-2025 15:47:54)
2,11 , 1,0,1,0,S, 	(30-MAY-2025 15:47:54)
2,11 , 1,0,1,0,S, 	(30-MAY-2025 15:47:54)
2,11 , 1,0,1,0,S, 	(30-MAY-2025 15:47:54)
2,11 , 1,0,1,0,S, 	(30-MAY-2025 15:47:54)
2,11 , 1,0,1,0,S, 	(30-MAY-2025 15:47:54)
2,11 , 1,0,1,0,S, 	(30-MAY-2025 15:47:54)
2,11 , 1,0,1,0,S, 	(30-MAY-2025 15:47:54)
2,11 , 1,0,1,0,S, 	(30-MAY-2025 15:47:54)
2,11 , 1,0,1,0,S, 	(30-MAY-2025 15:47:54)
2,11 , 1,0,1,0,S, 	(30-MAY-2025 15:47:54)
2,11 , 1,0,1,0,S, 	(30-MAY-2025 15:47:54)
2,11 , 1,0,1,0,S, 	(30-MAY-2025 15:47:54)
2,11 , 1,0,1,0,S, 	(30-MAY-2025 15:47:54)
2,11 , 1,0,1,0,S, 	(30-MAY-2025 15:47:54)
2,11 , 1,0,1,0,S, 	(30-MAY-2025 15:47:54)
2,11 , 1,0,1,0,S, 	(30-MAY-2025 15:47:54)
2,11 , 1,0,1,0,S, 	(30-MAY-2025 15:47:54)
2,11 , 1,0,1,0,S, 	(30-MAY-2025 15:47:54)
2,11 , 1,0,1,0,S, 	(30-MAY-2025 15:47:54)
2,11 , 1,0,1,0,S, 	(30-MAY-2025 15:47:54)
2,11 , 1,0,1,0,S, 	(30-MAY-2025 15:47:54)
2,11 , 1,0,1,0,S, 	(30-MAY-2025 15:47:54)
2,11 , 1,0,1,0,S, 	(30-MAY-2025 15:47:54)
2,11 , 1,0,1,0,S, 	(30-MAY-2025 15:47:54)
2,11 , 1,0,1,0,S, 	(30-MAY-2025 15:47:54)
2,11 , 1,0,1,0,S, 	(30-MAY-2025 15:47:54)
2,11 , 1,0,1,0,S, 	(30-MAY-2025 15:47:54)
2,11 , 1,0,1,0,S, 	(30-MAY-2025 15:47:54)
2,11 , 1,0,1,0,S, 	(30-MAY-2025 15:47:54)
2,11 , 1,0,1,0,S, 	(30-MAY-2025 15:47:54)
2,11 , 1,0,1,0,S, 	(30-MAY-2025 15:47:54)
2,11 , 0,0,223073,1,L, 	(30-MAY-2025 15:47:54)
2,11 , 0,0,223073,1,L, 	(30-MAY-2025 15:47:54)
2,11 , 0,0,223073,1,L, 	(30-MAY-2025 15:47:54)
2,11 , 0,0,223073,1,L, 	(30-MAY-2025 15:47:54)
2,280 , 1,0,5,0,S, 	(30-MAY-2025 15:47:54)
2,280 , 1,0,5,0,S, 	(30-MAY-2025 15:47:54)
2,280 , 1,0,5,0,S, 	(30-MAY-2025 15:47:54)
2,280 , 1,0,5,0,S, 	(30-MAY-2025 15:47:54)
2,280 , 1,0,5,0,S, 	(30-MAY-2025 15:47:54)
2,280 , 1,0,5,0,S, 	(30-MAY-2025 15:47:54)
2,280 , 1,0,5,0,S, 	(30-MAY-2025 15:47:54)
2,280 , 1,0,5,0,S, 	(30-MAY-2025 15:47:54)
2,280 , 1,0,5,0,S, 	(30-MAY-2025 15:47:54)
2,280 , 1,0,5,0,S, 	(30-MAY-2025 15:47:54)
2,280 , 1,0,5,0,S, 	(30-MAY-2025 15:47:54)
2,280 , 1,0,5,0,S, 	(30-MAY-2025 15:47:54)
2,280 , 1,0,5,0,S, 	(30-MAY-2025 15:47:54)
2,280 , 1,0,5,0,S, 	(30-MAY-2025 15:47:54)
2,280 , 1,0,5,0,S, 	(30-MAY-2025 15:47:54)
2,280 , 1,0,5,0,S, 	(30-MAY-2025 15:47:54)
2,280 , 1,0,5,0,S, 	(30-MAY-2025 15:47:54)
2,280 , 1,0,5,0,S, 	(30-MAY-2025 15:47:54)
2,280 , 1,0,5,0,S, 	(30-MAY-2025 15:47:54)
2,280 , 1,0,5,0,S, 	(30-MAY-2025 15:47:54)
2,280 , 1,0,5,0,S, 	(30-MAY-2025 15:47:54)
2,280 , 1,0,5,0,S, 	(30-MAY-2025 15:47:54)
2,280 , 1,0,4,0,S, 	(30-MAY-2025 15:47:54)
2,280 , 1,0,4,0,S, 	(30-MAY-2025 15:47:54)
2,280 , 1,0,4,0,S, 	(30-MAY-2025 15:47:54)
2,280 , 1,0,4,0,S, 	(30-MAY-2025 15:47:54)
2,280 , 1,0,4,0,S, 	(30-MAY-2025 15:47:54)
2,280 , 1,0,4,0,S, 	(30-MAY-2025 15:47:54)
2,280 , 1,0,4,0,S, 	(30-MAY-2025 15:47:54)
2,280 , 1,0,4,0,S, 	(30-MAY-2025 15:47:54)
2,280 , 1,0,4,0,S, 	(30-MAY-2025 15:47:54)
2,280 , 1,0,4,0,S, 	(30-MAY-2025 15:47:54)
2,280 , 1,0,4,0,S, 	(30-MAY-2025 15:47:54)
2,280 , 1,0,4,0,S, 	(30-MAY-2025 15:47:54)
2,280 , 1,0,4,0,S, 	(30-MAY-2025 15:47:54)
2,280 , 1,0,4,0,S, 	(30-MAY-2025 15:47:54)
2,280 , 1,0,4,0,S, 	(30-MAY-2025 15:47:54)
2,280 , 1,0,4,0,S, 	(30-MAY-2025 15:47:54)
2,280 , 1,0,4,0,S, 	(30-MAY-2025 15:47:54)
2,280 , 1,0,4,0,S, 	(30-MAY-2025 15:47:54)
2,280 , 1,0,4,0,S, 	(30-MAY-2025 15:47:54)
2,280 , 1,0,4,0,S, 	(30-MAY-2025 15:47:54)
2,280 , 1,0,4,0,S, 	(30-MAY-2025 15:47:54)
2,280 , 1,0,4,0,S, 	(30-MAY-2025 15:47:54)
2,280 , 1,0,4,0,S, 	(30-MAY-2025 15:47:54)
2,280 , 1,0,6,0,S, 	(30-MAY-2025 15:47:54)
2,280 , 1,0,6,0,S, 	(30-MAY-2025 15:47:54)
2,280 , 1,0,6,0,S, 	(30-MAY-2025 15:47:54)
2,280 , 1,0,6,0,S, 	(30-MAY-2025 15:47:54)
2,280 , 1,0,6,0,S, 	(30-MAY-2025 15:47:54)
2,280 , 1,0,6,0,S, 	(30-MAY-2025 15:47:54)
2,280 , 1,0,6,0,S, 	(30-MAY-2025 15:47:54)
2,280 , 1,0,6,0,S, 	(30-MAY-2025 15:47:54)
2,280 , 1,0,6,0,S, 	(30-MAY-2025 15:47:54)
2,280 , 1,0,6,0,S, 	(30-MAY-2025 15:47:54)
2,280 , 1,0,6,0,S, 	(30-MAY-2025 15:47:54)
2,280 , 1,0,6,0,S, 	(30-MAY-2025 15:47:54)
2,280 , 1,0,6,0,S, 	(30-MAY-2025 15:47:54)
2,280 , 1,0,6,0,S, 	(30-MAY-2025 15:47:54)
2,280 , 1,0,6,0,S, 	(30-MAY-2025 15:47:54)
2,280 , 1,0,6,0,S, 	(30-MAY-2025 15:47:54)
2,280 , 1,0,6,0,S, 	(30-MAY-2025 15:47:54)
2,280 , 1,0,6,0,S, 	(30-MAY-2025 15:47:54)
2,280 , 1,0,6,0,S, 	(30-MAY-2025 15:47:54)
2,280 , 1,0,6,0,S, 	(30-MAY-2025 15:47:54)
2,280 , 1,0,6,0,S, 	(30-MAY-2025 15:47:54)
2,280 , 1,0,6,0,S, 	(30-MAY-2025 15:47:54)
2,280 , 1,0,6,0,S, 	(30-MAY-2025 15:47:54)
2,280 , 1,0,6,0,S, 	(30-MAY-2025 15:47:54)
2,280 , 1,0,6,0,S, 	(30-MAY-2025 15:47:54)
2,280 , 1,0,6,0,S, 	(30-MAY-2025 15:47:54)
2,280 , 1,0,6,0,S, 	(30-MAY-2025 15:47:54)
2,280 , 1,0,6,0,S, 	(30-MAY-2025 15:47:54)
2,280 , 1,0,2,0,S, 	(30-MAY-2025 15:47:54)
2,280 , 1,0,2,0,S, 	(30-MAY-2025 15:47:54)
2,280 , 1,0,2,0,S, 	(30-MAY-2025 15:47:54)
2,280 , 1,0,2,0,S, 	(30-MAY-2025 15:47:54)
2,280 , 1,0,2,0,S, 	(30-MAY-2025 15:47:54)
2,280 , 1,0,2,0,S, 	(30-MAY-2025 15:47:54)
2,280 , 1,0,2,0,S, 	(30-MAY-2025 15:47:54)
2,280 , 1,0,2,0,S, 	(30-MAY-2025 15:47:54)
2,280 , 1,0,2,0,S, 	(30-MAY-2025 15:47:54)
2,280 , 1,0,2,0,S, 	(30-MAY-2025 15:47:54)
2,280 , 1,0,2,0,S, 	(30-MAY-2025 15:47:54)
2,280 , 1,0,2,0,S, 	(30-MAY-2025 15:47:54)
2,280 , 1,0,2,0,S, 	(30-MAY-2025 15:47:54)
2,280 , 1,0,2,0,S, 	(30-MAY-2025 15:47:54)
2,280 , 1,0,2,0,S, 	(30-MAY-2025 15:47:54)
2,280 , 1,1,7,0,S, 	(30-MAY-2025 15:47:54)
2,280 , 1,1,7,0,S, 	(30-MAY-2025 15:47:54)
2,280 , 1,1,7,0,S, 	(30-MAY-2025 15:47:54)
2,280 , 1,1,7,0,S, 	(30-MAY-2025 15:47:54)
2,280 , 1,1,7,0,S, 	(30-MAY-2025 15:47:54)
2,280 , 1,1,7,0,S, 	(30-MAY-2025 15:47:54)
2,280 , 1,1,7,0,S, 	(30-MAY-2025 15:47:54)
2,280 , 1,1,7,0,S, 	(30-MAY-2025 15:47:54)
2,280 , 1,1,7,0,S, 	(30-MAY-2025 15:47:54)
2,280 , 1,1,7,0,S, 	(30-MAY-2025 15:47:55)
2,280 , 1,1,7,0,S, 	(30-MAY-2025 15:47:55)
2,280 , 1,1,7,0,S, 	(30-MAY-2025 15:47:55)
2,280 , 1,1,7,0,S, 	(30-MAY-2025 15:47:55)
2,280 , 1,1,7,0,S, 	(30-MAY-2025 15:47:55)
2,280 , 1,1,7,0,S, 	(30-MAY-2025 15:47:55)
2,280 , 1,0,1,1,S, 	(30-MAY-2025 15:47:55)
2,280 , 1,0,1,1,S, 	(30-MAY-2025 15:47:55)
2,280 , 1,0,1,1,S, 	(30-MAY-2025 15:47:55)
2,280 , 1,0,1,1,S, 	(30-MAY-2025 15:47:55)
2,280 , 1,0,1,1,S, 	(30-MAY-2025 15:47:55)
2,280 , 1,0,1,1,S, 	(30-MAY-2025 15:47:55)
2,280 , 1,0,1,1,S, 	(30-MAY-2025 15:47:55)
2,280 , 1,0,1,1,S, 	(30-MAY-2025 15:47:55)
2,280 , 1,0,1,1,S, 	(30-MAY-2025 15:47:55)
2,280 , 1,0,1,1,S, 	(30-MAY-2025 15:47:55)
2,280 , 1,0,1,1,S, 	(30-MAY-2025 15:47:55)
2,280 , 1,0,1,1,S, 	(30-MAY-2025 15:47:55)
2,280 , 1,0,1,1,S, 	(30-MAY-2025 15:47:55)
2,280 , 1,0,3,0,S, 	(30-MAY-2025 15:47:55)
2,280 , 1,0,3,0,S, 	(30-MAY-2025 15:47:55)
2,280 , 1,0,3,0,S, 	(30-MAY-2025 15:47:55)
2,280 , 1,0,3,0,S, 	(30-MAY-2025 15:47:55)
2,280 , 1,0,3,0,S, 	(30-MAY-2025 15:47:55)
2,280 , 1,0,3,0,S, 	(30-MAY-2025 15:47:55)
2,280 , 1,0,3,0,S, 	(30-MAY-2025 15:47:55)
2,280 , 1,0,3,0,S, 	(30-MAY-2025 15:47:55)
2,280 , 1,0,3,0,S, 	(30-MAY-2025 15:47:55)
2,280 , 1,0,3,0,S, 	(30-MAY-2025 15:47:55)
2,280 , 1,0,3,0,S, 	(30-MAY-2025 15:47:55)
2,280 , 1,0,3,0,S, 	(30-MAY-2025 15:47:55)
2,280 , 1,0,3,0,S, 	(30-MAY-2025 15:47:55)
2,280 , 1,0,3,0,S, 	(30-MAY-2025 15:47:55)
2,280 , 1,0,3,0,S, 	(30-MAY-2025 15:47:55)
2,12 , 1,0,1,0,S, 	(30-MAY-2025 15:47:55)
2,12 , 1,0,1,0,S, 	(30-MAY-2025 15:47:55)
2,12 , 1,0,1,0,S, 	(30-MAY-2025 15:47:55)
2,12 , 1,0,1,0,S, 	(30-MAY-2025 15:47:55)
2,12 , 1,0,1,0,S, 	(30-MAY-2025 15:47:55)
2,12 , 1,0,1,0,S, 	(30-MAY-2025 15:47:55)
2,12 , 1,0,1,0,S, 	(30-MAY-2025 15:47:55)
2,12 , 1,0,1,0,S, 	(30-MAY-2025 15:47:55)
2,12 , 1,0,1,0,S, 	(30-MAY-2025 15:47:55)
2,12 , 1,0,1,0,S, 	(30-MAY-2025 15:47:55)
2,12 , 1,0,1,0,S, 	(30-MAY-2025 15:47:55)
2,12 , 1,0,1,0,S, 	(30-MAY-2025 15:47:55)
2,12 , 1,0,1,0,S, 	(30-MAY-2025 15:47:55)
2,12 , 1,0,1,0,S, 	(30-MAY-2025 15:47:55)
2,12 , 1,0,1,0,S, 	(30-MAY-2025 15:47:55)
2,12 , 1,0,1,0,S, 	(30-MAY-2025 15:47:55)
2,12 , 1,0,1,0,S, 	(30-MAY-2025 15:47:55)
2,12 , 1,0,1,0,S, 	(30-MAY-2025 15:47:55)
2,12 , 1,0,1,0,S, 	(30-MAY-2025 15:47:55)
2,12 , 1,0,1,0,S, 	(30-MAY-2025 15:47:55)
2,12 , 1,0,1,0,S, 	(30-MAY-2025 15:47:55)
2,12 , 1,0,1,0,S, 	(30-MAY-2025 15:47:55)
2,12 , 1,0,1,0,S, 	(30-MAY-2025 15:47:55)
2,12 , 1,0,1,0,S, 	(30-MAY-2025 15:47:55)
2,12 , 1,0,1,0,S, 	(30-MAY-2025 15:47:55)
2,12 , 1,0,1,0,S, 	(30-MAY-2025 15:47:55)
2,12 , 1,0,1,0,S, 	(30-MAY-2025 15:47:55)
2,12 , 1,0,1,0,S, 	(30-MAY-2025 15:47:55)
2,12 , 1,0,1,0,S, 	(30-MAY-2025 15:47:55)
2,12 , 1,0,1,0,S, 	(30-MAY-2025 15:47:55)
2,12 , 1,0,1,0,S, 	(30-MAY-2025 15:47:55)
2,12 , 1,0,4,1,S, 	(30-MAY-2025 15:47:55)
2,12 , 1,0,4,1,S, 	(30-MAY-2025 15:47:55)
2,12 , 1,0,4,1,S, 	(30-MAY-2025 15:47:55)
2,12 , 1,0,4,1,S, 	(30-MAY-2025 15:47:55)
2,12 , 1,0,4,1,S, 	(30-MAY-2025 15:47:55)
2,12 , 1,0,4,1,S, 	(30-MAY-2025 15:47:55)
2,12 , 1,0,4,1,S, 	(30-MAY-2025 15:47:55)
2,12 , 1,0,4,1,S, 	(30-MAY-2025 15:47:55)
2,12 , 1,0,4,1,S, 	(30-MAY-2025 15:47:55)
2,12 , 1,0,4,1,S, 	(30-MAY-2025 15:47:55)
2,12 , 1,0,4,1,S, 	(30-MAY-2025 15:47:55)
2,12 , 1,0,4,1,S, 	(30-MAY-2025 15:47:55)
2,12 , 1,0,4,1,S, 	(30-MAY-2025 15:47:55)
2,12 , 1,0,4,1,S, 	(30-MAY-2025 15:47:55)
2,12 , 1,0,4,1,S, 	(30-MAY-2025 15:47:55)
2,12 , 1,0,4,1,S, 	(30-MAY-2025 15:47:55)
2,12 , 1,0,4,1,S, 	(30-MAY-2025 15:47:55)
2,12 , 1,0,4,1,S, 	(30-MAY-2025 15:47:55)
2,12 , 1,0,4,1,S, 	(30-MAY-2025 15:47:55)
2,12 , 1,0,4,1,S, 	(30-MAY-2025 15:47:55)
2,12 , 1,0,4,1,S, 	(30-MAY-2025 15:47:55)
2,12 , 1,0,4,1,S, 	(30-MAY-2025 15:47:55)
2,12 , 1,0,4,1,S, 	(30-MAY-2025 15:47:55)
2,12 , 1,0,4,1,S, 	(30-MAY-2025 15:47:55)
2,12 , 1,0,4,1,S, 	(30-MAY-2025 15:47:55)
2,12 , 1,0,4,1,S, 	(30-MAY-2025 15:47:55)
2,12 , 1,0,4,1,S, 	(30-MAY-2025 15:47:55)
2,12 , 1,0,4,1,S, 	(30-MAY-2025 15:47:55)
2,12 , 1,0,4,1,S, 	(30-MAY-2025 15:47:55)
2,12 , 1,0,4,1,S, 	(30-MAY-2025 15:47:55)
2,12 , 1,0,4,1,S, 	(30-MAY-2025 15:47:55)
2,12 , 1,0,5,0,S, 	(30-MAY-2025 15:47:55)
2,12 , 1,0,5,0,S, 	(30-MAY-2025 15:47:55)
2,12 , 1,0,5,0,S, 	(30-MAY-2025 15:47:55)
2,12 , 1,0,5,0,S, 	(30-MAY-2025 15:47:55)
2,12 , 1,0,5,0,S, 	(30-MAY-2025 15:47:55)
2,12 , 1,0,5,0,S, 	(30-MAY-2025 15:47:55)
2,12 , 1,0,5,0,S, 	(30-MAY-2025 15:47:55)
2,12 , 1,0,5,0,S, 	(30-MAY-2025 15:47:55)
2,12 , 1,0,5,0,S, 	(30-MAY-2025 15:47:55)
2,12 , 1,0,5,0,S, 	(30-MAY-2025 15:47:55)
2,12 , 1,0,5,0,S, 	(30-MAY-2025 15:47:55)
2,12 , 1,0,5,0,S, 	(30-MAY-2025 15:47:55)
2,12 , 1,0,5,0,S, 	(30-MAY-2025 15:47:55)
2,12 , 1,0,5,0,S, 	(30-MAY-2025 15:47:55)
2,12 , 1,0,5,0,S, 	(30-MAY-2025 15:47:55)
2,12 , 1,0,5,0,S, 	(30-MAY-2025 15:47:55)
2,12 , 1,0,5,0,S, 	(30-MAY-2025 15:47:55)
2,12 , 1,0,5,0,S, 	(30-MAY-2025 15:47:55)
2,12 , 1,0,5,0,S, 	(30-MAY-2025 15:47:55)
2,12 , 1,0,5,0,S, 	(30-MAY-2025 15:47:55)
2,12 , 1,0,5,0,S, 	(30-MAY-2025 15:47:55)
2,12 , 1,0,5,0,S, 	(30-MAY-2025 15:47:55)
2,12 , 1,0,5,0,S, 	(30-MAY-2025 15:47:55)
2,12 , 1,0,5,0,S, 	(30-MAY-2025 15:47:55)
2,12 , 1,0,5,0,S, 	(30-MAY-2025 15:47:55)
2,12 , 1,0,5,0,S, 	(30-MAY-2025 15:47:55)
2,12 , 1,0,5,0,S, 	(30-MAY-2025 15:47:55)
2,12 , 1,0,5,0,S, 	(30-MAY-2025 15:47:55)
2,12 , 1,0,5,0,S, 	(30-MAY-2025 15:47:55)
2,12 , 1,0,5,0,S, 	(30-MAY-2025 15:47:55)
2,12 , 1,0,5,0,S, 	(30-MAY-2025 15:47:55)
2,12 , 1,0,5,0,S, 	(30-MAY-2025 15:47:55)
2,12 , 1,0,5,0,S, 	(30-MAY-2025 15:47:55)
2,12 , 1,0,5,0,S, 	(30-MAY-2025 15:47:55)
2,12 , 1,0,5,0,S, 	(30-MAY-2025 15:47:55)
2,12 , 1,0,5,0,S, 	(30-MAY-2025 15:47:55)
2,12 , 1,0,5,0,S, 	(30-MAY-2025 15:47:55)
2,12 , 1,0,5,0,S, 	(30-MAY-2025 15:47:55)
2,12 , 1,0,5,0,S, 	(30-MAY-2025 15:47:55)
2,12 , 1,0,5,0,S, 	(30-MAY-2025 15:47:55)
2,12 , 1,0,5,0,S, 	(30-MAY-2025 15:47:55)
2,12 , 1,0,5,0,S, 	(30-MAY-2025 15:47:55)
2,12 , 1,0,5,0,S, 	(30-MAY-2025 15:47:55)
2,12 , 1,0,5,0,S, 	(30-MAY-2025 15:47:55)
2,12 , 1,0,5,0,S, 	(30-MAY-2025 15:47:55)
2,12 , 1,0,5,0,S, 	(30-MAY-2025 15:47:55)
2,12 , 1,0,5,0,S, 	(30-MAY-2025 15:47:55)
2,12 , 1,0,5,0,S, 	(30-MAY-2025 15:47:55)
2,12 , 1,0,5,0,S, 	(30-MAY-2025 15:47:55)
2,12 , 1,0,5,0,S, 	(30-MAY-2025 15:47:55)
2,12 , 1,0,5,0,S, 	(30-MAY-2025 15:47:55)
2,12 , 1,0,5,0,S, 	(30-MAY-2025 15:47:55)
2,12 , 1,0,5,0,S, 	(30-MAY-2025 15:47:55)
2,12 , 1,0,5,0,S, 	(30-MAY-2025 15:47:55)
2,12 , 1,0,5,0,S, 	(30-MAY-2025 15:47:55)
2,12 , 1,0,5,0,S, 	(30-MAY-2025 15:47:55)
2,12 , 1,0,5,0,S, 	(30-MAY-2025 15:47:55)
2,12 , 1,0,5,0,S, 	(30-MAY-2025 15:47:55)
2,12 , 1,0,5,0,S, 	(30-MAY-2025 15:47:55)
2,12 , 1,0,5,0,S, 	(30-MAY-2025 15:47:55)
2,12 , 1,0,5,0,S, 	(30-MAY-2025 15:47:55)
2,12 , 1,0,5,0,S, 	(30-MAY-2025 15:47:55)
2,12 , 1,0,5,0,S, 	(30-MAY-2025 15:47:55)
2,12 , 1,0,5,0,S, 	(30-MAY-2025 15:47:55)
2,12 , 1,0,5,0,S, 	(30-MAY-2025 15:47:55)
2,12 , 1,0,5,0,S, 	(30-MAY-2025 15:47:55)
2,12 , 1,0,5,0,S, 	(30-MAY-2025 15:47:55)
2,12 , 1,0,5,0,S, 	(30-MAY-2025 15:47:55)
2,12 , 1,0,5,0,S, 	(30-MAY-2025 15:47:55)
2,12 , 1,0,5,0,S, 	(30-MAY-2025 15:47:55)
2,12 , 1,0,5,0,S, 	(30-MAY-2025 15:47:55)
2,12 , 1,0,5,0,S, 	(30-MAY-2025 15:47:55)
2,12 , 1,0,5,0,S, 	(30-MAY-2025 15:47:55)
2,12 , 1,0,5,0,S, 	(30-MAY-2025 15:47:55)
2,12 , 1,0,5,0,S, 	(30-MAY-2025 15:47:55)
2,12 , 1,0,5,0,S, 	(30-MAY-2025 15:47:55)
2,12 , 1,0,5,0,S, 	(30-MAY-2025 15:47:55)
2,12 , 1,0,5,0,S, 	(30-MAY-2025 15:47:55)
2,12 , 1,0,5,0,S, 	(30-MAY-2025 15:47:55)
2,12 , 1,0,5,0,S, 	(30-MAY-2025 15:47:55)
2,12 , 1,0,5,0,S, 	(30-MAY-2025 15:47:55)
2,12 , 1,0,5,0,S, 	(30-MAY-2025 15:47:55)
2,12 , 1,0,5,0,S, 	(30-MAY-2025 15:47:55)
2,12 , 1,0,5,0,S, 	(30-MAY-2025 15:47:55)
2,12 , 1,0,5,0,S, 	(30-MAY-2025 15:47:55)
2,12 , 1,0,5,0,S, 	(30-MAY-2025 15:47:55)
2,12 , 1,0,5,0,S, 	(30-MAY-2025 15:47:55)
2,12 , 1,0,5,0,S, 	(30-MAY-2025 15:47:55)
2,12 , 1,0,5,0,S, 	(30-MAY-2025 15:47:55)
2,12 , 1,0,5,0,S, 	(30-MAY-2025 15:47:55)
2,12 , 1,0,5,0,S, 	(30-MAY-2025 15:47:55)
2,12 , 1,0,3,0,S, 	(30-MAY-2025 15:47:55)
2,12 , 1,0,3,0,S, 	(30-MAY-2025 15:47:55)
2,12 , 1,0,3,0,S, 	(30-MAY-2025 15:47:55)
2,12 , 1,0,3,0,S, 	(30-MAY-2025 15:47:55)
2,12 , 1,0,3,0,S, 	(30-MAY-2025 15:47:55)
2,12 , 1,0,3,0,S, 	(30-MAY-2025 15:47:55)
2,12 , 1,0,3,0,S, 	(30-MAY-2025 15:47:55)
2,12 , 1,0,3,0,S, 	(30-MAY-2025 15:47:55)
2,12 , 1,0,3,0,S, 	(30-MAY-2025 15:47:55)
2,12 , 1,0,3,0,S, 	(30-MAY-2025 15:47:55)
2,12 , 1,0,3,0,S, 	(30-MAY-2025 15:47:55)
2,12 , 1,0,3,0,S, 	(30-MAY-2025 15:47:55)
2,12 , 1,0,3,0,S, 	(30-MAY-2025 15:47:55)
2,12 , 1,0,3,0,S, 	(30-MAY-2025 15:47:55)
2,12 , 1,0,3,0,S, 	(30-MAY-2025 15:47:55)
2,12 , 1,0,3,0,S, 	(30-MAY-2025 15:47:55)
2,12 , 1,0,3,0,S, 	(30-MAY-2025 15:47:55)
2,12 , 1,0,3,0,S, 	(30-MAY-2025 15:47:55)
2,12 , 1,0,3,0,S, 	(30-MAY-2025 15:47:55)
2,12 , 1,0,3,0,S, 	(30-MAY-2025 15:47:55)
2,12 , 1,0,3,0,S, 	(30-MAY-2025 15:47:55)
2,12 , 1,0,3,0,S, 	(30-MAY-2025 15:47:55)
2,12 , 1,0,3,0,S, 	(30-MAY-2025 15:47:55)
2,12 , 1,0,3,0,S, 	(30-MAY-2025 15:47:55)
2,12 , 1,0,3,0,S, 	(30-MAY-2025 15:47:55)
2,12 , 1,0,3,0,S, 	(30-MAY-2025 15:47:55)
2,12 , 1,0,3,0,S, 	(30-MAY-2025 15:47:55)
2,12 , 1,0,3,0,S, 	(30-MAY-2025 15:47:55)
2,12 , 1,0,3,0,S, 	(30-MAY-2025 15:47:55)
2,12 , 1,0,3,0,S, 	(30-MAY-2025 15:47:55)
2,12 , 1,0,3,0,S, 	(30-MAY-2025 15:47:55)
2,12 , 1,0,2,0,S, 	(30-MAY-2025 15:47:55)
2,12 , 1,0,2,0,S, 	(30-MAY-2025 15:47:55)
2,12 , 1,0,2,0,S, 	(30-MAY-2025 15:47:55)
2,12 , 1,0,2,0,S, 	(30-MAY-2025 15:47:55)
2,12 , 1,0,2,0,S, 	(30-MAY-2025 15:47:55)
2,12 , 1,0,2,0,S, 	(30-MAY-2025 15:47:55)
2,12 , 1,0,2,0,S, 	(30-MAY-2025 15:47:55)
2,12 , 1,0,2,0,S, 	(30-MAY-2025 15:47:55)
2,12 , 1,0,2,0,S, 	(30-MAY-2025 15:47:55)
2,12 , 1,0,2,0,S, 	(30-MAY-2025 15:47:55)
2,12 , 1,0,2,0,S, 	(30-MAY-2025 15:47:55)
2,12 , 1,0,2,0,S, 	(30-MAY-2025 15:47:55)
2,12 , 1,0,2,0,S, 	(30-MAY-2025 15:47:55)
2,12 , 1,0,2,0,S, 	(30-MAY-2025 15:47:55)
2,12 , 1,0,2,0,S, 	(30-MAY-2025 15:47:55)
2,12 , 1,0,2,0,S, 	(30-MAY-2025 15:47:55)
2,12 , 1,0,2,0,S, 	(30-MAY-2025 15:47:55)
2,12 , 1,0,2,0,S, 	(30-MAY-2025 15:47:55)
2,12 , 1,0,2,0,S, 	(30-MAY-2025 15:47:55)
2,12 , 1,0,2,0,S, 	(30-MAY-2025 15:47:55)
2,12 , 1,0,2,0,S, 	(30-MAY-2025 15:47:55)
2,12 , 1,0,2,0,S, 	(30-MAY-2025 15:47:55)
2,12 , 1,0,2,0,S, 	(30-MAY-2025 15:47:55)
2,12 , 1,0,2,0,S, 	(30-MAY-2025 15:47:55)
2,12 , 1,0,2,0,S, 	(30-MAY-2025 15:47:55)
2,12 , 1,0,2,0,S, 	(30-MAY-2025 15:47:55)
2,12 , 1,0,2,0,S, 	(30-MAY-2025 15:47:55)
2,12 , 1,0,2,0,S, 	(30-MAY-2025 15:47:55)
2,12 , 1,0,2,0,S, 	(30-MAY-2025 15:47:55)
2,12 , 1,0,2,0,S, 	(30-MAY-2025 15:47:55)
2,12 , 1,0,2,0,S, 	(30-MAY-2025 15:47:55)
2,13 , 1,0,3,0,S, 	(30-MAY-2025 15:47:55)
2,13 , 1,0,3,0,S, 	(30-MAY-2025 15:47:55)
2,13 , 1,0,3,0,S, 	(30-MAY-2025 15:47:55)
2,13 , 1,0,3,0,S, 	(30-MAY-2025 15:47:55)
2,13 , 1,0,3,0,S, 	(30-MAY-2025 15:47:55)
2,13 , 1,0,3,0,S, 	(30-MAY-2025 15:47:55)
2,13 , 1,0,3,0,S, 	(30-MAY-2025 15:47:55)
2,13 , 1,0,3,0,S, 	(30-MAY-2025 15:47:55)
2,13 , 1,0,3,0,S, 	(30-MAY-2025 15:47:55)
2,13 , 1,0,3,0,S, 	(30-MAY-2025 15:47:55)
2,13 , 1,0,3,0,S, 	(30-MAY-2025 15:47:55)
2,13 , 1,0,3,0,S, 	(30-MAY-2025 15:47:55)
2,13 , 1,0,3,0,S, 	(30-MAY-2025 15:47:55)
2,13 , 1,0,3,0,S, 	(30-MAY-2025 15:47:55)
2,13 , 1,0,3,0,S, 	(30-MAY-2025 15:47:55)
2,13 , 2,0,3,0,S, 	(30-MAY-2025 15:47:55)
2,13 , 2,0,3,0,S, 	(30-MAY-2025 15:47:55)
2,13 , 2,0,3,0,S, 	(30-MAY-2025 15:47:55)
2,13 , 2,0,3,0,S, 	(30-MAY-2025 15:47:55)
2,13 , 2,0,3,0,S, 	(30-MAY-2025 15:47:55)
2,13 , 2,0,3,0,S, 	(30-MAY-2025 15:47:55)
2,13 , 2,0,3,0,S, 	(30-MAY-2025 15:47:55)
2,13 , 2,0,3,0,S, 	(30-MAY-2025 15:47:55)
2,13 , 2,0,3,0,S, 	(30-MAY-2025 15:47:55)
2,13 , 2,0,3,0,S, 	(30-MAY-2025 15:47:55)
2,13 , 2,0,3,0,S, 	(30-MAY-2025 15:47:55)
2,13 , 2,0,3,0,S, 	(30-MAY-2025 15:47:55)
2,13 , 2,0,3,0,S, 	(30-MAY-2025 15:47:55)
2,13 , 2,0,3,0,S, 	(30-MAY-2025 15:47:55)
2,13 , 2,0,3,0,S, 	(30-MAY-2025 15:47:55)
2,13 , 2,0,3,0,S, 	(30-MAY-2025 15:47:55)
2,13 , 2,0,3,0,S, 	(30-MAY-2025 15:47:55)
2,13 , 2,0,3,0,S, 	(30-MAY-2025 15:47:55)
2,13 , 2,0,3,0,S, 	(30-MAY-2025 15:47:55)
2,13 , 2,0,3,0,S, 	(30-MAY-2025 15:47:55)
2,13 , 2,0,3,0,S, 	(30-MAY-2025 15:47:55)
2,13 , 2,0,3,0,S, 	(30-MAY-2025 15:47:55)
2,13 , 2,0,3,0,S, 	(30-MAY-2025 15:47:55)
2,13 , 2,0,3,0,S, 	(30-MAY-2025 15:47:55)
2,13 , 2,0,3,0,S, 	(30-MAY-2025 15:47:55)
2,13 , 2,0,3,0,S, 	(30-MAY-2025 15:47:55)
2,13 , 2,0,3,0,S, 	(30-MAY-2025 15:47:55)
2,13 , 2,0,3,0,S, 	(30-MAY-2025 15:47:55)
2,13 , 2,0,3,0,S, 	(30-MAY-2025 15:47:55)
2,13 , 2,0,3,0,S, 	(30-MAY-2025 15:47:55)
2,13 , 2,0,3,0,S, 	(30-MAY-2025 15:47:55)
2,13 , 2,0,4,1,S, 	(30-MAY-2025 15:47:55)
2,13 , 2,0,4,1,S, 	(30-MAY-2025 15:47:55)
2,13 , 2,0,4,1,S, 	(30-MAY-2025 15:47:55)
2,13 , 2,0,4,1,S, 	(30-MAY-2025 15:47:55)
2,13 , 2,0,4,1,S, 	(30-MAY-2025 15:47:55)
2,13 , 2,0,4,1,S, 	(30-MAY-2025 15:47:55)
2,13 , 2,0,4,1,S, 	(30-MAY-2025 15:47:55)
2,13 , 2,0,4,1,S, 	(30-MAY-2025 15:47:55)
2,13 , 2,0,4,1,S, 	(30-MAY-2025 15:47:55)
2,13 , 2,0,4,1,S, 	(30-MAY-2025 15:47:55)
2,13 , 2,0,4,1,S, 	(30-MAY-2025 15:47:55)
2,13 , 2,0,4,1,S, 	(30-MAY-2025 15:47:55)
2,13 , 2,0,4,1,S, 	(30-MAY-2025 15:47:55)
2,13 , 2,0,4,1,S, 	(30-MAY-2025 15:47:55)
2,13 , 2,0,4,1,S, 	(30-MAY-2025 15:47:55)
2,13 , 2,0,1,1,S, 	(30-MAY-2025 15:47:55)
2,13 , 2,0,1,1,S, 	(30-MAY-2025 15:47:55)
2,13 , 2,0,1,1,S, 	(30-MAY-2025 15:47:55)
2,13 , 2,0,1,1,S, 	(30-MAY-2025 15:47:55)
2,13 , 2,0,1,1,S, 	(30-MAY-2025 15:47:55)
2,13 , 2,0,1,1,S, 	(30-MAY-2025 15:47:55)
2,13 , 2,0,1,1,S, 	(30-MAY-2025 15:47:55)
2,13 , 2,0,1,1,S, 	(30-MAY-2025 15:47:55)
2,13 , 2,0,1,1,S, 	(30-MAY-2025 15:47:55)
2,13 , 2,0,1,1,S, 	(30-MAY-2025 15:47:55)
2,13 , 2,0,1,1,S, 	(30-MAY-2025 15:47:55)
2,13 , 2,0,1,1,S, 	(30-MAY-2025 15:47:55)
2,13 , 2,0,1,1,S, 	(30-MAY-2025 15:47:55)
2,13 , 2,0,1,1,S, 	(30-MAY-2025 15:47:55)
2,13 , 2,0,1,1,S, 	(30-MAY-2025 15:47:55)
2,13 , 2,0,5,0,S, 	(30-MAY-2025 15:47:55)
2,13 , 2,0,5,0,S, 	(30-MAY-2025 15:47:55)
2,13 , 2,0,5,0,S, 	(30-MAY-2025 15:47:55)
2,13 , 2,0,5,0,S, 	(30-MAY-2025 15:47:55)
2,13 , 2,0,5,0,S, 	(30-MAY-2025 15:47:55)
2,13 , 2,0,5,0,S, 	(30-MAY-2025 15:47:55)
2,13 , 2,0,5,0,S, 	(30-MAY-2025 15:47:55)
2,13 , 2,0,5,0,S, 	(30-MAY-2025 15:47:55)
2,13 , 2,0,5,0,S, 	(30-MAY-2025 15:47:55)
2,13 , 2,0,5,0,S, 	(30-MAY-2025 15:47:55)
2,13 , 2,0,5,0,S, 	(30-MAY-2025 15:47:55)
2,13 , 2,0,5,0,S, 	(30-MAY-2025 15:47:55)
2,13 , 2,0,5,0,S, 	(30-MAY-2025 15:47:55)
2,13 , 2,0,5,0,S, 	(30-MAY-2025 15:47:55)
2,13 , 2,0,5,0,S, 	(30-MAY-2025 15:47:55)
2,13 , 2,0,5,0,S, 	(30-MAY-2025 15:47:55)
2,13 , 2,0,5,0,S, 	(30-MAY-2025 15:47:55)
2,13 , 2,0,5,0,S, 	(30-MAY-2025 15:47:55)
2,13 , 2,0,5,0,S, 	(30-MAY-2025 15:47:55)
2,13 , 2,0,5,0,S, 	(30-MAY-2025 15:47:55)
2,13 , 2,0,5,0,S, 	(30-MAY-2025 15:47:55)
2,13 , 2,0,5,0,S, 	(30-MAY-2025 15:47:55)
2,13 , 2,0,5,0,S, 	(30-MAY-2025 15:47:55)
2,13 , 2,0,5,0,S, 	(30-MAY-2025 15:47:55)
2,13 , 2,0,5,0,S, 	(30-MAY-2025 15:47:55)
2,13 , 2,0,5,0,S, 	(30-MAY-2025 15:47:55)
2,13 , 2,0,5,0,S, 	(30-MAY-2025 15:47:55)
2,13 , 2,0,5,0,S, 	(30-MAY-2025 15:47:55)
2,13 , 2,0,5,0,S, 	(30-MAY-2025 15:47:55)
2,13 , 2,0,5,0,S, 	(30-MAY-2025 15:47:55)
2,13 , 2,0,5,0,S, 	(30-MAY-2025 15:47:55)
2,13 , 2,0,5,0,S, 	(30-MAY-2025 15:47:55)
2,13 , 2,0,5,0,S, 	(30-MAY-2025 15:47:55)
2,13 , 2,0,5,0,S, 	(30-MAY-2025 15:47:55)
2,13 , 2,0,5,0,S, 	(30-MAY-2025 15:47:55)
2,13 , 2,0,5,0,S, 	(30-MAY-2025 15:47:55)
2,13 , 2,0,5,0,S, 	(30-MAY-2025 15:47:55)
2,13 , 2,0,5,0,S, 	(30-MAY-2025 15:47:55)
2,13 , 2,0,5,0,S, 	(30-MAY-2025 15:47:55)
2,13 , 2,0,5,0,S, 	(30-MAY-2025 15:47:55)
2,13 , 2,0,5,0,S, 	(30-MAY-2025 15:47:55)
2,13 , 2,0,5,0,S, 	(30-MAY-2025 15:47:55)
2,13 , 2,0,5,0,S, 	(30-MAY-2025 15:47:55)
2,13 , 2,0,5,0,S, 	(30-MAY-2025 15:47:55)
2,13 , 2,0,5,0,S, 	(30-MAY-2025 15:47:55)
2,13 , 2,0,5,0,S, 	(30-MAY-2025 15:47:55)
2,13 , 2,0,5,0,S, 	(30-MAY-2025 15:47:55)
2,13 , 2,0,5,0,S, 	(30-MAY-2025 15:47:55)
2,13 , 2,0,5,0,S, 	(30-MAY-2025 15:47:55)
2,13 , 2,0,5,0,S, 	(30-MAY-2025 15:47:55)
2,13 , 2,0,5,0,S, 	(30-MAY-2025 15:47:55)
2,13 , 2,0,5,0,S, 	(30-MAY-2025 15:47:55)
2,13 , 2,0,5,0,S, 	(30-MAY-2025 15:47:55)
2,13 , 2,0,5,0,S, 	(30-MAY-2025 15:47:55)
2,13 , 2,0,5,0,S, 	(30-MAY-2025 15:47:55)
2,13 , 2,0,5,0,S, 	(30-MAY-2025 15:47:55)
2,13 , 2,0,5,0,S, 	(30-MAY-2025 15:47:55)
2,13 , 2,0,5,0,S, 	(30-MAY-2025 15:47:55)
2,13 , 2,0,5,0,S, 	(30-MAY-2025 15:47:55)
2,13 , 2,0,2,0,S, 	(30-MAY-2025 15:47:55)
2,13 , 2,0,2,0,S, 	(30-MAY-2025 15:47:55)
2,13 , 2,0,2,0,S, 	(30-MAY-2025 15:47:55)
2,13 , 2,0,2,0,S, 	(30-MAY-2025 15:47:55)
2,13 , 2,0,2,0,S, 	(30-MAY-2025 15:47:55)
2,13 , 2,0,2,0,S, 	(30-MAY-2025 15:47:55)
2,13 , 2,0,2,0,S, 	(30-MAY-2025 15:47:55)
2,13 , 2,0,2,0,S, 	(30-MAY-2025 15:47:55)
2,13 , 2,0,2,0,S, 	(30-MAY-2025 15:47:55)
2,13 , 2,0,2,0,S, 	(30-MAY-2025 15:47:55)
2,13 , 2,0,2,0,S, 	(30-MAY-2025 15:47:55)
2,13 , 2,0,2,0,S, 	(30-MAY-2025 15:47:55)
2,13 , 2,0,2,0,S, 	(30-MAY-2025 15:47:55)
2,13 , 2,0,2,0,S, 	(30-MAY-2025 15:47:55)
2,13 , 2,0,2,0,S, 	(30-MAY-2025 15:47:55)
2,13 , 2,0,2,0,S, 	(30-MAY-2025 15:47:55)
2,13 , 2,0,2,0,S, 	(30-MAY-2025 15:47:55)
2,13 , 2,0,2,0,S, 	(30-MAY-2025 15:47:55)
2,13 , 2,0,2,0,S, 	(30-MAY-2025 15:47:55)
2,13 , 2,0,2,0,S, 	(30-MAY-2025 15:47:55)
2,13 , 2,0,2,0,S, 	(30-MAY-2025 15:47:55)
2,13 , 2,0,2,0,S, 	(30-MAY-2025 15:47:55)
2,13 , 2,0,2,0,S, 	(30-MAY-2025 15:47:55)
2,13 , 2,0,2,0,S, 	(30-MAY-2025 15:47:55)
2,13 , 2,0,2,0,S, 	(30-MAY-2025 15:47:55)
2,13 , 2,0,2,0,S, 	(30-MAY-2025 15:47:55)
2,13 , 2,0,2,0,S, 	(30-MAY-2025 15:47:55)
2,13 , 2,0,2,0,S, 	(30-MAY-2025 15:47:55)
2,13 , 2,0,2,0,S, 	(30-MAY-2025 15:47:55)
2,13 , 2,0,2,0,S, 	(30-MAY-2025 15:47:55)
2,13 , 2,0,4,0,S, 	(30-MAY-2025 15:47:55)
2,13 , 2,0,4,0,S, 	(30-MAY-2025 15:47:55)
2,13 , 2,0,4,0,S, 	(30-MAY-2025 15:47:55)
2,13 , 2,0,4,0,S, 	(30-MAY-2025 15:47:55)
2,13 , 2,0,4,0,S, 	(30-MAY-2025 15:47:55)
2,13 , 2,0,4,0,S, 	(30-MAY-2025 15:47:55)
2,13 , 2,0,4,0,S, 	(30-MAY-2025 15:47:55)
2,13 , 2,0,4,0,S, 	(30-MAY-2025 15:47:55)
2,13 , 2,0,4,0,S, 	(30-MAY-2025 15:47:55)
2,13 , 2,0,4,0,S, 	(30-MAY-2025 15:47:55)
2,13 , 2,0,4,0,S, 	(30-MAY-2025 15:47:55)
2,13 , 2,0,4,0,S, 	(30-MAY-2025 15:47:55)
2,13 , 2,0,4,0,S, 	(30-MAY-2025 15:47:55)
2,13 , 2,0,4,0,S, 	(30-MAY-2025 15:47:55)
2,13 , 2,0,4,0,S, 	(30-MAY-2025 15:47:55)
2,13 , 2,0,4,0,S, 	(30-MAY-2025 15:47:55)
2,13 , 2,0,4,0,S, 	(30-MAY-2025 15:47:55)
2,13 , 2,0,4,0,S, 	(30-MAY-2025 15:47:55)
2,13 , 2,0,4,0,S, 	(30-MAY-2025 15:47:55)
2,13 , 2,0,4,0,S, 	(30-MAY-2025 15:47:55)
2,13 , 2,0,4,0,S, 	(30-MAY-2025 15:47:55)
2,13 , 2,0,4,0,S, 	(30-MAY-2025 15:47:55)
2,13 , 2,0,4,0,S, 	(30-MAY-2025 15:47:55)
2,13 , 2,0,4,0,S, 	(30-MAY-2025 15:47:55)
2,13 , 2,0,4,0,S, 	(30-MAY-2025 15:47:55)
2,13 , 2,0,4,0,S, 	(30-MAY-2025 15:47:55)
2,13 , 2,0,4,0,S, 	(30-MAY-2025 15:47:55)
2,13 , 2,0,4,0,S, 	(30-MAY-2025 15:47:55)
2,13 , 2,0,4,0,S, 	(30-MAY-2025 15:47:55)
2,13 , 2,0,4,0,S, 	(30-MAY-2025 15:47:55)
2,13 , 2,0,4,0,S, 	(30-MAY-2025 15:47:55)
2,13 , 2,0,4,0,S, 	(30-MAY-2025 15:47:55)
2,13 , 2,0,4,0,S, 	(30-MAY-2025 15:47:55)
2,13 , 2,0,4,0,S, 	(30-MAY-2025 15:47:55)
2,13 , 2,0,4,0,S, 	(30-MAY-2025 15:47:55)
2,13 , 2,0,4,0,S, 	(30-MAY-2025 15:47:55)
2,13 , 2,0,4,0,S, 	(30-MAY-2025 15:47:55)
2,13 , 2,0,4,0,S, 	(30-MAY-2025 15:47:55)
2,13 , 2,0,4,0,S, 	(30-MAY-2025 15:47:55)
2,13 , 2,0,4,0,S, 	(30-MAY-2025 15:47:55)
2,13 , 2,0,4,0,S, 	(30-MAY-2025 15:47:55)
2,13 , 2,0,4,0,S, 	(30-MAY-2025 15:47:55)
2,13 , 2,0,4,0,S, 	(30-MAY-2025 15:47:55)
2,13 , 2,0,4,0,S, 	(30-MAY-2025 15:47:55)
2,13 , 2,0,4,0,S, 	(30-MAY-2025 15:47:55)
2,13 , 2,0,4,0,S, 	(30-MAY-2025 15:47:55)
2,13 , 2,0,4,0,S, 	(30-MAY-2025 15:47:55)
2,13 , 2,0,4,0,S, 	(30-MAY-2025 15:47:55)
2,13 , 2,0,4,0,S, 	(30-MAY-2025 15:47:55)
2,13 , 2,0,4,0,S, 	(30-MAY-2025 15:47:55)
2,13 , 2,0,4,0,S, 	(30-MAY-2025 15:47:55)
2,13 , 2,0,4,0,S, 	(30-MAY-2025 15:47:55)
2,13 , 2,0,4,0,S, 	(30-MAY-2025 15:47:55)
2,13 , 2,0,4,0,S, 	(30-MAY-2025 15:47:55)
2,13 , 2,0,4,0,S, 	(30-MAY-2025 15:47:55)
2,13 , 2,0,4,0,S, 	(30-MAY-2025 15:47:55)
2,13 , 2,0,4,0,S, 	(30-MAY-2025 15:47:55)
2,13 , 2,0,4,0,S, 	(30-MAY-2025 15:47:55)
2,13 , 2,0,4,0,S, 	(30-MAY-2025 15:47:55)
2,13 , 2,0,4,0,S, 	(30-MAY-2025 15:47:55)
2,13 , 2,0,4,0,S, 	(30-MAY-2025 15:47:55)
2,13 , 2,0,4,0,S, 	(30-MAY-2025 15:47:55)
2,13 , 2,0,4,0,S, 	(30-MAY-2025 15:47:55)
2,13 , 2,0,4,0,S, 	(30-MAY-2025 15:47:55)
2,13 , 2,0,4,0,S, 	(30-MAY-2025 15:47:55)
2,13 , 2,0,4,0,S, 	(30-MAY-2025 15:47:55)
2,13 , 2,0,4,0,S, 	(30-MAY-2025 15:47:55)
2,13 , 2,0,4,0,S, 	(30-MAY-2025 15:47:55)
2,13 , 2,0,4,0,S, 	(30-MAY-2025 15:47:55)
2,13 , 2,0,4,0,S, 	(30-MAY-2025 15:47:55)
2,13 , 2,0,4,0,S, 	(30-MAY-2025 15:47:55)
2,13 , 2,0,4,0,S, 	(30-MAY-2025 15:47:55)
2,13 , 2,0,4,0,S, 	(30-MAY-2025 15:47:55)
2,13 , 2,0,4,0,S, 	(30-MAY-2025 15:47:55)
2,13 , 2,0,4,0,S, 	(30-MAY-2025 15:47:55)
2,13 , 2,0,4,0,S, 	(30-MAY-2025 15:47:55)
2,13 , 1,0,1,0,S, 	(30-MAY-2025 15:47:55)
2,13 , 1,0,1,0,S, 	(30-MAY-2025 15:47:55)
2,13 , 1,0,1,0,S, 	(30-MAY-2025 15:47:55)
2,13 , 1,0,1,0,S, 	(30-MAY-2025 15:47:55)
2,13 , 1,0,1,0,S, 	(30-MAY-2025 15:47:55)
2,13 , 1,0,1,0,S, 	(30-MAY-2025 15:47:55)
2,13 , 1,0,1,0,S, 	(30-MAY-2025 15:47:55)
2,13 , 1,0,1,0,S, 	(30-MAY-2025 15:47:55)
2,13 , 1,0,1,0,S, 	(30-MAY-2025 15:47:55)
2,13 , 1,0,1,0,S, 	(30-MAY-2025 15:47:55)
2,13 , 1,0,1,0,S, 	(30-MAY-2025 15:47:55)
2,13 , 1,0,1,0,S, 	(30-MAY-2025 15:47:55)
2,13 , 1,0,1,0,S, 	(30-MAY-2025 15:47:55)
2,13 , 1,0,1,0,S, 	(30-MAY-2025 15:47:55)
2,13 , 1,0,1,0,S, 	(30-MAY-2025 15:47:55)
2,13 , 1,0,3,1,S, 	(30-MAY-2025 15:47:55)
2,13 , 1,0,3,1,S, 	(30-MAY-2025 15:47:55)
2,13 , 1,0,3,1,S, 	(30-MAY-2025 15:47:55)
2,13 , 1,0,3,1,S, 	(30-MAY-2025 15:47:55)
2,13 , 1,0,3,1,S, 	(30-MAY-2025 15:47:55)
2,13 , 1,0,3,1,S, 	(30-MAY-2025 15:47:55)
2,13 , 1,0,3,1,S, 	(30-MAY-2025 15:47:55)
2,13 , 1,0,3,1,S, 	(30-MAY-2025 15:47:55)
2,13 , 1,0,3,1,S, 	(30-MAY-2025 15:47:55)
2,13 , 1,0,3,1,S, 	(30-MAY-2025 15:47:55)
2,13 , 1,0,3,1,S, 	(30-MAY-2025 15:47:55)
2,13 , 1,0,3,1,S, 	(30-MAY-2025 15:47:55)
2,13 , 1,0,3,1,S, 	(30-MAY-2025 15:47:55)
2,13 , 1,0,3,1,S, 	(30-MAY-2025 15:47:55)
2,13 , 1,0,3,1,S, 	(30-MAY-2025 15:47:55)
2,13 , 1,0,3,1,S, 	(30-MAY-2025 15:47:55)
2,13 , 2,0,2,1,S, 	(30-MAY-2025 15:47:55)
2,13 , 2,0,2,1,S, 	(30-MAY-2025 15:47:55)
2,13 , 2,0,2,1,S, 	(30-MAY-2025 15:47:55)
2,13 , 2,0,2,1,S, 	(30-MAY-2025 15:47:55)
2,13 , 2,0,2,1,S, 	(30-MAY-2025 15:47:55)
2,13 , 2,0,2,1,S, 	(30-MAY-2025 15:47:55)
2,13 , 2,0,2,1,S, 	(30-MAY-2025 15:47:55)
2,13 , 2,0,2,1,S, 	(30-MAY-2025 15:47:55)
2,13 , 2,0,2,1,S, 	(30-MAY-2025 15:47:55)
2,13 , 2,0,2,1,S, 	(30-MAY-2025 15:47:55)
2,13 , 2,0,2,1,S, 	(30-MAY-2025 15:47:55)
2,13 , 1,0,2,0,S, 	(30-MAY-2025 15:47:55)
2,13 , 1,0,2,0,S, 	(30-MAY-2025 15:47:55)
2,13 , 1,0,2,0,S, 	(30-MAY-2025 15:47:55)
2,13 , 1,0,2,0,S, 	(30-MAY-2025 15:47:55)
2,13 , 1,0,2,0,S, 	(30-MAY-2025 15:47:55)
2,13 , 1,0,2,0,S, 	(30-MAY-2025 15:47:55)
2,13 , 1,0,2,0,S, 	(30-MAY-2025 15:47:55)
2,13 , 1,0,2,0,S, 	(30-MAY-2025 15:47:55)
2,13 , 1,0,2,0,S, 	(30-MAY-2025 15:47:55)
2,13 , 1,0,2,0,S, 	(30-MAY-2025 15:47:55)
2,13 , 1,0,2,0,S, 	(30-MAY-2025 15:47:55)
2,13 , 1,0,2,0,S, 	(30-MAY-2025 15:47:55)
2,13 , 1,0,2,0,S, 	(30-MAY-2025 15:47:55)
2,13 , 1,0,2,0,S, 	(30-MAY-2025 15:47:55)
2,13 , 1,0,2,0,S, 	(30-MAY-2025 15:47:55)
2,13 , 1,0,2,0,S, 	(30-MAY-2025 15:47:55)
2,13 , 1,0,2,0,S, 	(30-MAY-2025 15:47:55)
2,13 , 1,0,2,0,S, 	(30-MAY-2025 15:47:55)
2,13 , 1,0,2,0,S, 	(30-MAY-2025 15:47:55)
2,13 , 1,0,2,0,S, 	(30-MAY-2025 15:47:55)
2,13 , 1,0,2,0,S, 	(30-MAY-2025 15:47:55)
2,13 , 1,0,2,0,S, 	(30-MAY-2025 15:47:55)
2,13 , 1,0,2,0,S, 	(30-MAY-2025 15:47:55)
2,13 , 1,0,2,0,S, 	(30-MAY-2025 15:47:55)
2,13 , 1,0,2,0,S, 	(30-MAY-2025 15:47:55)
2,13 , 1,0,2,0,S, 	(30-MAY-2025 15:47:55)
2,13 , 1,0,2,0,S, 	(30-MAY-2025 15:47:55)
2,13 , 1,0,2,0,S, 	(30-MAY-2025 15:47:55)
2,13 , 1,0,1,1,S, 	(30-MAY-2025 15:47:55)
2,13 , 1,0,1,1,S, 	(30-MAY-2025 15:47:55)
2,13 , 1,0,1,1,S, 	(30-MAY-2025 15:47:55)
2,13 , 1,0,1,1,S, 	(30-MAY-2025 15:47:55)
2,13 , 1,0,1,1,S, 	(30-MAY-2025 15:47:55)
2,13 , 1,0,1,1,S, 	(30-MAY-2025 15:47:55)
2,13 , 1,0,1,1,S, 	(30-MAY-2025 15:47:55)
2,13 , 1,0,1,1,S, 	(30-MAY-2025 15:47:55)
2,13 , 1,0,1,1,S, 	(30-MAY-2025 15:47:55)
2,13 , 1,0,1,1,S, 	(30-MAY-2025 15:47:55)
2,13 , 1,0,1,1,S, 	(30-MAY-2025 15:47:55)
2,13 , 1,0,1,1,S, 	(30-MAY-2025 15:47:55)
2,13 , 1,0,1,1,S, 	(30-MAY-2025 15:47:55)
2,13 , 1,0,1,1,S, 	(30-MAY-2025 15:47:55)
2,13 , 1,0,1,1,S, 	(30-MAY-2025 15:47:55)
2,13 , 1,0,1,1,S, 	(30-MAY-2025 15:47:55)
2,13 , 2,0,7,0,S, 	(30-MAY-2025 15:47:55)
2,13 , 2,0,7,0,S, 	(30-MAY-2025 15:47:55)
2,13 , 2,0,7,0,S, 	(30-MAY-2025 15:47:55)
2,13 , 2,0,7,0,S, 	(30-MAY-2025 15:47:55)
2,13 , 2,0,7,0,S, 	(30-MAY-2025 15:47:55)
2,13 , 2,0,7,0,S, 	(30-MAY-2025 15:47:55)
2,13 , 2,0,7,0,S, 	(30-MAY-2025 15:47:55)
2,13 , 2,0,7,0,S, 	(30-MAY-2025 15:47:55)
2,13 , 2,0,7,0,S, 	(30-MAY-2025 15:47:55)
2,13 , 2,0,7,0,S, 	(30-MAY-2025 15:47:55)
2,13 , 2,0,7,0,S, 	(30-MAY-2025 15:47:55)
2,13 , 2,0,7,0,S, 	(30-MAY-2025 15:47:55)
2,13 , 2,0,7,0,S, 	(30-MAY-2025 15:47:55)
2,13 , 2,0,7,0,S, 	(30-MAY-2025 15:47:55)
2,13 , 2,0,7,0,S, 	(30-MAY-2025 15:47:55)
2,13 , 2,0,7,0,S, 	(30-MAY-2025 15:47:55)
2,13 , 2,0,7,0,S, 	(30-MAY-2025 15:47:55)
2,13 , 2,0,7,0,S, 	(30-MAY-2025 15:47:55)
2,13 , 2,0,7,0,S, 	(30-MAY-2025 15:47:55)
2,13 , 2,0,7,0,S, 	(30-MAY-2025 15:47:55)
2,13 , 2,0,7,0,S, 	(30-MAY-2025 15:47:55)
2,13 , 2,0,7,0,S, 	(30-MAY-2025 15:47:55)
2,13 , 2,0,7,0,S, 	(30-MAY-2025 15:47:55)
2,13 , 2,0,7,0,S, 	(30-MAY-2025 15:47:55)
2,13 , 2,0,7,0,S, 	(30-MAY-2025 15:47:55)
2,13 , 2,0,7,0,S, 	(30-MAY-2025 15:47:55)
2,13 , 2,0,7,0,S, 	(30-MAY-2025 15:47:55)
2,13 , 2,0,7,0,S, 	(30-MAY-2025 15:47:56)
2,13 , 2,0,7,0,S, 	(30-MAY-2025 15:47:56)
2,13 , 2,0,7,0,S, 	(30-MAY-2025 15:47:56)
2,13 , 2,0,7,0,S, 	(30-MAY-2025 15:47:56)
2,13 , 2,0,7,0,S, 	(30-MAY-2025 15:47:56)
2,13 , 2,0,7,0,S, 	(30-MAY-2025 15:47:56)
2,13 , 2,0,7,0,S, 	(30-MAY-2025 15:47:56)
2,13 , 2,0,7,0,S, 	(30-MAY-2025 15:47:56)
2,13 , 2,0,7,0,S, 	(30-MAY-2025 15:47:56)
2,13 , 2,0,7,0,S, 	(30-MAY-2025 15:47:56)
2,13 , 2,0,7,0,S, 	(30-MAY-2025 15:47:56)
2,13 , 2,0,7,0,S, 	(30-MAY-2025 15:47:56)
2,13 , 2,0,7,0,S, 	(30-MAY-2025 15:47:56)
2,13 , 2,0,7,0,S, 	(30-MAY-2025 15:47:56)
2,13 , 2,0,7,0,S, 	(30-MAY-2025 15:47:56)
2,13 , 2,0,7,0,S, 	(30-MAY-2025 15:47:56)
2,13 , 2,0,7,0,S, 	(30-MAY-2025 15:47:56)
2,13 , 2,0,7,0,S, 	(30-MAY-2025 15:47:56)
2,13 , 2,0,7,0,S, 	(30-MAY-2025 15:47:56)
2,13 , 2,0,7,0,S, 	(30-MAY-2025 15:47:56)
2,13 , 2,0,7,0,S, 	(30-MAY-2025 15:47:56)
2,13 , 2,0,7,0,S, 	(30-MAY-2025 15:47:56)
2,13 , 2,0,7,0,S, 	(30-MAY-2025 15:47:56)
2,13 , 2,0,7,0,S, 	(30-MAY-2025 15:47:56)
2,13 , 2,0,7,0,S, 	(30-MAY-2025 15:47:56)
2,13 , 2,0,7,0,S, 	(30-MAY-2025 15:47:56)
2,13 , 2,0,7,0,S, 	(30-MAY-2025 15:47:56)
2,13 , 2,0,7,0,S, 	(30-MAY-2025 15:47:56)
2,13 , 2,0,7,0,S, 	(30-MAY-2025 15:47:56)
2,13 , 2,0,7,0,S, 	(30-MAY-2025 15:47:56)
2,13 , 2,0,7,0,S, 	(30-MAY-2025 15:47:56)
2,13 , 2,0,7,0,S, 	(30-MAY-2025 15:47:56)
2,13 , 2,0,7,0,S, 	(30-MAY-2025 15:47:56)
2,13 , 2,0,7,0,S, 	(30-MAY-2025 15:47:56)
2,13 , 2,0,7,0,S, 	(30-MAY-2025 15:47:56)
2,13 , 2,0,7,0,S, 	(30-MAY-2025 15:47:56)
2,13 , 2,0,7,0,S, 	(30-MAY-2025 15:47:56)
2,13 , 2,0,7,0,S, 	(30-MAY-2025 15:47:56)
2,13 , 2,0,7,0,S, 	(30-MAY-2025 15:47:56)
2,13 , 2,0,7,0,S, 	(30-MAY-2025 15:47:56)
2,13 , 2,0,7,0,S, 	(30-MAY-2025 15:47:56)
2,13 , 2,0,7,0,S, 	(30-MAY-2025 15:47:56)
2,13 , 2,0,7,0,S, 	(30-MAY-2025 15:47:56)
2,13 , 2,0,7,0,S, 	(30-MAY-2025 15:47:56)
2,13 , 2,0,7,0,S, 	(30-MAY-2025 15:47:56)
2,13 , 2,0,7,0,S, 	(30-MAY-2025 15:47:56)
2,13 , 2,0,7,0,S, 	(30-MAY-2025 15:47:56)
2,13 , 2,0,7,0,S, 	(30-MAY-2025 15:47:56)
2,13 , 2,0,7,0,S, 	(30-MAY-2025 15:47:56)
2,13 , 2,0,7,0,S, 	(30-MAY-2025 15:47:56)
2,13 , 2,0,7,0,S, 	(30-MAY-2025 15:47:56)
2,13 , 2,0,7,0,S, 	(30-MAY-2025 15:47:56)
2,13 , 2,0,7,0,S, 	(30-MAY-2025 15:47:56)
2,13 , 2,0,7,0,S, 	(30-MAY-2025 15:47:56)
2,13 , 2,0,7,0,S, 	(30-MAY-2025 15:47:56)
2,13 , 2,0,7,0,S, 	(30-MAY-2025 15:47:56)
2,13 , 2,0,7,0,S, 	(30-MAY-2025 15:47:56)
2,13 , 2,0,7,0,S, 	(30-MAY-2025 15:47:56)
2,13 , 2,0,7,0,S, 	(30-MAY-2025 15:47:56)
2,13 , 2,0,7,0,S, 	(30-MAY-2025 15:47:56)
2,13 , 2,0,7,0,S, 	(30-MAY-2025 15:47:56)
2,13 , 2,0,7,0,S, 	(30-MAY-2025 15:47:56)
2,13 , 2,0,7,0,S, 	(30-MAY-2025 15:47:56)
2,13 , 2,0,7,0,S, 	(30-MAY-2025 15:47:56)
2,13 , 2,0,7,0,S, 	(30-MAY-2025 15:47:56)
2,13 , 2,0,7,0,S, 	(30-MAY-2025 15:47:56)
2,13 , 2,0,7,0,S, 	(30-MAY-2025 15:47:56)
2,13 , 2,0,7,0,S, 	(30-MAY-2025 15:47:56)
2,13 , 2,0,7,0,S, 	(30-MAY-2025 15:47:56)
2,13 , 2,0,7,0,S, 	(30-MAY-2025 15:47:56)
2,13 , 2,0,7,0,S, 	(30-MAY-2025 15:47:56)
2,13 , 2,0,7,0,S, 	(30-MAY-2025 15:47:56)
2,13 , 2,0,7,0,S, 	(30-MAY-2025 15:47:56)
2,13 , 2,0,7,0,S, 	(30-MAY-2025 15:47:56)
2,13 , 2,0,7,0,S, 	(30-MAY-2025 15:47:56)
2,13 , 2,0,7,0,S, 	(30-MAY-2025 15:47:56)
2,13 , 2,0,7,0,S, 	(30-MAY-2025 15:47:56)
2,13 , 2,0,7,0,S, 	(30-MAY-2025 15:47:56)
2,13 , 2,0,7,0,S, 	(30-MAY-2025 15:47:56)
2,13 , 2,0,7,0,S, 	(30-MAY-2025 15:47:56)
2,13 , 2,0,7,0,S, 	(30-MAY-2025 15:47:56)
2,13 , 2,0,10,0,S, 	(30-MAY-2025 15:47:56)
2,13 , 2,0,10,0,S, 	(30-MAY-2025 15:47:56)
2,13 , 2,0,10,0,S, 	(30-MAY-2025 15:47:56)
2,13 , 2,0,10,0,S, 	(30-MAY-2025 15:47:56)
2,13 , 2,0,10,0,S, 	(30-MAY-2025 15:47:56)
2,13 , 2,0,10,0,S, 	(30-MAY-2025 15:47:56)
2,13 , 2,0,10,0,S, 	(30-MAY-2025 15:47:56)
2,13 , 2,0,10,0,S, 	(30-MAY-2025 15:47:56)
2,13 , 2,0,10,0,S, 	(30-MAY-2025 15:47:56)
2,13 , 2,0,10,0,S, 	(30-MAY-2025 15:47:56)
2,13 , 2,0,10,0,S, 	(30-MAY-2025 15:47:56)
2,13 , 2,0,10,0,S, 	(30-MAY-2025 15:47:56)
2,13 , 2,0,10,0,S, 	(30-MAY-2025 15:47:56)
2,13 , 2,0,10,0,S, 	(30-MAY-2025 15:47:56)
2,13 , 2,0,10,0,S, 	(30-MAY-2025 15:47:56)
2,13 , 2,0,10,0,S, 	(30-MAY-2025 15:47:56)
2,13 , 2,0,10,0,S, 	(30-MAY-2025 15:47:56)
2,13 , 2,0,10,0,S, 	(30-MAY-2025 15:47:56)
2,13 , 2,0,10,0,S, 	(30-MAY-2025 15:47:56)
2,13 , 2,0,10,0,S, 	(30-MAY-2025 15:47:56)
2,13 , 2,0,10,0,S, 	(30-MAY-2025 15:47:56)
2,13 , 2,0,10,0,S, 	(30-MAY-2025 15:47:56)
2,13 , 2,0,10,0,S, 	(30-MAY-2025 15:47:56)
2,13 , 2,0,10,0,S, 	(30-MAY-2025 15:47:56)
2,13 , 2,0,10,0,S, 	(30-MAY-2025 15:47:56)
2,13 , 2,0,10,0,S, 	(30-MAY-2025 15:47:56)
2,13 , 2,0,10,0,S, 	(30-MAY-2025 15:47:56)
2,13 , 2,0,10,0,S, 	(30-MAY-2025 15:47:56)
2,13 , 2,0,10,0,S, 	(30-MAY-2025 15:47:56)
2,13 , 2,0,10,0,S, 	(30-MAY-2025 15:47:56)
2,13 , 2,0,10,0,S, 	(30-MAY-2025 15:47:56)
2,13 , 2,0,10,0,S, 	(30-MAY-2025 15:47:56)
2,13 , 2,0,10,0,S, 	(30-MAY-2025 15:47:56)
2,13 , 2,0,10,0,S, 	(30-MAY-2025 15:47:56)
2,13 , 2,0,10,0,S, 	(30-MAY-2025 15:47:56)
2,13 , 2,0,10,0,S, 	(30-MAY-2025 15:47:56)
2,13 , 2,0,10,0,S, 	(30-MAY-2025 15:47:56)
2,13 , 2,0,10,0,S, 	(30-MAY-2025 15:47:56)
2,13 , 2,0,10,0,S, 	(30-MAY-2025 15:47:56)
2,13 , 2,0,10,0,S, 	(30-MAY-2025 15:47:56)
2,13 , 2,0,10,0,S, 	(30-MAY-2025 15:47:56)
2,13 , 2,0,10,0,S, 	(30-MAY-2025 15:47:56)
2,13 , 2,0,10,0,S, 	(30-MAY-2025 15:47:56)
2,13 , 2,0,10,0,S, 	(30-MAY-2025 15:47:56)
2,13 , 2,0,10,0,S, 	(30-MAY-2025 15:47:56)
2,13 , 2,0,10,0,S, 	(30-MAY-2025 15:47:56)
2,13 , 2,0,10,0,S, 	(30-MAY-2025 15:47:56)
2,13 , 2,0,10,0,S, 	(30-MAY-2025 15:47:56)
2,13 , 2,0,10,0,S, 	(30-MAY-2025 15:47:56)
2,13 , 2,0,10,0,S, 	(30-MAY-2025 15:47:56)
2,13 , 2,0,10,0,S, 	(30-MAY-2025 15:47:56)
2,13 , 2,0,10,0,S, 	(30-MAY-2025 15:47:56)
2,13 , 2,0,10,0,S, 	(30-MAY-2025 15:47:56)
2,13 , 2,0,10,0,S, 	(30-MAY-2025 15:47:56)
2,13 , 2,0,10,0,S, 	(30-MAY-2025 15:47:56)
2,13 , 2,0,10,0,S, 	(30-MAY-2025 15:47:56)
2,13 , 2,0,10,0,S, 	(30-MAY-2025 15:47:56)
2,13 , 2,0,10,0,S, 	(30-MAY-2025 15:47:56)
2,13 , 2,0,10,0,S, 	(30-MAY-2025 15:47:56)
2,13 , 2,0,10,0,S, 	(30-MAY-2025 15:47:56)
2,13 , 2,0,11,1,S, 	(30-MAY-2025 15:47:56)
2,13 , 2,0,11,1,S, 	(30-MAY-2025 15:47:56)
2,13 , 2,0,11,1,S, 	(30-MAY-2025 15:47:56)
2,13 , 2,0,11,1,S, 	(30-MAY-2025 15:47:56)
2,13 , 2,0,11,1,S, 	(30-MAY-2025 15:47:56)
2,13 , 2,0,11,1,S, 	(30-MAY-2025 15:47:56)
2,13 , 2,0,11,1,S, 	(30-MAY-2025 15:47:56)
2,13 , 2,0,11,1,S, 	(30-MAY-2025 15:47:56)
2,13 , 2,0,11,1,S, 	(30-MAY-2025 15:47:56)
2,13 , 2,0,11,1,S, 	(30-MAY-2025 15:47:56)
2,13 , 2,0,11,1,S, 	(30-MAY-2025 15:47:56)
2,13 , 2,0,11,1,S, 	(30-MAY-2025 15:47:56)
2,13 , 2,0,11,1,S, 	(30-MAY-2025 15:47:56)
2,13 , 2,0,11,1,S, 	(30-MAY-2025 15:47:56)
2,13 , 2,0,11,1,S, 	(30-MAY-2025 15:47:56)
2,13 , 2,0,11,1,S, 	(30-MAY-2025 15:47:56)
2,13 , 2,0,11,1,S, 	(30-MAY-2025 15:47:56)
2,13 , 2,0,11,1,S, 	(30-MAY-2025 15:47:56)
2,13 , 2,0,11,1,S, 	(30-MAY-2025 15:47:56)
2,13 , 2,0,11,1,S, 	(30-MAY-2025 15:47:56)
2,13 , 2,0,11,1,S, 	(30-MAY-2025 15:47:56)
2,13 , 2,0,11,1,S, 	(30-MAY-2025 15:47:56)
2,13 , 2,0,11,1,S, 	(30-MAY-2025 15:47:56)
2,13 , 2,0,11,1,S, 	(30-MAY-2025 15:47:56)
2,13 , 2,0,11,1,S, 	(30-MAY-2025 15:47:56)
2,13 , 2,0,11,1,S, 	(30-MAY-2025 15:47:56)
2,13 , 2,0,11,1,S, 	(30-MAY-2025 15:47:56)
2,13 , 2,0,11,1,S, 	(30-MAY-2025 15:47:56)
2,13 , 2,0,11,1,S, 	(30-MAY-2025 15:47:56)
2,13 , 2,0,11,1,S, 	(30-MAY-2025 15:47:56)
2,13 , 2,0,11,1,S, 	(30-MAY-2025 15:47:56)
2,13 , 2,0,11,1,S, 	(30-MAY-2025 15:47:56)
2,13 , 2,0,11,1,S, 	(30-MAY-2025 15:47:56)
2,13 , 2,0,11,1,S, 	(30-MAY-2025 15:47:56)
2,13 , 2,0,11,1,S, 	(30-MAY-2025 15:47:56)
2,13 , 2,0,11,1,S, 	(30-MAY-2025 15:47:56)
2,13 , 2,0,11,1,S, 	(30-MAY-2025 15:47:56)
2,13 , 2,0,11,1,S, 	(30-MAY-2025 15:47:56)
2,13 , 2,0,11,1,S, 	(30-MAY-2025 15:47:56)
2,13 , 2,0,11,1,S, 	(30-MAY-2025 15:47:56)
2,13 , 2,0,11,1,S, 	(30-MAY-2025 15:47:56)
2,13 , 2,0,11,1,S, 	(30-MAY-2025 15:47:56)
2,13 , 2,0,11,1,S, 	(30-MAY-2025 15:47:56)
2,13 , 2,0,11,1,S, 	(30-MAY-2025 15:47:56)
2,13 , 2,0,11,1,S, 	(30-MAY-2025 15:47:56)
2,13 , 2,0,11,1,S, 	(30-MAY-2025 15:47:56)
2,13 , 2,0,11,1,S, 	(30-MAY-2025 15:47:56)
2,13 , 2,0,11,1,S, 	(30-MAY-2025 15:47:56)
2,13 , 2,0,12,0,S, 	(30-MAY-2025 15:47:56)
2,13 , 2,0,12,0,S, 	(30-MAY-2025 15:47:56)
2,13 , 2,0,12,0,S, 	(30-MAY-2025 15:47:56)
2,13 , 2,0,12,0,S, 	(30-MAY-2025 15:47:56)
2,13 , 2,0,12,0,S, 	(30-MAY-2025 15:47:56)
2,13 , 2,0,12,0,S, 	(30-MAY-2025 15:47:56)
2,13 , 2,0,12,0,S, 	(30-MAY-2025 15:47:56)
2,13 , 2,0,12,0,S, 	(30-MAY-2025 15:47:56)
2,13 , 2,0,12,0,S, 	(30-MAY-2025 15:47:56)
2,13 , 2,0,12,0,S, 	(30-MAY-2025 15:47:56)
2,13 , 2,0,12,0,S, 	(30-MAY-2025 15:47:56)
2,13 , 2,0,12,0,S, 	(30-MAY-2025 15:47:56)
2,13 , 2,0,12,0,S, 	(30-MAY-2025 15:47:56)
2,13 , 2,0,12,0,S, 	(30-MAY-2025 15:47:56)
2,13 , 2,0,12,0,S, 	(30-MAY-2025 15:47:56)
2,13 , 2,0,12,0,S, 	(30-MAY-2025 15:47:56)
2,13 , 2,0,12,0,S, 	(30-MAY-2025 15:47:56)
2,13 , 2,0,12,0,S, 	(30-MAY-2025 15:47:56)
2,13 , 2,0,12,0,S, 	(30-MAY-2025 15:47:56)
2,13 , 2,0,12,0,S, 	(30-MAY-2025 15:47:56)
2,13 , 2,0,12,0,S, 	(30-MAY-2025 15:47:56)
2,13 , 2,0,12,0,S, 	(30-MAY-2025 15:47:56)
2,13 , 2,0,12,0,S, 	(30-MAY-2025 15:47:56)
2,13 , 2,0,12,0,S, 	(30-MAY-2025 15:47:56)
2,13 , 2,0,12,0,S, 	(30-MAY-2025 15:47:56)
2,13 , 2,0,12,0,S, 	(30-MAY-2025 15:47:56)
2,13 , 2,0,12,0,S, 	(30-MAY-2025 15:47:56)
2,13 , 2,0,12,0,S, 	(30-MAY-2025 15:47:56)
2,13 , 2,0,12,0,S, 	(30-MAY-2025 15:47:56)
2,13 , 2,0,12,0,S, 	(30-MAY-2025 15:47:56)
2,13 , 2,0,12,0,S, 	(30-MAY-2025 15:47:56)
2,13 , 2,0,12,0,S, 	(30-MAY-2025 15:47:56)
2,13 , 2,0,12,0,S, 	(30-MAY-2025 15:47:56)
2,13 , 2,0,12,0,S, 	(30-MAY-2025 15:47:56)
2,13 , 2,0,12,0,S, 	(30-MAY-2025 15:47:56)
2,13 , 2,0,12,0,S, 	(30-MAY-2025 15:47:56)
2,13 , 2,0,12,0,S, 	(30-MAY-2025 15:47:56)
2,13 , 2,0,12,0,S, 	(30-MAY-2025 15:47:56)
2,13 , 2,0,12,0,S, 	(30-MAY-2025 15:47:56)
2,13 , 2,0,12,0,S, 	(30-MAY-2025 15:47:56)
2,13 , 2,0,12,0,S, 	(30-MAY-2025 15:47:56)
2,13 , 2,0,12,0,S, 	(30-MAY-2025 15:47:56)
2,13 , 2,0,12,0,S, 	(30-MAY-2025 15:47:56)
2,13 , 2,0,12,0,S, 	(30-MAY-2025 15:47:56)
2,13 , 2,0,12,0,S, 	(30-MAY-2025 15:47:56)
2,13 , 2,0,12,0,S, 	(30-MAY-2025 15:47:56)
2,13 , 2,0,12,0,S, 	(30-MAY-2025 15:47:56)
2,13 , 2,0,12,0,S, 	(30-MAY-2025 15:47:56)
2,13 , 2,0,12,0,S, 	(30-MAY-2025 15:47:56)
2,13 , 2,0,12,0,S, 	(30-MAY-2025 15:47:56)
2,13 , 2,0,12,0,S, 	(30-MAY-2025 15:47:56)
2,13 , 2,0,12,0,S, 	(30-MAY-2025 15:47:56)
2,13 , 2,0,12,0,S, 	(30-MAY-2025 15:47:56)
2,13 , 2,0,12,0,S, 	(30-MAY-2025 15:47:56)
2,13 , 2,0,12,0,S, 	(30-MAY-2025 15:47:56)
2,13 , 2,0,12,0,S, 	(30-MAY-2025 15:47:56)
2,13 , 2,0,12,0,S, 	(30-MAY-2025 15:47:56)
2,13 , 2,0,12,0,S, 	(30-MAY-2025 15:47:56)
2,13 , 2,0,12,0,S, 	(30-MAY-2025 15:47:56)
2,13 , 2,0,12,0,S, 	(30-MAY-2025 15:47:56)
2,13 , 2,0,12,0,S, 	(30-MAY-2025 15:47:56)
2,13 , 2,0,12,0,S, 	(30-MAY-2025 15:47:56)
2,13 , 2,0,12,0,S, 	(30-MAY-2025 15:47:56)
2,13 , 2,0,12,0,S, 	(30-MAY-2025 15:47:56)
2,13 , 2,0,12,0,S, 	(30-MAY-2025 15:47:56)
2,13 , 2,0,12,0,S, 	(30-MAY-2025 15:47:56)
2,13 , 2,0,12,0,S, 	(30-MAY-2025 15:47:56)
2,13 , 2,0,12,0,S, 	(30-MAY-2025 15:47:56)
2,13 , 2,0,12,0,S, 	(30-MAY-2025 15:47:56)
2,13 , 2,0,12,0,S, 	(30-MAY-2025 15:47:56)
2,13 , 2,0,12,0,S, 	(30-MAY-2025 15:47:56)
2,13 , 2,0,12,0,S, 	(30-MAY-2025 15:47:56)
2,13 , 2,0,12,0,S, 	(30-MAY-2025 15:47:56)
2,13 , 2,0,12,0,S, 	(30-MAY-2025 15:47:56)
2,13 , 2,0,12,0,S, 	(30-MAY-2025 15:47:56)
2,13 , 2,0,12,0,S, 	(30-MAY-2025 15:47:56)
2,13 , 2,0,12,0,S, 	(30-MAY-2025 15:47:56)
2,13 , 2,0,12,0,S, 	(30-MAY-2025 15:47:56)
2,13 , 2,0,12,0,S, 	(30-MAY-2025 15:47:56)
2,13 , 2,0,12,0,S, 	(30-MAY-2025 15:47:56)
2,13 , 2,0,12,0,S, 	(30-MAY-2025 15:47:56)
2,13 , 2,0,12,0,S, 	(30-MAY-2025 15:47:56)
2,13 , 2,0,12,0,S, 	(30-MAY-2025 15:47:56)
2,13 , 2,0,12,0,S, 	(30-MAY-2025 15:47:56)
2,13 , 2,0,12,0,S, 	(30-MAY-2025 15:47:56)
2,13 , 2,0,12,0,S, 	(30-MAY-2025 15:47:56)
2,13 , 2,0,12,0,S, 	(30-MAY-2025 15:47:56)
2,13 , 2,0,12,0,S, 	(30-MAY-2025 15:47:56)
2,13 , 2,0,12,0,S, 	(30-MAY-2025 15:47:56)
2,13 , 2,0,12,0,S, 	(30-MAY-2025 15:47:56)
2,13 , 2,0,12,0,S, 	(30-MAY-2025 15:47:56)
2,13 , 2,0,12,0,S, 	(30-MAY-2025 15:47:56)
2,13 , 2,0,12,0,S, 	(30-MAY-2025 15:47:56)
2,13 , 2,0,14,0,S, 	(30-MAY-2025 15:47:56)
2,13 , 2,0,14,0,S, 	(30-MAY-2025 15:47:56)
2,13 , 2,0,14,0,S, 	(30-MAY-2025 15:47:56)
2,13 , 2,0,14,0,S, 	(30-MAY-2025 15:47:56)
2,13 , 2,0,14,0,S, 	(30-MAY-2025 15:47:56)
2,13 , 2,0,14,0,S, 	(30-MAY-2025 15:47:56)
2,13 , 2,0,14,0,S, 	(30-MAY-2025 15:47:56)
2,13 , 2,0,14,0,S, 	(30-MAY-2025 15:47:56)
2,13 , 2,0,14,0,S, 	(30-MAY-2025 15:47:56)
2,13 , 2,0,14,0,S, 	(30-MAY-2025 15:47:56)
2,13 , 2,0,8,1,S, 	(30-MAY-2025 15:47:56)
2,13 , 2,0,8,1,S, 	(30-MAY-2025 15:47:56)
2,13 , 2,0,8,1,S, 	(30-MAY-2025 15:47:56)
2,13 , 2,0,8,1,S, 	(30-MAY-2025 15:47:56)
2,13 , 2,0,8,1,S, 	(30-MAY-2025 15:47:56)
2,13 , 2,0,8,1,S, 	(30-MAY-2025 15:47:56)
2,13 , 2,0,8,1,S, 	(30-MAY-2025 15:47:56)
2,13 , 2,0,8,1,S, 	(30-MAY-2025 15:47:56)
2,13 , 2,0,8,1,S, 	(30-MAY-2025 15:47:56)
2,13 , 2,0,8,1,S, 	(30-MAY-2025 15:47:56)
2,13 , 2,0,8,1,S, 	(30-MAY-2025 15:47:56)
2,13 , 2,0,8,1,S, 	(30-MAY-2025 15:47:56)
2,13 , 2,0,8,1,S, 	(30-MAY-2025 15:47:56)
2,13 , 2,0,8,1,S, 	(30-MAY-2025 15:47:56)
2,13 , 2,0,8,1,S, 	(30-MAY-2025 15:47:56)
2,13 , 2,0,8,1,S, 	(30-MAY-2025 15:47:56)
2,13 , 2,0,8,1,S, 	(30-MAY-2025 15:47:56)
2,13 , 2,0,8,1,S, 	(30-MAY-2025 15:47:56)
2,13 , 2,0,8,1,S, 	(30-MAY-2025 15:47:56)
2,13 , 2,0,8,1,S, 	(30-MAY-2025 15:47:56)
2,13 , 2,0,8,1,S, 	(30-MAY-2025 15:47:56)
2,13 , 2,0,8,1,S, 	(30-MAY-2025 15:47:56)
2,13 , 2,0,8,1,S, 	(30-MAY-2025 15:47:56)
2,13 , 2,0,8,1,S, 	(30-MAY-2025 15:47:56)
2,13 , 2,0,8,1,S, 	(30-MAY-2025 15:47:56)
2,13 , 2,0,8,1,S, 	(30-MAY-2025 15:47:56)
2,13 , 2,0,8,1,S, 	(30-MAY-2025 15:47:56)
2,13 , 2,0,8,1,S, 	(30-MAY-2025 15:47:56)
2,13 , 2,0,8,1,S, 	(30-MAY-2025 15:47:56)
2,13 , 2,0,8,1,S, 	(30-MAY-2025 15:47:56)
2,13 , 2,0,9,0,S, 	(30-MAY-2025 15:47:56)
2,13 , 2,0,9,0,S, 	(30-MAY-2025 15:47:56)
2,13 , 2,0,9,0,S, 	(30-MAY-2025 15:47:56)
2,13 , 2,0,9,0,S, 	(30-MAY-2025 15:47:56)
2,13 , 2,0,9,0,S, 	(30-MAY-2025 15:47:56)
2,13 , 2,0,9,0,S, 	(30-MAY-2025 15:47:56)
2,13 , 2,0,9,0,S, 	(30-MAY-2025 15:47:56)
2,13 , 2,0,9,0,S, 	(30-MAY-2025 15:47:56)
2,13 , 2,0,9,0,S, 	(30-MAY-2025 15:47:56)
2,13 , 2,0,9,0,S, 	(30-MAY-2025 15:47:56)
2,13 , 2,0,9,0,S, 	(30-MAY-2025 15:47:56)
2,13 , 2,0,9,0,S, 	(30-MAY-2025 15:47:56)
2,13 , 2,0,9,0,S, 	(30-MAY-2025 15:47:56)
2,13 , 2,0,9,0,S, 	(30-MAY-2025 15:47:56)
2,13 , 2,0,9,0,S, 	(30-MAY-2025 15:47:56)
2,13 , 2,0,9,0,S, 	(30-MAY-2025 15:47:56)
2,13 , 2,0,9,0,S, 	(30-MAY-2025 15:47:56)
2,13 , 2,0,9,0,S, 	(30-MAY-2025 15:47:56)
2,13 , 2,0,9,0,S, 	(30-MAY-2025 15:47:56)
2,13 , 2,0,9,0,S, 	(30-MAY-2025 15:47:56)
2,13 , 2,0,9,0,S, 	(30-MAY-2025 15:47:56)
2,13 , 2,0,9,0,S, 	(30-MAY-2025 15:47:56)
2,13 , 2,0,9,0,S, 	(30-MAY-2025 15:47:56)
2,13 , 2,0,9,0,S, 	(30-MAY-2025 15:47:56)
2,13 , 2,0,9,0,S, 	(30-MAY-2025 15:47:56)
2,13 , 2,0,9,0,S, 	(30-MAY-2025 15:47:56)
2,13 , 2,0,9,0,S, 	(30-MAY-2025 15:47:56)
2,13 , 2,0,9,0,S, 	(30-MAY-2025 15:47:56)
2,13 , 2,0,9,0,S, 	(30-MAY-2025 15:47:56)
2,13 , 2,0,9,0,S, 	(30-MAY-2025 15:47:56)
2,13 , 2,0,9,0,S, 	(30-MAY-2025 15:47:56)
2,13 , 2,0,9,0,S, 	(30-MAY-2025 15:47:56)
2,13 , 2,0,9,0,S, 	(30-MAY-2025 15:47:56)
2,13 , 2,0,9,0,S, 	(30-MAY-2025 15:47:56)
2,13 , 2,0,9,0,S, 	(30-MAY-2025 15:47:56)
2,13 , 2,0,9,0,S, 	(30-MAY-2025 15:47:56)
2,13 , 2,0,9,0,S, 	(30-MAY-2025 15:47:56)
2,13 , 2,0,9,0,S, 	(30-MAY-2025 15:47:56)
2,13 , 2,0,9,0,S, 	(30-MAY-2025 15:47:56)
2,13 , 2,0,9,0,S, 	(30-MAY-2025 15:47:56)
2,13 , 2,0,9,0,S, 	(30-MAY-2025 15:47:56)
2,13 , 2,0,9,0,S, 	(30-MAY-2025 15:47:56)
2,13 , 2,0,9,0,S, 	(30-MAY-2025 15:47:56)
2,13 , 2,0,9,0,S, 	(30-MAY-2025 15:47:56)
2,13 , 2,0,9,0,S, 	(30-MAY-2025 15:47:56)
2,13 , 2,0,9,0,S, 	(30-MAY-2025 15:47:56)
2,13 , 2,0,9,0,S, 	(30-MAY-2025 15:47:56)
2,13 , 2,0,9,0,S, 	(30-MAY-2025 15:47:56)
2,13 , 2,0,9,0,S, 	(30-MAY-2025 15:47:56)
2,13 , 2,0,9,0,S, 	(30-MAY-2025 15:47:56)
2,13 , 2,0,9,0,S, 	(30-MAY-2025 15:47:56)
2,13 , 2,0,9,0,S, 	(30-MAY-2025 15:47:56)
2,13 , 2,0,9,0,S, 	(30-MAY-2025 15:47:56)
2,13 , 2,0,9,0,S, 	(30-MAY-2025 15:47:56)
2,13 , 2,0,9,0,S, 	(30-MAY-2025 15:47:56)
2,13 , 2,0,9,0,S, 	(30-MAY-2025 15:47:56)
2,13 , 2,0,9,0,S, 	(30-MAY-2025 15:47:56)
2,13 , 2,0,9,0,S, 	(30-MAY-2025 15:47:56)
2,13 , 2,0,9,0,S, 	(30-MAY-2025 15:47:56)
2,13 , 2,0,9,0,S, 	(30-MAY-2025 15:47:56)
2,13 , 2,0,9,0,S, 	(30-MAY-2025 15:47:56)
2,13 , 2,0,9,0,S, 	(30-MAY-2025 15:47:56)
2,13 , 2,0,11,0,S, 	(30-MAY-2025 15:47:56)
2,13 , 2,0,11,0,S, 	(30-MAY-2025 15:47:56)
2,13 , 2,0,11,0,S, 	(30-MAY-2025 15:47:56)
2,13 , 2,0,11,0,S, 	(30-MAY-2025 15:47:56)
2,13 , 2,0,11,0,S, 	(30-MAY-2025 15:47:56)
2,13 , 2,0,11,0,S, 	(30-MAY-2025 15:47:56)
2,13 , 2,0,11,0,S, 	(30-MAY-2025 15:47:56)
2,13 , 2,0,11,0,S, 	(30-MAY-2025 15:47:56)
2,13 , 2,0,11,0,S, 	(30-MAY-2025 15:47:56)
2,13 , 2,0,11,0,S, 	(30-MAY-2025 15:47:56)
2,13 , 2,0,11,0,S, 	(30-MAY-2025 15:47:56)
2,13 , 2,0,11,0,S, 	(30-MAY-2025 15:47:56)
2,13 , 2,0,11,0,S, 	(30-MAY-2025 15:47:56)
2,13 , 2,0,11,0,S, 	(30-MAY-2025 15:47:56)
2,13 , 2,0,11,0,S, 	(30-MAY-2025 15:47:56)
2,13 , 2,0,11,0,S, 	(30-MAY-2025 15:47:56)
2,13 , 2,0,11,0,S, 	(30-MAY-2025 15:47:56)
2,13 , 2,0,11,0,S, 	(30-MAY-2025 15:47:56)
2,13 , 2,0,11,0,S, 	(30-MAY-2025 15:47:56)
2,13 , 2,0,11,0,S, 	(30-MAY-2025 15:47:56)
2,13 , 2,0,11,0,S, 	(30-MAY-2025 15:47:56)
2,13 , 2,0,11,0,S, 	(30-MAY-2025 15:47:56)
2,13 , 2,0,11,0,S, 	(30-MAY-2025 15:47:56)
2,13 , 2,0,11,0,S, 	(30-MAY-2025 15:47:56)
2,13 , 2,0,11,0,S, 	(30-MAY-2025 15:47:56)
2,13 , 2,0,11,0,S, 	(30-MAY-2025 15:47:56)
2,13 , 2,0,11,0,S, 	(30-MAY-2025 15:47:56)
2,13 , 2,0,11,0,S, 	(30-MAY-2025 15:47:56)
2,13 , 2,0,11,0,S, 	(30-MAY-2025 15:47:56)
2,13 , 2,0,11,0,S, 	(30-MAY-2025 15:47:56)
2,13 , 2,0,11,0,S, 	(30-MAY-2025 15:47:56)
2,13 , 2,0,11,0,S, 	(30-MAY-2025 15:47:56)
2,13 , 2,0,11,0,S, 	(30-MAY-2025 15:47:56)
2,13 , 2,0,11,0,S, 	(30-MAY-2025 15:47:56)
2,13 , 2,0,11,0,S, 	(30-MAY-2025 15:47:56)
2,13 , 2,0,11,0,S, 	(30-MAY-2025 15:47:56)
2,13 , 2,0,11,0,S, 	(30-MAY-2025 15:47:56)
2,13 , 2,0,11,0,S, 	(30-MAY-2025 15:47:56)
2,13 , 2,0,11,0,S, 	(30-MAY-2025 15:47:56)
2,13 , 2,0,11,0,S, 	(30-MAY-2025 15:47:56)
2,13 , 2,0,11,0,S, 	(30-MAY-2025 15:47:56)
2,13 , 2,0,11,0,S, 	(30-MAY-2025 15:47:56)
2,13 , 2,0,11,0,S, 	(30-MAY-2025 15:47:56)
2,13 , 2,0,11,0,S, 	(30-MAY-2025 15:47:56)
2,13 , 2,0,11,0,S, 	(30-MAY-2025 15:47:56)
2,13 , 2,0,6,0,S, 	(30-MAY-2025 15:47:56)
2,13 , 2,0,6,0,S, 	(30-MAY-2025 15:47:56)
2,13 , 2,0,6,0,S, 	(30-MAY-2025 15:47:56)
2,13 , 2,0,6,0,S, 	(30-MAY-2025 15:47:56)
2,13 , 2,0,6,0,S, 	(30-MAY-2025 15:47:56)
2,13 , 2,0,6,0,S, 	(30-MAY-2025 15:47:56)
2,13 , 2,0,6,0,S, 	(30-MAY-2025 15:47:56)
2,13 , 2,0,6,0,S, 	(30-MAY-2025 15:47:56)
2,13 , 2,0,6,0,S, 	(30-MAY-2025 15:47:56)
2,13 , 2,0,6,0,S, 	(30-MAY-2025 15:47:56)
2,13 , 2,0,6,0,S, 	(30-MAY-2025 15:47:56)
2,13 , 2,0,6,0,S, 	(30-MAY-2025 15:47:56)
2,13 , 2,0,6,0,S, 	(30-MAY-2025 15:47:56)
2,13 , 2,0,6,0,S, 	(30-MAY-2025 15:47:56)
2,13 , 2,0,6,0,S, 	(30-MAY-2025 15:47:56)
2,13 , 2,0,6,0,S, 	(30-MAY-2025 15:47:56)
2,13 , 2,0,6,0,S, 	(30-MAY-2025 15:47:56)
2,13 , 2,0,6,0,S, 	(30-MAY-2025 15:47:56)
2,13 , 2,0,6,0,S, 	(30-MAY-2025 15:47:56)
2,13 , 2,0,6,0,S, 	(30-MAY-2025 15:47:56)
2,13 , 2,0,6,0,S, 	(30-MAY-2025 15:47:56)
2,13 , 2,0,6,0,S, 	(30-MAY-2025 15:47:56)
2,13 , 2,0,6,0,S, 	(30-MAY-2025 15:47:56)
2,13 , 2,0,6,0,S, 	(30-MAY-2025 15:47:56)
2,13 , 2,0,6,0,S, 	(30-MAY-2025 15:47:56)
2,13 , 2,0,6,0,S, 	(30-MAY-2025 15:47:56)
2,13 , 2,0,6,0,S, 	(30-MAY-2025 15:47:56)
2,13 , 2,0,6,0,S, 	(30-MAY-2025 15:47:56)
2,13 , 2,0,6,0,S, 	(30-MAY-2025 15:47:56)
2,13 , 2,0,6,0,S, 	(30-MAY-2025 15:47:56)
2,13 , 2,0,6,0,S, 	(30-MAY-2025 15:47:56)
2,13 , 2,0,6,0,S, 	(30-MAY-2025 15:47:56)
2,13 , 2,0,6,0,S, 	(30-MAY-2025 15:47:56)
2,13 , 2,0,6,0,S, 	(30-MAY-2025 15:47:56)
2,13 , 2,0,6,0,S, 	(30-MAY-2025 15:47:56)
2,13 , 2,0,6,0,S, 	(30-MAY-2025 15:47:56)
2,13 , 2,0,6,0,S, 	(30-MAY-2025 15:47:56)
2,13 , 2,0,6,0,S, 	(30-MAY-2025 15:47:56)
2,13 , 2,0,6,0,S, 	(30-MAY-2025 15:47:56)
2,13 , 2,0,6,0,S, 	(30-MAY-2025 15:47:56)
2,13 , 2,0,6,0,S, 	(30-MAY-2025 15:47:56)
2,13 , 2,0,6,0,S, 	(30-MAY-2025 15:47:56)
2,13 , 2,0,6,0,S, 	(30-MAY-2025 15:47:56)
2,13 , 2,0,6,0,S, 	(30-MAY-2025 15:47:56)
2,13 , 2,0,6,0,S, 	(30-MAY-2025 15:47:56)
2,13 , 2,0,6,0,S, 	(30-MAY-2025 15:47:56)
2,13 , 2,0,6,0,S, 	(30-MAY-2025 15:47:56)
2,13 , 2,0,6,0,S, 	(30-MAY-2025 15:47:56)
2,13 , 2,0,6,0,S, 	(30-MAY-2025 15:47:56)
2,13 , 2,0,6,0,S, 	(30-MAY-2025 15:47:56)
2,13 , 2,0,6,0,S, 	(30-MAY-2025 15:47:56)
2,13 , 2,0,6,0,S, 	(30-MAY-2025 15:47:56)
2,13 , 2,0,6,0,S, 	(30-MAY-2025 15:47:56)
2,13 , 2,0,6,0,S, 	(30-MAY-2025 15:47:56)
2,13 , 2,0,6,0,S, 	(30-MAY-2025 15:47:56)
2,13 , 2,0,6,0,S, 	(30-MAY-2025 15:47:56)
2,13 , 2,0,6,0,S, 	(30-MAY-2025 15:47:56)
2,13 , 2,0,6,0,S, 	(30-MAY-2025 15:47:56)
2,13 , 2,0,6,0,S, 	(30-MAY-2025 15:47:56)
2,13 , 2,0,6,0,S, 	(30-MAY-2025 15:47:56)
2,13 , 2,0,6,0,S, 	(30-MAY-2025 15:47:56)
2,13 , 2,0,6,0,S, 	(30-MAY-2025 15:47:56)
2,13 , 2,0,6,0,S, 	(30-MAY-2025 15:47:56)
2,13 , 2,0,6,0,S, 	(30-MAY-2025 15:47:56)
2,13 , 2,0,6,0,S, 	(30-MAY-2025 15:47:56)
2,13 , 2,0,6,0,S, 	(30-MAY-2025 15:47:56)
2,13 , 2,0,6,0,S, 	(30-MAY-2025 15:47:56)
2,13 , 2,0,6,0,S, 	(30-MAY-2025 15:47:56)
2,13 , 2,0,6,0,S, 	(30-MAY-2025 15:47:56)
2,13 , 2,0,6,0,S, 	(30-MAY-2025 15:47:56)
2,13 , 2,0,6,0,S, 	(30-MAY-2025 15:47:56)
2,13 , 2,0,6,0,S, 	(30-MAY-2025 15:47:56)
2,13 , 2,0,6,0,S, 	(30-MAY-2025 15:47:56)
2,13 , 2,0,6,0,S, 	(30-MAY-2025 15:47:56)
2,13 , 2,0,6,0,S, 	(30-MAY-2025 15:47:56)
2,13 , 2,0,6,0,S, 	(30-MAY-2025 15:47:56)
2,13 , 2,0,6,0,S, 	(30-MAY-2025 15:47:56)
2,13 , 2,0,6,0,S, 	(30-MAY-2025 15:47:56)
2,13 , 2,0,6,0,S, 	(30-MAY-2025 15:47:56)
2,13 , 2,0,6,0,S, 	(30-MAY-2025 15:47:56)
2,13 , 2,0,6,0,S, 	(30-MAY-2025 15:47:56)
2,13 , 2,0,6,0,S, 	(30-MAY-2025 15:47:56)
2,13 , 2,0,6,0,S, 	(30-MAY-2025 15:47:56)
2,13 , 2,0,6,0,S, 	(30-MAY-2025 15:47:56)
2,13 , 2,0,6,0,S, 	(30-MAY-2025 15:47:56)
2,13 , 2,0,6,0,S, 	(30-MAY-2025 15:47:56)
2,13 , 2,0,6,0,S, 	(30-MAY-2025 15:47:56)
2,13 , 2,0,15,0,S, 	(30-MAY-2025 15:47:56)
2,13 , 2,0,15,0,S, 	(30-MAY-2025 15:47:56)
2,13 , 2,0,15,0,S, 	(30-MAY-2025 15:47:56)
2,13 , 2,0,15,0,S, 	(30-MAY-2025 15:47:56)
2,13 , 2,0,15,0,S, 	(30-MAY-2025 15:47:56)
2,13 , 2,0,15,0,S, 	(30-MAY-2025 15:47:56)
2,13 , 2,0,15,0,S, 	(30-MAY-2025 15:47:56)
2,13 , 2,0,15,0,S, 	(30-MAY-2025 15:47:56)
2,13 , 2,0,15,0,S, 	(30-MAY-2025 15:47:56)
2,13 , 2,0,15,0,S, 	(30-MAY-2025 15:47:56)
2,13 , 2,0,15,0,S, 	(30-MAY-2025 15:47:56)
2,13 , 2,0,15,0,S, 	(30-MAY-2025 15:47:56)
2,13 , 2,0,15,0,S, 	(30-MAY-2025 15:47:56)
2,13 , 2,0,15,0,S, 	(30-MAY-2025 15:47:56)
2,13 , 2,0,15,0,S, 	(30-MAY-2025 15:47:56)
2,13 , 2,0,15,0,S, 	(30-MAY-2025 15:47:56)
2,13 , 2,0,15,0,S, 	(30-MAY-2025 15:47:56)
2,13 , 2,0,15,0,S, 	(30-MAY-2025 15:47:56)
2,13 , 2,0,15,0,S, 	(30-MAY-2025 15:47:56)
2,13 , 2,0,15,0,S, 	(30-MAY-2025 15:47:56)
2,13 , 2,0,15,0,S, 	(30-MAY-2025 15:47:56)
2,13 , 2,0,15,0,S, 	(30-MAY-2025 15:47:56)
2,13 , 2,0,15,0,S, 	(30-MAY-2025 15:47:56)
2,13 , 2,0,15,0,S, 	(30-MAY-2025 15:47:56)
2,13 , 2,0,15,0,S, 	(30-MAY-2025 15:47:56)
2,13 , 2,0,15,0,S, 	(30-MAY-2025 15:47:56)
2,13 , 2,0,15,0,S, 	(30-MAY-2025 15:47:56)
2,13 , 2,0,15,0,S, 	(30-MAY-2025 15:47:56)
2,13 , 2,0,15,0,S, 	(30-MAY-2025 15:47:56)
2,13 , 2,0,15,0,S, 	(30-MAY-2025 15:47:56)
2,13 , 2,0,15,0,S, 	(30-MAY-2025 15:47:56)
2,13 , 2,0,15,0,S, 	(30-MAY-2025 15:47:56)
2,13 , 2,0,15,0,S, 	(30-MAY-2025 15:47:56)
2,13 , 2,0,15,0,S, 	(30-MAY-2025 15:47:56)
2,13 , 2,0,15,0,S, 	(30-MAY-2025 15:47:56)
2,13 , 2,0,15,0,S, 	(30-MAY-2025 15:47:56)
2,13 , 2,0,15,0,S, 	(30-MAY-2025 15:47:56)
2,13 , 2,0,15,0,S, 	(30-MAY-2025 15:47:56)
2,13 , 2,0,15,0,S, 	(30-MAY-2025 15:47:56)
2,13 , 2,0,15,0,S, 	(30-MAY-2025 15:47:56)
2,13 , 2,0,15,0,S, 	(30-MAY-2025 15:47:56)
2,13 , 2,0,15,0,S, 	(30-MAY-2025 15:47:56)
2,13 , 2,0,15,0,S, 	(30-MAY-2025 15:47:56)
2,13 , 2,0,15,0,S, 	(30-MAY-2025 15:47:56)
2,13 , 2,0,15,0,S, 	(30-MAY-2025 15:47:56)
2,13 , 2,0,18,0,S, 	(30-MAY-2025 15:47:56)
2,13 , 2,0,18,0,S, 	(30-MAY-2025 15:47:56)
2,13 , 2,0,18,0,S, 	(30-MAY-2025 15:47:56)
2,13 , 2,0,18,0,S, 	(30-MAY-2025 15:47:56)
2,13 , 2,0,18,0,S, 	(30-MAY-2025 15:47:56)
2,13 , 2,0,18,0,S, 	(30-MAY-2025 15:47:56)
2,13 , 2,0,18,0,S, 	(30-MAY-2025 15:47:56)
2,13 , 2,0,18,0,S, 	(30-MAY-2025 15:47:56)
2,13 , 2,0,18,0,S, 	(30-MAY-2025 15:47:56)
2,13 , 2,0,18,0,S, 	(30-MAY-2025 15:47:56)
2,13 , 2,0,18,0,S, 	(30-MAY-2025 15:47:56)
2,13 , 2,0,18,0,S, 	(30-MAY-2025 15:47:56)
2,13 , 2,0,18,0,S, 	(30-MAY-2025 15:47:56)
2,13 , 2,0,18,0,S, 	(30-MAY-2025 15:47:56)
2,13 , 2,0,18,0,S, 	(30-MAY-2025 15:47:56)
2,13 , 2,0,18,0,S, 	(30-MAY-2025 15:47:56)
2,13 , 2,0,18,0,S, 	(30-MAY-2025 15:47:56)
2,13 , 2,0,18,0,S, 	(30-MAY-2025 15:47:56)
2,13 , 2,0,18,0,S, 	(30-MAY-2025 15:47:56)
2,13 , 2,0,18,0,S, 	(30-MAY-2025 15:47:56)
2,13 , 2,0,18,0,S, 	(30-MAY-2025 15:47:56)
2,13 , 2,0,18,0,S, 	(30-MAY-2025 15:47:56)
2,13 , 2,0,18,0,S, 	(30-MAY-2025 15:47:56)
2,13 , 2,0,18,0,S, 	(30-MAY-2025 15:47:56)
2,13 , 2,0,18,0,S, 	(30-MAY-2025 15:47:56)
2,13 , 2,0,18,0,S, 	(30-MAY-2025 15:47:56)
2,13 , 2,0,18,0,S, 	(30-MAY-2025 15:47:56)
2,13 , 2,0,18,0,S, 	(30-MAY-2025 15:47:56)
2,13 , 2,0,18,0,S, 	(30-MAY-2025 15:47:56)
2,13 , 2,0,18,0,S, 	(30-MAY-2025 15:47:56)
2,13 , 2,0,18,0,S, 	(30-MAY-2025 15:47:56)
2,13 , 2,0,19,0,S, 	(30-MAY-2025 15:47:56)
2,13 , 2,0,19,0,S, 	(30-MAY-2025 15:47:56)
2,13 , 2,0,19,0,S, 	(30-MAY-2025 15:47:56)
2,13 , 2,0,19,0,S, 	(30-MAY-2025 15:47:56)
2,13 , 2,0,19,0,S, 	(30-MAY-2025 15:47:56)
2,13 , 2,0,19,0,S, 	(30-MAY-2025 15:47:56)
2,13 , 2,0,19,0,S, 	(30-MAY-2025 15:47:56)
2,13 , 2,0,19,0,S, 	(30-MAY-2025 15:47:56)
2,13 , 2,0,19,0,S, 	(30-MAY-2025 15:47:56)
2,13 , 2,0,19,0,S, 	(30-MAY-2025 15:47:56)
2,13 , 2,0,19,0,S, 	(30-MAY-2025 15:47:56)
2,13 , 2,0,19,0,S, 	(30-MAY-2025 15:47:57)
2,13 , 2,0,19,0,S, 	(30-MAY-2025 15:47:57)
2,13 , 2,0,19,0,S, 	(30-MAY-2025 15:47:57)
2,13 , 2,0,19,0,S, 	(30-MAY-2025 15:47:57)
2,13 , 2,0,19,0,S, 	(30-MAY-2025 15:47:57)
2,13 , 2,0,19,0,S, 	(30-MAY-2025 15:47:57)
2,13 , 2,0,19,0,S, 	(30-MAY-2025 15:47:57)
2,13 , 2,0,19,0,S, 	(30-MAY-2025 15:47:57)
2,13 , 2,0,19,0,S, 	(30-MAY-2025 15:47:57)
2,13 , 2,0,19,0,S, 	(30-MAY-2025 15:47:57)
2,13 , 2,0,19,0,S, 	(30-MAY-2025 15:47:57)
2,13 , 2,0,19,0,S, 	(30-MAY-2025 15:47:57)
2,13 , 2,0,19,0,S, 	(30-MAY-2025 15:47:57)
2,13 , 2,0,19,0,S, 	(30-MAY-2025 15:47:57)
2,13 , 2,0,19,0,S, 	(30-MAY-2025 15:47:57)
2,13 , 2,0,19,0,S, 	(30-MAY-2025 15:47:57)
2,13 , 2,0,19,0,S, 	(30-MAY-2025 15:47:57)
2,13 , 2,0,19,0,S, 	(30-MAY-2025 15:47:57)
2,13 , 2,0,19,0,S, 	(30-MAY-2025 15:47:57)
2,13 , 2,0,19,0,S, 	(30-MAY-2025 15:47:57)
2,13 , 2,0,16,0,S, 	(30-MAY-2025 15:47:57)
2,13 , 2,0,16,0,S, 	(30-MAY-2025 15:47:57)
2,13 , 2,0,16,0,S, 	(30-MAY-2025 15:47:57)
2,13 , 2,0,16,0,S, 	(30-MAY-2025 15:47:57)
2,13 , 2,0,16,0,S, 	(30-MAY-2025 15:47:57)
2,13 , 2,0,16,0,S, 	(30-MAY-2025 15:47:57)
2,13 , 2,0,16,0,S, 	(30-MAY-2025 15:47:57)
2,13 , 2,0,16,0,S, 	(30-MAY-2025 15:47:57)
2,13 , 2,0,16,0,S, 	(30-MAY-2025 15:47:57)
2,13 , 2,0,16,0,S, 	(30-MAY-2025 15:47:57)
2,13 , 2,0,16,0,S, 	(30-MAY-2025 15:47:57)
2,13 , 2,0,16,0,S, 	(30-MAY-2025 15:47:57)
2,13 , 2,0,16,0,S, 	(30-MAY-2025 15:47:57)
2,13 , 2,0,16,0,S, 	(30-MAY-2025 15:47:57)
2,13 , 2,0,16,0,S, 	(30-MAY-2025 15:47:57)
2,13 , 2,0,16,0,S, 	(30-MAY-2025 15:47:57)
2,13 , 2,0,16,0,S, 	(30-MAY-2025 15:47:57)
2,13 , 2,0,16,0,S, 	(30-MAY-2025 15:47:57)
2,13 , 2,0,16,0,S, 	(30-MAY-2025 15:47:57)
2,13 , 2,0,16,0,S, 	(30-MAY-2025 15:47:57)
2,13 , 2,0,16,0,S, 	(30-MAY-2025 15:47:57)
2,13 , 2,0,16,0,S, 	(30-MAY-2025 15:47:57)
2,13 , 2,0,16,0,S, 	(30-MAY-2025 15:47:57)
2,13 , 2,0,16,0,S, 	(30-MAY-2025 15:47:57)
2,13 , 2,0,16,0,S, 	(30-MAY-2025 15:47:57)
2,13 , 2,0,16,0,S, 	(30-MAY-2025 15:47:57)
2,13 , 2,0,16,0,S, 	(30-MAY-2025 15:47:57)
2,13 , 2,0,16,0,S, 	(30-MAY-2025 15:47:57)
2,13 , 2,0,16,0,S, 	(30-MAY-2025 15:47:57)
2,13 , 2,0,16,0,S, 	(30-MAY-2025 15:47:57)
2,13 , 2,0,16,0,S, 	(30-MAY-2025 15:47:57)
2,13 , 2,0,14,1,S, 	(30-MAY-2025 15:47:57)
2,13 , 2,0,14,1,S, 	(30-MAY-2025 15:47:57)
2,13 , 2,0,14,1,S, 	(30-MAY-2025 15:47:57)
2,13 , 2,0,14,1,S, 	(30-MAY-2025 15:47:57)
2,13 , 2,0,14,1,S, 	(30-MAY-2025 15:47:57)
2,13 , 2,0,14,1,S, 	(30-MAY-2025 15:47:57)
2,13 , 2,0,14,1,S, 	(30-MAY-2025 15:47:57)
2,13 , 2,0,14,1,S, 	(30-MAY-2025 15:47:57)
2,13 , 2,0,13,1,S, 	(30-MAY-2025 15:47:57)
2,13 , 2,0,13,1,S, 	(30-MAY-2025 15:47:57)
2,13 , 2,0,13,1,S, 	(30-MAY-2025 15:47:57)
2,13 , 2,0,13,1,S, 	(30-MAY-2025 15:47:57)
2,13 , 2,0,13,1,S, 	(30-MAY-2025 15:47:57)
2,13 , 2,0,13,1,S, 	(30-MAY-2025 15:47:57)
2,13 , 2,0,13,1,S, 	(30-MAY-2025 15:47:57)
2,13 , 2,0,13,1,S, 	(30-MAY-2025 15:47:57)
2,13 , 2,0,13,1,S, 	(30-MAY-2025 15:47:57)
2,13 , 2,0,13,1,S, 	(30-MAY-2025 15:47:57)
2,13 , 2,0,13,1,S, 	(30-MAY-2025 15:47:57)
2,13 , 2,0,13,1,S, 	(30-MAY-2025 15:47:57)
2,13 , 2,0,13,1,S, 	(30-MAY-2025 15:47:57)
2,13 , 2,0,13,1,S, 	(30-MAY-2025 15:47:57)
2,13 , 2,0,13,1,S, 	(30-MAY-2025 15:47:57)
2,13 , 2,0,13,1,S, 	(30-MAY-2025 15:47:57)
2,13 , 2,0,13,1,S, 	(30-MAY-2025 15:47:57)
2,13 , 2,0,13,1,S, 	(30-MAY-2025 15:47:57)
2,13 , 2,0,13,1,S, 	(30-MAY-2025 15:47:57)
2,13 , 2,0,13,1,S, 	(30-MAY-2025 15:47:57)
2,13 , 2,0,13,1,S, 	(30-MAY-2025 15:47:57)
2,13 , 2,0,13,1,S, 	(30-MAY-2025 15:47:57)
2,13 , 2,0,13,1,S, 	(30-MAY-2025 15:47:57)
2,13 , 2,0,13,1,S, 	(30-MAY-2025 15:47:57)
2,13 , 2,0,13,1,S, 	(30-MAY-2025 15:47:57)
2,13 , 2,0,13,1,S, 	(30-MAY-2025 15:47:57)
2,13 , 2,0,13,1,S, 	(30-MAY-2025 15:47:57)
2,13 , 2,0,13,1,S, 	(30-MAY-2025 15:47:57)
2,13 , 2,0,13,1,S, 	(30-MAY-2025 15:47:57)
2,13 , 2,0,13,1,S, 	(30-MAY-2025 15:47:57)
2,13 , 2,0,13,1,S, 	(30-MAY-2025 15:47:57)
2,13 , 2,0,13,1,S, 	(30-MAY-2025 15:47:57)
2,13 , 2,0,13,1,S, 	(30-MAY-2025 15:47:57)
2,13 , 2,0,13,1,S, 	(30-MAY-2025 15:47:57)
2,13 , 2,0,13,1,S, 	(30-MAY-2025 15:47:57)
2,13 , 2,0,13,1,S, 	(30-MAY-2025 15:47:57)
2,13 , 2,0,13,1,S, 	(30-MAY-2025 15:47:57)
2,13 , 2,0,13,1,S, 	(30-MAY-2025 15:47:57)
2,13 , 2,0,13,1,S, 	(30-MAY-2025 15:47:57)
2,13 , 2,0,13,1,S, 	(30-MAY-2025 15:47:57)
2,13 , 2,0,13,1,S, 	(30-MAY-2025 15:47:57)
2,13 , 2,0,13,1,S, 	(30-MAY-2025 15:47:57)
2,13 , 2,0,13,1,S, 	(30-MAY-2025 15:47:57)
2,13 , 2,0,13,1,S, 	(30-MAY-2025 15:47:57)
2,13 , 2,0,13,1,S, 	(30-MAY-2025 15:47:57)
2,13 , 2,0,17,0,S, 	(30-MAY-2025 15:47:57)
2,13 , 2,0,17,0,S, 	(30-MAY-2025 15:47:57)
2,13 , 2,0,17,0,S, 	(30-MAY-2025 15:47:57)
2,13 , 2,0,17,0,S, 	(30-MAY-2025 15:47:57)
2,13 , 2,0,17,0,S, 	(30-MAY-2025 15:47:57)
2,13 , 2,0,17,0,S, 	(30-MAY-2025 15:47:57)
2,13 , 2,0,17,0,S, 	(30-MAY-2025 15:47:57)
2,13 , 2,0,17,0,S, 	(30-MAY-2025 15:47:57)
2,13 , 2,0,17,0,S, 	(30-MAY-2025 15:47:57)
2,13 , 2,0,17,0,S, 	(30-MAY-2025 15:47:57)
2,13 , 2,0,17,0,S, 	(30-MAY-2025 15:47:57)
2,13 , 2,0,17,0,S, 	(30-MAY-2025 15:47:57)
2,13 , 2,0,17,0,S, 	(30-MAY-2025 15:47:57)
2,13 , 2,0,17,0,S, 	(30-MAY-2025 15:47:57)
2,13 , 2,0,17,0,S, 	(30-MAY-2025 15:47:57)
2,13 , 2,0,17,0,S, 	(30-MAY-2025 15:47:57)
2,13 , 2,0,17,0,S, 	(30-MAY-2025 15:47:57)
2,13 , 2,0,17,0,S, 	(30-MAY-2025 15:47:57)
2,13 , 2,0,17,0,S, 	(30-MAY-2025 15:47:57)
2,13 , 2,0,17,0,S, 	(30-MAY-2025 15:47:57)
2,13 , 2,0,17,0,S, 	(30-MAY-2025 15:47:57)
2,13 , 2,0,17,0,S, 	(30-MAY-2025 15:47:57)
2,13 , 2,0,17,0,S, 	(30-MAY-2025 15:47:57)
2,13 , 2,0,17,0,S, 	(30-MAY-2025 15:47:57)
2,13 , 2,0,17,0,S, 	(30-MAY-2025 15:47:57)
2,13 , 2,0,17,0,S, 	(30-MAY-2025 15:47:57)
2,13 , 2,0,17,0,S, 	(30-MAY-2025 15:47:57)
2,13 , 2,0,17,0,S, 	(30-MAY-2025 15:47:57)
2,13 , 2,0,17,0,S, 	(30-MAY-2025 15:47:57)
2,13 , 2,0,17,0,S, 	(30-MAY-2025 15:47:57)
2,13 , 2,0,17,0,S, 	(30-MAY-2025 15:47:57)
2,13 , 2,0,17,0,S, 	(30-MAY-2025 15:47:57)
2,13 , 2,0,17,0,S, 	(30-MAY-2025 15:47:57)
2,13 , 2,0,17,0,S, 	(30-MAY-2025 15:47:57)
2,13 , 2,0,17,0,S, 	(30-MAY-2025 15:47:57)
2,13 , 2,0,17,0,S, 	(30-MAY-2025 15:47:57)
2,13 , 2,0,17,0,S, 	(30-MAY-2025 15:47:57)
2,13 , 2,0,17,0,S, 	(30-MAY-2025 15:47:57)
2,13 , 2,0,17,0,S, 	(30-MAY-2025 15:47:57)
2,13 , 2,0,17,0,S, 	(30-MAY-2025 15:47:57)
2,13 , 2,0,17,0,S, 	(30-MAY-2025 15:47:57)
2,13 , 2,0,17,0,S, 	(30-MAY-2025 15:47:57)
2,13 , 2,0,17,0,S, 	(30-MAY-2025 15:47:57)
2,13 , 2,0,17,0,S, 	(30-MAY-2025 15:47:57)
2,13 , 2,0,17,0,S, 	(30-MAY-2025 15:47:57)
2,13 , 2,0,17,0,S, 	(30-MAY-2025 15:47:57)
2,13 , 2,0,17,0,S, 	(30-MAY-2025 15:47:57)
2,13 , 2,0,17,0,S, 	(30-MAY-2025 15:47:57)
2,13 , 2,0,17,0,S, 	(30-MAY-2025 15:47:57)
2,13 , 2,0,17,0,S, 	(30-MAY-2025 15:47:57)
2,13 , 2,0,17,0,S, 	(30-MAY-2025 15:47:57)
2,13 , 2,0,17,0,S, 	(30-MAY-2025 15:47:57)
2,13 , 2,0,17,0,S, 	(30-MAY-2025 15:47:57)
2,13 , 2,0,17,0,S, 	(30-MAY-2025 15:47:57)
2,13 , 2,0,17,0,S, 	(30-MAY-2025 15:47:57)
2,13 , 2,0,17,0,S, 	(30-MAY-2025 15:47:57)
2,13 , 2,0,17,0,S, 	(30-MAY-2025 15:47:57)
2,13 , 2,0,17,0,S, 	(30-MAY-2025 15:47:57)
2,13 , 2,0,17,0,S, 	(30-MAY-2025 15:47:57)
2,13 , 2,0,17,0,S, 	(30-MAY-2025 15:47:57)
2,13 , 2,0,17,0,S, 	(30-MAY-2025 15:47:57)
2,13 , 2,0,17,0,S, 	(30-MAY-2025 15:47:57)
2,13 , 0,0,122023,0,X, 	(30-MAY-2025 15:47:57)
2,13 , 0,0,122024,0,X, 	(30-MAY-2025 15:47:57)
2,13 , 0,0,123012,0,X, 	(30-MAY-2025 15:47:57)
2,13 , 0,0,123013,0,X, 	(30-MAY-2025 15:47:57)
2,13 , 0,0,122025,0,X, 	(30-MAY-2025 15:47:57)
2,13 , 0,0,122026,0,X, 	(30-MAY-2025 15:47:57)
2,13 , 0,0,122022,2,X, 	(30-MAY-2025 15:47:57)
2,13 , 0,0,123015,0,X, 	(30-MAY-2025 15:47:57)
2,13 , 0,0,123016,0,X, 	(30-MAY-2025 15:47:57)
2,13 , 0,0,123017,0,X, 	(30-MAY-2025 15:47:57)
2,13 , 0,0,123018,0,X, 	(30-MAY-2025 15:47:57)
2,13 , 0,0,123019,0,X, 	(30-MAY-2025 15:47:57)
2,13 , 0,0,123020,0,X, 	(30-MAY-2025 15:47:57)
2,13 , 0,0,122027,0,X, 	(30-MAY-2025 15:47:57)
2,13 , 0,0,122028,0,X, 	(30-MAY-2025 15:47:57)
2,13 , 0,0,122029,0,X, 	(30-MAY-2025 15:47:57)
2,13 , 0,0,122030,0,X, 	(30-MAY-2025 15:47:57)
2,13 , 0,0,122031,0,X, 	(30-MAY-2025 15:47:57)
2,13 , 0,0,123021,0,X, 	(30-MAY-2025 15:47:57)
2,13 , 0,0,123022,0,X, 	(30-MAY-2025 15:47:57)
2,13 , 0,0,122032,0,X, 	(30-MAY-2025 15:47:57)
2,13 , 0,0,122032,0,X, 	(30-MAY-2025 15:47:57)
2,13 , 0,0,122033,0,X, 	(30-MAY-2025 15:47:57)
2,13 , 0,0,122033,0,X, 	(30-MAY-2025 15:47:57)
2,13 , 0,0,122033,0,X, 	(30-MAY-2025 15:47:57)
2,13 , 0,0,122033,0,X, 	(30-MAY-2025 15:47:57)
2,13 , 0,0,122033,0,X, 	(30-MAY-2025 15:47:57)
2,13 , 0,0,122033,0,X, 	(30-MAY-2025 15:47:57)
2,13 , 0,0,122033,0,X, 	(30-MAY-2025 15:47:57)
2,13 , 0,0,122033,0,X, 	(30-MAY-2025 15:47:57)
2,13 , 0,0,122033,0,X, 	(30-MAY-2025 15:47:57)
2,13 , 0,0,122034,0,X, 	(30-MAY-2025 15:47:57)
2,13 , 0,0,122035,0,X, 	(30-MAY-2025 15:47:57)
2,13 , 0,0,122036,0,X, 	(30-MAY-2025 15:47:57)
2,13 , 0,0,122037,0,X, 	(30-MAY-2025 15:47:57)
2,13 , 0,0,122038,0,X, 	(30-MAY-2025 15:47:57)
2,13 , 0,0,122039,0,X, 	(30-MAY-2025 15:47:57)
2,13 , 0,0,122040,0,X, 	(30-MAY-2025 15:47:57)
2,13 , 0,0,122041,0,X, 	(30-MAY-2025 15:47:57)
2,13 , 0,0,122042,0,X, 	(30-MAY-2025 15:47:57)
2,13 , 0,0,123014,1,X, 	(30-MAY-2025 15:47:57)
2,13 , 0,0,122043,0,X, 	(30-MAY-2025 15:47:57)
2,13 , 0,0,122043,0,X, 	(30-MAY-2025 15:47:57)
2,13 , 0,0,122044,0,X, 	(30-MAY-2025 15:47:57)
2,13 , 0,0,122045,0,X, 	(30-MAY-2025 15:47:57)
2,13 , 0,0,122046,0,X, 	(30-MAY-2025 15:47:57)
2,13 , 0,0,122047,0,X, 	(30-MAY-2025 15:47:57)
2,13 , 0,0,122048,0,X, 	(30-MAY-2025 15:47:57)
2,13 , 0,0,122049,0,X, 	(30-MAY-2025 15:47:57)
2,13 , 0,0,123023,0,X, 	(30-MAY-2025 15:47:57)
2,13 , 0,0,123024,0,X, 	(30-MAY-2025 15:47:57)
2,13 , 0,0,124029,1,X, 	(30-MAY-2025 15:47:57)
2,13 , 0,0,124029,1,X, 	(30-MAY-2025 15:47:57)
2,13 , 0,0,124029,1,X, 	(30-MAY-2025 15:47:57)
2,13 , 0,0,124029,1,X, 	(30-MAY-2025 15:47:57)
2,13 , 0,0,124029,1,X, 	(30-MAY-2025 15:47:57)
2,13 , 0,0,124029,1,X, 	(30-MAY-2025 15:47:57)
2,13 , 0,0,124029,1,X, 	(30-MAY-2025 15:47:57)
2,13 , 0,0,124029,1,X, 	(30-MAY-2025 15:47:57)
2,13 , 0,0,124029,1,X, 	(30-MAY-2025 15:47:57)
2,13 , 0,0,124029,1,X, 	(30-MAY-2025 15:47:57)
2,13 , 0,0,124030,1,X, 	(30-MAY-2025 15:47:57)
2,13 , 0,0,124033,0,X, 	(30-MAY-2025 15:47:57)
2,13 , 0,0,124033,0,X, 	(30-MAY-2025 15:47:57)
2,13 , 0,0,124033,0,X, 	(30-MAY-2025 15:47:57)
2,13 , 0,0,124033,0,X, 	(30-MAY-2025 15:47:57)
2,13 , 0,0,124033,0,X, 	(30-MAY-2025 15:47:57)
2,13 , 0,0,124033,0,X, 	(30-MAY-2025 15:47:57)
2,13 , 0,0,124033,0,X, 	(30-MAY-2025 15:47:57)
2,13 , 0,0,124033,0,X, 	(30-MAY-2025 15:47:57)
2,13 , 0,0,124033,0,X, 	(30-MAY-2025 15:47:57)
2,13 , 0,0,124033,0,X, 	(30-MAY-2025 15:47:57)
2,13 , 0,0,124033,0,X, 	(30-MAY-2025 15:47:57)
2,13 , 0,0,124033,0,X, 	(30-MAY-2025 15:47:57)
2,13 , 0,0,124033,0,X, 	(30-MAY-2025 15:47:57)
2,13 , 0,0,124033,0,X, 	(30-MAY-2025 15:47:57)
2,13 , 0,0,124033,0,X, 	(30-MAY-2025 15:47:57)
2,13 , 0,0,124033,0,X, 	(30-MAY-2025 15:47:57)
2,13 , 0,0,124033,0,X, 	(30-MAY-2025 15:47:57)
2,13 , 0,0,124033,0,X, 	(30-MAY-2025 15:47:57)
2,13 , 0,0,124033,0,X, 	(30-MAY-2025 15:47:57)
2,13 , 0,0,124033,0,X, 	(30-MAY-2025 15:47:57)
2,13 , 0,0,124033,0,X, 	(30-MAY-2025 15:47:57)
2,13 , 0,0,124033,0,X, 	(30-MAY-2025 15:47:57)
2,13 , 0,0,124033,0,X, 	(30-MAY-2025 15:47:57)
2,13 , 0,0,124033,0,X, 	(30-MAY-2025 15:47:57)
2,13 , 0,0,124033,0,X, 	(30-MAY-2025 15:47:57)
2,13 , 0,0,124033,0,X, 	(30-MAY-2025 15:47:57)
2,13 , 0,0,124033,0,X, 	(30-MAY-2025 15:47:57)
2,13 , 0,0,124033,0,X, 	(30-MAY-2025 15:47:57)
2,13 , 0,0,124033,0,X, 	(30-MAY-2025 15:47:57)
2,13 , 0,0,124033,0,X, 	(30-MAY-2025 15:47:57)
2,13 , 0,0,124034,0,X, 	(30-MAY-2025 15:47:57)
2,13 , 0,0,124034,0,X, 	(30-MAY-2025 15:47:57)
2,13 , 0,0,124034,0,X, 	(30-MAY-2025 15:47:57)
2,13 , 0,0,124034,0,X, 	(30-MAY-2025 15:47:57)
2,13 , 0,0,124034,0,X, 	(30-MAY-2025 15:47:57)
2,13 , 0,0,124034,0,X, 	(30-MAY-2025 15:47:57)
2,13 , 0,0,124034,0,X, 	(30-MAY-2025 15:47:57)
2,13 , 0,0,124034,0,X, 	(30-MAY-2025 15:47:57)
2,13 , 0,0,124034,0,X, 	(30-MAY-2025 15:47:57)
2,13 , 0,0,124034,0,X, 	(30-MAY-2025 15:47:57)
2,13 , 0,0,124034,0,X, 	(30-MAY-2025 15:47:57)
2,13 , 0,0,124034,0,X, 	(30-MAY-2025 15:47:57)
2,13 , 0,0,124034,0,X, 	(30-MAY-2025 15:47:57)
2,13 , 0,0,124034,0,X, 	(30-MAY-2025 15:47:57)
2,13 , 0,0,124034,0,X, 	(30-MAY-2025 15:47:57)
2,13 , 0,0,124034,0,X, 	(30-MAY-2025 15:47:57)
2,13 , 0,0,124034,0,X, 	(30-MAY-2025 15:47:57)
2,13 , 0,0,124034,0,X, 	(30-MAY-2025 15:47:57)
2,13 , 0,0,124034,0,X, 	(30-MAY-2025 15:47:57)
2,13 , 0,0,124034,0,X, 	(30-MAY-2025 15:47:57)
2,13 , 0,0,124034,0,X, 	(30-MAY-2025 15:47:57)
2,13 , 0,0,124034,0,X, 	(30-MAY-2025 15:47:57)
2,13 , 0,0,124034,0,X, 	(30-MAY-2025 15:47:57)
2,13 , 0,0,124034,0,X, 	(30-MAY-2025 15:47:57)
2,13 , 0,0,124034,0,X, 	(30-MAY-2025 15:47:57)
2,13 , 0,0,124034,0,X, 	(30-MAY-2025 15:47:57)
2,13 , 0,0,124034,0,X, 	(30-MAY-2025 15:47:57)
2,13 , 0,0,124034,0,X, 	(30-MAY-2025 15:47:57)
2,13 , 0,0,124034,0,X, 	(30-MAY-2025 15:47:57)
2,13 , 0,0,124034,0,X, 	(30-MAY-2025 15:47:57)
2,13 , 0,0,124034,0,X, 	(30-MAY-2025 15:47:57)
2,13 , 0,0,124035,0,X, 	(30-MAY-2025 15:47:57)
2,13 , 0,0,124035,0,X, 	(30-MAY-2025 15:47:57)
2,13 , 0,0,124035,0,X, 	(30-MAY-2025 15:47:57)
2,13 , 0,0,124035,0,X, 	(30-MAY-2025 15:47:57)
2,13 , 0,0,124035,0,X, 	(30-MAY-2025 15:47:57)
2,13 , 0,0,124035,0,X, 	(30-MAY-2025 15:47:57)
2,13 , 0,0,124035,0,X, 	(30-MAY-2025 15:47:57)
2,13 , 0,0,124035,0,X, 	(30-MAY-2025 15:47:57)
2,13 , 0,0,124035,0,X, 	(30-MAY-2025 15:47:57)
2,13 , 0,0,124035,0,X, 	(30-MAY-2025 15:47:57)
2,13 , 0,0,124035,0,X, 	(30-MAY-2025 15:47:57)
2,13 , 0,0,124035,0,X, 	(30-MAY-2025 15:47:57)
2,13 , 0,0,124035,0,X, 	(30-MAY-2025 15:47:57)
2,13 , 0,0,124035,0,X, 	(30-MAY-2025 15:47:57)
2,13 , 0,0,124035,0,X, 	(30-MAY-2025 15:47:57)
2,13 , 0,0,124035,0,X, 	(30-MAY-2025 15:47:57)
2,13 , 0,0,124035,0,X, 	(30-MAY-2025 15:47:57)
2,13 , 0,0,124035,0,X, 	(30-MAY-2025 15:47:57)
2,13 , 0,0,124035,0,X, 	(30-MAY-2025 15:47:57)
2,13 , 0,0,124035,0,X, 	(30-MAY-2025 15:47:57)
2,13 , 0,0,124035,0,X, 	(30-MAY-2025 15:47:57)
2,13 , 0,0,124035,0,X, 	(30-MAY-2025 15:47:57)
2,13 , 0,0,124035,0,X, 	(30-MAY-2025 15:47:57)
2,13 , 0,0,124035,0,X, 	(30-MAY-2025 15:47:57)
2,13 , 0,0,124035,0,X, 	(30-MAY-2025 15:47:57)
2,13 , 0,0,124035,0,X, 	(30-MAY-2025 15:47:57)
2,13 , 0,0,124035,0,X, 	(30-MAY-2025 15:47:57)
2,13 , 0,0,124035,0,X, 	(30-MAY-2025 15:47:57)
2,13 , 0,0,124035,0,X, 	(30-MAY-2025 15:47:57)
2,13 , 0,0,124035,0,X, 	(30-MAY-2025 15:47:57)
2,13 , 0,0,124036,0,X, 	(30-MAY-2025 15:47:57)
2,13 , 0,0,124036,0,X, 	(30-MAY-2025 15:47:57)
2,13 , 0,0,124036,0,X, 	(30-MAY-2025 15:47:57)
2,13 , 0,0,124036,0,X, 	(30-MAY-2025 15:47:57)
2,13 , 0,0,124036,0,X, 	(30-MAY-2025 15:47:57)
2,13 , 0,0,124036,0,X, 	(30-MAY-2025 15:47:57)
2,13 , 0,0,124036,0,X, 	(30-MAY-2025 15:47:57)
2,13 , 0,0,124036,0,X, 	(30-MAY-2025 15:47:57)
2,13 , 0,0,124036,0,X, 	(30-MAY-2025 15:47:57)
2,13 , 0,0,124036,0,X, 	(30-MAY-2025 15:47:57)
2,13 , 0,0,124036,0,X, 	(30-MAY-2025 15:47:57)
2,13 , 0,0,124036,0,X, 	(30-MAY-2025 15:47:57)
2,13 , 0,0,124036,0,X, 	(30-MAY-2025 15:47:57)
2,13 , 0,0,124036,0,X, 	(30-MAY-2025 15:47:57)
2,13 , 0,0,124036,0,X, 	(30-MAY-2025 15:47:57)
2,13 , 0,0,124036,0,X, 	(30-MAY-2025 15:47:57)
2,13 , 0,0,124036,0,X, 	(30-MAY-2025 15:47:57)
2,13 , 0,0,124036,0,X, 	(30-MAY-2025 15:47:57)
2,13 , 0,0,124036,0,X, 	(30-MAY-2025 15:47:57)
2,13 , 0,0,124036,0,X, 	(30-MAY-2025 15:47:57)
2,13 , 0,0,124036,0,X, 	(30-MAY-2025 15:47:57)
2,13 , 0,0,124036,0,X, 	(30-MAY-2025 15:47:57)
2,13 , 0,0,124036,0,X, 	(30-MAY-2025 15:47:57)
2,13 , 0,0,124036,0,X, 	(30-MAY-2025 15:47:57)
2,13 , 0,0,124036,0,X, 	(30-MAY-2025 15:47:57)
2,13 , 0,0,124036,0,X, 	(30-MAY-2025 15:47:57)
2,13 , 0,0,124036,0,X, 	(30-MAY-2025 15:47:57)
2,13 , 0,0,124036,0,X, 	(30-MAY-2025 15:47:57)
2,13 , 0,0,124036,0,X, 	(30-MAY-2025 15:47:57)
2,13 , 0,0,124036,0,X, 	(30-MAY-2025 15:47:57)
2,13 , 0,0,124036,0,X, 	(30-MAY-2025 15:47:57)
2,13 , 0,0,124037,0,X, 	(30-MAY-2025 15:47:57)
2,13 , 0,0,124037,0,X, 	(30-MAY-2025 15:47:57)
2,13 , 0,0,124037,0,X, 	(30-MAY-2025 15:47:57)
2,13 , 0,0,124037,0,X, 	(30-MAY-2025 15:47:57)
2,13 , 0,0,124037,0,X, 	(30-MAY-2025 15:47:57)
2,13 , 0,0,124037,0,X, 	(30-MAY-2025 15:47:57)
2,13 , 0,0,124037,0,X, 	(30-MAY-2025 15:47:57)
2,13 , 0,0,124037,0,X, 	(30-MAY-2025 15:47:57)
2,13 , 0,0,124037,0,X, 	(30-MAY-2025 15:47:57)
2,13 , 0,0,124037,0,X, 	(30-MAY-2025 15:47:57)
2,13 , 0,0,124037,0,X, 	(30-MAY-2025 15:47:57)
2,13 , 0,0,124037,0,X, 	(30-MAY-2025 15:47:57)
2,13 , 0,0,124037,0,X, 	(30-MAY-2025 15:47:57)
2,13 , 0,0,124037,0,X, 	(30-MAY-2025 15:47:57)
2,13 , 0,0,124037,0,X, 	(30-MAY-2025 15:47:57)
2,13 , 0,0,124037,0,X, 	(30-MAY-2025 15:47:57)
2,13 , 0,0,124037,0,X, 	(30-MAY-2025 15:47:57)
2,13 , 0,0,124037,0,X, 	(30-MAY-2025 15:47:57)
2,13 , 0,0,124037,0,X, 	(30-MAY-2025 15:47:57)
2,13 , 0,0,124037,0,X, 	(30-MAY-2025 15:47:57)
2,13 , 0,0,124037,0,X, 	(30-MAY-2025 15:47:57)
2,13 , 0,0,124037,0,X, 	(30-MAY-2025 15:47:57)
2,13 , 0,0,124037,0,X, 	(30-MAY-2025 15:47:57)
2,13 , 0,0,124037,0,X, 	(30-MAY-2025 15:47:57)
2,13 , 0,0,124037,0,X, 	(30-MAY-2025 15:47:57)
2,13 , 0,0,124037,0,X, 	(30-MAY-2025 15:47:57)
2,13 , 0,0,124037,0,X, 	(30-MAY-2025 15:47:57)
2,13 , 0,0,124037,0,X, 	(30-MAY-2025 15:47:57)
2,13 , 0,0,124037,0,X, 	(30-MAY-2025 15:47:57)
2,13 , 0,0,124037,0,X, 	(30-MAY-2025 15:47:57)
2,13 , 0,0,124037,0,X, 	(30-MAY-2025 15:47:57)
2,13 , 0,0,124038,0,X, 	(30-MAY-2025 15:47:57)
2,13 , 0,0,124038,0,X, 	(30-MAY-2025 15:47:57)
2,13 , 0,0,124038,0,X, 	(30-MAY-2025 15:47:57)
2,13 , 0,0,124038,0,X, 	(30-MAY-2025 15:47:57)
2,13 , 0,0,124038,0,X, 	(30-MAY-2025 15:47:57)
2,13 , 0,0,124039,0,X, 	(30-MAY-2025 15:47:57)
2,13 , 0,0,124039,0,X, 	(30-MAY-2025 15:47:57)
2,13 , 0,0,124039,0,X, 	(30-MAY-2025 15:47:57)
2,13 , 0,0,124039,0,X, 	(30-MAY-2025 15:47:57)
2,13 , 0,0,124039,0,X, 	(30-MAY-2025 15:47:57)
2,13 , 0,0,124031,1,X, 	(30-MAY-2025 15:47:57)
2,13 , 0,0,124032,1,X, 	(30-MAY-2025 15:47:57)
2,14 , 1,0,2,1,S, 	(30-MAY-2025 15:47:57)
2,14 , 1,0,2,1,S, 	(30-MAY-2025 15:47:57)
2,14 , 1,0,2,1,S, 	(30-MAY-2025 15:47:57)
2,14 , 1,0,2,1,S, 	(30-MAY-2025 15:47:57)
2,14 , 1,0,2,1,S, 	(30-MAY-2025 15:47:57)
2,14 , 1,0,2,1,S, 	(30-MAY-2025 15:47:57)
2,14 , 1,0,2,1,S, 	(30-MAY-2025 15:47:57)
2,14 , 1,0,2,1,S, 	(30-MAY-2025 15:47:57)
2,14 , 1,0,2,1,S, 	(30-MAY-2025 15:47:57)
2,14 , 1,0,2,1,S, 	(30-MAY-2025 15:47:57)
2,14 , 1,0,2,1,S, 	(30-MAY-2025 15:47:57)
2,14 , 1,0,2,1,S, 	(30-MAY-2025 15:47:57)
2,14 , 1,0,2,1,S, 	(30-MAY-2025 15:47:57)
2,14 , 1,0,2,1,S, 	(30-MAY-2025 15:47:57)
2,14 , 1,0,2,1,S, 	(30-MAY-2025 15:47:57)
2,14 , 1,0,2,1,S, 	(30-MAY-2025 15:47:57)
2,14 , 1,0,2,1,S, 	(30-MAY-2025 15:47:57)
2,14 , 1,0,2,1,S, 	(30-MAY-2025 15:47:57)
2,14 , 1,0,2,1,S, 	(30-MAY-2025 15:47:57)
2,14 , 1,0,2,1,S, 	(30-MAY-2025 15:47:57)
2,14 , 1,0,2,1,S, 	(30-MAY-2025 15:47:57)
2,14 , 1,0,2,1,S, 	(30-MAY-2025 15:47:57)
2,14 , 1,0,2,1,S, 	(30-MAY-2025 15:47:57)
2,14 , 1,0,2,1,S, 	(30-MAY-2025 15:47:57)
2,14 , 1,0,2,1,S, 	(30-MAY-2025 15:47:57)
2,14 , 1,0,5,3,S, 	(30-MAY-2025 15:47:57)
2,14 , 1,0,5,3,S, 	(30-MAY-2025 15:47:57)
2,14 , 1,0,5,3,S, 	(30-MAY-2025 15:47:57)
2,14 , 1,0,5,3,S, 	(30-MAY-2025 15:47:57)
2,14 , 1,0,5,3,S, 	(30-MAY-2025 15:47:57)
2,14 , 1,0,5,3,S, 	(30-MAY-2025 15:47:57)
2,14 , 1,0,5,3,S, 	(30-MAY-2025 15:47:57)
2,14 , 1,0,5,3,S, 	(30-MAY-2025 15:47:57)
2,14 , 1,0,5,3,S, 	(30-MAY-2025 15:47:57)
2,14 , 1,0,5,3,S, 	(30-MAY-2025 15:47:57)
2,14 , 1,0,5,3,S, 	(30-MAY-2025 15:47:57)
2,14 , 1,0,5,3,S, 	(30-MAY-2025 15:47:57)
2,14 , 1,0,5,3,S, 	(30-MAY-2025 15:47:57)
2,14 , 1,0,5,3,S, 	(30-MAY-2025 15:47:57)
2,14 , 1,0,5,3,S, 	(30-MAY-2025 15:47:57)
2,14 , 1,0,5,3,S, 	(30-MAY-2025 15:47:57)
2,14 , 1,0,5,3,S, 	(30-MAY-2025 15:47:57)
2,14 , 1,0,5,3,S, 	(30-MAY-2025 15:47:57)
2,14 , 1,0,5,3,S, 	(30-MAY-2025 15:47:57)
2,14 , 1,0,5,3,S, 	(30-MAY-2025 15:47:57)
2,14 , 1,0,5,3,S, 	(30-MAY-2025 15:47:57)
2,14 , 1,0,5,3,S, 	(30-MAY-2025 15:47:57)
2,14 , 1,0,5,3,S, 	(30-MAY-2025 15:47:57)
2,14 , 1,0,5,3,S, 	(30-MAY-2025 15:47:57)
2,14 , 1,0,5,3,S, 	(30-MAY-2025 15:47:57)
2,14 , 1,0,5,3,S, 	(30-MAY-2025 15:47:57)
2,14 , 1,0,5,3,S, 	(30-MAY-2025 15:47:57)
2,14 , 1,0,5,3,S, 	(30-MAY-2025 15:47:57)
2,14 , 1,0,5,3,S, 	(30-MAY-2025 15:47:57)
2,14 , 1,0,5,3,S, 	(30-MAY-2025 15:47:57)
2,14 , 1,0,5,3,S, 	(30-MAY-2025 15:47:57)
2,14 , 1,0,5,4,S, 	(30-MAY-2025 15:47:57)
2,14 , 1,0,5,4,S, 	(30-MAY-2025 15:47:57)
2,14 , 1,0,5,4,S, 	(30-MAY-2025 15:47:57)
2,14 , 1,0,5,4,S, 	(30-MAY-2025 15:47:57)
2,14 , 1,0,5,4,S, 	(30-MAY-2025 15:47:57)
2,14 , 1,0,5,4,S, 	(30-MAY-2025 15:47:57)
2,14 , 1,0,5,4,S, 	(30-MAY-2025 15:47:57)
2,14 , 1,0,6,0,S, 	(30-MAY-2025 15:47:57)
2,14 , 1,0,6,0,S, 	(30-MAY-2025 15:47:57)
2,14 , 1,0,6,0,S, 	(30-MAY-2025 15:47:57)
2,14 , 1,0,6,0,S, 	(30-MAY-2025 15:47:57)
2,14 , 1,0,6,0,S, 	(30-MAY-2025 15:47:57)
2,14 , 1,0,6,0,S, 	(30-MAY-2025 15:47:57)
2,14 , 1,0,6,0,S, 	(30-MAY-2025 15:47:57)
2,14 , 1,0,6,0,S, 	(30-MAY-2025 15:47:57)
2,14 , 1,0,6,0,S, 	(30-MAY-2025 15:47:57)
2,14 , 1,0,6,0,S, 	(30-MAY-2025 15:47:57)
2,14 , 1,0,6,0,S, 	(30-MAY-2025 15:47:57)
2,14 , 1,0,6,0,S, 	(30-MAY-2025 15:47:57)
2,14 , 1,0,6,0,S, 	(30-MAY-2025 15:47:57)
2,14 , 1,0,6,0,S, 	(30-MAY-2025 15:47:57)
2,14 , 1,0,6,0,S, 	(30-MAY-2025 15:47:57)
2,14 , 1,0,6,0,S, 	(30-MAY-2025 15:47:57)
2,14 , 1,0,6,0,S, 	(30-MAY-2025 15:47:57)
2,14 , 1,0,6,0,S, 	(30-MAY-2025 15:47:57)
2,14 , 1,0,6,0,S, 	(30-MAY-2025 15:47:57)
2,14 , 1,0,6,0,S, 	(30-MAY-2025 15:47:57)
2,14 , 1,0,6,0,S, 	(30-MAY-2025 15:47:57)
2,14 , 1,0,6,0,S, 	(30-MAY-2025 15:47:57)
2,14 , 1,0,6,0,S, 	(30-MAY-2025 15:47:57)
2,14 , 1,0,6,0,S, 	(30-MAY-2025 15:47:57)
2,14 , 1,0,6,0,S, 	(30-MAY-2025 15:47:57)
2,14 , 1,0,6,0,S, 	(30-MAY-2025 15:47:57)
2,14 , 1,0,6,0,S, 	(30-MAY-2025 15:47:57)
2,14 , 1,0,6,0,S, 	(30-MAY-2025 15:47:57)
2,14 , 1,0,6,0,S, 	(30-MAY-2025 15:47:57)
2,14 , 1,0,6,0,S, 	(30-MAY-2025 15:47:57)
2,14 , 1,0,8,0,S, 	(30-MAY-2025 15:47:57)
2,14 , 1,0,8,0,S, 	(30-MAY-2025 15:47:57)
2,14 , 1,0,8,0,S, 	(30-MAY-2025 15:47:57)
2,14 , 1,0,8,0,S, 	(30-MAY-2025 15:47:57)
2,14 , 1,0,8,0,S, 	(30-MAY-2025 15:47:57)
2,14 , 1,0,8,0,S, 	(30-MAY-2025 15:47:57)
2,14 , 1,0,8,0,S, 	(30-MAY-2025 15:47:57)
2,14 , 1,0,8,0,S, 	(30-MAY-2025 15:47:57)
2,14 , 1,0,8,0,S, 	(30-MAY-2025 15:47:57)
2,14 , 1,0,8,0,S, 	(30-MAY-2025 15:47:57)
2,14 , 1,0,8,0,S, 	(30-MAY-2025 15:47:57)
2,14 , 1,0,8,0,S, 	(30-MAY-2025 15:47:57)
2,14 , 1,0,8,0,S, 	(30-MAY-2025 15:47:57)
2,14 , 1,0,8,0,S, 	(30-MAY-2025 15:47:57)
2,14 , 1,0,8,0,S, 	(30-MAY-2025 15:47:57)
2,14 , 1,0,8,1,S, 	(30-MAY-2025 15:47:57)
2,14 , 1,0,8,1,S, 	(30-MAY-2025 15:47:57)
2,14 , 1,0,8,1,S, 	(30-MAY-2025 15:47:57)
2,14 , 1,0,8,1,S, 	(30-MAY-2025 15:47:57)
2,14 , 1,0,8,1,S, 	(30-MAY-2025 15:47:57)
2,14 , 1,0,8,1,S, 	(30-MAY-2025 15:47:57)
2,14 , 1,0,8,1,S, 	(30-MAY-2025 15:47:57)
2,14 , 1,0,8,1,S, 	(30-MAY-2025 15:47:57)
2,14 , 1,0,8,1,S, 	(30-MAY-2025 15:47:57)
2,14 , 1,0,8,1,S, 	(30-MAY-2025 15:47:57)
2,14 , 1,0,8,1,S, 	(30-MAY-2025 15:47:57)
2,14 , 1,0,8,1,S, 	(30-MAY-2025 15:47:57)
2,14 , 1,0,8,1,S, 	(30-MAY-2025 15:47:57)
2,14 , 1,0,8,1,S, 	(30-MAY-2025 15:47:57)
2,14 , 1,0,8,1,S, 	(30-MAY-2025 15:47:57)
2,14 , 1,0,8,1,S, 	(30-MAY-2025 15:47:57)
2,14 , 1,0,10,0,S, 	(30-MAY-2025 15:47:57)
2,14 , 1,0,10,0,S, 	(30-MAY-2025 15:47:57)
2,14 , 1,0,10,0,S, 	(30-MAY-2025 15:47:57)
2,14 , 1,0,10,0,S, 	(30-MAY-2025 15:47:57)
2,14 , 1,0,10,0,S, 	(30-MAY-2025 15:47:57)
2,14 , 1,0,10,0,S, 	(30-MAY-2025 15:47:57)
2,14 , 1,0,10,0,S, 	(30-MAY-2025 15:47:57)
2,14 , 1,0,10,0,S, 	(30-MAY-2025 15:47:57)
2,14 , 1,0,10,0,S, 	(30-MAY-2025 15:47:57)
2,14 , 1,0,10,0,S, 	(30-MAY-2025 15:47:57)
2,14 , 1,0,10,0,S, 	(30-MAY-2025 15:47:57)
2,14 , 1,0,10,0,S, 	(30-MAY-2025 15:47:57)
2,14 , 1,0,10,0,S, 	(30-MAY-2025 15:47:57)
2,14 , 1,0,10,0,S, 	(30-MAY-2025 15:47:57)
2,14 , 1,0,10,0,S, 	(30-MAY-2025 15:47:57)
2,14 , 1,0,10,0,S, 	(30-MAY-2025 15:47:57)
2,14 , 1,0,10,0,S, 	(30-MAY-2025 15:47:57)
2,14 , 1,0,10,0,S, 	(30-MAY-2025 15:47:57)
2,14 , 1,0,10,0,S, 	(30-MAY-2025 15:47:57)
2,14 , 1,0,10,0,S, 	(30-MAY-2025 15:47:57)
2,14 , 1,0,10,0,S, 	(30-MAY-2025 15:47:57)
2,14 , 1,0,10,0,S, 	(30-MAY-2025 15:47:57)
2,14 , 1,0,10,0,S, 	(30-MAY-2025 15:47:57)
2,14 , 1,0,10,0,S, 	(30-MAY-2025 15:47:57)
2,14 , 1,0,10,0,S, 	(30-MAY-2025 15:47:57)
2,14 , 1,0,10,0,S, 	(30-MAY-2025 15:47:57)
2,14 , 1,0,10,0,S, 	(30-MAY-2025 15:47:57)
2,14 , 1,0,10,0,S, 	(30-MAY-2025 15:47:57)
2,14 , 1,0,10,0,S, 	(30-MAY-2025 15:47:57)
2,14 , 1,0,10,0,S, 	(30-MAY-2025 15:47:57)
2,14 , 1,0,11,0,S, 	(30-MAY-2025 15:47:57)
2,14 , 1,0,11,0,S, 	(30-MAY-2025 15:47:57)
2,14 , 1,0,11,0,S, 	(30-MAY-2025 15:47:57)
2,14 , 1,0,11,0,S, 	(30-MAY-2025 15:47:57)
2,14 , 1,0,11,0,S, 	(30-MAY-2025 15:47:57)
2,14 , 1,0,11,0,S, 	(30-MAY-2025 15:47:57)
2,14 , 1,0,11,0,S, 	(30-MAY-2025 15:47:57)
2,14 , 1,0,11,0,S, 	(30-MAY-2025 15:47:57)
2,14 , 1,0,11,0,S, 	(30-MAY-2025 15:47:57)
2,14 , 1,0,11,0,S, 	(30-MAY-2025 15:47:57)
2,14 , 1,0,11,0,S, 	(30-MAY-2025 15:47:57)
2,14 , 1,0,11,0,S, 	(30-MAY-2025 15:47:57)
2,14 , 1,0,11,0,S, 	(30-MAY-2025 15:47:57)
2,14 , 1,0,11,0,S, 	(30-MAY-2025 15:47:57)
2,14 , 1,0,11,1,S, 	(30-MAY-2025 15:47:57)
2,14 , 1,0,11,1,S, 	(30-MAY-2025 15:47:57)
2,14 , 1,0,11,1,S, 	(30-MAY-2025 15:47:57)
2,14 , 1,0,11,1,S, 	(30-MAY-2025 15:47:57)
2,14 , 1,0,11,1,S, 	(30-MAY-2025 15:47:57)
2,14 , 1,0,11,1,S, 	(30-MAY-2025 15:47:57)
2,14 , 1,0,11,1,S, 	(30-MAY-2025 15:47:57)
2,14 , 1,0,11,1,S, 	(30-MAY-2025 15:47:57)
2,14 , 1,0,11,1,S, 	(30-MAY-2025 15:47:57)
2,14 , 1,0,11,1,S, 	(30-MAY-2025 15:47:57)
2,14 , 1,0,11,1,S, 	(30-MAY-2025 15:47:57)
2,14 , 1,0,11,1,S, 	(30-MAY-2025 15:47:57)
2,14 , 1,0,11,1,S, 	(30-MAY-2025 15:47:57)
2,14 , 1,0,11,1,S, 	(30-MAY-2025 15:47:57)
2,14 , 1,0,11,1,S, 	(30-MAY-2025 15:47:57)
2,14 , 1,0,11,1,S, 	(30-MAY-2025 15:47:57)
2,14 , 1,0,11,1,S, 	(30-MAY-2025 15:47:57)
2,14 , 1,0,11,1,S, 	(30-MAY-2025 15:47:57)
2,14 , 1,0,11,1,S, 	(30-MAY-2025 15:47:57)
2,14 , 1,0,11,1,S, 	(30-MAY-2025 15:47:57)
2,14 , 1,0,11,1,S, 	(30-MAY-2025 15:47:57)
2,14 , 1,0,11,1,S, 	(30-MAY-2025 15:47:57)
2,14 , 1,0,11,1,S, 	(30-MAY-2025 15:47:57)
2,14 , 1,0,11,1,S, 	(30-MAY-2025 15:47:57)
2,14 , 1,0,11,1,S, 	(30-MAY-2025 15:47:57)
2,14 , 1,0,11,1,S, 	(30-MAY-2025 15:47:57)
2,14 , 1,0,11,1,S, 	(30-MAY-2025 15:47:58)
2,14 , 1,0,11,1,S, 	(30-MAY-2025 15:47:58)
2,14 , 1,0,11,1,S, 	(30-MAY-2025 15:47:58)
2,14 , 1,0,11,1,S, 	(30-MAY-2025 15:47:58)
2,14 , 1,0,13,0,S, 	(30-MAY-2025 15:47:58)
2,14 , 1,0,13,0,S, 	(30-MAY-2025 15:47:58)
2,14 , 1,0,13,0,S, 	(30-MAY-2025 15:47:58)
2,14 , 1,0,13,0,S, 	(30-MAY-2025 15:47:58)
2,14 , 1,0,13,0,S, 	(30-MAY-2025 15:47:58)
2,14 , 1,0,13,0,S, 	(30-MAY-2025 15:47:58)
2,14 , 1,0,13,0,S, 	(30-MAY-2025 15:47:58)
2,14 , 1,0,13,0,S, 	(30-MAY-2025 15:47:58)
2,14 , 1,0,13,0,S, 	(30-MAY-2025 15:47:58)
2,14 , 1,0,13,0,S, 	(30-MAY-2025 15:47:58)
2,14 , 1,0,13,0,S, 	(30-MAY-2025 15:47:58)
2,14 , 1,0,13,0,S, 	(30-MAY-2025 15:47:58)
2,14 , 1,0,13,0,S, 	(30-MAY-2025 15:47:58)
2,14 , 1,0,13,0,S, 	(30-MAY-2025 15:47:58)
2,14 , 1,0,13,0,S, 	(30-MAY-2025 15:47:58)
2,14 , 1,0,13,0,S, 	(30-MAY-2025 15:47:58)
2,14 , 1,0,13,0,S, 	(30-MAY-2025 15:47:58)
2,14 , 1,0,13,0,S, 	(30-MAY-2025 15:47:58)
2,14 , 1,0,13,0,S, 	(30-MAY-2025 15:47:58)
2,14 , 1,0,13,0,S, 	(30-MAY-2025 15:47:58)
2,14 , 1,0,13,0,S, 	(30-MAY-2025 15:47:58)
2,14 , 1,0,13,0,S, 	(30-MAY-2025 15:47:58)
2,14 , 1,0,13,0,S, 	(30-MAY-2025 15:47:58)
2,14 , 1,0,13,0,S, 	(30-MAY-2025 15:47:58)
2,14 , 1,0,13,0,S, 	(30-MAY-2025 15:47:58)
2,14 , 1,0,13,0,S, 	(30-MAY-2025 15:47:58)
2,14 , 1,0,13,0,S, 	(30-MAY-2025 15:47:58)
2,14 , 1,0,13,0,S, 	(30-MAY-2025 15:47:58)
2,14 , 1,0,13,0,S, 	(30-MAY-2025 15:47:58)
2,14 , 1,0,13,0,S, 	(30-MAY-2025 15:47:58)
2,14 , 1,0,13,0,S, 	(30-MAY-2025 15:47:58)
2,14 , 1,0,13,1,S, 	(30-MAY-2025 15:47:58)
2,14 , 1,0,13,1,S, 	(30-MAY-2025 15:47:58)
2,14 , 1,0,13,1,S, 	(30-MAY-2025 15:47:58)
2,14 , 1,0,13,1,S, 	(30-MAY-2025 15:47:58)
2,14 , 1,0,13,1,S, 	(30-MAY-2025 15:47:58)
2,14 , 1,0,13,1,S, 	(30-MAY-2025 15:47:58)
2,14 , 1,0,13,1,S, 	(30-MAY-2025 15:47:58)
2,14 , 1,0,13,1,S, 	(30-MAY-2025 15:47:58)
2,14 , 1,0,13,1,S, 	(30-MAY-2025 15:47:58)
2,14 , 1,0,13,1,S, 	(30-MAY-2025 15:47:58)
2,14 , 1,0,13,1,S, 	(30-MAY-2025 15:47:58)
2,14 , 1,0,13,1,S, 	(30-MAY-2025 15:47:58)
2,14 , 1,0,13,1,S, 	(30-MAY-2025 15:47:58)
2,14 , 1,0,13,1,S, 	(30-MAY-2025 15:47:58)
2,14 , 1,0,13,1,S, 	(30-MAY-2025 15:47:58)
2,14 , 1,0,7,1,S, 	(30-MAY-2025 15:47:58)
2,14 , 1,0,7,1,S, 	(30-MAY-2025 15:47:58)
2,14 , 1,0,7,1,S, 	(30-MAY-2025 15:47:58)
2,14 , 1,0,7,1,S, 	(30-MAY-2025 15:47:58)
2,14 , 1,0,7,1,S, 	(30-MAY-2025 15:47:58)
2,14 , 1,0,7,1,S, 	(30-MAY-2025 15:47:58)
2,14 , 1,0,7,1,S, 	(30-MAY-2025 15:47:58)
2,14 , 1,0,7,1,S, 	(30-MAY-2025 15:47:58)
2,14 , 1,0,7,1,S, 	(30-MAY-2025 15:47:58)
2,14 , 1,0,7,1,S, 	(30-MAY-2025 15:47:58)
2,14 , 1,0,7,1,S, 	(30-MAY-2025 15:47:58)
2,14 , 1,0,7,1,S, 	(30-MAY-2025 15:47:58)
2,14 , 1,0,7,1,S, 	(30-MAY-2025 15:47:58)
2,14 , 1,0,7,1,S, 	(30-MAY-2025 15:47:58)
2,14 , 1,0,7,1,S, 	(30-MAY-2025 15:47:58)
2,14 , 1,0,7,1,S, 	(30-MAY-2025 15:47:58)
2,14 , 1,0,9,1,S, 	(30-MAY-2025 15:47:58)
2,14 , 1,0,9,1,S, 	(30-MAY-2025 15:47:58)
2,14 , 1,0,9,1,S, 	(30-MAY-2025 15:47:58)
2,14 , 1,0,9,1,S, 	(30-MAY-2025 15:47:58)
2,14 , 1,0,9,1,S, 	(30-MAY-2025 15:47:58)
2,14 , 1,0,9,1,S, 	(30-MAY-2025 15:47:58)
2,14 , 1,0,9,1,S, 	(30-MAY-2025 15:47:58)
2,14 , 1,0,9,1,S, 	(30-MAY-2025 15:47:58)
2,14 , 1,0,9,1,S, 	(30-MAY-2025 15:47:58)
2,14 , 1,0,9,1,S, 	(30-MAY-2025 15:47:58)
2,14 , 1,0,9,1,S, 	(30-MAY-2025 15:47:58)
2,14 , 1,0,9,1,S, 	(30-MAY-2025 15:47:58)
2,14 , 1,0,9,1,S, 	(30-MAY-2025 15:47:58)
2,14 , 1,0,9,1,S, 	(30-MAY-2025 15:47:58)
2,14 , 1,0,9,1,S, 	(30-MAY-2025 15:47:58)
2,14 , 1,0,9,1,S, 	(30-MAY-2025 15:47:58)
2,14 , 1,0,12,0,S, 	(30-MAY-2025 15:47:58)
2,14 , 1,0,12,0,S, 	(30-MAY-2025 15:47:58)
2,14 , 1,0,12,0,S, 	(30-MAY-2025 15:47:58)
2,14 , 1,0,12,0,S, 	(30-MAY-2025 15:47:58)
2,14 , 1,0,12,0,S, 	(30-MAY-2025 15:47:58)
2,14 , 1,0,12,0,S, 	(30-MAY-2025 15:47:58)
2,14 , 1,0,12,0,S, 	(30-MAY-2025 15:47:58)
2,14 , 1,0,12,0,S, 	(30-MAY-2025 15:47:58)
2,14 , 1,0,12,0,S, 	(30-MAY-2025 15:47:58)
2,14 , 1,0,12,0,S, 	(30-MAY-2025 15:47:58)
2,14 , 1,0,12,0,S, 	(30-MAY-2025 15:47:58)
2,14 , 1,0,12,0,S, 	(30-MAY-2025 15:47:58)
2,14 , 1,0,12,0,S, 	(30-MAY-2025 15:47:58)
2,14 , 1,0,12,0,S, 	(30-MAY-2025 15:47:58)
2,14 , 1,0,12,0,S, 	(30-MAY-2025 15:47:58)
2,14 , 1,0,12,0,S, 	(30-MAY-2025 15:47:58)
2,14 , 1,0,12,1,S, 	(30-MAY-2025 15:47:58)
2,14 , 1,0,12,1,S, 	(30-MAY-2025 15:47:58)
2,14 , 1,0,12,1,S, 	(30-MAY-2025 15:47:58)
2,14 , 1,0,12,1,S, 	(30-MAY-2025 15:47:58)
2,14 , 1,0,12,1,S, 	(30-MAY-2025 15:47:58)
2,14 , 1,0,12,1,S, 	(30-MAY-2025 15:47:58)
2,14 , 1,0,12,1,S, 	(30-MAY-2025 15:47:58)
2,14 , 1,0,12,1,S, 	(30-MAY-2025 15:47:58)
2,14 , 1,0,12,1,S, 	(30-MAY-2025 15:47:58)
2,14 , 1,0,12,1,S, 	(30-MAY-2025 15:47:58)
2,14 , 1,0,12,1,S, 	(30-MAY-2025 15:47:58)
2,14 , 1,0,12,1,S, 	(30-MAY-2025 15:47:58)
2,14 , 1,0,12,1,S, 	(30-MAY-2025 15:47:58)
2,14 , 1,0,12,1,S, 	(30-MAY-2025 15:47:58)
2,14 , 1,0,12,1,S, 	(30-MAY-2025 15:47:58)
2,14 , 1,0,4,0,S, 	(30-MAY-2025 15:47:58)
2,14 , 1,0,4,0,S, 	(30-MAY-2025 15:47:58)
2,14 , 1,0,4,0,S, 	(30-MAY-2025 15:47:58)
2,14 , 1,0,4,0,S, 	(30-MAY-2025 15:47:58)
2,14 , 1,0,4,0,S, 	(30-MAY-2025 15:47:58)
2,14 , 1,0,4,0,S, 	(30-MAY-2025 15:47:58)
2,14 , 1,0,4,0,S, 	(30-MAY-2025 15:47:58)
2,14 , 1,0,4,0,S, 	(30-MAY-2025 15:47:58)
2,14 , 1,0,4,0,S, 	(30-MAY-2025 15:47:58)
2,14 , 1,0,4,0,S, 	(30-MAY-2025 15:47:58)
2,14 , 1,0,4,0,S, 	(30-MAY-2025 15:47:58)
2,14 , 1,0,4,0,S, 	(30-MAY-2025 15:47:58)
2,14 , 1,0,4,0,S, 	(30-MAY-2025 15:47:58)
2,14 , 1,0,4,0,S, 	(30-MAY-2025 15:47:58)
2,14 , 1,0,4,0,S, 	(30-MAY-2025 15:47:58)
2,14 , 1,0,4,0,S, 	(30-MAY-2025 15:47:58)
2,14 , 1,0,4,0,S, 	(30-MAY-2025 15:47:58)
2,14 , 1,0,4,0,S, 	(30-MAY-2025 15:47:58)
2,14 , 1,0,4,0,S, 	(30-MAY-2025 15:47:58)
2,14 , 1,0,4,0,S, 	(30-MAY-2025 15:47:58)
2,14 , 1,0,4,0,S, 	(30-MAY-2025 15:47:58)
2,14 , 1,0,4,0,S, 	(30-MAY-2025 15:47:58)
2,14 , 1,0,4,0,S, 	(30-MAY-2025 15:47:58)
2,14 , 1,0,4,0,S, 	(30-MAY-2025 15:47:58)
2,14 , 1,0,4,0,S, 	(30-MAY-2025 15:47:58)
2,14 , 1,0,4,0,S, 	(30-MAY-2025 15:47:58)
2,14 , 1,0,4,0,S, 	(30-MAY-2025 15:47:58)
2,14 , 1,0,4,0,S, 	(30-MAY-2025 15:47:58)
2,14 , 1,0,4,0,S, 	(30-MAY-2025 15:47:58)
2,14 , 1,0,4,0,S, 	(30-MAY-2025 15:47:58)
2,14 , 1,0,4,0,S, 	(30-MAY-2025 15:47:58)
2,14 , 1,0,4,0,S, 	(30-MAY-2025 15:47:58)
2,14 , 1,0,4,0,S, 	(30-MAY-2025 15:47:58)
2,14 , 1,0,4,0,S, 	(30-MAY-2025 15:47:58)
2,14 , 1,0,4,0,S, 	(30-MAY-2025 15:47:58)
2,14 , 1,0,1,0,S, 	(30-MAY-2025 15:47:58)
2,14 , 1,0,1,0,S, 	(30-MAY-2025 15:47:58)
2,14 , 1,0,1,0,S, 	(30-MAY-2025 15:47:58)
2,14 , 1,0,1,0,S, 	(30-MAY-2025 15:47:58)
2,14 , 1,0,1,0,S, 	(30-MAY-2025 15:47:58)
2,14 , 1,0,1,0,S, 	(30-MAY-2025 15:47:58)
2,14 , 1,0,1,0,S, 	(30-MAY-2025 15:47:58)
2,14 , 1,0,1,0,S, 	(30-MAY-2025 15:47:58)
2,14 , 1,0,1,0,S, 	(30-MAY-2025 15:47:58)
2,14 , 1,0,1,0,S, 	(30-MAY-2025 15:47:58)
2,14 , 1,0,1,0,S, 	(30-MAY-2025 15:47:58)
2,14 , 1,0,1,0,S, 	(30-MAY-2025 15:47:58)
2,14 , 1,0,1,0,S, 	(30-MAY-2025 15:47:58)
2,14 , 1,0,1,0,S, 	(30-MAY-2025 15:47:58)
2,14 , 1,0,1,0,S, 	(30-MAY-2025 15:47:58)
2,14 , 1,0,1,0,S, 	(30-MAY-2025 15:47:58)
2,14 , 1,0,1,0,S, 	(30-MAY-2025 15:47:58)
2,14 , 1,0,1,0,S, 	(30-MAY-2025 15:47:58)
2,14 , 1,0,1,0,S, 	(30-MAY-2025 15:47:58)
2,14 , 1,0,1,0,S, 	(30-MAY-2025 15:47:58)
2,14 , 1,0,1,0,S, 	(30-MAY-2025 15:47:58)
2,14 , 1,0,5,2,S, 	(30-MAY-2025 15:47:58)
2,14 , 1,0,5,2,S, 	(30-MAY-2025 15:47:58)
2,14 , 1,0,5,2,S, 	(30-MAY-2025 15:47:58)
2,14 , 1,0,5,2,S, 	(30-MAY-2025 15:47:58)
2,14 , 1,0,5,2,S, 	(30-MAY-2025 15:47:58)
2,14 , 1,0,5,2,S, 	(30-MAY-2025 15:47:58)
2,14 , 1,0,5,2,S, 	(30-MAY-2025 15:47:58)
2,14 , 1,0,5,2,S, 	(30-MAY-2025 15:47:58)
2,14 , 1,0,5,2,S, 	(30-MAY-2025 15:47:58)
2,14 , 1,0,5,2,S, 	(30-MAY-2025 15:47:58)
2,14 , 1,0,5,2,S, 	(30-MAY-2025 15:47:58)
2,14 , 1,0,5,2,S, 	(30-MAY-2025 15:47:58)
2,14 , 1,0,5,2,S, 	(30-MAY-2025 15:47:58)
2,14 , 1,0,5,2,S, 	(30-MAY-2025 15:47:58)
2,14 , 1,0,5,2,S, 	(30-MAY-2025 15:47:58)
2,14 , 1,0,5,2,S, 	(30-MAY-2025 15:47:58)
2,14 , 1,0,5,2,S, 	(30-MAY-2025 15:47:58)
2,14 , 1,0,5,2,S, 	(30-MAY-2025 15:47:58)
2,14 , 1,0,5,2,S, 	(30-MAY-2025 15:47:58)
2,14 , 1,0,5,2,S, 	(30-MAY-2025 15:47:58)
2,14 , 1,0,5,2,S, 	(30-MAY-2025 15:47:58)
2,14 , 1,0,5,2,S, 	(30-MAY-2025 15:47:58)
2,14 , 1,0,5,2,S, 	(30-MAY-2025 15:47:58)
2,14 , 1,0,5,2,S, 	(30-MAY-2025 15:47:58)
2,14 , 1,0,5,2,S, 	(30-MAY-2025 15:47:58)
2,14 , 1,0,5,2,S, 	(30-MAY-2025 15:47:58)
2,14 , 1,0,5,2,S, 	(30-MAY-2025 15:47:58)
2,14 , 1,0,5,2,S, 	(30-MAY-2025 15:47:58)
2,14 , 1,0,5,2,S, 	(30-MAY-2025 15:47:58)
2,14 , 1,0,5,2,S, 	(30-MAY-2025 15:47:58)
2,14 , 1,0,5,2,S, 	(30-MAY-2025 15:47:58)
2,14 , 1,0,3,0,S, 	(30-MAY-2025 15:47:58)
2,14 , 1,0,3,0,S, 	(30-MAY-2025 15:47:58)
2,14 , 1,0,3,0,S, 	(30-MAY-2025 15:47:58)
2,14 , 1,0,3,0,S, 	(30-MAY-2025 15:47:58)
2,14 , 1,0,3,0,S, 	(30-MAY-2025 15:47:58)
2,14 , 1,0,3,0,S, 	(30-MAY-2025 15:47:58)
2,14 , 1,0,3,0,S, 	(30-MAY-2025 15:47:58)
2,14 , 1,0,3,0,S, 	(30-MAY-2025 15:47:58)
2,14 , 1,0,3,0,S, 	(30-MAY-2025 15:47:58)
2,14 , 1,0,3,0,S, 	(30-MAY-2025 15:47:58)
2,14 , 1,0,3,0,S, 	(30-MAY-2025 15:47:58)
2,14 , 1,0,3,0,S, 	(30-MAY-2025 15:47:58)
2,14 , 1,0,3,0,S, 	(30-MAY-2025 15:47:58)
2,14 , 1,0,3,0,S, 	(30-MAY-2025 15:47:58)
2,14 , 1,0,3,0,S, 	(30-MAY-2025 15:47:58)
2,14 , 1,0,3,0,S, 	(30-MAY-2025 15:47:58)
2,14 , 1,0,3,0,S, 	(30-MAY-2025 15:47:58)
2,14 , 1,0,3,0,S, 	(30-MAY-2025 15:47:58)
2,14 , 1,0,3,0,S, 	(30-MAY-2025 15:47:58)
2,14 , 1,0,3,0,S, 	(30-MAY-2025 15:47:58)
2,14 , 1,0,3,0,S, 	(30-MAY-2025 15:47:58)
2,14 , 1,0,3,0,S, 	(30-MAY-2025 15:47:58)
2,14 , 1,0,3,0,S, 	(30-MAY-2025 15:47:58)
2,14 , 1,0,3,0,S, 	(30-MAY-2025 15:47:58)
2,14 , 1,0,3,0,S, 	(30-MAY-2025 15:47:58)
2,14 , 1,0,3,0,S, 	(30-MAY-2025 15:47:58)
2,14 , 1,0,3,0,S, 	(30-MAY-2025 15:47:58)
2,14 , 1,0,3,0,S, 	(30-MAY-2025 15:47:58)
2,14 , 1,0,3,0,S, 	(30-MAY-2025 15:47:58)
2,14 , 1,0,3,0,S, 	(30-MAY-2025 15:47:58)
2,14 , 1,0,3,0,S, 	(30-MAY-2025 15:47:58)
2,14 , 0,0,222015,0,L, 	(30-MAY-2025 15:47:58)
2,14 , 0,0,222015,0,L, 	(30-MAY-2025 15:47:58)
2,14 , 0,0,222015,0,L, 	(30-MAY-2025 15:47:58)
2,14 , 0,0,222015,0,L, 	(30-MAY-2025 15:47:58)
2,14 , 0,0,222015,0,L, 	(30-MAY-2025 15:47:58)
2,14 , 0,0,222015,0,L, 	(30-MAY-2025 15:47:58)
2,14 , 0,0,222015,0,L, 	(30-MAY-2025 15:47:58)
2,14 , 0,0,222015,0,L, 	(30-MAY-2025 15:47:58)
2,14 , 0,0,222015,0,L, 	(30-MAY-2025 15:47:58)
2,14 , 0,0,222015,0,L, 	(30-MAY-2025 15:47:58)
2,14 , 0,0,222015,0,L, 	(30-MAY-2025 15:47:58)
2,14 , 0,0,222015,0,L, 	(30-MAY-2025 15:47:58)
2,14 , 0,0,222015,0,L, 	(30-MAY-2025 15:47:58)
2,14 , 0,0,222015,0,L, 	(30-MAY-2025 15:47:58)
2,14 , 0,0,222015,0,L, 	(30-MAY-2025 15:47:58)
2,14 , 0,0,222015,0,L, 	(30-MAY-2025 15:47:58)
2,14 , 0,0,222015,0,L, 	(30-MAY-2025 15:47:58)
2,14 , 0,0,222015,0,L, 	(30-MAY-2025 15:47:58)
2,14 , 0,0,222015,0,L, 	(30-MAY-2025 15:47:58)
2,14 , 0,0,222015,0,L, 	(30-MAY-2025 15:47:58)
2,14 , 0,0,222015,0,L, 	(30-MAY-2025 15:47:58)
2,14 , 0,0,222015,0,L, 	(30-MAY-2025 15:47:58)
2,14 , 0,0,222015,0,L, 	(30-MAY-2025 15:47:58)
2,14 , 0,0,222015,0,L, 	(30-MAY-2025 15:47:58)
2,14 , 0,0,222015,0,L, 	(30-MAY-2025 15:47:58)
2,14 , 0,0,222015,0,L, 	(30-MAY-2025 15:47:58)
2,14 , 0,0,222015,0,L, 	(30-MAY-2025 15:47:58)
2,14 , 0,0,222015,0,L, 	(30-MAY-2025 15:47:58)
2,14 , 0,0,222015,0,L, 	(30-MAY-2025 15:47:58)
2,14 , 0,0,222015,0,L, 	(30-MAY-2025 15:47:58)
2,14 , 0,0,222015,0,L, 	(30-MAY-2025 15:47:58)
2,14 , 0,0,222016,0,L, 	(30-MAY-2025 15:47:58)
2,14 , 0,0,222016,0,L, 	(30-MAY-2025 15:47:58)
2,14 , 0,0,222016,0,L, 	(30-MAY-2025 15:47:58)
2,14 , 0,0,222016,0,L, 	(30-MAY-2025 15:47:58)
2,14 , 0,0,222016,0,L, 	(30-MAY-2025 15:47:58)
2,14 , 0,0,222016,0,L, 	(30-MAY-2025 15:47:58)
2,14 , 0,0,222016,0,L, 	(30-MAY-2025 15:47:58)
2,14 , 0,0,222016,0,L, 	(30-MAY-2025 15:47:58)
2,14 , 0,0,222016,0,L, 	(30-MAY-2025 15:47:58)
2,14 , 0,0,222016,0,L, 	(30-MAY-2025 15:47:58)
2,14 , 0,0,222016,0,L, 	(30-MAY-2025 15:47:58)
2,14 , 0,0,222016,0,L, 	(30-MAY-2025 15:47:58)
2,14 , 0,0,222016,0,L, 	(30-MAY-2025 15:47:58)
2,14 , 0,0,222016,0,L, 	(30-MAY-2025 15:47:58)
2,14 , 0,0,222016,0,L, 	(30-MAY-2025 15:47:58)
2,14 , 0,0,222016,0,L, 	(30-MAY-2025 15:47:58)
2,14 , 0,0,222016,0,L, 	(30-MAY-2025 15:47:58)
2,14 , 0,0,222016,0,L, 	(30-MAY-2025 15:47:58)
2,14 , 0,0,222016,0,L, 	(30-MAY-2025 15:47:58)
2,14 , 0,0,222016,0,L, 	(30-MAY-2025 15:47:58)
2,14 , 0,0,222016,0,L, 	(30-MAY-2025 15:47:58)
2,14 , 0,0,222016,0,L, 	(30-MAY-2025 15:47:58)
2,14 , 0,0,222016,0,L, 	(30-MAY-2025 15:47:58)
2,14 , 0,0,222016,0,L, 	(30-MAY-2025 15:47:58)
2,14 , 0,0,222016,0,L, 	(30-MAY-2025 15:47:58)
2,14 , 0,0,222016,0,L, 	(30-MAY-2025 15:47:58)
2,14 , 0,0,222016,0,L, 	(30-MAY-2025 15:47:58)
2,14 , 0,0,222016,0,L, 	(30-MAY-2025 15:47:58)
2,14 , 0,0,222016,0,L, 	(30-MAY-2025 15:47:58)
2,14 , 0,0,222016,0,L, 	(30-MAY-2025 15:47:58)
2,14 , 0,0,222016,0,L, 	(30-MAY-2025 15:47:58)
2,14 , 0,0,222016,0,L, 	(30-MAY-2025 15:47:58)
2,14 , 0,0,222016,0,L, 	(30-MAY-2025 15:47:58)
2,14 , 0,0,222016,0,L, 	(30-MAY-2025 15:47:58)
2,14 , 0,0,222016,0,L, 	(30-MAY-2025 15:47:58)
2,14 , 0,0,222016,0,L, 	(30-MAY-2025 15:47:58)
2,14 , 0,0,123025,4,X, 	(30-MAY-2025 15:47:58)
2,14 , 0,0,123025,4,X, 	(30-MAY-2025 15:47:58)
2,14 , 0,0,123025,4,X, 	(30-MAY-2025 15:47:58)
2,14 , 0,0,123025,4,X, 	(30-MAY-2025 15:47:58)
2,14 , 0,0,123025,4,X, 	(30-MAY-2025 15:47:58)
2,14 , 0,0,123025,4,X, 	(30-MAY-2025 15:47:58)
2,14 , 0,0,123025,4,X, 	(30-MAY-2025 15:47:58)
2,14 , 0,0,123025,4,X, 	(30-MAY-2025 15:47:58)
2,14 , 0,0,123025,4,X, 	(30-MAY-2025 15:47:58)
2,14 , 0,0,123025,4,X, 	(30-MAY-2025 15:47:58)
2,14 , 0,0,123025,4,X, 	(30-MAY-2025 15:47:58)
2,14 , 0,0,123025,4,X, 	(30-MAY-2025 15:47:58)
2,14 , 0,0,123025,4,X, 	(30-MAY-2025 15:47:58)
2,14 , 0,0,123025,4,X, 	(30-MAY-2025 15:47:58)
2,14 , 0,0,123025,4,X, 	(30-MAY-2025 15:47:58)
2,14 , 0,0,123025,4,X, 	(30-MAY-2025 15:47:58)
2,14 , 0,0,122050,1,X, 	(30-MAY-2025 15:47:58)
2,14 , 0,0,122050,1,X, 	(30-MAY-2025 15:47:58)
2,14 , 0,0,122050,1,X, 	(30-MAY-2025 15:47:58)
2,14 , 0,0,122050,1,X, 	(30-MAY-2025 15:47:58)
2,14 , 0,0,122050,1,X, 	(30-MAY-2025 15:47:58)
2,14 , 0,0,122050,1,X, 	(30-MAY-2025 15:47:58)
2,14 , 0,0,122050,1,X, 	(30-MAY-2025 15:47:58)
2,14 , 0,0,122050,1,X, 	(30-MAY-2025 15:47:58)
2,14 , 0,0,122050,1,X, 	(30-MAY-2025 15:47:58)
2,14 , 0,0,122050,1,X, 	(30-MAY-2025 15:47:58)
2,14 , 0,0,122050,1,X, 	(30-MAY-2025 15:47:58)
2,14 , 0,0,122050,1,X, 	(30-MAY-2025 15:47:58)
2,14 , 0,0,122050,1,X, 	(30-MAY-2025 15:47:58)
2,14 , 0,0,122050,1,X, 	(30-MAY-2025 15:47:58)
2,14 , 0,0,122050,1,X, 	(30-MAY-2025 15:47:58)
2,14 , 0,0,122050,1,X, 	(30-MAY-2025 15:47:58)
2,14 , 0,0,122050,1,X, 	(30-MAY-2025 15:47:58)
2,14 , 0,0,122050,1,X, 	(30-MAY-2025 15:47:58)
2,14 , 0,0,122050,1,X, 	(30-MAY-2025 15:47:58)
2,14 , 0,0,122050,1,X, 	(30-MAY-2025 15:47:58)
2,14 , 0,0,122050,1,X, 	(30-MAY-2025 15:47:58)
2,14 , 0,0,122050,1,X, 	(30-MAY-2025 15:47:58)
2,14 , 0,0,122050,1,X, 	(30-MAY-2025 15:47:58)
2,14 , 0,0,122050,1,X, 	(30-MAY-2025 15:47:58)
2,14 , 0,0,122050,1,X, 	(30-MAY-2025 15:47:58)
2,14 , 0,0,122050,1,X, 	(30-MAY-2025 15:47:58)
2,14 , 0,0,122050,1,X, 	(30-MAY-2025 15:47:58)
2,14 , 0,0,122050,1,X, 	(30-MAY-2025 15:47:58)
2,14 , 0,0,122050,1,X, 	(30-MAY-2025 15:47:58)
2,14 , 0,0,122050,1,X, 	(30-MAY-2025 15:47:58)
2,14 , 0,0,124040,0,X, 	(30-MAY-2025 15:47:58)
2,14 , 0,0,124040,0,X, 	(30-MAY-2025 15:47:58)
2,14 , 0,0,124040,0,X, 	(30-MAY-2025 15:47:58)
2,14 , 0,0,124040,0,X, 	(30-MAY-2025 15:47:58)
2,14 , 0,0,124040,0,X, 	(30-MAY-2025 15:47:58)
2,14 , 0,0,124040,0,X, 	(30-MAY-2025 15:47:58)
2,14 , 0,0,124040,0,X, 	(30-MAY-2025 15:47:58)
2,14 , 0,0,124040,0,X, 	(30-MAY-2025 15:47:58)
2,14 , 0,0,124040,0,X, 	(30-MAY-2025 15:47:58)
2,14 , 0,0,124040,0,X, 	(30-MAY-2025 15:47:58)
2,14 , 0,0,124040,0,X, 	(30-MAY-2025 15:47:58)
2,14 , 0,0,124040,0,X, 	(30-MAY-2025 15:47:58)
2,14 , 0,0,124040,0,X, 	(30-MAY-2025 15:47:58)
2,14 , 0,0,124040,0,X, 	(30-MAY-2025 15:47:58)
2,14 , 0,0,124040,0,X, 	(30-MAY-2025 15:47:58)
2,14 , 0,0,124040,0,X, 	(30-MAY-2025 15:47:58)
2,14 , 0,0,124040,0,X, 	(30-MAY-2025 15:47:58)
2,14 , 0,0,124040,0,X, 	(30-MAY-2025 15:47:58)
2,14 , 0,0,124040,0,X, 	(30-MAY-2025 15:47:58)
2,14 , 0,0,124040,0,X, 	(30-MAY-2025 15:47:58)
2,14 , 0,0,124040,0,X, 	(30-MAY-2025 15:47:58)
2,14 , 0,0,124040,0,X, 	(30-MAY-2025 15:47:58)
2,14 , 0,0,124040,0,X, 	(30-MAY-2025 15:47:58)
2,14 , 0,0,124040,0,X, 	(30-MAY-2025 15:47:58)
2,14 , 0,0,124040,0,X, 	(30-MAY-2025 15:47:58)
2,14 , 0,0,124040,0,X, 	(30-MAY-2025 15:47:58)
2,14 , 0,0,124040,0,X, 	(30-MAY-2025 15:47:58)
2,14 , 0,0,124040,0,X, 	(30-MAY-2025 15:47:58)
2,14 , 0,0,124040,0,X, 	(30-MAY-2025 15:47:58)
2,14 , 0,0,124040,0,X, 	(30-MAY-2025 15:47:58)
2,14 , 0,0,124040,0,X, 	(30-MAY-2025 15:47:58)
2,14 , 0,0,124041,0,X, 	(30-MAY-2025 15:47:58)
2,14 , 0,0,124041,0,X, 	(30-MAY-2025 15:47:58)
2,14 , 0,0,124041,0,X, 	(30-MAY-2025 15:47:58)
2,14 , 0,0,124041,0,X, 	(30-MAY-2025 15:47:58)
2,14 , 0,0,124041,0,X, 	(30-MAY-2025 15:47:58)
2,14 , 0,0,124041,0,X, 	(30-MAY-2025 15:47:58)
2,14 , 0,0,124041,0,X, 	(30-MAY-2025 15:47:58)
2,14 , 0,0,124041,0,X, 	(30-MAY-2025 15:47:58)
2,14 , 0,0,124041,0,X, 	(30-MAY-2025 15:47:58)
2,14 , 0,0,124041,0,X, 	(30-MAY-2025 15:47:58)
2,14 , 0,0,124041,0,X, 	(30-MAY-2025 15:47:58)
2,14 , 0,0,124041,0,X, 	(30-MAY-2025 15:47:58)
2,14 , 0,0,124041,0,X, 	(30-MAY-2025 15:47:58)
2,14 , 0,0,124041,0,X, 	(30-MAY-2025 15:47:58)
2,14 , 0,0,124041,0,X, 	(30-MAY-2025 15:47:58)
2,14 , 0,0,124041,0,X, 	(30-MAY-2025 15:47:58)
2,14 , 0,0,124041,0,X, 	(30-MAY-2025 15:47:58)
2,14 , 0,0,124041,0,X, 	(30-MAY-2025 15:47:58)
2,14 , 0,0,124041,0,X, 	(30-MAY-2025 15:47:58)
2,14 , 0,0,124041,0,X, 	(30-MAY-2025 15:47:58)
2,14 , 0,0,124041,0,X, 	(30-MAY-2025 15:47:58)
2,14 , 0,0,124041,0,X, 	(30-MAY-2025 15:47:58)
2,14 , 0,0,124041,0,X, 	(30-MAY-2025 15:47:58)
2,14 , 0,0,124041,0,X, 	(30-MAY-2025 15:47:58)
2,14 , 0,0,124041,0,X, 	(30-MAY-2025 15:47:58)
2,14 , 0,0,124041,0,X, 	(30-MAY-2025 15:47:58)
2,14 , 0,0,124041,0,X, 	(30-MAY-2025 15:47:58)
2,14 , 0,0,124041,0,X, 	(30-MAY-2025 15:47:58)
2,14 , 0,0,124041,0,X, 	(30-MAY-2025 15:47:58)
2,14 , 0,0,124041,0,X, 	(30-MAY-2025 15:47:58)
2,14 , 0,0,124041,0,X, 	(30-MAY-2025 15:47:58)
2,269 , 1,0,1,0,S, 	(30-MAY-2025 15:47:58)
2,269 , 1,0,1,0,S, 	(30-MAY-2025 15:47:58)
2,269 , 1,0,1,0,S, 	(30-MAY-2025 15:47:58)
2,269 , 1,0,1,0,S, 	(30-MAY-2025 15:47:58)
2,269 , 1,0,1,0,S, 	(30-MAY-2025 15:47:58)
2,269 , 1,0,1,0,S, 	(30-MAY-2025 15:47:58)
2,269 , 1,0,1,0,S, 	(30-MAY-2025 15:47:58)
2,269 , 1,0,2,0,S, 	(30-MAY-2025 15:47:58)
2,269 , 1,0,2,0,S, 	(30-MAY-2025 15:47:58)
2,269 , 1,0,2,0,S, 	(30-MAY-2025 15:47:58)
2,269 , 1,0,2,0,S, 	(30-MAY-2025 15:47:58)
2,269 , 1,0,2,0,S, 	(30-MAY-2025 15:47:58)
2,269 , 1,0,2,0,S, 	(30-MAY-2025 15:47:58)
2,269 , 1,0,2,0,S, 	(30-MAY-2025 15:47:58)
2,269 , 1,0,2,0,S, 	(30-MAY-2025 15:47:58)
2,269 , 1,0,2,0,S, 	(30-MAY-2025 15:47:58)
2,269 , 1,0,2,0,S, 	(30-MAY-2025 15:47:58)
2,269 , 1,0,2,0,S, 	(30-MAY-2025 15:47:58)
2,269 , 1,0,2,0,S, 	(30-MAY-2025 15:47:58)
2,269 , 1,0,2,0,S, 	(30-MAY-2025 15:47:58)
2,269 , 1,0,2,0,S, 	(30-MAY-2025 15:47:58)
2,269 , 1,0,2,0,S, 	(30-MAY-2025 15:47:58)
2,269 , 1,0,2,0,S, 	(30-MAY-2025 15:47:58)
2,269 , 1,0,2,0,S, 	(30-MAY-2025 15:47:58)
2,269 , 1,0,2,0,S, 	(30-MAY-2025 15:47:58)
2,269 , 1,0,2,0,S, 	(30-MAY-2025 15:47:58)
2,269 , 1,0,2,0,S, 	(30-MAY-2025 15:47:58)
2,269 , 1,0,2,0,S, 	(30-MAY-2025 15:47:58)
2,269 , 1,0,4,0,S, 	(30-MAY-2025 15:47:58)
2,269 , 1,0,4,0,S, 	(30-MAY-2025 15:47:58)
2,269 , 1,0,4,0,S, 	(30-MAY-2025 15:47:58)
2,269 , 1,0,4,0,S, 	(30-MAY-2025 15:47:58)
2,269 , 1,0,4,0,S, 	(30-MAY-2025 15:47:58)
2,269 , 1,0,4,0,S, 	(30-MAY-2025 15:47:58)
2,269 , 1,0,4,0,S, 	(30-MAY-2025 15:47:58)
2,269 , 1,0,4,0,S, 	(30-MAY-2025 15:47:58)
2,269 , 1,0,4,0,S, 	(30-MAY-2025 15:47:58)
2,269 , 1,0,4,0,S, 	(30-MAY-2025 15:47:58)
2,269 , 1,0,4,0,S, 	(30-MAY-2025 15:47:58)
2,269 , 1,0,4,0,S, 	(30-MAY-2025 15:47:58)
2,269 , 1,0,4,0,S, 	(30-MAY-2025 15:47:58)
2,269 , 1,0,4,0,S, 	(30-MAY-2025 15:47:58)
2,269 , 1,0,4,0,S, 	(30-MAY-2025 15:47:58)
2,269 , 1,0,4,0,S, 	(30-MAY-2025 15:47:58)
2,269 , 1,0,4,0,S, 	(30-MAY-2025 15:47:58)
2,269 , 1,0,4,0,S, 	(30-MAY-2025 15:47:58)
2,269 , 1,0,4,0,S, 	(30-MAY-2025 15:47:58)
2,269 , 1,0,4,0,S, 	(30-MAY-2025 15:47:58)
2,269 , 1,0,5,0,S, 	(30-MAY-2025 15:47:58)
2,269 , 1,0,5,0,S, 	(30-MAY-2025 15:47:58)
2,269 , 1,0,5,0,S, 	(30-MAY-2025 15:47:58)
2,269 , 1,0,5,0,S, 	(30-MAY-2025 15:47:58)
2,269 , 1,0,5,0,S, 	(30-MAY-2025 15:47:58)
2,269 , 1,0,5,0,S, 	(30-MAY-2025 15:47:58)
2,269 , 1,0,5,0,S, 	(30-MAY-2025 15:47:58)
2,269 , 1,0,5,0,S, 	(30-MAY-2025 15:47:58)
2,269 , 1,0,3,0,S, 	(30-MAY-2025 15:47:58)
2,269 , 1,0,3,0,S, 	(30-MAY-2025 15:47:58)
2,269 , 1,0,3,0,S, 	(30-MAY-2025 15:47:58)
2,269 , 1,0,3,0,S, 	(30-MAY-2025 15:47:58)
2,269 , 1,0,3,0,S, 	(30-MAY-2025 15:47:58)
2,269 , 1,0,3,0,S, 	(30-MAY-2025 15:47:58)
2,269 , 1,0,3,0,S, 	(30-MAY-2025 15:47:58)
2,269 , 1,0,3,0,S, 	(30-MAY-2025 15:47:58)
2,269 , 1,0,3,0,S, 	(30-MAY-2025 15:47:58)
2,269 , 1,0,3,0,S, 	(30-MAY-2025 15:47:58)
2,269 , 1,0,3,0,S, 	(30-MAY-2025 15:47:58)
2,269 , 1,0,3,0,S, 	(30-MAY-2025 15:47:58)
2,269 , 1,0,3,0,S, 	(30-MAY-2025 15:47:58)
2,269 , 1,0,3,0,S, 	(30-MAY-2025 15:47:58)
2,269 , 1,0,3,0,S, 	(30-MAY-2025 15:47:58)
2,15 , 1,0,1,0,S, 	(30-MAY-2025 15:47:58)
2,15 , 1,0,1,0,S, 	(30-MAY-2025 15:47:58)
2,15 , 1,0,1,0,S, 	(30-MAY-2025 15:47:58)
2,15 , 1,0,1,0,S, 	(30-MAY-2025 15:47:58)
2,15 , 1,0,1,0,S, 	(30-MAY-2025 15:47:58)
2,15 , 1,0,1,0,S, 	(30-MAY-2025 15:47:58)
2,15 , 1,0,1,0,S, 	(30-MAY-2025 15:47:58)
2,15 , 1,0,1,0,S, 	(30-MAY-2025 15:47:58)
2,15 , 1,0,1,0,S, 	(30-MAY-2025 15:47:58)
2,15 , 1,0,1,0,S, 	(30-MAY-2025 15:47:58)
2,15 , 1,0,1,0,S, 	(30-MAY-2025 15:47:58)
2,15 , 1,0,1,0,S, 	(30-MAY-2025 15:47:58)
2,15 , 1,0,1,0,S, 	(30-MAY-2025 15:47:58)
2,15 , 1,0,1,0,S, 	(30-MAY-2025 15:47:58)
2,15 , 1,0,1,0,S, 	(30-MAY-2025 15:47:58)
2,15 , 1,0,1,0,S, 	(30-MAY-2025 15:47:58)
2,15 , 1,0,1,0,S, 	(30-MAY-2025 15:47:58)
2,15 , 2,0,5,0,S, 	(30-MAY-2025 15:47:58)
2,15 , 2,0,5,0,S, 	(30-MAY-2025 15:47:58)
2,15 , 2,0,5,0,S, 	(30-MAY-2025 15:47:58)
2,15 , 2,0,5,0,S, 	(30-MAY-2025 15:47:58)
2,15 , 2,0,5,0,S, 	(30-MAY-2025 15:47:58)
2,15 , 2,0,5,0,S, 	(30-MAY-2025 15:47:58)
2,15 , 2,0,5,0,S, 	(30-MAY-2025 15:47:58)
2,15 , 2,0,5,0,S, 	(30-MAY-2025 15:47:58)
2,15 , 2,0,5,0,S, 	(30-MAY-2025 15:47:58)
2,15 , 2,0,5,0,S, 	(30-MAY-2025 15:47:58)
2,15 , 2,0,5,0,S, 	(30-MAY-2025 15:47:58)
2,15 , 2,0,5,0,S, 	(30-MAY-2025 15:47:58)
2,15 , 2,0,5,0,S, 	(30-MAY-2025 15:47:58)
2,15 , 2,0,5,0,S, 	(30-MAY-2025 15:47:58)
2,15 , 2,0,5,0,S, 	(30-MAY-2025 15:47:58)
2,15 , 2,0,5,0,S, 	(30-MAY-2025 15:47:58)
2,15 , 2,0,5,0,S, 	(30-MAY-2025 15:47:58)
2,15 , 2,0,5,0,S, 	(30-MAY-2025 15:47:58)
2,15 , 2,0,5,0,S, 	(30-MAY-2025 15:47:58)
2,15 , 2,0,5,0,S, 	(30-MAY-2025 15:47:58)
2,15 , 2,0,5,0,S, 	(30-MAY-2025 15:47:58)
2,15 , 2,0,5,0,S, 	(30-MAY-2025 15:47:58)
2,15 , 2,0,5,0,S, 	(30-MAY-2025 15:47:58)
2,15 , 2,0,5,0,S, 	(30-MAY-2025 15:47:58)
2,15 , 2,0,5,0,S, 	(30-MAY-2025 15:47:58)
2,15 , 2,0,5,0,S, 	(30-MAY-2025 15:47:58)
2,15 , 2,0,5,0,S, 	(30-MAY-2025 15:47:58)
2,15 , 2,0,5,0,S, 	(30-MAY-2025 15:47:58)
2,15 , 2,0,5,0,S, 	(30-MAY-2025 15:47:58)
2,15 , 2,0,5,0,S, 	(30-MAY-2025 15:47:58)
2,15 , 2,0,5,0,S, 	(30-MAY-2025 15:47:58)
2,15 , 2,0,5,0,S, 	(30-MAY-2025 15:47:58)
2,15 , 2,0,5,0,S, 	(30-MAY-2025 15:47:58)
2,15 , 2,0,5,0,S, 	(30-MAY-2025 15:47:58)
2,15 , 2,0,5,0,S, 	(30-MAY-2025 15:47:58)
2,15 , 2,0,5,0,S, 	(30-MAY-2025 15:47:58)
2,15 , 2,0,5,0,S, 	(30-MAY-2025 15:47:58)
2,15 , 1,0,5,0,S, 	(30-MAY-2025 15:47:58)
2,15 , 1,0,5,0,S, 	(30-MAY-2025 15:47:58)
2,15 , 1,0,5,0,S, 	(30-MAY-2025 15:47:58)
2,15 , 1,0,5,0,S, 	(30-MAY-2025 15:47:58)
2,15 , 1,0,5,0,S, 	(30-MAY-2025 15:47:58)
2,15 , 1,0,5,0,S, 	(30-MAY-2025 15:47:58)
2,15 , 1,0,5,0,S, 	(30-MAY-2025 15:47:58)
2,15 , 1,0,5,0,S, 	(30-MAY-2025 15:47:58)
2,15 , 1,0,5,0,S, 	(30-MAY-2025 15:47:58)
2,15 , 1,0,5,0,S, 	(30-MAY-2025 15:47:58)
2,15 , 1,0,5,0,S, 	(30-MAY-2025 15:47:58)
2,15 , 1,0,5,0,S, 	(30-MAY-2025 15:47:58)
2,15 , 1,0,5,0,S, 	(30-MAY-2025 15:47:58)
2,15 , 1,0,5,0,S, 	(30-MAY-2025 15:47:58)
2,15 , 1,0,5,0,S, 	(30-MAY-2025 15:47:58)
2,15 , 1,0,5,0,S, 	(30-MAY-2025 15:47:58)
2,15 , 1,0,6,0,S, 	(30-MAY-2025 15:47:58)
2,15 , 1,0,6,0,S, 	(30-MAY-2025 15:47:58)
2,15 , 1,0,6,0,S, 	(30-MAY-2025 15:47:58)
2,15 , 1,0,6,0,S, 	(30-MAY-2025 15:47:58)
2,15 , 1,0,6,0,S, 	(30-MAY-2025 15:47:58)
2,15 , 1,0,6,0,S, 	(30-MAY-2025 15:47:58)
2,15 , 1,0,6,0,S, 	(30-MAY-2025 15:47:58)
2,15 , 1,0,6,0,S, 	(30-MAY-2025 15:47:58)
2,15 , 1,0,6,0,S, 	(30-MAY-2025 15:47:58)
2,15 , 1,0,6,0,S, 	(30-MAY-2025 15:47:58)
2,15 , 1,0,6,0,S, 	(30-MAY-2025 15:47:58)
2,15 , 1,2,14,0,S, 	(30-MAY-2025 15:47:58)
2,15 , 1,2,14,0,S, 	(30-MAY-2025 15:47:58)
2,15 , 1,2,14,0,S, 	(30-MAY-2025 15:47:58)
2,15 , 1,2,14,0,S, 	(30-MAY-2025 15:47:58)
2,15 , 1,2,14,0,S, 	(30-MAY-2025 15:47:58)
2,15 , 1,2,14,0,S, 	(30-MAY-2025 15:47:58)
2,15 , 1,2,14,0,S, 	(30-MAY-2025 15:47:58)
2,15 , 1,2,14,0,S, 	(30-MAY-2025 15:47:58)
2,15 , 1,2,14,0,S, 	(30-MAY-2025 15:47:58)
2,15 , 1,2,14,0,S, 	(30-MAY-2025 15:47:58)
2,15 , 1,2,14,0,S, 	(30-MAY-2025 15:47:58)
2,15 , 1,2,14,0,S, 	(30-MAY-2025 15:47:58)
2,15 , 1,2,14,0,S, 	(30-MAY-2025 15:47:58)
2,15 , 1,2,14,0,S, 	(30-MAY-2025 15:47:58)
2,15 , 1,2,14,0,S, 	(30-MAY-2025 15:47:58)
2,15 , 1,2,14,0,S, 	(30-MAY-2025 15:47:58)
2,15 , 1,2,14,0,S, 	(30-MAY-2025 15:47:58)
2,15 , 1,2,14,0,S, 	(30-MAY-2025 15:47:58)
2,15 , 1,2,14,0,S, 	(30-MAY-2025 15:47:58)
2,15 , 1,2,14,0,S, 	(30-MAY-2025 15:47:58)
2,15 , 1,2,14,0,S, 	(30-MAY-2025 15:47:58)
2,15 , 1,2,14,0,S, 	(30-MAY-2025 15:47:58)
2,15 , 1,2,14,0,S, 	(30-MAY-2025 15:47:58)
2,15 , 1,2,14,0,S, 	(30-MAY-2025 15:47:58)
2,15 , 1,2,14,0,S, 	(30-MAY-2025 15:47:58)
2,15 , 1,2,14,0,S, 	(30-MAY-2025 15:47:58)
2,15 , 1,2,14,0,S, 	(30-MAY-2025 15:47:58)
2,15 , 1,2,14,0,S, 	(30-MAY-2025 15:47:58)
2,15 , 1,2,14,0,S, 	(30-MAY-2025 15:47:58)
2,15 , 1,2,14,0,S, 	(30-MAY-2025 15:47:58)
2,15 , 2,0,1,1,S, 	(30-MAY-2025 15:47:58)
2,15 , 2,0,1,1,S, 	(30-MAY-2025 15:47:58)
2,15 , 2,0,1,1,S, 	(30-MAY-2025 15:47:58)
2,15 , 2,0,1,1,S, 	(30-MAY-2025 15:47:58)
2,15 , 2,0,1,1,S, 	(30-MAY-2025 15:47:58)
2,15 , 2,0,1,1,S, 	(30-MAY-2025 15:47:58)
2,15 , 2,0,1,1,S, 	(30-MAY-2025 15:47:58)
2,15 , 2,0,1,1,S, 	(30-MAY-2025 15:47:58)
2,15 , 2,0,1,1,S, 	(30-MAY-2025 15:47:58)
2,15 , 2,0,1,1,S, 	(30-MAY-2025 15:47:58)
2,15 , 2,0,1,1,S, 	(30-MAY-2025 15:47:58)
2,15 , 2,0,1,1,S, 	(30-MAY-2025 15:47:58)
2,15 , 2,0,1,1,S, 	(30-MAY-2025 15:47:58)
2,15 , 2,0,1,1,S, 	(30-MAY-2025 15:47:58)
2,15 , 2,0,1,1,S, 	(30-MAY-2025 15:47:58)
2,15 , 2,0,1,1,S, 	(30-MAY-2025 15:47:59)
2,15 , 2,0,1,1,S, 	(30-MAY-2025 15:47:59)
2,15 , 2,0,1,1,S, 	(30-MAY-2025 15:47:59)
2,15 , 2,0,1,1,S, 	(30-MAY-2025 15:47:59)
2,15 , 2,0,1,1,S, 	(30-MAY-2025 15:47:59)
2,15 , 2,0,1,1,S, 	(30-MAY-2025 15:47:59)
2,15 , 1,0,7,0,S, 	(30-MAY-2025 15:47:59)
2,15 , 1,0,7,0,S, 	(30-MAY-2025 15:47:59)
2,15 , 1,0,7,0,S, 	(30-MAY-2025 15:47:59)
2,15 , 1,0,7,0,S, 	(30-MAY-2025 15:47:59)
2,15 , 1,0,7,0,S, 	(30-MAY-2025 15:47:59)
2,15 , 1,0,7,0,S, 	(30-MAY-2025 15:47:59)
2,15 , 1,0,7,0,S, 	(30-MAY-2025 15:47:59)
2,15 , 1,0,7,0,S, 	(30-MAY-2025 15:47:59)
2,15 , 1,0,7,0,S, 	(30-MAY-2025 15:47:59)
2,15 , 1,0,7,0,S, 	(30-MAY-2025 15:47:59)
2,15 , 1,0,7,0,S, 	(30-MAY-2025 15:47:59)
2,15 , 1,0,7,0,S, 	(30-MAY-2025 15:47:59)
2,15 , 1,0,7,0,S, 	(30-MAY-2025 15:47:59)
2,15 , 1,0,7,0,S, 	(30-MAY-2025 15:47:59)
2,15 , 1,0,7,0,S, 	(30-MAY-2025 15:47:59)
2,15 , 1,0,7,0,S, 	(30-MAY-2025 15:47:59)
2,15 , 1,0,7,0,S, 	(30-MAY-2025 15:47:59)
2,15 , 1,0,7,0,S, 	(30-MAY-2025 15:47:59)
2,15 , 1,0,7,0,S, 	(30-MAY-2025 15:47:59)
2,15 , 1,0,7,0,S, 	(30-MAY-2025 15:47:59)
2,15 , 1,0,7,0,S, 	(30-MAY-2025 15:47:59)
2,15 , 1,0,7,0,S, 	(30-MAY-2025 15:47:59)
2,15 , 1,0,7,0,S, 	(30-MAY-2025 15:47:59)
2,15 , 1,0,7,0,S, 	(30-MAY-2025 15:47:59)
2,15 , 1,0,7,0,S, 	(30-MAY-2025 15:47:59)
2,15 , 1,0,7,0,S, 	(30-MAY-2025 15:47:59)
2,15 , 1,0,7,0,S, 	(30-MAY-2025 15:47:59)
2,15 , 1,0,7,0,S, 	(30-MAY-2025 15:47:59)
2,15 , 1,0,7,0,S, 	(30-MAY-2025 15:47:59)
2,15 , 1,0,7,0,S, 	(30-MAY-2025 15:47:59)
2,15 , 1,2,13,0,S, 	(30-MAY-2025 15:47:59)
2,15 , 1,2,13,0,S, 	(30-MAY-2025 15:47:59)
2,15 , 1,2,13,0,S, 	(30-MAY-2025 15:47:59)
2,15 , 1,2,13,0,S, 	(30-MAY-2025 15:47:59)
2,15 , 1,2,13,0,S, 	(30-MAY-2025 15:47:59)
2,15 , 1,2,13,0,S, 	(30-MAY-2025 15:47:59)
2,15 , 1,2,13,0,S, 	(30-MAY-2025 15:47:59)
2,15 , 1,2,13,0,S, 	(30-MAY-2025 15:47:59)
2,15 , 1,2,13,0,S, 	(30-MAY-2025 15:47:59)
2,15 , 1,2,13,0,S, 	(30-MAY-2025 15:47:59)
2,15 , 1,2,13,0,S, 	(30-MAY-2025 15:47:59)
2,15 , 1,2,13,0,S, 	(30-MAY-2025 15:47:59)
2,15 , 1,2,13,0,S, 	(30-MAY-2025 15:47:59)
2,15 , 1,2,13,0,S, 	(30-MAY-2025 15:47:59)
2,15 , 1,2,13,0,S, 	(30-MAY-2025 15:47:59)
2,15 , 1,2,13,1,S, 	(30-MAY-2025 15:47:59)
2,15 , 1,2,13,1,S, 	(30-MAY-2025 15:47:59)
2,15 , 1,2,13,1,S, 	(30-MAY-2025 15:47:59)
2,15 , 1,2,13,1,S, 	(30-MAY-2025 15:47:59)
2,15 , 1,2,13,1,S, 	(30-MAY-2025 15:47:59)
2,15 , 1,2,13,1,S, 	(30-MAY-2025 15:47:59)
2,15 , 1,2,13,1,S, 	(30-MAY-2025 15:47:59)
2,15 , 1,2,13,1,S, 	(30-MAY-2025 15:47:59)
2,15 , 1,2,13,1,S, 	(30-MAY-2025 15:47:59)
2,15 , 1,2,13,1,S, 	(30-MAY-2025 15:47:59)
2,15 , 1,2,13,1,S, 	(30-MAY-2025 15:47:59)
2,15 , 1,2,13,1,S, 	(30-MAY-2025 15:47:59)
2,15 , 1,2,13,1,S, 	(30-MAY-2025 15:47:59)
2,15 , 1,2,13,1,S, 	(30-MAY-2025 15:47:59)
2,15 , 1,2,13,1,S, 	(30-MAY-2025 15:47:59)
2,15 , 1,2,13,1,S, 	(30-MAY-2025 15:47:59)
2,15 , 2,0,2,0,S, 	(30-MAY-2025 15:47:59)
2,15 , 2,0,2,0,S, 	(30-MAY-2025 15:47:59)
2,15 , 2,0,2,0,S, 	(30-MAY-2025 15:47:59)
2,15 , 2,0,2,0,S, 	(30-MAY-2025 15:47:59)
2,15 , 2,0,2,0,S, 	(30-MAY-2025 15:47:59)
2,15 , 2,0,2,0,S, 	(30-MAY-2025 15:47:59)
2,15 , 2,0,2,0,S, 	(30-MAY-2025 15:47:59)
2,15 , 2,0,2,0,S, 	(30-MAY-2025 15:47:59)
2,15 , 2,0,2,0,S, 	(30-MAY-2025 15:47:59)
2,15 , 2,0,2,0,S, 	(30-MAY-2025 15:47:59)
2,15 , 2,0,2,0,S, 	(30-MAY-2025 15:47:59)
2,15 , 2,0,2,0,S, 	(30-MAY-2025 15:47:59)
2,15 , 2,0,2,0,S, 	(30-MAY-2025 15:47:59)
2,15 , 2,0,2,0,S, 	(30-MAY-2025 15:47:59)
2,15 , 2,0,2,0,S, 	(30-MAY-2025 15:47:59)
2,15 , 1,0,2,0,S, 	(30-MAY-2025 15:47:59)
2,15 , 1,0,2,0,S, 	(30-MAY-2025 15:47:59)
2,15 , 1,0,2,0,S, 	(30-MAY-2025 15:47:59)
2,15 , 1,0,2,0,S, 	(30-MAY-2025 15:47:59)
2,15 , 1,0,2,0,S, 	(30-MAY-2025 15:47:59)
2,15 , 1,0,2,0,S, 	(30-MAY-2025 15:47:59)
2,15 , 1,0,2,0,S, 	(30-MAY-2025 15:47:59)
2,15 , 1,0,2,0,S, 	(30-MAY-2025 15:47:59)
2,15 , 1,0,2,0,S, 	(30-MAY-2025 15:47:59)
2,15 , 1,0,2,0,S, 	(30-MAY-2025 15:47:59)
2,15 , 1,0,2,0,S, 	(30-MAY-2025 15:47:59)
2,15 , 1,0,2,0,S, 	(30-MAY-2025 15:47:59)
2,15 , 1,0,2,0,S, 	(30-MAY-2025 15:47:59)
2,15 , 1,0,2,0,S, 	(30-MAY-2025 15:47:59)
2,15 , 1,0,2,0,S, 	(30-MAY-2025 15:47:59)
2,15 , 1,0,2,0,S, 	(30-MAY-2025 15:47:59)
2,15 , 1,0,2,0,S, 	(30-MAY-2025 15:47:59)
2,15 , 1,0,2,0,S, 	(30-MAY-2025 15:47:59)
2,15 , 1,0,2,0,S, 	(30-MAY-2025 15:47:59)
2,15 , 1,0,2,0,S, 	(30-MAY-2025 15:47:59)
2,15 , 1,0,2,0,S, 	(30-MAY-2025 15:47:59)
2,15 , 1,0,2,0,S, 	(30-MAY-2025 15:47:59)
2,15 , 1,0,2,0,S, 	(30-MAY-2025 15:47:59)
2,15 , 1,0,2,0,S, 	(30-MAY-2025 15:47:59)
2,15 , 1,0,2,0,S, 	(30-MAY-2025 15:47:59)
2,15 , 1,0,2,0,S, 	(30-MAY-2025 15:47:59)
2,15 , 1,0,2,0,S, 	(30-MAY-2025 15:47:59)
2,15 , 1,0,2,0,S, 	(30-MAY-2025 15:47:59)
2,15 , 1,0,2,0,S, 	(30-MAY-2025 15:47:59)
2,15 , 1,0,2,0,S, 	(30-MAY-2025 15:47:59)
2,15 , 1,0,2,0,S, 	(30-MAY-2025 15:47:59)
2,15 , 1,0,2,0,S, 	(30-MAY-2025 15:47:59)
2,15 , 1,0,2,0,S, 	(30-MAY-2025 15:47:59)
2,15 , 1,0,8,0,S, 	(30-MAY-2025 15:47:59)
2,15 , 1,0,8,0,S, 	(30-MAY-2025 15:47:59)
2,15 , 1,0,8,0,S, 	(30-MAY-2025 15:47:59)
2,15 , 1,0,8,0,S, 	(30-MAY-2025 15:47:59)
2,15 , 1,0,8,0,S, 	(30-MAY-2025 15:47:59)
2,15 , 1,0,8,0,S, 	(30-MAY-2025 15:47:59)
2,15 , 1,0,8,0,S, 	(30-MAY-2025 15:47:59)
2,15 , 1,0,8,0,S, 	(30-MAY-2025 15:47:59)
2,15 , 1,0,8,0,S, 	(30-MAY-2025 15:47:59)
2,15 , 1,0,8,0,S, 	(30-MAY-2025 15:47:59)
2,15 , 1,0,8,0,S, 	(30-MAY-2025 15:47:59)
2,15 , 1,0,8,0,S, 	(30-MAY-2025 15:47:59)
2,15 , 1,0,8,0,S, 	(30-MAY-2025 15:47:59)
2,15 , 1,0,8,0,S, 	(30-MAY-2025 15:47:59)
2,15 , 1,0,8,0,S, 	(30-MAY-2025 15:47:59)
2,15 , 1,0,9,0,S, 	(30-MAY-2025 15:47:59)
2,15 , 1,0,9,0,S, 	(30-MAY-2025 15:47:59)
2,15 , 1,0,9,0,S, 	(30-MAY-2025 15:47:59)
2,15 , 1,0,9,0,S, 	(30-MAY-2025 15:47:59)
2,15 , 1,0,9,0,S, 	(30-MAY-2025 15:47:59)
2,15 , 1,0,9,0,S, 	(30-MAY-2025 15:47:59)
2,15 , 1,0,9,0,S, 	(30-MAY-2025 15:47:59)
2,15 , 1,0,9,0,S, 	(30-MAY-2025 15:47:59)
2,15 , 1,0,9,0,S, 	(30-MAY-2025 15:47:59)
2,15 , 1,0,9,0,S, 	(30-MAY-2025 15:47:59)
2,15 , 1,0,9,0,S, 	(30-MAY-2025 15:47:59)
2,15 , 1,0,9,0,S, 	(30-MAY-2025 15:47:59)
2,15 , 1,0,9,0,S, 	(30-MAY-2025 15:47:59)
2,15 , 1,0,9,0,S, 	(30-MAY-2025 15:47:59)
2,15 , 1,0,9,0,S, 	(30-MAY-2025 15:47:59)
2,15 , 1,0,10,0,S, 	(30-MAY-2025 15:47:59)
2,15 , 1,0,10,0,S, 	(30-MAY-2025 15:47:59)
2,15 , 1,0,10,0,S, 	(30-MAY-2025 15:47:59)
2,15 , 1,0,10,0,S, 	(30-MAY-2025 15:47:59)
2,15 , 1,0,10,0,S, 	(30-MAY-2025 15:47:59)
2,15 , 1,0,10,0,S, 	(30-MAY-2025 15:47:59)
2,15 , 1,0,10,0,S, 	(30-MAY-2025 15:47:59)
2,15 , 1,0,10,0,S, 	(30-MAY-2025 15:47:59)
2,15 , 1,0,10,0,S, 	(30-MAY-2025 15:47:59)
2,15 , 1,0,10,0,S, 	(30-MAY-2025 15:47:59)
2,15 , 1,0,10,0,S, 	(30-MAY-2025 15:47:59)
2,15 , 1,0,10,0,S, 	(30-MAY-2025 15:47:59)
2,15 , 1,0,10,0,S, 	(30-MAY-2025 15:47:59)
2,15 , 1,2,12,1,S, 	(30-MAY-2025 15:47:59)
2,15 , 1,2,12,1,S, 	(30-MAY-2025 15:47:59)
2,15 , 1,2,12,1,S, 	(30-MAY-2025 15:47:59)
2,15 , 1,2,12,1,S, 	(30-MAY-2025 15:47:59)
2,15 , 1,2,12,1,S, 	(30-MAY-2025 15:47:59)
2,15 , 1,2,12,1,S, 	(30-MAY-2025 15:47:59)
2,15 , 1,2,12,1,S, 	(30-MAY-2025 15:47:59)
2,15 , 1,2,12,1,S, 	(30-MAY-2025 15:47:59)
2,15 , 1,2,12,1,S, 	(30-MAY-2025 15:47:59)
2,15 , 1,2,12,1,S, 	(30-MAY-2025 15:47:59)
2,15 , 1,2,12,1,S, 	(30-MAY-2025 15:47:59)
2,15 , 1,2,12,1,S, 	(30-MAY-2025 15:47:59)
2,15 , 1,2,12,1,S, 	(30-MAY-2025 15:47:59)
2,15 , 1,2,12,1,S, 	(30-MAY-2025 15:47:59)
2,15 , 1,2,12,1,S, 	(30-MAY-2025 15:47:59)
2,15 , 1,2,12,1,S, 	(30-MAY-2025 15:47:59)
2,15 , 1,2,12,1,S, 	(30-MAY-2025 15:47:59)
2,15 , 1,2,12,1,S, 	(30-MAY-2025 15:47:59)
2,15 , 1,2,12,1,S, 	(30-MAY-2025 15:47:59)
2,15 , 1,2,12,1,S, 	(30-MAY-2025 15:47:59)
2,15 , 1,2,12,1,S, 	(30-MAY-2025 15:47:59)
2,15 , 1,2,12,1,S, 	(30-MAY-2025 15:47:59)
2,15 , 1,2,12,1,S, 	(30-MAY-2025 15:47:59)
2,15 , 1,2,12,1,S, 	(30-MAY-2025 15:47:59)
2,15 , 1,2,12,1,S, 	(30-MAY-2025 15:47:59)
2,15 , 1,2,12,1,S, 	(30-MAY-2025 15:47:59)
2,15 , 1,2,12,1,S, 	(30-MAY-2025 15:47:59)
2,15 , 1,2,12,1,S, 	(30-MAY-2025 15:47:59)
2,15 , 1,2,12,1,S, 	(30-MAY-2025 15:47:59)
2,15 , 2,0,1,0,S, 	(30-MAY-2025 15:47:59)
2,15 , 2,0,1,0,S, 	(30-MAY-2025 15:47:59)
2,15 , 2,0,1,0,S, 	(30-MAY-2025 15:47:59)
2,15 , 2,0,1,0,S, 	(30-MAY-2025 15:47:59)
2,15 , 2,0,1,0,S, 	(30-MAY-2025 15:47:59)
2,15 , 2,0,1,0,S, 	(30-MAY-2025 15:47:59)
2,15 , 2,0,1,0,S, 	(30-MAY-2025 15:47:59)
2,15 , 2,0,1,0,S, 	(30-MAY-2025 15:47:59)
2,15 , 2,0,1,0,S, 	(30-MAY-2025 15:47:59)
2,15 , 2,0,1,0,S, 	(30-MAY-2025 15:47:59)
2,15 , 2,0,1,0,S, 	(30-MAY-2025 15:47:59)
2,15 , 2,0,1,0,S, 	(30-MAY-2025 15:47:59)
2,15 , 2,0,1,0,S, 	(30-MAY-2025 15:47:59)
2,15 , 2,0,1,0,S, 	(30-MAY-2025 15:47:59)
2,15 , 2,0,1,0,S, 	(30-MAY-2025 15:47:59)
2,15 , 2,0,3,0,S, 	(30-MAY-2025 15:47:59)
2,15 , 2,0,3,0,S, 	(30-MAY-2025 15:47:59)
2,15 , 2,0,3,0,S, 	(30-MAY-2025 15:47:59)
2,15 , 2,0,3,0,S, 	(30-MAY-2025 15:47:59)
2,15 , 2,0,3,0,S, 	(30-MAY-2025 15:47:59)
2,15 , 2,0,3,0,S, 	(30-MAY-2025 15:47:59)
2,15 , 2,0,3,0,S, 	(30-MAY-2025 15:47:59)
2,15 , 2,0,3,0,S, 	(30-MAY-2025 15:47:59)
2,15 , 2,0,3,0,S, 	(30-MAY-2025 15:47:59)
2,15 , 2,0,3,0,S, 	(30-MAY-2025 15:47:59)
2,15 , 2,0,3,0,S, 	(30-MAY-2025 15:47:59)
2,15 , 2,0,3,0,S, 	(30-MAY-2025 15:47:59)
2,15 , 2,0,3,0,S, 	(30-MAY-2025 15:47:59)
2,15 , 2,0,3,0,S, 	(30-MAY-2025 15:47:59)
2,15 , 2,0,3,0,S, 	(30-MAY-2025 15:47:59)
2,15 , 2,0,3,0,S, 	(30-MAY-2025 15:47:59)
2,15 , 2,0,3,0,S, 	(30-MAY-2025 15:47:59)
2,15 , 2,0,3,0,S, 	(30-MAY-2025 15:47:59)
2,15 , 2,0,3,0,S, 	(30-MAY-2025 15:47:59)
2,15 , 2,0,4,0,S, 	(30-MAY-2025 15:47:59)
2,15 , 2,0,4,0,S, 	(30-MAY-2025 15:47:59)
2,15 , 2,0,4,0,S, 	(30-MAY-2025 15:47:59)
2,15 , 2,0,4,0,S, 	(30-MAY-2025 15:47:59)
2,15 , 2,0,4,0,S, 	(30-MAY-2025 15:47:59)
2,15 , 2,0,4,0,S, 	(30-MAY-2025 15:47:59)
2,15 , 2,0,4,0,S, 	(30-MAY-2025 15:47:59)
2,15 , 2,0,4,0,S, 	(30-MAY-2025 15:47:59)
2,15 , 2,0,4,0,S, 	(30-MAY-2025 15:47:59)
2,15 , 2,0,4,0,S, 	(30-MAY-2025 15:47:59)
2,15 , 2,0,4,0,S, 	(30-MAY-2025 15:47:59)
2,15 , 2,0,4,0,S, 	(30-MAY-2025 15:47:59)
2,15 , 2,0,4,0,S, 	(30-MAY-2025 15:47:59)
2,15 , 2,0,4,0,S, 	(30-MAY-2025 15:47:59)
2,15 , 1,0,3,0,S, 	(30-MAY-2025 15:47:59)
2,15 , 1,0,3,0,S, 	(30-MAY-2025 15:47:59)
2,15 , 1,0,3,0,S, 	(30-MAY-2025 15:47:59)
2,15 , 1,0,3,0,S, 	(30-MAY-2025 15:47:59)
2,15 , 1,0,3,0,S, 	(30-MAY-2025 15:47:59)
2,15 , 1,0,3,0,S, 	(30-MAY-2025 15:47:59)
2,15 , 1,0,3,0,S, 	(30-MAY-2025 15:47:59)
2,15 , 1,0,3,0,S, 	(30-MAY-2025 15:47:59)
2,15 , 1,0,3,0,S, 	(30-MAY-2025 15:47:59)
2,15 , 1,0,3,0,S, 	(30-MAY-2025 15:47:59)
2,15 , 1,0,3,0,S, 	(30-MAY-2025 15:47:59)
2,15 , 1,0,3,0,S, 	(30-MAY-2025 15:47:59)
2,15 , 1,0,3,0,S, 	(30-MAY-2025 15:47:59)
2,15 , 1,0,3,0,S, 	(30-MAY-2025 15:47:59)
2,15 , 1,0,3,0,S, 	(30-MAY-2025 15:47:59)
2,15 , 1,0,3,0,S, 	(30-MAY-2025 15:47:59)
2,15 , 1,0,3,0,S, 	(30-MAY-2025 15:47:59)
2,15 , 1,0,3,0,S, 	(30-MAY-2025 15:47:59)
2,15 , 1,0,3,0,S, 	(30-MAY-2025 15:47:59)
2,15 , 1,0,3,0,S, 	(30-MAY-2025 15:47:59)
2,15 , 1,0,3,0,S, 	(30-MAY-2025 15:47:59)
2,15 , 1,0,3,0,S, 	(30-MAY-2025 15:47:59)
2,15 , 1,0,3,0,S, 	(30-MAY-2025 15:47:59)
2,15 , 1,0,3,0,S, 	(30-MAY-2025 15:47:59)
2,15 , 1,0,3,0,S, 	(30-MAY-2025 15:47:59)
2,15 , 1,0,3,0,S, 	(30-MAY-2025 15:47:59)
2,15 , 1,0,3,0,S, 	(30-MAY-2025 15:47:59)
2,15 , 1,0,3,0,S, 	(30-MAY-2025 15:47:59)
2,15 , 1,0,3,0,S, 	(30-MAY-2025 15:47:59)
2,15 , 1,0,3,0,S, 	(30-MAY-2025 15:47:59)
2,15 , 1,0,3,0,S, 	(30-MAY-2025 15:47:59)
2,15 , 1,0,3,0,S, 	(30-MAY-2025 15:47:59)
2,15 , 1,0,4,0,S, 	(30-MAY-2025 15:47:59)
2,15 , 1,0,4,0,S, 	(30-MAY-2025 15:47:59)
2,15 , 1,0,4,0,S, 	(30-MAY-2025 15:47:59)
2,15 , 1,0,4,0,S, 	(30-MAY-2025 15:47:59)
2,15 , 1,0,4,0,S, 	(30-MAY-2025 15:47:59)
2,15 , 1,0,4,0,S, 	(30-MAY-2025 15:47:59)
2,15 , 1,0,4,0,S, 	(30-MAY-2025 15:47:59)
2,15 , 1,0,4,0,S, 	(30-MAY-2025 15:47:59)
2,15 , 1,0,4,0,S, 	(30-MAY-2025 15:47:59)
2,15 , 1,0,4,0,S, 	(30-MAY-2025 15:47:59)
2,15 , 1,0,4,0,S, 	(30-MAY-2025 15:47:59)
2,15 , 1,0,4,0,S, 	(30-MAY-2025 15:47:59)
2,15 , 1,0,4,0,S, 	(30-MAY-2025 15:47:59)
2,15 , 1,0,4,0,S, 	(30-MAY-2025 15:47:59)
2,15 , 1,0,4,0,S, 	(30-MAY-2025 15:47:59)
2,15 , 1,0,4,0,S, 	(30-MAY-2025 15:47:59)
2,15 , 1,0,4,0,S, 	(30-MAY-2025 15:47:59)
2,15 , 1,0,4,0,S, 	(30-MAY-2025 15:47:59)
2,15 , 1,0,4,0,S, 	(30-MAY-2025 15:47:59)
2,15 , 1,0,4,0,S, 	(30-MAY-2025 15:47:59)
2,15 , 1,0,4,0,S, 	(30-MAY-2025 15:47:59)
2,15 , 1,0,4,0,S, 	(30-MAY-2025 15:47:59)
2,15 , 1,0,4,0,S, 	(30-MAY-2025 15:47:59)
2,15 , 1,0,4,0,S, 	(30-MAY-2025 15:47:59)
2,15 , 1,0,4,0,S, 	(30-MAY-2025 15:47:59)
2,15 , 1,0,4,0,S, 	(30-MAY-2025 15:47:59)
2,15 , 1,0,4,0,S, 	(30-MAY-2025 15:47:59)
2,15 , 1,0,4,0,S, 	(30-MAY-2025 15:47:59)
2,15 , 1,0,4,0,S, 	(30-MAY-2025 15:47:59)
2,15 , 1,0,4,0,S, 	(30-MAY-2025 15:47:59)
2,15 , 1,0,4,0,S, 	(30-MAY-2025 15:47:59)
2,15 , 1,0,4,0,S, 	(30-MAY-2025 15:47:59)
2,15 , 1,0,4,0,S, 	(30-MAY-2025 15:47:59)
2,15 , 2,0,6,0,S, 	(30-MAY-2025 15:47:59)
2,15 , 2,0,6,0,S, 	(30-MAY-2025 15:47:59)
2,15 , 2,0,6,0,S, 	(30-MAY-2025 15:47:59)
2,15 , 2,0,6,0,S, 	(30-MAY-2025 15:47:59)
2,15 , 2,0,6,0,S, 	(30-MAY-2025 15:47:59)
2,15 , 2,0,6,0,S, 	(30-MAY-2025 15:47:59)
2,15 , 2,0,6,0,S, 	(30-MAY-2025 15:47:59)
2,15 , 2,0,6,0,S, 	(30-MAY-2025 15:47:59)
2,15 , 2,0,6,0,S, 	(30-MAY-2025 15:47:59)
2,15 , 2,0,6,0,S, 	(30-MAY-2025 15:47:59)
2,15 , 2,0,6,0,S, 	(30-MAY-2025 15:47:59)
2,15 , 2,0,6,0,S, 	(30-MAY-2025 15:47:59)
2,15 , 2,0,6,0,S, 	(30-MAY-2025 15:47:59)
2,15 , 2,0,6,0,S, 	(30-MAY-2025 15:47:59)
2,15 , 2,0,6,0,S, 	(30-MAY-2025 15:47:59)
2,15 , 2,0,6,0,S, 	(30-MAY-2025 15:47:59)
2,15 , 2,0,6,0,S, 	(30-MAY-2025 15:47:59)
2,15 , 2,0,6,0,S, 	(30-MAY-2025 15:47:59)
2,15 , 2,0,6,0,S, 	(30-MAY-2025 15:47:59)
2,15 , 2,0,6,0,S, 	(30-MAY-2025 15:47:59)
2,15 , 2,0,6,0,S, 	(30-MAY-2025 15:47:59)
2,15 , 2,0,6,0,S, 	(30-MAY-2025 15:47:59)
2,15 , 2,0,6,0,S, 	(30-MAY-2025 15:47:59)
2,15 , 2,0,6,0,S, 	(30-MAY-2025 15:47:59)
2,15 , 2,0,6,0,S, 	(30-MAY-2025 15:47:59)
2,15 , 2,0,6,0,S, 	(30-MAY-2025 15:47:59)
2,15 , 2,0,6,0,S, 	(30-MAY-2025 15:47:59)
2,15 , 2,0,6,0,S, 	(30-MAY-2025 15:47:59)
2,15 , 2,0,6,0,S, 	(30-MAY-2025 15:47:59)
2,15 , 2,0,6,0,S, 	(30-MAY-2025 15:47:59)
2,15 , 2,0,6,0,S, 	(30-MAY-2025 15:47:59)
2,15 , 2,0,6,0,S, 	(30-MAY-2025 15:47:59)
2,15 , 2,0,6,0,S, 	(30-MAY-2025 15:47:59)
2,15 , 2,0,6,0,S, 	(30-MAY-2025 15:47:59)
2,15 , 2,0,6,0,S, 	(30-MAY-2025 15:47:59)
2,15 , 2,0,6,0,S, 	(30-MAY-2025 15:47:59)
2,15 , 2,0,6,0,S, 	(30-MAY-2025 15:47:59)
2,15 , 2,0,6,0,S, 	(30-MAY-2025 15:47:59)
2,15 , 2,0,6,0,S, 	(30-MAY-2025 15:47:59)
2,15 , 2,0,6,0,S, 	(30-MAY-2025 15:47:59)
2,15 , 2,0,6,0,S, 	(30-MAY-2025 15:47:59)
2,15 , 2,0,6,0,S, 	(30-MAY-2025 15:47:59)
2,15 , 2,0,6,0,S, 	(30-MAY-2025 15:47:59)
2,15 , 2,0,6,0,S, 	(30-MAY-2025 15:47:59)
2,15 , 2,0,6,0,S, 	(30-MAY-2025 15:47:59)
2,15 , 2,0,16,0,S, 	(30-MAY-2025 15:47:59)
2,15 , 2,0,16,0,S, 	(30-MAY-2025 15:47:59)
2,15 , 2,0,16,0,S, 	(30-MAY-2025 15:47:59)
2,15 , 2,0,16,0,S, 	(30-MAY-2025 15:47:59)
2,15 , 2,0,16,0,S, 	(30-MAY-2025 15:47:59)
2,15 , 2,0,16,0,S, 	(30-MAY-2025 15:47:59)
2,15 , 2,0,16,0,S, 	(30-MAY-2025 15:47:59)
2,15 , 2,0,16,0,S, 	(30-MAY-2025 15:47:59)
2,15 , 2,0,16,0,S, 	(30-MAY-2025 15:47:59)
2,15 , 2,0,16,0,S, 	(30-MAY-2025 15:47:59)
2,15 , 2,0,16,0,S, 	(30-MAY-2025 15:47:59)
2,15 , 2,0,16,0,S, 	(30-MAY-2025 15:47:59)
2,15 , 2,0,16,0,S, 	(30-MAY-2025 15:47:59)
2,15 , 2,0,16,0,S, 	(30-MAY-2025 15:47:59)
2,15 , 2,0,16,0,S, 	(30-MAY-2025 15:47:59)
2,15 , 2,0,9,0,S, 	(30-MAY-2025 15:47:59)
2,15 , 2,0,9,0,S, 	(30-MAY-2025 15:47:59)
2,15 , 2,0,9,0,S, 	(30-MAY-2025 15:47:59)
2,15 , 2,0,9,0,S, 	(30-MAY-2025 15:47:59)
2,15 , 2,0,9,0,S, 	(30-MAY-2025 15:47:59)
2,15 , 2,0,9,0,S, 	(30-MAY-2025 15:47:59)
2,15 , 2,0,9,0,S, 	(30-MAY-2025 15:47:59)
2,15 , 2,0,9,0,S, 	(30-MAY-2025 15:47:59)
2,15 , 2,0,9,0,S, 	(30-MAY-2025 15:47:59)
2,15 , 2,0,9,0,S, 	(30-MAY-2025 15:47:59)
2,15 , 2,0,9,0,S, 	(30-MAY-2025 15:47:59)
2,15 , 2,0,9,0,S, 	(30-MAY-2025 15:47:59)
2,15 , 2,0,9,0,S, 	(30-MAY-2025 15:47:59)
2,15 , 2,0,9,0,S, 	(30-MAY-2025 15:47:59)
2,15 , 2,0,9,0,S, 	(30-MAY-2025 15:47:59)
2,15 , 2,0,9,0,S, 	(30-MAY-2025 15:47:59)
2,15 , 2,0,9,0,S, 	(30-MAY-2025 15:47:59)
2,15 , 2,0,9,0,S, 	(30-MAY-2025 15:47:59)
2,15 , 2,0,9,0,S, 	(30-MAY-2025 15:47:59)
2,15 , 2,0,10,0,S, 	(30-MAY-2025 15:47:59)
2,15 , 2,0,10,0,S, 	(30-MAY-2025 15:47:59)
2,15 , 2,0,10,0,S, 	(30-MAY-2025 15:47:59)
2,15 , 2,0,10,0,S, 	(30-MAY-2025 15:47:59)
2,15 , 2,0,10,0,S, 	(30-MAY-2025 15:47:59)
2,15 , 2,0,10,0,S, 	(30-MAY-2025 15:47:59)
2,15 , 2,0,10,0,S, 	(30-MAY-2025 15:47:59)
2,15 , 2,0,10,0,S, 	(30-MAY-2025 15:47:59)
2,15 , 2,0,10,0,S, 	(30-MAY-2025 15:47:59)
2,15 , 2,0,10,0,S, 	(30-MAY-2025 15:47:59)
2,15 , 2,0,10,0,S, 	(30-MAY-2025 15:47:59)
2,15 , 2,0,10,0,S, 	(30-MAY-2025 15:47:59)
2,15 , 2,0,10,0,S, 	(30-MAY-2025 15:47:59)
2,15 , 2,0,10,0,S, 	(30-MAY-2025 15:47:59)
2,15 , 2,0,10,0,S, 	(30-MAY-2025 15:47:59)
2,15 , 2,0,10,0,S, 	(30-MAY-2025 15:47:59)
2,15 , 2,0,10,0,S, 	(30-MAY-2025 15:47:59)
2,15 , 2,0,10,0,S, 	(30-MAY-2025 15:47:59)
2,15 , 2,0,10,0,S, 	(30-MAY-2025 15:47:59)
2,15 , 2,0,10,0,S, 	(30-MAY-2025 15:47:59)
2,15 , 2,0,10,0,S, 	(30-MAY-2025 15:47:59)
2,15 , 2,0,10,0,S, 	(30-MAY-2025 15:47:59)
2,15 , 2,0,10,0,S, 	(30-MAY-2025 15:47:59)
2,15 , 2,0,10,0,S, 	(30-MAY-2025 15:47:59)
2,15 , 2,0,10,0,S, 	(30-MAY-2025 15:47:59)
2,15 , 2,0,10,0,S, 	(30-MAY-2025 15:47:59)
2,15 , 2,0,10,0,S, 	(30-MAY-2025 15:47:59)
2,15 , 2,0,10,0,S, 	(30-MAY-2025 15:47:59)
2,15 , 2,0,10,0,S, 	(30-MAY-2025 15:47:59)
2,15 , 2,0,10,0,S, 	(30-MAY-2025 15:47:59)
2,15 , 2,0,10,0,S, 	(30-MAY-2025 15:47:59)
2,15 , 2,0,13,0,S, 	(30-MAY-2025 15:47:59)
2,15 , 2,0,13,0,S, 	(30-MAY-2025 15:47:59)
2,15 , 2,0,13,0,S, 	(30-MAY-2025 15:47:59)
2,15 , 2,0,13,0,S, 	(30-MAY-2025 15:47:59)
2,15 , 2,0,13,0,S, 	(30-MAY-2025 15:47:59)
2,15 , 2,0,13,0,S, 	(30-MAY-2025 15:47:59)
2,15 , 2,0,13,0,S, 	(30-MAY-2025 15:47:59)
2,15 , 2,0,13,0,S, 	(30-MAY-2025 15:47:59)
2,15 , 2,0,13,0,S, 	(30-MAY-2025 15:47:59)
2,15 , 2,0,13,0,S, 	(30-MAY-2025 15:47:59)
2,15 , 2,0,13,0,S, 	(30-MAY-2025 15:47:59)
2,15 , 2,0,13,0,S, 	(30-MAY-2025 15:47:59)
2,15 , 2,0,13,0,S, 	(30-MAY-2025 15:47:59)
2,15 , 2,0,13,0,S, 	(30-MAY-2025 15:47:59)
2,15 , 2,0,13,0,S, 	(30-MAY-2025 15:47:59)
2,15 , 2,0,13,0,S, 	(30-MAY-2025 15:47:59)
2,15 , 2,0,13,0,S, 	(30-MAY-2025 15:47:59)
2,15 , 2,0,13,0,S, 	(30-MAY-2025 15:47:59)
2,15 , 2,0,13,0,S, 	(30-MAY-2025 15:47:59)
2,15 , 2,0,13,0,S, 	(30-MAY-2025 15:47:59)
2,15 , 2,0,13,0,S, 	(30-MAY-2025 15:47:59)
2,15 , 2,0,13,0,S, 	(30-MAY-2025 15:47:59)
2,15 , 2,0,13,0,S, 	(30-MAY-2025 15:47:59)
2,15 , 2,0,13,0,S, 	(30-MAY-2025 15:47:59)
2,15 , 2,0,13,0,S, 	(30-MAY-2025 15:47:59)
2,15 , 2,0,13,0,S, 	(30-MAY-2025 15:47:59)
2,15 , 2,0,13,0,S, 	(30-MAY-2025 15:47:59)
2,15 , 2,0,13,0,S, 	(30-MAY-2025 15:47:59)
2,15 , 2,0,13,0,S, 	(30-MAY-2025 15:47:59)
2,15 , 2,0,13,0,S, 	(30-MAY-2025 15:47:59)
2,15 , 2,0,13,0,S, 	(30-MAY-2025 15:47:59)
2,15 , 2,0,13,0,S, 	(30-MAY-2025 15:47:59)
2,15 , 2,0,13,0,S, 	(30-MAY-2025 15:47:59)
2,15 , 2,0,13,0,S, 	(30-MAY-2025 15:47:59)
2,15 , 2,0,13,0,S, 	(30-MAY-2025 15:47:59)
2,15 , 2,0,13,0,S, 	(30-MAY-2025 15:47:59)
2,15 , 2,0,13,0,S, 	(30-MAY-2025 15:47:59)
2,15 , 2,0,13,0,S, 	(30-MAY-2025 15:47:59)
2,15 , 2,0,13,0,S, 	(30-MAY-2025 15:47:59)
2,15 , 2,0,14,0,S, 	(30-MAY-2025 15:47:59)
2,15 , 2,0,14,0,S, 	(30-MAY-2025 15:47:59)
2,15 , 2,0,14,0,S, 	(30-MAY-2025 15:47:59)
2,15 , 2,0,14,0,S, 	(30-MAY-2025 15:47:59)
2,15 , 2,0,14,0,S, 	(30-MAY-2025 15:47:59)
2,15 , 2,0,14,0,S, 	(30-MAY-2025 15:47:59)
2,15 , 2,0,14,0,S, 	(30-MAY-2025 15:47:59)
2,15 , 2,0,14,0,S, 	(30-MAY-2025 15:47:59)
2,15 , 2,0,14,0,S, 	(30-MAY-2025 15:47:59)
2,15 , 2,0,14,0,S, 	(30-MAY-2025 15:47:59)
2,15 , 2,0,14,0,S, 	(30-MAY-2025 15:47:59)
2,15 , 2,0,14,0,S, 	(30-MAY-2025 15:47:59)
2,15 , 2,0,14,0,S, 	(30-MAY-2025 15:47:59)
2,15 , 2,0,14,0,S, 	(30-MAY-2025 15:47:59)
2,15 , 2,0,14,0,S, 	(30-MAY-2025 15:47:59)
2,15 , 2,0,14,0,S, 	(30-MAY-2025 15:47:59)
2,15 , 2,0,14,0,S, 	(30-MAY-2025 15:47:59)
2,15 , 2,0,14,0,S, 	(30-MAY-2025 15:47:59)
2,15 , 2,0,14,0,S, 	(30-MAY-2025 15:47:59)
2,15 , 2,0,14,0,S, 	(30-MAY-2025 15:47:59)
2,15 , 2,0,14,0,S, 	(30-MAY-2025 15:47:59)
2,15 , 2,0,14,0,S, 	(30-MAY-2025 15:47:59)
2,15 , 2,0,14,0,S, 	(30-MAY-2025 15:47:59)
2,15 , 2,0,14,0,S, 	(30-MAY-2025 15:47:59)
2,15 , 2,0,14,0,S, 	(30-MAY-2025 15:47:59)
2,15 , 2,0,14,0,S, 	(30-MAY-2025 15:47:59)
2,15 , 2,0,14,0,S, 	(30-MAY-2025 15:47:59)
2,15 , 2,0,14,0,S, 	(30-MAY-2025 15:47:59)
2,15 , 2,0,14,0,S, 	(30-MAY-2025 15:47:59)
2,15 , 2,0,14,0,S, 	(30-MAY-2025 15:47:59)
2,15 , 2,0,14,0,S, 	(30-MAY-2025 15:47:59)
2,15 , 2,0,14,0,S, 	(30-MAY-2025 15:47:59)
2,15 , 2,0,14,0,S, 	(30-MAY-2025 15:47:59)
2,15 , 2,0,14,0,S, 	(30-MAY-2025 15:47:59)
2,15 , 2,0,14,0,S, 	(30-MAY-2025 15:47:59)
2,15 , 2,0,14,0,S, 	(30-MAY-2025 15:47:59)
2,15 , 2,0,14,0,S, 	(30-MAY-2025 15:47:59)
2,15 , 2,0,14,0,S, 	(30-MAY-2025 15:47:59)
2,15 , 2,0,14,0,S, 	(30-MAY-2025 15:47:59)
2,15 , 2,0,14,0,S, 	(30-MAY-2025 15:47:59)
2,15 , 2,0,14,0,S, 	(30-MAY-2025 15:47:59)
2,15 , 2,0,14,0,S, 	(30-MAY-2025 15:47:59)
2,15 , 2,0,14,0,S, 	(30-MAY-2025 15:47:59)
2,15 , 2,0,14,0,S, 	(30-MAY-2025 15:47:59)
2,15 , 2,0,12,0,S, 	(30-MAY-2025 15:47:59)
2,15 , 2,0,12,0,S, 	(30-MAY-2025 15:47:59)
2,15 , 2,0,12,0,S, 	(30-MAY-2025 15:47:59)
2,15 , 2,0,12,0,S, 	(30-MAY-2025 15:47:59)
2,15 , 2,0,12,0,S, 	(30-MAY-2025 15:47:59)
2,15 , 2,0,12,0,S, 	(30-MAY-2025 15:47:59)
2,15 , 2,0,12,0,S, 	(30-MAY-2025 15:47:59)
2,15 , 2,0,12,0,S, 	(30-MAY-2025 15:47:59)
2,15 , 2,0,12,0,S, 	(30-MAY-2025 15:47:59)
2,15 , 2,0,12,0,S, 	(30-MAY-2025 15:47:59)
2,15 , 2,0,12,0,S, 	(30-MAY-2025 15:47:59)
2,15 , 2,0,12,0,S, 	(30-MAY-2025 15:47:59)
2,15 , 2,0,12,0,S, 	(30-MAY-2025 15:47:59)
2,15 , 2,0,12,0,S, 	(30-MAY-2025 15:47:59)
2,15 , 2,0,12,0,S, 	(30-MAY-2025 15:47:59)
2,15 , 2,0,15,1,S, 	(30-MAY-2025 15:47:59)
2,15 , 2,0,15,1,S, 	(30-MAY-2025 15:47:59)
2,15 , 2,0,15,1,S, 	(30-MAY-2025 15:47:59)
2,15 , 2,0,15,1,S, 	(30-MAY-2025 15:47:59)
2,15 , 2,0,15,1,S, 	(30-MAY-2025 15:47:59)
2,15 , 2,0,15,1,S, 	(30-MAY-2025 15:47:59)
2,15 , 2,0,15,1,S, 	(30-MAY-2025 15:47:59)
2,15 , 2,0,15,1,S, 	(30-MAY-2025 15:47:59)
2,15 , 2,0,15,1,S, 	(30-MAY-2025 15:47:59)
2,15 , 2,0,15,1,S, 	(30-MAY-2025 15:47:59)
2,15 , 2,0,15,1,S, 	(30-MAY-2025 15:47:59)
2,15 , 2,0,15,1,S, 	(30-MAY-2025 15:47:59)
2,15 , 2,0,15,1,S, 	(30-MAY-2025 15:47:59)
2,15 , 2,0,15,1,S, 	(30-MAY-2025 15:47:59)
2,15 , 2,0,15,1,S, 	(30-MAY-2025 15:47:59)
2,15 , 2,0,16,1,S, 	(30-MAY-2025 15:47:59)
2,15 , 2,0,16,1,S, 	(30-MAY-2025 15:47:59)
2,15 , 2,0,16,1,S, 	(30-MAY-2025 15:47:59)
2,15 , 2,0,16,1,S, 	(30-MAY-2025 15:47:59)
2,15 , 2,0,16,1,S, 	(30-MAY-2025 15:47:59)
2,15 , 2,0,16,1,S, 	(30-MAY-2025 15:47:59)
2,15 , 2,0,16,1,S, 	(30-MAY-2025 15:47:59)
2,15 , 2,0,16,1,S, 	(30-MAY-2025 15:47:59)
2,15 , 2,0,16,1,S, 	(30-MAY-2025 15:47:59)
2,15 , 2,0,16,1,S, 	(30-MAY-2025 15:47:59)
2,15 , 2,0,16,1,S, 	(30-MAY-2025 15:47:59)
2,15 , 2,0,16,1,S, 	(30-MAY-2025 15:47:59)
2,15 , 2,0,16,1,S, 	(30-MAY-2025 15:47:59)
2,15 , 2,0,16,1,S, 	(30-MAY-2025 15:47:59)
2,15 , 2,0,16,1,S, 	(30-MAY-2025 15:47:59)
2,15 , 2,0,16,1,S, 	(30-MAY-2025 15:47:59)
2,15 , 2,0,15,2,S, 	(30-MAY-2025 15:47:59)
2,15 , 2,0,15,2,S, 	(30-MAY-2025 15:47:59)
2,15 , 2,0,15,2,S, 	(30-MAY-2025 15:47:59)
2,15 , 2,0,15,2,S, 	(30-MAY-2025 15:47:59)
2,15 , 2,0,15,2,S, 	(30-MAY-2025 15:47:59)
2,15 , 2,0,15,2,S, 	(30-MAY-2025 15:47:59)
2,15 , 2,0,15,2,S, 	(30-MAY-2025 15:47:59)
2,15 , 2,0,15,2,S, 	(30-MAY-2025 15:47:59)
2,15 , 2,0,15,2,S, 	(30-MAY-2025 15:47:59)
2,15 , 2,0,15,2,S, 	(30-MAY-2025 15:47:59)
2,15 , 2,0,15,2,S, 	(30-MAY-2025 15:47:59)
2,15 , 2,0,15,2,S, 	(30-MAY-2025 15:47:59)
2,15 , 2,0,15,2,S, 	(30-MAY-2025 15:47:59)
2,15 , 2,0,15,2,S, 	(30-MAY-2025 15:47:59)
2,15 , 2,0,15,2,S, 	(30-MAY-2025 15:47:59)
2,15 , 2,0,15,2,S, 	(30-MAY-2025 15:47:59)
2,15 , 2,0,6,1,S, 	(30-MAY-2025 15:47:59)
2,15 , 2,0,6,1,S, 	(30-MAY-2025 15:47:59)
2,15 , 2,0,6,1,S, 	(30-MAY-2025 15:47:59)
2,15 , 2,0,6,1,S, 	(30-MAY-2025 15:47:59)
2,15 , 2,0,6,1,S, 	(30-MAY-2025 15:47:59)
2,15 , 2,0,6,1,S, 	(30-MAY-2025 15:47:59)
2,15 , 2,0,6,1,S, 	(30-MAY-2025 15:47:59)
2,15 , 2,0,6,1,S, 	(30-MAY-2025 15:47:59)
2,15 , 2,0,6,1,S, 	(30-MAY-2025 15:47:59)
2,15 , 2,0,6,1,S, 	(30-MAY-2025 15:47:59)
2,15 , 2,0,6,1,S, 	(30-MAY-2025 15:47:59)
2,15 , 2,0,6,1,S, 	(30-MAY-2025 15:47:59)
2,15 , 2,0,6,1,S, 	(30-MAY-2025 15:47:59)
2,15 , 2,0,6,1,S, 	(30-MAY-2025 15:47:59)
2,15 , 2,0,6,1,S, 	(30-MAY-2025 15:47:59)
2,15 , 2,0,6,1,S, 	(30-MAY-2025 15:47:59)
2,15 , 2,0,7,0,S, 	(30-MAY-2025 15:47:59)
2,15 , 2,0,7,0,S, 	(30-MAY-2025 15:47:59)
2,15 , 2,0,7,0,S, 	(30-MAY-2025 15:47:59)
2,15 , 2,0,7,0,S, 	(30-MAY-2025 15:47:59)
2,15 , 2,0,7,0,S, 	(30-MAY-2025 15:47:59)
2,15 , 2,0,7,0,S, 	(30-MAY-2025 15:47:59)
2,15 , 2,0,7,0,S, 	(30-MAY-2025 15:47:59)
2,15 , 2,0,7,0,S, 	(30-MAY-2025 15:47:59)
2,15 , 2,0,7,0,S, 	(30-MAY-2025 15:47:59)
2,15 , 2,0,7,0,S, 	(30-MAY-2025 15:47:59)
2,15 , 2,0,7,0,S, 	(30-MAY-2025 15:47:59)
2,15 , 2,0,7,0,S, 	(30-MAY-2025 15:47:59)
2,15 , 2,0,7,0,S, 	(30-MAY-2025 15:47:59)
2,15 , 2,0,7,0,S, 	(30-MAY-2025 15:47:59)
2,15 , 2,0,7,0,S, 	(30-MAY-2025 15:47:59)
2,15 , 2,0,7,0,S, 	(30-MAY-2025 15:47:59)
2,15 , 2,0,7,0,S, 	(30-MAY-2025 15:47:59)
2,15 , 2,0,7,0,S, 	(30-MAY-2025 15:47:59)
2,15 , 2,0,7,0,S, 	(30-MAY-2025 15:47:59)
2,15 , 2,0,7,0,S, 	(30-MAY-2025 15:47:59)
2,15 , 2,0,7,0,S, 	(30-MAY-2025 15:47:59)
2,15 , 2,0,7,0,S, 	(30-MAY-2025 15:47:59)
2,15 , 2,0,7,0,S, 	(30-MAY-2025 15:47:59)
2,15 , 2,0,7,0,S, 	(30-MAY-2025 15:47:59)
2,15 , 2,0,7,0,S, 	(30-MAY-2025 15:47:59)
2,15 , 2,0,7,0,S, 	(30-MAY-2025 15:47:59)
2,15 , 2,0,7,0,S, 	(30-MAY-2025 15:47:59)
2,15 , 2,0,7,0,S, 	(30-MAY-2025 15:47:59)
2,15 , 2,0,7,0,S, 	(30-MAY-2025 15:47:59)
2,15 , 2,0,7,0,S, 	(30-MAY-2025 15:47:59)
2,15 , 2,0,7,0,S, 	(30-MAY-2025 15:47:59)
2,15 , 2,0,8,0,S, 	(30-MAY-2025 15:47:59)
2,15 , 2,0,8,0,S, 	(30-MAY-2025 15:47:59)
2,15 , 2,0,8,0,S, 	(30-MAY-2025 15:47:59)
2,15 , 2,0,8,0,S, 	(30-MAY-2025 15:47:59)
2,15 , 2,0,8,0,S, 	(30-MAY-2025 15:47:59)
2,15 , 2,0,8,0,S, 	(30-MAY-2025 15:47:59)
2,15 , 2,0,8,0,S, 	(30-MAY-2025 15:48:00)
2,15 , 2,0,8,0,S, 	(30-MAY-2025 15:48:00)
2,15 , 2,0,8,0,S, 	(30-MAY-2025 15:48:00)
2,15 , 2,0,8,0,S, 	(30-MAY-2025 15:48:00)
2,15 , 2,0,8,0,S, 	(30-MAY-2025 15:48:00)
2,15 , 2,0,8,0,S, 	(30-MAY-2025 15:48:00)
2,15 , 2,0,8,0,S, 	(30-MAY-2025 15:48:00)
2,15 , 2,0,8,0,S, 	(30-MAY-2025 15:48:00)
2,15 , 2,0,8,0,S, 	(30-MAY-2025 15:48:00)
2,15 , 2,0,8,0,S, 	(30-MAY-2025 15:48:00)
2,15 , 2,0,8,0,S, 	(30-MAY-2025 15:48:00)
2,15 , 2,0,8,0,S, 	(30-MAY-2025 15:48:00)
2,15 , 2,0,8,0,S, 	(30-MAY-2025 15:48:00)
2,15 , 2,0,8,0,S, 	(30-MAY-2025 15:48:00)
2,15 , 2,0,17,0,S, 	(30-MAY-2025 15:48:00)
2,15 , 2,0,17,0,S, 	(30-MAY-2025 15:48:00)
2,15 , 2,0,17,0,S, 	(30-MAY-2025 15:48:00)
2,15 , 2,0,17,0,S, 	(30-MAY-2025 15:48:00)
2,15 , 2,0,17,0,S, 	(30-MAY-2025 15:48:00)
2,15 , 2,0,17,0,S, 	(30-MAY-2025 15:48:00)
2,15 , 2,0,17,0,S, 	(30-MAY-2025 15:48:00)
2,15 , 2,0,17,0,S, 	(30-MAY-2025 15:48:00)
2,15 , 2,0,17,0,S, 	(30-MAY-2025 15:48:00)
2,15 , 2,0,17,0,S, 	(30-MAY-2025 15:48:00)
2,15 , 2,0,17,0,S, 	(30-MAY-2025 15:48:00)
2,15 , 2,0,17,0,S, 	(30-MAY-2025 15:48:00)
2,15 , 2,0,17,0,S, 	(30-MAY-2025 15:48:00)
2,15 , 2,0,17,0,S, 	(30-MAY-2025 15:48:00)
2,15 , 2,0,17,0,S, 	(30-MAY-2025 15:48:00)
2,15 , 2,0,17,0,S, 	(30-MAY-2025 15:48:00)
2,15 , 2,0,17,0,S, 	(30-MAY-2025 15:48:00)
2,15 , 2,0,17,0,S, 	(30-MAY-2025 15:48:00)
2,15 , 2,0,17,0,S, 	(30-MAY-2025 15:48:00)
2,15 , 2,0,17,0,S, 	(30-MAY-2025 15:48:00)
2,15 , 2,0,17,0,S, 	(30-MAY-2025 15:48:00)
2,15 , 2,0,17,0,S, 	(30-MAY-2025 15:48:00)
2,15 , 2,0,17,0,S, 	(30-MAY-2025 15:48:00)
2,15 , 2,0,17,0,S, 	(30-MAY-2025 15:48:00)
2,15 , 2,0,17,0,S, 	(30-MAY-2025 15:48:00)
2,15 , 2,0,17,0,S, 	(30-MAY-2025 15:48:00)
2,15 , 2,0,17,0,S, 	(30-MAY-2025 15:48:00)
2,15 , 2,0,17,0,S, 	(30-MAY-2025 15:48:00)
2,15 , 2,0,17,0,S, 	(30-MAY-2025 15:48:00)
2,15 , 2,0,21,1,S, 	(30-MAY-2025 15:48:00)
2,15 , 2,0,21,1,S, 	(30-MAY-2025 15:48:00)
2,15 , 2,0,21,1,S, 	(30-MAY-2025 15:48:00)
2,15 , 2,0,21,1,S, 	(30-MAY-2025 15:48:00)
2,15 , 2,0,21,1,S, 	(30-MAY-2025 15:48:00)
2,15 , 2,0,21,1,S, 	(30-MAY-2025 15:48:00)
2,15 , 2,0,21,1,S, 	(30-MAY-2025 15:48:00)
2,15 , 2,0,21,1,S, 	(30-MAY-2025 15:48:00)
2,15 , 2,0,19,0,S, 	(30-MAY-2025 15:48:00)
2,15 , 2,0,19,0,S, 	(30-MAY-2025 15:48:00)
2,15 , 2,0,19,0,S, 	(30-MAY-2025 15:48:00)
2,15 , 2,0,19,0,S, 	(30-MAY-2025 15:48:00)
2,15 , 2,0,19,0,S, 	(30-MAY-2025 15:48:00)
2,15 , 2,0,19,0,S, 	(30-MAY-2025 15:48:00)
2,15 , 2,0,19,0,S, 	(30-MAY-2025 15:48:00)
2,15 , 2,0,19,0,S, 	(30-MAY-2025 15:48:00)
2,15 , 2,0,19,0,S, 	(30-MAY-2025 15:48:00)
2,15 , 2,0,19,0,S, 	(30-MAY-2025 15:48:00)
2,15 , 2,0,19,0,S, 	(30-MAY-2025 15:48:00)
2,15 , 2,0,19,0,S, 	(30-MAY-2025 15:48:00)
2,15 , 2,0,19,0,S, 	(30-MAY-2025 15:48:00)
2,15 , 2,0,19,0,S, 	(30-MAY-2025 15:48:00)
2,15 , 2,0,19,0,S, 	(30-MAY-2025 15:48:00)
2,15 , 2,0,19,0,S, 	(30-MAY-2025 15:48:00)
2,15 , 2,0,19,0,S, 	(30-MAY-2025 15:48:00)
2,15 , 2,0,19,0,S, 	(30-MAY-2025 15:48:00)
2,15 , 2,0,19,0,S, 	(30-MAY-2025 15:48:00)
2,15 , 2,0,19,0,S, 	(30-MAY-2025 15:48:00)
2,15 , 2,0,19,0,S, 	(30-MAY-2025 15:48:00)
2,15 , 2,0,19,0,S, 	(30-MAY-2025 15:48:00)
2,15 , 2,0,19,0,S, 	(30-MAY-2025 15:48:00)
2,15 , 2,0,19,0,S, 	(30-MAY-2025 15:48:00)
2,15 , 2,0,19,0,S, 	(30-MAY-2025 15:48:00)
2,15 , 2,0,19,0,S, 	(30-MAY-2025 15:48:00)
2,15 , 2,0,19,0,S, 	(30-MAY-2025 15:48:00)
2,15 , 2,0,19,0,S, 	(30-MAY-2025 15:48:00)
2,15 , 2,0,19,0,S, 	(30-MAY-2025 15:48:00)
2,15 , 2,0,19,0,S, 	(30-MAY-2025 15:48:00)
2,15 , 2,0,19,0,S, 	(30-MAY-2025 15:48:00)
2,15 , 2,0,18,0,S, 	(30-MAY-2025 15:48:00)
2,15 , 2,0,18,0,S, 	(30-MAY-2025 15:48:00)
2,15 , 2,0,18,0,S, 	(30-MAY-2025 15:48:00)
2,15 , 2,0,18,0,S, 	(30-MAY-2025 15:48:00)
2,15 , 2,0,18,0,S, 	(30-MAY-2025 15:48:00)
2,15 , 2,0,18,0,S, 	(30-MAY-2025 15:48:00)
2,15 , 2,0,18,0,S, 	(30-MAY-2025 15:48:00)
2,15 , 2,0,18,0,S, 	(30-MAY-2025 15:48:00)
2,15 , 2,0,18,0,S, 	(30-MAY-2025 15:48:00)
2,15 , 2,0,18,0,S, 	(30-MAY-2025 15:48:00)
2,15 , 2,0,18,0,S, 	(30-MAY-2025 15:48:00)
2,15 , 2,0,18,0,S, 	(30-MAY-2025 15:48:00)
2,15 , 2,0,18,0,S, 	(30-MAY-2025 15:48:00)
2,15 , 2,0,18,0,S, 	(30-MAY-2025 15:48:00)
2,15 , 2,0,18,0,S, 	(30-MAY-2025 15:48:00)
2,15 , 2,0,18,0,S, 	(30-MAY-2025 15:48:00)
2,15 , 2,0,18,0,S, 	(30-MAY-2025 15:48:00)
2,15 , 2,0,18,0,S, 	(30-MAY-2025 15:48:00)
2,15 , 2,0,18,0,S, 	(30-MAY-2025 15:48:00)
2,15 , 2,0,18,0,S, 	(30-MAY-2025 15:48:00)
2,15 , 2,0,18,0,S, 	(30-MAY-2025 15:48:00)
2,15 , 2,0,18,0,S, 	(30-MAY-2025 15:48:00)
2,15 , 2,0,18,0,S, 	(30-MAY-2025 15:48:00)
2,15 , 2,0,18,0,S, 	(30-MAY-2025 15:48:00)
2,15 , 2,0,18,0,S, 	(30-MAY-2025 15:48:00)
2,15 , 2,0,18,0,S, 	(30-MAY-2025 15:48:00)
2,15 , 2,0,18,0,S, 	(30-MAY-2025 15:48:00)
2,15 , 2,0,18,0,S, 	(30-MAY-2025 15:48:00)
2,15 , 2,0,18,0,S, 	(30-MAY-2025 15:48:00)
2,15 , 2,0,18,0,S, 	(30-MAY-2025 15:48:00)
2,15 , 2,0,18,0,S, 	(30-MAY-2025 15:48:00)
2,15 , 2,0,18,0,S, 	(30-MAY-2025 15:48:00)
2,15 , 2,0,18,0,S, 	(30-MAY-2025 15:48:00)
2,15 , 2,0,18,0,S, 	(30-MAY-2025 15:48:00)
2,15 , 2,0,18,0,S, 	(30-MAY-2025 15:48:00)
2,15 , 2,0,18,0,S, 	(30-MAY-2025 15:48:00)
2,15 , 2,0,18,0,S, 	(30-MAY-2025 15:48:00)
2,15 , 2,0,18,0,S, 	(30-MAY-2025 15:48:00)
2,15 , 2,0,18,0,S, 	(30-MAY-2025 15:48:00)
2,15 , 2,0,18,0,S, 	(30-MAY-2025 15:48:00)
2,15 , 2,0,18,0,S, 	(30-MAY-2025 15:48:00)
2,15 , 2,0,18,0,S, 	(30-MAY-2025 15:48:00)
2,15 , 2,0,18,0,S, 	(30-MAY-2025 15:48:00)
2,15 , 2,0,18,0,S, 	(30-MAY-2025 15:48:00)
2,15 , 2,0,18,0,S, 	(30-MAY-2025 15:48:00)
2,15 , 2,0,18,0,S, 	(30-MAY-2025 15:48:00)
2,15 , 2,0,18,0,S, 	(30-MAY-2025 15:48:00)
2,15 , 2,0,18,0,S, 	(30-MAY-2025 15:48:00)
2,15 , 2,0,18,0,S, 	(30-MAY-2025 15:48:00)
2,15 , 2,0,18,0,S, 	(30-MAY-2025 15:48:00)
2,15 , 2,0,18,0,S, 	(30-MAY-2025 15:48:00)
2,15 , 2,0,18,0,S, 	(30-MAY-2025 15:48:00)
2,15 , 2,0,18,0,S, 	(30-MAY-2025 15:48:00)
2,15 , 2,0,18,0,S, 	(30-MAY-2025 15:48:00)
2,15 , 2,0,18,0,S, 	(30-MAY-2025 15:48:00)
2,15 , 2,0,18,0,S, 	(30-MAY-2025 15:48:00)
2,15 , 2,0,18,0,S, 	(30-MAY-2025 15:48:00)
2,15 , 2,0,18,0,S, 	(30-MAY-2025 15:48:00)
2,15 , 2,0,18,0,S, 	(30-MAY-2025 15:48:00)
2,15 , 2,0,18,0,S, 	(30-MAY-2025 15:48:00)
2,15 , 2,0,18,0,S, 	(30-MAY-2025 15:48:00)
2,15 , 2,0,18,0,S, 	(30-MAY-2025 15:48:00)
2,15 , 2,0,18,0,S, 	(30-MAY-2025 15:48:00)
2,15 , 2,0,18,0,S, 	(30-MAY-2025 15:48:00)
2,15 , 2,0,18,0,S, 	(30-MAY-2025 15:48:00)
2,15 , 2,0,18,0,S, 	(30-MAY-2025 15:48:00)
2,15 , 2,0,18,0,S, 	(30-MAY-2025 15:48:00)
2,15 , 2,0,18,0,S, 	(30-MAY-2025 15:48:00)
2,15 , 2,0,18,0,S, 	(30-MAY-2025 15:48:00)
2,15 , 2,0,18,0,S, 	(30-MAY-2025 15:48:00)
2,15 , 2,0,18,0,S, 	(30-MAY-2025 15:48:00)
2,15 , 2,0,18,0,S, 	(30-MAY-2025 15:48:00)
2,15 , 2,0,18,0,S, 	(30-MAY-2025 15:48:00)
2,15 , 2,0,18,0,S, 	(30-MAY-2025 15:48:00)
2,15 , 2,0,18,0,S, 	(30-MAY-2025 15:48:00)
2,15 , 2,0,18,0,S, 	(30-MAY-2025 15:48:00)
2,15 , 2,0,18,0,S, 	(30-MAY-2025 15:48:00)
2,15 , 2,0,18,0,S, 	(30-MAY-2025 15:48:00)
2,15 , 2,0,18,0,S, 	(30-MAY-2025 15:48:00)
2,15 , 2,0,18,0,S, 	(30-MAY-2025 15:48:00)
2,15 , 2,0,18,0,S, 	(30-MAY-2025 15:48:00)
2,15 , 2,0,18,0,S, 	(30-MAY-2025 15:48:00)
2,15 , 2,0,18,0,S, 	(30-MAY-2025 15:48:00)
2,15 , 2,0,18,0,S, 	(30-MAY-2025 15:48:00)
2,15 , 2,0,18,0,S, 	(30-MAY-2025 15:48:00)
2,15 , 2,0,18,0,S, 	(30-MAY-2025 15:48:00)
2,15 , 2,0,18,0,S, 	(30-MAY-2025 15:48:00)
2,15 , 2,0,18,0,S, 	(30-MAY-2025 15:48:00)
2,15 , 2,0,18,0,S, 	(30-MAY-2025 15:48:00)
2,15 , 2,0,18,0,S, 	(30-MAY-2025 15:48:00)
2,15 , 2,0,18,0,S, 	(30-MAY-2025 15:48:00)
2,15 , 2,0,18,0,S, 	(30-MAY-2025 15:48:00)
2,15 , 2,0,18,0,S, 	(30-MAY-2025 15:48:00)
2,15 , 2,0,18,0,S, 	(30-MAY-2025 15:48:00)
2,15 , 2,0,18,0,S, 	(30-MAY-2025 15:48:00)
2,15 , 2,0,18,0,S, 	(30-MAY-2025 15:48:00)
2,15 , 2,0,18,0,S, 	(30-MAY-2025 15:48:00)
2,15 , 2,0,18,0,S, 	(30-MAY-2025 15:48:00)
2,15 , 2,0,18,0,S, 	(30-MAY-2025 15:48:00)
2,15 , 2,0,18,0,S, 	(30-MAY-2025 15:48:00)
2,15 , 2,0,18,0,S, 	(30-MAY-2025 15:48:00)
2,15 , 2,0,18,0,S, 	(30-MAY-2025 15:48:00)
2,15 , 2,0,18,0,S, 	(30-MAY-2025 15:48:00)
2,15 , 2,0,18,0,S, 	(30-MAY-2025 15:48:00)
2,15 , 2,0,18,0,S, 	(30-MAY-2025 15:48:00)
2,15 , 2,0,18,0,S, 	(30-MAY-2025 15:48:00)
2,15 , 2,0,18,0,S, 	(30-MAY-2025 15:48:00)
2,15 , 2,0,18,0,S, 	(30-MAY-2025 15:48:00)
2,15 , 2,0,18,0,S, 	(30-MAY-2025 15:48:00)
2,15 , 2,0,18,0,S, 	(30-MAY-2025 15:48:00)
2,15 , 2,0,18,0,S, 	(30-MAY-2025 15:48:00)
2,15 , 2,0,18,0,S, 	(30-MAY-2025 15:48:00)
2,15 , 2,0,18,0,S, 	(30-MAY-2025 15:48:00)
2,15 , 2,0,18,0,S, 	(30-MAY-2025 15:48:00)
2,15 , 2,0,18,0,S, 	(30-MAY-2025 15:48:00)
2,15 , 2,0,18,0,S, 	(30-MAY-2025 15:48:00)
2,15 , 2,0,18,0,S, 	(30-MAY-2025 15:48:00)
2,15 , 2,0,18,0,S, 	(30-MAY-2025 15:48:00)
2,15 , 2,0,18,0,S, 	(30-MAY-2025 15:48:00)
2,15 , 2,0,18,0,S, 	(30-MAY-2025 15:48:00)
2,15 , 2,0,18,0,S, 	(30-MAY-2025 15:48:00)
2,15 , 2,0,18,0,S, 	(30-MAY-2025 15:48:00)
2,15 , 2,0,18,0,S, 	(30-MAY-2025 15:48:00)
2,15 , 2,0,18,0,S, 	(30-MAY-2025 15:48:00)
2,15 , 2,0,18,0,S, 	(30-MAY-2025 15:48:00)
2,15 , 2,0,18,0,S, 	(30-MAY-2025 15:48:00)
2,15 , 2,0,18,0,S, 	(30-MAY-2025 15:48:00)
2,15 , 2,0,18,0,S, 	(30-MAY-2025 15:48:00)
2,15 , 2,0,18,0,S, 	(30-MAY-2025 15:48:00)
2,15 , 2,0,18,0,S, 	(30-MAY-2025 15:48:00)
2,15 , 2,0,18,0,S, 	(30-MAY-2025 15:48:00)
2,15 , 2,0,18,0,S, 	(30-MAY-2025 15:48:00)
2,15 , 2,0,18,0,S, 	(30-MAY-2025 15:48:00)
2,15 , 2,0,18,0,S, 	(30-MAY-2025 15:48:00)
2,15 , 2,0,18,0,S, 	(30-MAY-2025 15:48:00)
2,15 , 2,0,18,0,S, 	(30-MAY-2025 15:48:00)
2,15 , 2,0,18,0,S, 	(30-MAY-2025 15:48:00)
2,15 , 2,0,18,0,S, 	(30-MAY-2025 15:48:00)
2,15 , 2,0,18,0,S, 	(30-MAY-2025 15:48:00)
2,15 , 2,0,18,0,S, 	(30-MAY-2025 15:48:00)
2,15 , 2,0,18,0,S, 	(30-MAY-2025 15:48:00)
2,15 , 2,0,18,0,S, 	(30-MAY-2025 15:48:00)
2,15 , 2,0,18,0,S, 	(30-MAY-2025 15:48:00)
2,15 , 2,0,18,0,S, 	(30-MAY-2025 15:48:00)
2,15 , 2,0,18,0,S, 	(30-MAY-2025 15:48:00)
2,15 , 2,0,18,0,S, 	(30-MAY-2025 15:48:00)
2,15 , 2,0,18,0,S, 	(30-MAY-2025 15:48:00)
2,15 , 2,0,18,0,S, 	(30-MAY-2025 15:48:00)
2,15 , 2,0,18,0,S, 	(30-MAY-2025 15:48:00)
2,15 , 2,0,18,0,S, 	(30-MAY-2025 15:48:00)
2,15 , 2,0,18,0,S, 	(30-MAY-2025 15:48:00)
2,15 , 2,0,18,0,S, 	(30-MAY-2025 15:48:00)
2,15 , 2,0,18,0,S, 	(30-MAY-2025 15:48:00)
2,15 , 2,0,18,0,S, 	(30-MAY-2025 15:48:00)
2,15 , 2,0,18,0,S, 	(30-MAY-2025 15:48:00)
2,15 , 2,0,18,0,S, 	(30-MAY-2025 15:48:00)
2,15 , 2,0,18,0,S, 	(30-MAY-2025 15:48:00)
2,15 , 2,0,18,0,S, 	(30-MAY-2025 15:48:00)
2,15 , 2,0,18,0,S, 	(30-MAY-2025 15:48:00)
2,15 , 2,0,18,0,S, 	(30-MAY-2025 15:48:00)
2,15 , 2,0,18,0,S, 	(30-MAY-2025 15:48:00)
2,15 , 2,0,18,0,S, 	(30-MAY-2025 15:48:00)
2,15 , 2,0,18,0,S, 	(30-MAY-2025 15:48:00)
2,15 , 2,0,18,0,S, 	(30-MAY-2025 15:48:00)
2,15 , 2,0,18,0,S, 	(30-MAY-2025 15:48:00)
2,15 , 2,0,18,0,S, 	(30-MAY-2025 15:48:00)
2,15 , 2,0,18,0,S, 	(30-MAY-2025 15:48:00)
2,15 , 2,0,18,0,S, 	(30-MAY-2025 15:48:00)
2,15 , 2,0,18,0,S, 	(30-MAY-2025 15:48:00)
2,15 , 2,0,18,0,S, 	(30-MAY-2025 15:48:00)
2,15 , 2,0,18,0,S, 	(30-MAY-2025 15:48:00)
2,15 , 2,0,18,0,S, 	(30-MAY-2025 15:48:00)
2,15 , 2,0,18,0,S, 	(30-MAY-2025 15:48:00)
2,15 , 2,0,18,0,S, 	(30-MAY-2025 15:48:00)
2,15 , 2,0,18,0,S, 	(30-MAY-2025 15:48:00)
2,15 , 2,0,18,0,S, 	(30-MAY-2025 15:48:00)
2,15 , 2,0,18,0,S, 	(30-MAY-2025 15:48:00)
2,15 , 2,0,18,0,S, 	(30-MAY-2025 15:48:00)
2,15 , 2,0,18,0,S, 	(30-MAY-2025 15:48:00)
2,15 , 2,0,18,0,S, 	(30-MAY-2025 15:48:00)
2,15 , 2,0,18,0,S, 	(30-MAY-2025 15:48:00)
2,15 , 2,0,18,0,S, 	(30-MAY-2025 15:48:00)
2,15 , 2,0,18,0,S, 	(30-MAY-2025 15:48:00)
2,15 , 2,0,18,0,S, 	(30-MAY-2025 15:48:00)
2,15 , 2,0,18,0,S, 	(30-MAY-2025 15:48:00)
2,15 , 2,0,18,0,S, 	(30-MAY-2025 15:48:00)
2,15 , 2,0,18,0,S, 	(30-MAY-2025 15:48:00)
2,15 , 2,0,18,0,S, 	(30-MAY-2025 15:48:00)
2,15 , 2,0,18,0,S, 	(30-MAY-2025 15:48:00)
2,15 , 2,0,18,0,S, 	(30-MAY-2025 15:48:00)
2,15 , 2,0,18,0,S, 	(30-MAY-2025 15:48:00)
2,15 , 2,0,18,0,S, 	(30-MAY-2025 15:48:00)
2,15 , 2,0,18,0,S, 	(30-MAY-2025 15:48:00)
2,15 , 2,0,18,0,S, 	(30-MAY-2025 15:48:00)
2,15 , 2,0,18,0,S, 	(30-MAY-2025 15:48:00)
2,15 , 2,0,18,0,S, 	(30-MAY-2025 15:48:00)
2,15 , 2,0,18,0,S, 	(30-MAY-2025 15:48:00)
2,15 , 2,0,18,0,S, 	(30-MAY-2025 15:48:00)
2,15 , 2,0,18,0,S, 	(30-MAY-2025 15:48:00)
2,15 , 2,0,18,0,S, 	(30-MAY-2025 15:48:00)
2,15 , 2,0,18,0,S, 	(30-MAY-2025 15:48:00)
2,15 , 2,0,18,0,S, 	(30-MAY-2025 15:48:00)
2,15 , 2,0,18,0,S, 	(30-MAY-2025 15:48:00)
2,15 , 2,0,18,0,S, 	(30-MAY-2025 15:48:00)
2,15 , 2,0,18,0,S, 	(30-MAY-2025 15:48:00)
2,15 , 2,0,18,0,S, 	(30-MAY-2025 15:48:00)
2,15 , 2,0,18,0,S, 	(30-MAY-2025 15:48:00)
2,15 , 2,0,18,0,S, 	(30-MAY-2025 15:48:00)
2,15 , 2,0,18,0,S, 	(30-MAY-2025 15:48:00)
2,15 , 2,0,18,0,S, 	(30-MAY-2025 15:48:00)
2,15 , 2,0,18,0,S, 	(30-MAY-2025 15:48:00)
2,15 , 2,0,18,0,S, 	(30-MAY-2025 15:48:00)
2,15 , 2,0,18,0,S, 	(30-MAY-2025 15:48:00)
2,15 , 2,0,18,0,S, 	(30-MAY-2025 15:48:00)
2,15 , 2,0,18,0,S, 	(30-MAY-2025 15:48:00)
2,15 , 2,0,18,0,S, 	(30-MAY-2025 15:48:00)
2,15 , 2,0,18,0,S, 	(30-MAY-2025 15:48:00)
2,15 , 2,0,18,0,S, 	(30-MAY-2025 15:48:00)
2,15 , 2,0,18,0,S, 	(30-MAY-2025 15:48:00)
2,15 , 2,0,18,0,S, 	(30-MAY-2025 15:48:00)
2,15 , 2,0,18,0,S, 	(30-MAY-2025 15:48:00)
2,15 , 2,0,18,0,S, 	(30-MAY-2025 15:48:00)
2,15 , 2,0,18,0,S, 	(30-MAY-2025 15:48:00)
2,15 , 2,0,18,0,S, 	(30-MAY-2025 15:48:00)
2,15 , 2,0,18,0,S, 	(30-MAY-2025 15:48:00)
2,15 , 2,0,18,0,S, 	(30-MAY-2025 15:48:00)
2,15 , 2,0,18,0,S, 	(30-MAY-2025 15:48:00)
2,15 , 2,0,18,0,S, 	(30-MAY-2025 15:48:00)
2,15 , 2,0,18,0,S, 	(30-MAY-2025 15:48:00)
2,15 , 2,0,18,0,S, 	(30-MAY-2025 15:48:00)
2,15 , 2,0,18,0,S, 	(30-MAY-2025 15:48:00)
2,15 , 2,0,18,0,S, 	(30-MAY-2025 15:48:00)
2,15 , 2,0,18,0,S, 	(30-MAY-2025 15:48:00)
2,15 , 2,0,18,0,S, 	(30-MAY-2025 15:48:00)
2,15 , 2,0,18,0,S, 	(30-MAY-2025 15:48:00)
2,15 , 2,0,18,0,S, 	(30-MAY-2025 15:48:00)
2,15 , 2,0,18,0,S, 	(30-MAY-2025 15:48:00)
2,15 , 2,0,18,0,S, 	(30-MAY-2025 15:48:00)
2,15 , 2,0,18,0,S, 	(30-MAY-2025 15:48:00)
2,15 , 2,0,18,0,S, 	(30-MAY-2025 15:48:00)
2,15 , 2,0,18,0,S, 	(30-MAY-2025 15:48:00)
2,15 , 2,0,18,0,S, 	(30-MAY-2025 15:48:00)
2,15 , 2,0,18,0,S, 	(30-MAY-2025 15:48:00)
2,15 , 2,0,18,0,S, 	(30-MAY-2025 15:48:00)
2,15 , 2,0,18,0,S, 	(30-MAY-2025 15:48:00)
2,15 , 2,0,18,0,S, 	(30-MAY-2025 15:48:00)
2,15 , 2,0,18,0,S, 	(30-MAY-2025 15:48:00)
2,15 , 2,0,18,0,S, 	(30-MAY-2025 15:48:00)
2,15 , 2,0,18,0,S, 	(30-MAY-2025 15:48:00)
2,15 , 2,0,18,0,S, 	(30-MAY-2025 15:48:00)
2,15 , 2,0,18,0,S, 	(30-MAY-2025 15:48:00)
2,15 , 2,0,18,0,S, 	(30-MAY-2025 15:48:00)
2,15 , 2,0,18,0,S, 	(30-MAY-2025 15:48:00)
2,15 , 2,0,18,0,S, 	(30-MAY-2025 15:48:00)
2,15 , 2,0,18,0,S, 	(30-MAY-2025 15:48:00)
2,15 , 2,0,18,0,S, 	(30-MAY-2025 15:48:00)
2,15 , 2,0,18,0,S, 	(30-MAY-2025 15:48:00)
2,15 , 2,0,18,0,S, 	(30-MAY-2025 15:48:00)
2,15 , 2,0,18,0,S, 	(30-MAY-2025 15:48:00)
2,15 , 2,0,18,0,S, 	(30-MAY-2025 15:48:00)
2,15 , 2,0,18,0,S, 	(30-MAY-2025 15:48:00)
2,15 , 2,0,20,0,S, 	(30-MAY-2025 15:48:00)
2,15 , 2,0,20,0,S, 	(30-MAY-2025 15:48:00)
2,15 , 2,0,20,0,S, 	(30-MAY-2025 15:48:00)
2,15 , 2,0,20,0,S, 	(30-MAY-2025 15:48:00)
2,15 , 2,0,20,0,S, 	(30-MAY-2025 15:48:00)
2,15 , 2,0,20,0,S, 	(30-MAY-2025 15:48:00)
2,15 , 2,0,20,0,S, 	(30-MAY-2025 15:48:00)
2,15 , 2,0,20,0,S, 	(30-MAY-2025 15:48:00)
2,15 , 2,0,20,0,S, 	(30-MAY-2025 15:48:00)
2,15 , 2,0,20,0,S, 	(30-MAY-2025 15:48:00)
2,15 , 2,0,20,0,S, 	(30-MAY-2025 15:48:00)
2,15 , 2,0,20,0,S, 	(30-MAY-2025 15:48:00)
2,15 , 2,0,20,0,S, 	(30-MAY-2025 15:48:00)
2,15 , 2,0,20,0,S, 	(30-MAY-2025 15:48:00)
2,15 , 2,0,20,0,S, 	(30-MAY-2025 15:48:00)
2,15 , 2,0,20,0,S, 	(30-MAY-2025 15:48:00)
2,15 , 2,0,20,0,S, 	(30-MAY-2025 15:48:00)
2,15 , 2,0,20,0,S, 	(30-MAY-2025 15:48:00)
2,15 , 2,0,20,0,S, 	(30-MAY-2025 15:48:00)
2,15 , 2,0,20,0,S, 	(30-MAY-2025 15:48:00)
2,15 , 2,0,20,0,S, 	(30-MAY-2025 15:48:00)
2,15 , 2,0,20,0,S, 	(30-MAY-2025 15:48:00)
2,15 , 2,0,20,0,S, 	(30-MAY-2025 15:48:00)
2,15 , 2,0,20,0,S, 	(30-MAY-2025 15:48:00)
2,15 , 2,0,20,0,S, 	(30-MAY-2025 15:48:00)
2,15 , 2,0,20,0,S, 	(30-MAY-2025 15:48:00)
2,15 , 2,0,20,0,S, 	(30-MAY-2025 15:48:00)
2,15 , 2,0,20,0,S, 	(30-MAY-2025 15:48:00)
2,15 , 2,0,20,0,S, 	(30-MAY-2025 15:48:00)
2,15 , 2,0,26,0,S, 	(30-MAY-2025 15:48:00)
2,15 , 2,0,26,0,S, 	(30-MAY-2025 15:48:00)
2,15 , 2,0,26,0,S, 	(30-MAY-2025 15:48:00)
2,15 , 2,0,26,0,S, 	(30-MAY-2025 15:48:00)
2,15 , 2,0,26,0,S, 	(30-MAY-2025 15:48:00)
2,15 , 2,0,26,0,S, 	(30-MAY-2025 15:48:00)
2,15 , 2,0,26,0,S, 	(30-MAY-2025 15:48:00)
2,15 , 2,0,26,0,S, 	(30-MAY-2025 15:48:00)
2,15 , 2,0,26,0,S, 	(30-MAY-2025 15:48:00)
2,15 , 2,0,26,0,S, 	(30-MAY-2025 15:48:00)
2,15 , 2,0,26,0,S, 	(30-MAY-2025 15:48:00)
2,15 , 2,0,26,0,S, 	(30-MAY-2025 15:48:00)
2,15 , 2,0,26,0,S, 	(30-MAY-2025 15:48:00)
2,15 , 2,0,26,0,S, 	(30-MAY-2025 15:48:00)
2,15 , 2,0,26,0,S, 	(30-MAY-2025 15:48:00)
2,15 , 2,0,26,0,S, 	(30-MAY-2025 15:48:00)
2,15 , 2,0,26,0,S, 	(30-MAY-2025 15:48:00)
2,15 , 2,0,26,0,S, 	(30-MAY-2025 15:48:00)
2,15 , 2,0,26,0,S, 	(30-MAY-2025 15:48:00)
2,15 , 2,0,26,0,S, 	(30-MAY-2025 15:48:00)
2,15 , 2,0,26,0,S, 	(30-MAY-2025 15:48:00)
2,15 , 2,0,26,0,S, 	(30-MAY-2025 15:48:00)
2,15 , 2,0,26,0,S, 	(30-MAY-2025 15:48:00)
2,15 , 2,0,26,0,S, 	(30-MAY-2025 15:48:00)
2,15 , 2,0,26,0,S, 	(30-MAY-2025 15:48:00)
2,15 , 2,0,26,0,S, 	(30-MAY-2025 15:48:00)
2,15 , 2,0,26,0,S, 	(30-MAY-2025 15:48:00)
2,15 , 2,0,26,0,S, 	(30-MAY-2025 15:48:00)
2,15 , 2,0,26,0,S, 	(30-MAY-2025 15:48:00)
2,15 , 2,0,26,0,S, 	(30-MAY-2025 15:48:00)
2,15 , 2,0,26,0,S, 	(30-MAY-2025 15:48:00)
2,15 , 2,0,26,0,S, 	(30-MAY-2025 15:48:00)
2,15 , 2,0,26,0,S, 	(30-MAY-2025 15:48:00)
2,15 , 2,0,26,0,S, 	(30-MAY-2025 15:48:00)
2,15 , 2,0,26,0,S, 	(30-MAY-2025 15:48:00)
2,15 , 2,0,26,0,S, 	(30-MAY-2025 15:48:00)
2,15 , 2,0,26,0,S, 	(30-MAY-2025 15:48:00)
2,15 , 2,0,26,0,S, 	(30-MAY-2025 15:48:00)
2,15 , 2,0,26,0,S, 	(30-MAY-2025 15:48:00)
2,15 , 2,0,26,0,S, 	(30-MAY-2025 15:48:00)
2,15 , 2,0,26,0,S, 	(30-MAY-2025 15:48:00)
2,15 , 2,0,26,0,S, 	(30-MAY-2025 15:48:00)
2,15 , 2,0,26,0,S, 	(30-MAY-2025 15:48:00)
2,15 , 2,0,26,0,S, 	(30-MAY-2025 15:48:00)
2,15 , 2,0,26,0,S, 	(30-MAY-2025 15:48:00)
2,15 , 2,0,26,0,S, 	(30-MAY-2025 15:48:00)
2,15 , 2,0,26,0,S, 	(30-MAY-2025 15:48:00)
2,15 , 2,0,26,0,S, 	(30-MAY-2025 15:48:00)
2,15 , 2,0,26,0,S, 	(30-MAY-2025 15:48:00)
2,15 , 2,0,26,0,S, 	(30-MAY-2025 15:48:00)
2,15 , 2,0,26,0,S, 	(30-MAY-2025 15:48:00)
2,15 , 2,0,26,0,S, 	(30-MAY-2025 15:48:00)
2,15 , 2,0,26,0,S, 	(30-MAY-2025 15:48:00)
2,15 , 2,0,26,0,S, 	(30-MAY-2025 15:48:00)
2,15 , 2,0,26,0,S, 	(30-MAY-2025 15:48:00)
2,15 , 2,0,26,0,S, 	(30-MAY-2025 15:48:00)
2,15 , 2,0,26,0,S, 	(30-MAY-2025 15:48:00)
2,15 , 2,0,26,0,S, 	(30-MAY-2025 15:48:00)
2,15 , 2,0,26,0,S, 	(30-MAY-2025 15:48:00)
2,15 , 2,0,26,0,S, 	(30-MAY-2025 15:48:00)
2,15 , 2,0,26,0,S, 	(30-MAY-2025 15:48:00)
2,15 , 2,0,26,0,S, 	(30-MAY-2025 15:48:00)
2,15 , 2,0,26,0,S, 	(30-MAY-2025 15:48:00)
2,15 , 2,0,26,0,S, 	(30-MAY-2025 15:48:00)
2,15 , 2,0,26,0,S, 	(30-MAY-2025 15:48:00)
2,15 , 2,0,26,0,S, 	(30-MAY-2025 15:48:00)
2,15 , 2,0,26,0,S, 	(30-MAY-2025 15:48:00)
2,15 , 2,0,26,0,S, 	(30-MAY-2025 15:48:00)
2,15 , 2,0,24,0,S, 	(30-MAY-2025 15:48:00)
2,15 , 2,0,24,0,S, 	(30-MAY-2025 15:48:00)
2,15 , 2,0,24,0,S, 	(30-MAY-2025 15:48:00)
2,15 , 2,0,24,0,S, 	(30-MAY-2025 15:48:00)
2,15 , 2,0,24,0,S, 	(30-MAY-2025 15:48:00)
2,15 , 2,0,24,0,S, 	(30-MAY-2025 15:48:00)
2,15 , 2,0,24,0,S, 	(30-MAY-2025 15:48:00)
2,15 , 2,0,24,0,S, 	(30-MAY-2025 15:48:00)
2,15 , 2,0,24,0,S, 	(30-MAY-2025 15:48:00)
2,15 , 2,0,24,0,S, 	(30-MAY-2025 15:48:00)
2,15 , 2,0,24,0,S, 	(30-MAY-2025 15:48:00)
2,15 , 2,0,24,0,S, 	(30-MAY-2025 15:48:00)
2,15 , 2,0,24,0,S, 	(30-MAY-2025 15:48:00)
2,15 , 2,0,24,0,S, 	(30-MAY-2025 15:48:00)
2,15 , 2,0,24,0,S, 	(30-MAY-2025 15:48:00)
2,15 , 2,0,24,0,S, 	(30-MAY-2025 15:48:00)
2,15 , 2,0,24,0,S, 	(30-MAY-2025 15:48:00)
2,15 , 2,0,24,0,S, 	(30-MAY-2025 15:48:00)
2,15 , 2,0,24,0,S, 	(30-MAY-2025 15:48:00)
2,15 , 2,0,24,0,S, 	(30-MAY-2025 15:48:00)
2,15 , 2,0,24,0,S, 	(30-MAY-2025 15:48:00)
2,15 , 2,0,24,0,S, 	(30-MAY-2025 15:48:00)
2,15 , 2,0,24,0,S, 	(30-MAY-2025 15:48:00)
2,15 , 2,0,24,0,S, 	(30-MAY-2025 15:48:00)
2,15 , 2,0,24,0,S, 	(30-MAY-2025 15:48:00)
2,15 , 2,0,24,0,S, 	(30-MAY-2025 15:48:00)
2,15 , 2,0,24,0,S, 	(30-MAY-2025 15:48:00)
2,15 , 2,0,24,0,S, 	(30-MAY-2025 15:48:00)
2,15 , 2,0,24,0,S, 	(30-MAY-2025 15:48:00)
2,15 , 2,0,24,0,S, 	(30-MAY-2025 15:48:00)
2,15 , 2,0,24,0,S, 	(30-MAY-2025 15:48:00)
2,15 , 2,0,25,0,S, 	(30-MAY-2025 15:48:00)
2,15 , 2,0,25,0,S, 	(30-MAY-2025 15:48:00)
2,15 , 2,0,25,0,S, 	(30-MAY-2025 15:48:00)
2,15 , 2,0,25,0,S, 	(30-MAY-2025 15:48:00)
2,15 , 2,0,25,0,S, 	(30-MAY-2025 15:48:00)
2,15 , 2,0,25,0,S, 	(30-MAY-2025 15:48:00)
2,15 , 2,0,25,0,S, 	(30-MAY-2025 15:48:00)
2,15 , 2,0,25,0,S, 	(30-MAY-2025 15:48:00)
2,15 , 2,0,25,0,S, 	(30-MAY-2025 15:48:00)
2,15 , 2,0,25,0,S, 	(30-MAY-2025 15:48:00)
2,15 , 2,0,25,0,S, 	(30-MAY-2025 15:48:00)
2,15 , 2,0,25,0,S, 	(30-MAY-2025 15:48:00)
2,15 , 2,0,25,0,S, 	(30-MAY-2025 15:48:00)
2,15 , 2,0,25,0,S, 	(30-MAY-2025 15:48:00)
2,15 , 2,0,25,0,S, 	(30-MAY-2025 15:48:00)
2,15 , 2,0,25,0,S, 	(30-MAY-2025 15:48:00)
2,15 , 2,0,25,0,S, 	(30-MAY-2025 15:48:00)
2,15 , 2,0,25,0,S, 	(30-MAY-2025 15:48:00)
2,15 , 2,0,25,0,S, 	(30-MAY-2025 15:48:00)
2,15 , 2,0,25,0,S, 	(30-MAY-2025 15:48:00)
2,15 , 2,0,25,0,S, 	(30-MAY-2025 15:48:00)
2,15 , 2,0,25,0,S, 	(30-MAY-2025 15:48:00)
2,15 , 2,0,25,0,S, 	(30-MAY-2025 15:48:00)
2,15 , 2,0,25,0,S, 	(30-MAY-2025 15:48:00)
2,15 , 2,0,25,0,S, 	(30-MAY-2025 15:48:00)
2,15 , 2,0,25,0,S, 	(30-MAY-2025 15:48:00)
2,15 , 2,0,25,0,S, 	(30-MAY-2025 15:48:00)
2,15 , 2,0,25,0,S, 	(30-MAY-2025 15:48:00)
2,15 , 2,0,25,0,S, 	(30-MAY-2025 15:48:00)
2,15 , 2,0,25,0,S, 	(30-MAY-2025 15:48:00)
2,15 , 2,0,25,0,S, 	(30-MAY-2025 15:48:00)
2,15 , 0,0,123026,0,X, 	(30-MAY-2025 15:48:00)
2,15 , 0,0,123026,0,X, 	(30-MAY-2025 15:48:00)
2,15 , 0,0,123026,0,X, 	(30-MAY-2025 15:48:00)
2,15 , 0,0,123026,0,X, 	(30-MAY-2025 15:48:00)
2,15 , 0,0,123026,0,X, 	(30-MAY-2025 15:48:00)
2,15 , 0,0,123026,0,X, 	(30-MAY-2025 15:48:00)
2,15 , 0,0,123026,0,X, 	(30-MAY-2025 15:48:00)
2,15 , 0,0,123026,0,X, 	(30-MAY-2025 15:48:00)
2,15 , 0,0,123026,0,X, 	(30-MAY-2025 15:48:00)
2,15 , 0,0,123026,0,X, 	(30-MAY-2025 15:48:00)
2,15 , 0,0,123026,0,X, 	(30-MAY-2025 15:48:00)
2,15 , 0,0,123026,0,X, 	(30-MAY-2025 15:48:00)
2,15 , 0,0,123026,0,X, 	(30-MAY-2025 15:48:00)
2,15 , 0,0,123026,0,X, 	(30-MAY-2025 15:48:00)
2,15 , 0,0,123026,0,X, 	(30-MAY-2025 15:48:00)
2,15 , 0,0,123026,0,X, 	(30-MAY-2025 15:48:00)
2,15 , 0,0,123026,0,X, 	(30-MAY-2025 15:48:00)
2,15 , 0,0,123026,0,X, 	(30-MAY-2025 15:48:00)
2,15 , 0,0,123026,0,X, 	(30-MAY-2025 15:48:00)
2,15 , 0,0,123026,0,X, 	(30-MAY-2025 15:48:00)
2,15 , 0,0,123026,0,X, 	(30-MAY-2025 15:48:00)
2,15 , 0,0,123026,0,X, 	(30-MAY-2025 15:48:00)
2,15 , 0,0,123026,0,X, 	(30-MAY-2025 15:48:00)
2,15 , 0,0,123026,0,X, 	(30-MAY-2025 15:48:00)
2,15 , 0,0,123026,0,X, 	(30-MAY-2025 15:48:00)
2,15 , 0,0,123026,0,X, 	(30-MAY-2025 15:48:00)
2,15 , 0,0,123026,0,X, 	(30-MAY-2025 15:48:00)
2,15 , 0,0,123026,0,X, 	(30-MAY-2025 15:48:00)
2,15 , 0,0,123026,0,X, 	(30-MAY-2025 15:48:00)
2,15 , 0,0,123026,0,X, 	(30-MAY-2025 15:48:00)
2,15 , 0,0,124042,0,X, 	(30-MAY-2025 15:48:00)
2,15 , 0,0,124042,0,X, 	(30-MAY-2025 15:48:00)
2,15 , 0,0,124042,0,X, 	(30-MAY-2025 15:48:00)
2,15 , 0,0,124042,0,X, 	(30-MAY-2025 15:48:00)
2,15 , 0,0,124042,0,X, 	(30-MAY-2025 15:48:00)
2,15 , 0,0,124042,0,X, 	(30-MAY-2025 15:48:00)
2,15 , 0,0,124042,0,X, 	(30-MAY-2025 15:48:00)
2,15 , 0,0,124042,0,X, 	(30-MAY-2025 15:48:00)
2,15 , 0,0,124042,0,X, 	(30-MAY-2025 15:48:00)
2,15 , 0,0,124042,0,X, 	(30-MAY-2025 15:48:00)
2,15 , 0,0,124042,0,X, 	(30-MAY-2025 15:48:00)
2,15 , 0,0,124042,0,X, 	(30-MAY-2025 15:48:00)
2,15 , 0,0,124042,0,X, 	(30-MAY-2025 15:48:00)
2,15 , 0,0,124042,0,X, 	(30-MAY-2025 15:48:00)
2,15 , 0,0,124042,0,X, 	(30-MAY-2025 15:48:00)
2,15 , 0,0,124042,0,X, 	(30-MAY-2025 15:48:00)
2,15 , 0,0,124042,0,X, 	(30-MAY-2025 15:48:00)
2,15 , 0,0,124042,0,X, 	(30-MAY-2025 15:48:00)
2,15 , 0,0,124042,0,X, 	(30-MAY-2025 15:48:00)
2,15 , 0,0,124042,0,X, 	(30-MAY-2025 15:48:00)
2,15 , 0,0,124042,0,X, 	(30-MAY-2025 15:48:00)
2,15 , 0,0,124042,0,X, 	(30-MAY-2025 15:48:00)
2,15 , 0,0,124042,0,X, 	(30-MAY-2025 15:48:00)
2,15 , 0,0,124042,0,X, 	(30-MAY-2025 15:48:00)
2,15 , 0,0,124042,0,X, 	(30-MAY-2025 15:48:00)
2,15 , 0,0,124042,0,X, 	(30-MAY-2025 15:48:00)
2,15 , 0,0,124042,0,X, 	(30-MAY-2025 15:48:00)
2,15 , 0,0,124042,0,X, 	(30-MAY-2025 15:48:00)
2,15 , 0,0,124042,0,X, 	(30-MAY-2025 15:48:00)
2,15 , 0,0,124042,0,X, 	(30-MAY-2025 15:48:00)
2,15 , 0,0,125001,0,X, 	(30-MAY-2025 15:48:00)
2,15 , 0,0,125001,0,X, 	(30-MAY-2025 15:48:00)
2,15 , 0,0,125001,0,X, 	(30-MAY-2025 15:48:00)
2,15 , 0,0,125001,0,X, 	(30-MAY-2025 15:48:00)
2,15 , 0,0,125001,0,X, 	(30-MAY-2025 15:48:00)
2,15 , 0,0,125001,0,X, 	(30-MAY-2025 15:48:00)
2,15 , 0,0,125001,0,X, 	(30-MAY-2025 15:48:00)
2,15 , 0,0,125001,0,X, 	(30-MAY-2025 15:48:00)
2,15 , 0,0,125001,0,X, 	(30-MAY-2025 15:48:00)
2,15 , 0,0,125001,0,X, 	(30-MAY-2025 15:48:00)
2,15 , 0,0,125001,0,X, 	(30-MAY-2025 15:48:00)
2,15 , 0,0,125001,0,X, 	(30-MAY-2025 15:48:00)
2,15 , 0,0,125001,0,X, 	(30-MAY-2025 15:48:00)
2,15 , 0,0,125002,0,X, 	(30-MAY-2025 15:48:00)
2,15 , 0,0,125002,0,X, 	(30-MAY-2025 15:48:00)
2,15 , 0,0,125002,0,X, 	(30-MAY-2025 15:48:00)
2,15 , 0,0,125002,0,X, 	(30-MAY-2025 15:48:00)
2,15 , 0,0,125002,0,X, 	(30-MAY-2025 15:48:00)
2,15 , 0,0,125002,0,X, 	(30-MAY-2025 15:48:00)
2,15 , 0,0,125002,0,X, 	(30-MAY-2025 15:48:00)
2,15 , 0,0,125002,0,X, 	(30-MAY-2025 15:48:00)
2,15 , 0,0,124043,2,X, 	(30-MAY-2025 15:48:00)
2,15 , 0,0,124044,0,X, 	(30-MAY-2025 15:48:00)
2,15 , 0,0,124045,0,X, 	(30-MAY-2025 15:48:00)
2,15 , 0,0,124046,0,X, 	(30-MAY-2025 15:48:00)
2,15 , 0,0,124047,0,X, 	(30-MAY-2025 15:48:00)
2,16 , 1,0,1,0,S, 	(30-MAY-2025 15:48:00)
2,16 , 1,0,1,0,S, 	(30-MAY-2025 15:48:00)
2,16 , 1,0,1,0,S, 	(30-MAY-2025 15:48:00)
2,16 , 1,0,1,0,S, 	(30-MAY-2025 15:48:00)
2,16 , 1,0,1,0,S, 	(30-MAY-2025 15:48:00)
2,16 , 1,0,1,0,S, 	(30-MAY-2025 15:48:00)
2,16 , 1,0,1,0,S, 	(30-MAY-2025 15:48:00)
2,16 , 1,0,1,0,S, 	(30-MAY-2025 15:48:00)	 (Not Inserted)
2,16 , 1,0,1,0,S, 	(30-MAY-2025 15:48:00)	 (Not Inserted)
2,16 , 1,0,1,0,S, 	(30-MAY-2025 15:48:00)	 (Not Inserted)
2,16 , 1,0,1,0,S, 	(30-MAY-2025 15:48:00)	 (Not Inserted)
2,16 , 1,0,1,0,S, 	(30-MAY-2025 15:48:00)	 (Not Inserted)
2,16 , 1,0,1,0,S, 	(30-MAY-2025 15:48:00)	 (Not Inserted)
2,16 , 1,0,1,0,S, 	(30-MAY-2025 15:48:00)	 (Not Inserted)
2,17 , 1,0,1,0,S, 	(30-MAY-2025 15:48:00)
2,17 , 1,0,1,0,S, 	(30-MAY-2025 15:48:00)
2,17 , 1,0,1,0,S, 	(30-MAY-2025 15:48:00)
2,17 , 1,0,1,0,S, 	(30-MAY-2025 15:48:00)
2,17 , 1,0,1,0,S, 	(30-MAY-2025 15:48:00)
2,17 , 1,0,1,0,S, 	(30-MAY-2025 15:48:00)
2,17 , 1,0,1,0,S, 	(30-MAY-2025 15:48:00)
2,17 , 1,0,1,0,S, 	(30-MAY-2025 15:48:00)
2,17 , 1,0,1,0,S, 	(30-MAY-2025 15:48:00)
2,17 , 1,0,1,0,S, 	(30-MAY-2025 15:48:00)
2,17 , 1,0,1,0,S, 	(30-MAY-2025 15:48:00)
2,17 , 1,0,1,0,S, 	(30-MAY-2025 15:48:00)
2,17 , 1,0,1,0,S, 	(30-MAY-2025 15:48:00)
2,17 , 1,0,1,0,S, 	(30-MAY-2025 15:48:00)
2,17 , 1,0,1,0,S, 	(30-MAY-2025 15:48:00)
2,17 , 1,0,1,0,S, 	(30-MAY-2025 15:48:00)
2,17 , 1,0,1,0,S, 	(30-MAY-2025 15:48:00)
2,17 , 1,0,1,0,S, 	(30-MAY-2025 15:48:00)
2,17 , 1,0,1,0,S, 	(30-MAY-2025 15:48:01)
2,17 , 1,0,1,0,S, 	(30-MAY-2025 15:48:01)
2,17 , 1,0,1,0,S, 	(30-MAY-2025 15:48:01)
2,17 , 1,0,1,0,S, 	(30-MAY-2025 15:48:01)
2,17 , 1,0,1,0,S, 	(30-MAY-2025 15:48:01)
2,17 , 1,0,1,0,S, 	(30-MAY-2025 15:48:01)
2,17 , 1,0,1,0,S, 	(30-MAY-2025 15:48:01)
2,17 , 1,0,1,0,S, 	(30-MAY-2025 15:48:01)
2,17 , 1,0,1,0,S, 	(30-MAY-2025 15:48:01)
2,17 , 1,0,1,0,S, 	(30-MAY-2025 15:48:01)
2,17 , 1,0,1,0,S, 	(30-MAY-2025 15:48:01)
2,17 , 1,0,1,0,S, 	(30-MAY-2025 15:48:01)
2,17 , 1,0,1,0,S, 	(30-MAY-2025 15:48:01)
2,17 , 1,0,1,0,S, 	(30-MAY-2025 15:48:01)	 (Not Inserted)
2,17 , 1,0,1,0,S, 	(30-MAY-2025 15:48:01)	 (Not Inserted)
2,17 , 1,0,1,0,S, 	(30-MAY-2025 15:48:01)	 (Not Inserted)
2,17 , 1,0,1,0,S, 	(30-MAY-2025 15:48:01)	 (Not Inserted)
2,17 , 1,0,1,0,S, 	(30-MAY-2025 15:48:01)	 (Not Inserted)
2,17 , 1,0,1,0,S, 	(30-MAY-2025 15:48:01)	 (Not Inserted)
2,17 , 1,0,1,0,S, 	(30-MAY-2025 15:48:01)	 (Not Inserted)
2,17 , 1,0,1,0,S, 	(30-MAY-2025 15:48:01)	 (Not Inserted)
2,17 , 1,0,1,0,S, 	(30-MAY-2025 15:48:01)	 (Not Inserted)
2,17 , 1,0,1,0,S, 	(30-MAY-2025 15:48:01)	 (Not Inserted)
2,17 , 1,0,1,0,S, 	(30-MAY-2025 15:48:01)	 (Not Inserted)
2,17 , 1,0,1,0,S, 	(30-MAY-2025 15:48:01)	 (Not Inserted)
2,17 , 1,0,1,0,S, 	(30-MAY-2025 15:48:01)	 (Not Inserted)
2,17 , 1,0,1,0,S, 	(30-MAY-2025 15:48:01)	 (Not Inserted)
2,17 , 1,0,1,0,S, 	(30-MAY-2025 15:48:01)	 (Not Inserted)
2,17 , 1,0,1,0,S, 	(30-MAY-2025 15:48:01)	 (Not Inserted)
2,17 , 1,0,1,0,S, 	(30-MAY-2025 15:48:01)	 (Not Inserted)
2,17 , 1,0,1,0,S, 	(30-MAY-2025 15:48:01)	 (Not Inserted)
2,17 , 1,0,1,0,S, 	(30-MAY-2025 15:48:01)	 (Not Inserted)
2,17 , 1,0,1,0,S, 	(30-MAY-2025 15:48:01)	 (Not Inserted)
2,17 , 1,0,1,0,S, 	(30-MAY-2025 15:48:01)	 (Not Inserted)
2,17 , 1,0,1,0,S, 	(30-MAY-2025 15:48:01)	 (Not Inserted)
2,17 , 1,0,1,0,S, 	(30-MAY-2025 15:48:01)	 (Not Inserted)
2,17 , 1,0,1,0,S, 	(30-MAY-2025 15:48:01)	 (Not Inserted)
2,17 , 1,0,1,0,S, 	(30-MAY-2025 15:48:01)	 (Not Inserted)
2,17 , 1,0,1,0,S, 	(30-MAY-2025 15:48:01)	 (Not Inserted)
2,17 , 1,0,1,0,S, 	(30-MAY-2025 15:48:01)	 (Not Inserted)
2,17 , 1,0,1,0,S, 	(30-MAY-2025 15:48:01)	 (Not Inserted)
2,17 , 1,0,1,0,S, 	(30-MAY-2025 15:48:01)	 (Not Inserted)
2,17 , 1,0,1,0,S, 	(30-MAY-2025 15:48:01)	 (Not Inserted)
2,17 , 1,0,1,0,S, 	(30-MAY-2025 15:48:01)	 (Not Inserted)
2,18 , 1,0,2,0,S, 	(30-MAY-2025 15:48:01)
2,18 , 1,0,2,0,S, 	(30-MAY-2025 15:48:01)
2,18 , 1,0,2,0,S, 	(30-MAY-2025 15:48:01)
2,18 , 1,0,2,0,S, 	(30-MAY-2025 15:48:01)
2,18 , 1,0,2,0,S, 	(30-MAY-2025 15:48:01)
2,18 , 1,0,2,0,S, 	(30-MAY-2025 15:48:01)
2,18 , 1,0,2,0,S, 	(30-MAY-2025 15:48:01)
2,18 , 1,0,2,0,S, 	(30-MAY-2025 15:48:01)
2,18 , 1,0,2,0,S, 	(30-MAY-2025 15:48:01)
2,18 , 1,0,2,0,S, 	(30-MAY-2025 15:48:01)
2,18 , 1,0,2,0,S, 	(30-MAY-2025 15:48:01)
2,18 , 1,0,2,0,S, 	(30-MAY-2025 15:48:01)
2,18 , 1,0,2,0,S, 	(30-MAY-2025 15:48:01)
2,18 , 1,0,2,0,S, 	(30-MAY-2025 15:48:01)
2,18 , 1,0,2,0,S, 	(30-MAY-2025 15:48:01)
2,18 , 1,0,2,0,S, 	(30-MAY-2025 15:48:01)
2,18 , 1,0,2,0,S, 	(30-MAY-2025 15:48:01)
2,18 , 1,0,2,0,S, 	(30-MAY-2025 15:48:01)
2,18 , 1,0,2,0,S, 	(30-MAY-2025 15:48:01)
2,18 , 1,0,2,0,S, 	(30-MAY-2025 15:48:01)
2,18 , 1,0,2,0,S, 	(30-MAY-2025 15:48:01)
2,18 , 1,0,2,0,S, 	(30-MAY-2025 15:48:01)
2,18 , 1,0,2,0,S, 	(30-MAY-2025 15:48:01)
2,18 , 1,0,2,0,S, 	(30-MAY-2025 15:48:01)
2,18 , 1,0,2,0,S, 	(30-MAY-2025 15:48:01)
2,18 , 1,0,2,0,S, 	(30-MAY-2025 15:48:01)
2,18 , 1,0,2,0,S, 	(30-MAY-2025 15:48:01)
2,18 , 1,0,2,0,S, 	(30-MAY-2025 15:48:01)
2,18 , 1,0,2,0,S, 	(30-MAY-2025 15:48:01)
2,18 , 1,0,2,0,S, 	(30-MAY-2025 15:48:01)
2,18 , 1,0,10,0,S, 	(30-MAY-2025 15:48:01)
2,18 , 1,0,10,0,S, 	(30-MAY-2025 15:48:01)
2,18 , 1,0,10,0,S, 	(30-MAY-2025 15:48:01)
2,18 , 1,0,10,0,S, 	(30-MAY-2025 15:48:01)
2,18 , 1,0,10,0,S, 	(30-MAY-2025 15:48:01)
2,18 , 1,0,10,0,S, 	(30-MAY-2025 15:48:01)
2,18 , 1,0,10,0,S, 	(30-MAY-2025 15:48:01)
2,18 , 1,0,10,0,S, 	(30-MAY-2025 15:48:01)
2,18 , 1,0,10,0,S, 	(30-MAY-2025 15:48:01)
2,18 , 1,0,10,0,S, 	(30-MAY-2025 15:48:01)
2,18 , 1,0,10,0,S, 	(30-MAY-2025 15:48:01)
2,18 , 1,0,10,0,S, 	(30-MAY-2025 15:48:01)
2,18 , 1,0,10,0,S, 	(30-MAY-2025 15:48:01)
2,18 , 1,0,10,0,S, 	(30-MAY-2025 15:48:01)
2,18 , 1,0,10,0,S, 	(30-MAY-2025 15:48:01)
2,18 , 1,0,11,0,S, 	(30-MAY-2025 15:48:01)
2,18 , 1,0,11,0,S, 	(30-MAY-2025 15:48:01)
2,18 , 1,0,11,0,S, 	(30-MAY-2025 15:48:01)
2,18 , 1,0,11,0,S, 	(30-MAY-2025 15:48:01)
2,18 , 1,0,11,0,S, 	(30-MAY-2025 15:48:01)
2,18 , 1,0,11,0,S, 	(30-MAY-2025 15:48:01)
2,18 , 1,0,11,0,S, 	(30-MAY-2025 15:48:01)
2,18 , 1,0,11,0,S, 	(30-MAY-2025 15:48:01)
2,18 , 1,0,11,0,S, 	(30-MAY-2025 15:48:01)
2,18 , 1,0,11,0,S, 	(30-MAY-2025 15:48:01)
2,18 , 1,0,11,0,S, 	(30-MAY-2025 15:48:01)
2,18 , 1,0,11,0,S, 	(30-MAY-2025 15:48:01)
2,18 , 1,0,11,0,S, 	(30-MAY-2025 15:48:01)
2,18 , 1,0,11,0,S, 	(30-MAY-2025 15:48:01)
2,18 , 1,0,11,0,S, 	(30-MAY-2025 15:48:01)
2,18 , 1,0,11,0,S, 	(30-MAY-2025 15:48:01)
2,18 , 1,0,11,0,S, 	(30-MAY-2025 15:48:01)
2,18 , 1,0,11,0,S, 	(30-MAY-2025 15:48:01)
2,18 , 1,0,11,0,S, 	(30-MAY-2025 15:48:01)
2,18 , 1,0,11,0,S, 	(30-MAY-2025 15:48:01)
2,18 , 1,0,11,0,S, 	(30-MAY-2025 15:48:01)
2,18 , 1,0,11,0,S, 	(30-MAY-2025 15:48:01)
2,18 , 1,0,11,0,S, 	(30-MAY-2025 15:48:01)
2,18 , 1,0,11,0,S, 	(30-MAY-2025 15:48:01)
2,18 , 1,0,11,0,S, 	(30-MAY-2025 15:48:01)
2,18 , 1,0,11,0,S, 	(30-MAY-2025 15:48:01)
2,18 , 1,0,11,0,S, 	(30-MAY-2025 15:48:01)
2,18 , 1,0,11,0,S, 	(30-MAY-2025 15:48:01)
2,18 , 1,0,11,0,S, 	(30-MAY-2025 15:48:01)
2,18 , 1,0,11,0,S, 	(30-MAY-2025 15:48:01)
2,18 , 1,0,3,0,S, 	(30-MAY-2025 15:48:01)
2,18 , 1,0,3,0,S, 	(30-MAY-2025 15:48:01)
2,18 , 1,0,3,0,S, 	(30-MAY-2025 15:48:01)
2,18 , 1,0,3,0,S, 	(30-MAY-2025 15:48:01)
2,18 , 1,0,3,0,S, 	(30-MAY-2025 15:48:01)
2,18 , 1,0,3,0,S, 	(30-MAY-2025 15:48:01)
2,18 , 1,0,3,0,S, 	(30-MAY-2025 15:48:01)
2,18 , 1,0,3,0,S, 	(30-MAY-2025 15:48:01)
2,18 , 1,0,3,0,S, 	(30-MAY-2025 15:48:01)
2,18 , 1,0,3,0,S, 	(30-MAY-2025 15:48:01)
2,18 , 1,0,3,0,S, 	(30-MAY-2025 15:48:01)
2,18 , 1,0,3,0,S, 	(30-MAY-2025 15:48:01)
2,18 , 1,0,3,0,S, 	(30-MAY-2025 15:48:01)
2,18 , 1,0,3,0,S, 	(30-MAY-2025 15:48:01)
2,18 , 1,0,3,0,S, 	(30-MAY-2025 15:48:01)
2,18 , 1,0,3,0,S, 	(30-MAY-2025 15:48:01)
2,18 , 1,0,3,0,S, 	(30-MAY-2025 15:48:01)
2,18 , 1,0,3,0,S, 	(30-MAY-2025 15:48:01)
2,18 , 1,0,3,0,S, 	(30-MAY-2025 15:48:01)
2,18 , 1,0,3,0,S, 	(30-MAY-2025 15:48:01)
2,18 , 1,0,3,0,S, 	(30-MAY-2025 15:48:01)
2,18 , 1,0,3,0,S, 	(30-MAY-2025 15:48:01)
2,18 , 1,0,3,0,S, 	(30-MAY-2025 15:48:01)
2,18 , 1,0,3,0,S, 	(30-MAY-2025 15:48:01)
2,18 , 1,0,3,0,S, 	(30-MAY-2025 15:48:01)
2,18 , 1,0,3,0,S, 	(30-MAY-2025 15:48:01)
2,18 , 1,0,3,0,S, 	(30-MAY-2025 15:48:01)
2,18 , 1,0,3,0,S, 	(30-MAY-2025 15:48:01)
2,18 , 1,0,3,0,S, 	(30-MAY-2025 15:48:01)
2,18 , 1,0,3,0,S, 	(30-MAY-2025 15:48:01)
2,18 , 1,0,3,0,S, 	(30-MAY-2025 15:48:01)
2,18 , 1,0,7,0,S, 	(30-MAY-2025 15:48:01)
2,18 , 1,0,7,0,S, 	(30-MAY-2025 15:48:01)
2,18 , 1,0,7,0,S, 	(30-MAY-2025 15:48:01)
2,18 , 1,0,7,0,S, 	(30-MAY-2025 15:48:01)
2,18 , 1,0,7,0,S, 	(30-MAY-2025 15:48:01)
2,18 , 1,0,7,0,S, 	(30-MAY-2025 15:48:01)
2,18 , 1,0,7,0,S, 	(30-MAY-2025 15:48:01)
2,18 , 1,0,7,0,S, 	(30-MAY-2025 15:48:01)
2,18 , 1,0,7,0,S, 	(30-MAY-2025 15:48:01)
2,18 , 1,0,7,0,S, 	(30-MAY-2025 15:48:01)
2,18 , 1,0,7,0,S, 	(30-MAY-2025 15:48:01)
2,18 , 1,0,7,0,S, 	(30-MAY-2025 15:48:01)
2,18 , 1,0,7,0,S, 	(30-MAY-2025 15:48:01)
2,18 , 1,0,7,0,S, 	(30-MAY-2025 15:48:01)
2,18 , 1,0,7,0,S, 	(30-MAY-2025 15:48:01)
2,18 , 1,0,7,0,S, 	(30-MAY-2025 15:48:01)
2,18 , 1,0,7,0,S, 	(30-MAY-2025 15:48:01)
2,18 , 1,0,7,0,S, 	(30-MAY-2025 15:48:01)
2,18 , 1,0,7,0,S, 	(30-MAY-2025 15:48:01)
2,18 , 1,0,7,0,S, 	(30-MAY-2025 15:48:01)
2,18 , 1,0,7,0,S, 	(30-MAY-2025 15:48:01)
2,18 , 1,0,7,0,S, 	(30-MAY-2025 15:48:01)
2,18 , 1,0,7,0,S, 	(30-MAY-2025 15:48:01)
2,18 , 1,0,7,0,S, 	(30-MAY-2025 15:48:01)
2,18 , 1,0,7,0,S, 	(30-MAY-2025 15:48:01)
2,18 , 1,0,7,0,S, 	(30-MAY-2025 15:48:01)
2,18 , 1,0,7,0,S, 	(30-MAY-2025 15:48:01)
2,18 , 1,0,7,0,S, 	(30-MAY-2025 15:48:01)
2,18 , 1,0,7,0,S, 	(30-MAY-2025 15:48:01)
2,18 , 1,0,7,0,S, 	(30-MAY-2025 15:48:01)
2,18 , 1,0,7,0,S, 	(30-MAY-2025 15:48:01)
2,18 , 1,0,5,0,S, 	(30-MAY-2025 15:48:01)
2,18 , 1,0,5,0,S, 	(30-MAY-2025 15:48:01)
2,18 , 1,0,5,0,S, 	(30-MAY-2025 15:48:01)
2,18 , 1,0,5,0,S, 	(30-MAY-2025 15:48:01)
2,18 , 1,0,5,0,S, 	(30-MAY-2025 15:48:01)
2,18 , 1,0,5,0,S, 	(30-MAY-2025 15:48:01)
2,18 , 1,0,5,0,S, 	(30-MAY-2025 15:48:01)
2,18 , 1,0,5,0,S, 	(30-MAY-2025 15:48:01)
2,18 , 1,0,5,0,S, 	(30-MAY-2025 15:48:01)
2,18 , 1,0,5,0,S, 	(30-MAY-2025 15:48:01)
2,18 , 1,0,5,0,S, 	(30-MAY-2025 15:48:01)
2,18 , 1,0,5,0,S, 	(30-MAY-2025 15:48:01)
2,18 , 1,0,5,0,S, 	(30-MAY-2025 15:48:01)
2,18 , 1,0,5,0,S, 	(30-MAY-2025 15:48:01)
2,18 , 1,0,5,0,S, 	(30-MAY-2025 15:48:01)
2,18 , 1,0,5,0,S, 	(30-MAY-2025 15:48:01)
2,18 , 1,0,5,0,S, 	(30-MAY-2025 15:48:01)
2,18 , 1,0,5,0,S, 	(30-MAY-2025 15:48:01)
2,18 , 1,0,5,0,S, 	(30-MAY-2025 15:48:01)
2,18 , 1,0,5,0,S, 	(30-MAY-2025 15:48:01)
2,18 , 1,0,5,0,S, 	(30-MAY-2025 15:48:01)
2,18 , 1,0,5,0,S, 	(30-MAY-2025 15:48:01)
2,18 , 1,0,5,0,S, 	(30-MAY-2025 15:48:01)
2,18 , 1,0,5,0,S, 	(30-MAY-2025 15:48:01)
2,18 , 1,0,5,0,S, 	(30-MAY-2025 15:48:01)
2,18 , 1,0,5,0,S, 	(30-MAY-2025 15:48:01)
2,18 , 1,0,5,0,S, 	(30-MAY-2025 15:48:01)
2,18 , 1,0,5,0,S, 	(30-MAY-2025 15:48:01)
2,18 , 1,0,5,0,S, 	(30-MAY-2025 15:48:01)
2,18 , 1,0,5,0,S, 	(30-MAY-2025 15:48:01)
2,18 , 1,0,5,0,S, 	(30-MAY-2025 15:48:01)
2,18 , 1,0,5,0,S, 	(30-MAY-2025 15:48:01)
2,18 , 1,0,5,0,S, 	(30-MAY-2025 15:48:01)
2,18 , 1,0,5,0,S, 	(30-MAY-2025 15:48:01)
2,18 , 1,0,5,0,S, 	(30-MAY-2025 15:48:01)
2,18 , 1,0,5,0,S, 	(30-MAY-2025 15:48:01)
2,18 , 1,0,5,0,S, 	(30-MAY-2025 15:48:01)
2,18 , 1,0,5,0,S, 	(30-MAY-2025 15:48:01)
2,18 , 1,0,5,0,S, 	(30-MAY-2025 15:48:01)
2,18 , 1,0,5,0,S, 	(30-MAY-2025 15:48:01)
2,18 , 1,0,5,0,S, 	(30-MAY-2025 15:48:01)
2,18 , 1,0,5,0,S, 	(30-MAY-2025 15:48:01)
2,18 , 1,0,5,0,S, 	(30-MAY-2025 15:48:01)
2,18 , 1,0,5,0,S, 	(30-MAY-2025 15:48:01)
2,18 , 1,0,5,0,S, 	(30-MAY-2025 15:48:01)
2,18 , 1,0,5,0,S, 	(30-MAY-2025 15:48:01)
2,18 , 1,0,5,0,S, 	(30-MAY-2025 15:48:01)
2,18 , 1,0,5,0,S, 	(30-MAY-2025 15:48:01)
2,18 , 1,0,5,0,S, 	(30-MAY-2025 15:48:01)
2,18 , 1,0,5,0,S, 	(30-MAY-2025 15:48:01)
2,18 , 1,0,5,0,S, 	(30-MAY-2025 15:48:01)
2,18 , 1,0,5,0,S, 	(30-MAY-2025 15:48:01)
2,18 , 1,0,5,0,S, 	(30-MAY-2025 15:48:01)
2,18 , 1,0,5,0,S, 	(30-MAY-2025 15:48:01)
2,18 , 1,0,5,0,S, 	(30-MAY-2025 15:48:01)
2,18 , 1,0,5,0,S, 	(30-MAY-2025 15:48:01)
2,18 , 1,0,5,0,S, 	(30-MAY-2025 15:48:01)
2,18 , 1,0,5,0,S, 	(30-MAY-2025 15:48:01)
2,18 , 1,0,5,0,S, 	(30-MAY-2025 15:48:01)
2,18 , 1,0,5,0,S, 	(30-MAY-2025 15:48:01)
2,18 , 1,0,5,0,S, 	(30-MAY-2025 15:48:01)
2,18 , 1,0,5,0,S, 	(30-MAY-2025 15:48:01)
2,18 , 1,0,5,0,S, 	(30-MAY-2025 15:48:01)
2,18 , 1,0,5,0,S, 	(30-MAY-2025 15:48:01)
2,18 , 1,0,5,0,S, 	(30-MAY-2025 15:48:01)
2,18 , 1,0,5,0,S, 	(30-MAY-2025 15:48:01)
2,18 , 1,0,5,0,S, 	(30-MAY-2025 15:48:01)
2,18 , 1,0,5,0,S, 	(30-MAY-2025 15:48:01)
2,18 , 1,0,5,0,S, 	(30-MAY-2025 15:48:01)
2,18 , 1,0,5,0,S, 	(30-MAY-2025 15:48:01)
2,18 , 1,0,5,0,S, 	(30-MAY-2025 15:48:01)
2,18 , 1,0,5,0,S, 	(30-MAY-2025 15:48:01)
2,18 , 1,0,5,0,S, 	(30-MAY-2025 15:48:01)
2,18 , 1,0,5,0,S, 	(30-MAY-2025 15:48:01)
2,18 , 1,0,5,0,S, 	(30-MAY-2025 15:48:01)
2,18 , 1,0,5,0,S, 	(30-MAY-2025 15:48:01)
2,18 , 1,0,5,0,S, 	(30-MAY-2025 15:48:01)
2,18 , 1,0,5,0,S, 	(30-MAY-2025 15:48:01)
2,18 , 1,0,5,0,S, 	(30-MAY-2025 15:48:01)
2,18 , 1,0,5,0,S, 	(30-MAY-2025 15:48:01)
2,18 , 1,0,5,0,S, 	(30-MAY-2025 15:48:01)
2,18 , 1,0,5,0,S, 	(30-MAY-2025 15:48:01)
2,18 , 1,0,5,0,S, 	(30-MAY-2025 15:48:01)
2,18 , 1,0,5,0,S, 	(30-MAY-2025 15:48:01)
2,18 , 1,0,5,0,S, 	(30-MAY-2025 15:48:01)
2,18 , 1,0,5,0,S, 	(30-MAY-2025 15:48:01)
2,18 , 1,0,5,0,S, 	(30-MAY-2025 15:48:01)
2,18 , 1,0,5,0,S, 	(30-MAY-2025 15:48:01)
2,18 , 1,0,5,0,S, 	(30-MAY-2025 15:48:01)
2,18 , 1,0,5,0,S, 	(30-MAY-2025 15:48:01)
2,18 , 1,0,5,0,S, 	(30-MAY-2025 15:48:01)
2,18 , 1,0,5,0,S, 	(30-MAY-2025 15:48:01)
2,18 , 1,0,5,0,S, 	(30-MAY-2025 15:48:01)
2,18 , 1,0,6,0,S, 	(30-MAY-2025 15:48:01)
2,18 , 1,0,6,0,S, 	(30-MAY-2025 15:48:01)
2,18 , 1,0,6,0,S, 	(30-MAY-2025 15:48:01)
2,18 , 1,0,6,0,S, 	(30-MAY-2025 15:48:01)
2,18 , 1,0,6,0,S, 	(30-MAY-2025 15:48:01)
2,18 , 1,0,6,0,S, 	(30-MAY-2025 15:48:01)
2,18 , 1,0,6,0,S, 	(30-MAY-2025 15:48:01)
2,18 , 1,0,6,0,S, 	(30-MAY-2025 15:48:01)
2,18 , 1,0,6,0,S, 	(30-MAY-2025 15:48:01)
2,18 , 1,0,6,0,S, 	(30-MAY-2025 15:48:01)
2,18 , 1,0,6,0,S, 	(30-MAY-2025 15:48:01)
2,18 , 1,0,6,0,S, 	(30-MAY-2025 15:48:01)
2,18 , 1,0,6,0,S, 	(30-MAY-2025 15:48:01)
2,18 , 1,0,6,0,S, 	(30-MAY-2025 15:48:01)
2,18 , 1,0,6,0,S, 	(30-MAY-2025 15:48:01)
2,18 , 1,0,6,0,S, 	(30-MAY-2025 15:48:01)
2,18 , 1,0,6,0,S, 	(30-MAY-2025 15:48:01)
2,18 , 1,0,6,0,S, 	(30-MAY-2025 15:48:01)
2,18 , 1,0,6,0,S, 	(30-MAY-2025 15:48:01)
2,18 , 1,0,6,0,S, 	(30-MAY-2025 15:48:01)
2,18 , 1,0,6,0,S, 	(30-MAY-2025 15:48:01)
2,18 , 1,0,6,0,S, 	(30-MAY-2025 15:48:01)
2,18 , 1,0,6,0,S, 	(30-MAY-2025 15:48:01)
2,18 , 1,0,6,0,S, 	(30-MAY-2025 15:48:01)
2,18 , 1,0,6,0,S, 	(30-MAY-2025 15:48:01)
2,18 , 1,0,6,0,S, 	(30-MAY-2025 15:48:01)
2,18 , 1,0,6,0,S, 	(30-MAY-2025 15:48:01)
2,18 , 1,0,6,0,S, 	(30-MAY-2025 15:48:01)
2,18 , 1,0,6,0,S, 	(30-MAY-2025 15:48:01)
2,18 , 1,0,6,0,S, 	(30-MAY-2025 15:48:01)
2,18 , 1,0,6,0,S, 	(30-MAY-2025 15:48:01)
2,18 , 1,0,6,0,S, 	(30-MAY-2025 15:48:01)
2,18 , 1,0,6,0,S, 	(30-MAY-2025 15:48:01)
2,18 , 1,0,6,0,S, 	(30-MAY-2025 15:48:01)
2,18 , 1,0,6,0,S, 	(30-MAY-2025 15:48:01)
2,18 , 1,0,6,0,S, 	(30-MAY-2025 15:48:01)
2,18 , 1,0,6,0,S, 	(30-MAY-2025 15:48:01)
2,18 , 1,0,6,0,S, 	(30-MAY-2025 15:48:01)
2,18 , 1,0,6,0,S, 	(30-MAY-2025 15:48:01)
2,18 , 1,0,6,0,S, 	(30-MAY-2025 15:48:01)
2,18 , 1,0,6,0,S, 	(30-MAY-2025 15:48:01)
2,18 , 1,0,6,0,S, 	(30-MAY-2025 15:48:01)
2,18 , 1,0,6,0,S, 	(30-MAY-2025 15:48:01)
2,18 , 1,0,6,0,S, 	(30-MAY-2025 15:48:01)
2,18 , 1,0,6,0,S, 	(30-MAY-2025 15:48:01)
2,18 , 1,0,6,0,S, 	(30-MAY-2025 15:48:01)
2,18 , 1,0,12,0,S, 	(30-MAY-2025 15:48:01)
2,18 , 1,0,12,0,S, 	(30-MAY-2025 15:48:01)
2,18 , 1,0,12,0,S, 	(30-MAY-2025 15:48:01)
2,18 , 1,0,12,0,S, 	(30-MAY-2025 15:48:01)
2,18 , 1,0,12,0,S, 	(30-MAY-2025 15:48:01)
2,18 , 1,0,12,0,S, 	(30-MAY-2025 15:48:01)
2,18 , 1,0,12,0,S, 	(30-MAY-2025 15:48:01)
2,18 , 1,0,12,0,S, 	(30-MAY-2025 15:48:01)
2,18 , 1,0,12,0,S, 	(30-MAY-2025 15:48:01)
2,18 , 1,0,12,0,S, 	(30-MAY-2025 15:48:01)
2,18 , 1,0,12,0,S, 	(30-MAY-2025 15:48:01)
2,18 , 1,0,12,0,S, 	(30-MAY-2025 15:48:01)
2,18 , 1,0,12,0,S, 	(30-MAY-2025 15:48:01)
2,18 , 1,0,12,0,S, 	(30-MAY-2025 15:48:01)
2,18 , 1,0,12,0,S, 	(30-MAY-2025 15:48:01)
2,18 , 1,0,12,0,S, 	(30-MAY-2025 15:48:01)
2,18 , 1,0,12,0,S, 	(30-MAY-2025 15:48:01)
2,18 , 1,0,12,0,S, 	(30-MAY-2025 15:48:01)
2,18 , 1,0,12,0,S, 	(30-MAY-2025 15:48:01)
2,18 , 1,0,12,0,S, 	(30-MAY-2025 15:48:01)
2,18 , 1,0,12,0,S, 	(30-MAY-2025 15:48:01)
2,18 , 1,0,12,0,S, 	(30-MAY-2025 15:48:01)
2,18 , 1,0,12,0,S, 	(30-MAY-2025 15:48:01)
2,18 , 1,0,12,0,S, 	(30-MAY-2025 15:48:01)
2,18 , 1,0,12,0,S, 	(30-MAY-2025 15:48:01)
2,18 , 1,0,12,0,S, 	(30-MAY-2025 15:48:01)
2,18 , 1,0,12,0,S, 	(30-MAY-2025 15:48:01)
2,18 , 1,0,12,0,S, 	(30-MAY-2025 15:48:01)
2,18 , 1,0,12,0,S, 	(30-MAY-2025 15:48:01)
2,18 , 1,0,12,0,S, 	(30-MAY-2025 15:48:01)
2,18 , 1,0,12,0,S, 	(30-MAY-2025 15:48:01)
2,18 , 1,0,4,0,S, 	(30-MAY-2025 15:48:01)
2,18 , 1,0,4,0,S, 	(30-MAY-2025 15:48:01)
2,18 , 1,0,4,0,S, 	(30-MAY-2025 15:48:01)
2,18 , 1,0,4,0,S, 	(30-MAY-2025 15:48:01)
2,18 , 1,0,4,0,S, 	(30-MAY-2025 15:48:01)
2,18 , 1,0,4,0,S, 	(30-MAY-2025 15:48:01)
2,18 , 1,0,4,0,S, 	(30-MAY-2025 15:48:01)
2,18 , 1,0,4,0,S, 	(30-MAY-2025 15:48:01)
2,18 , 1,0,4,0,S, 	(30-MAY-2025 15:48:01)
2,18 , 1,0,4,0,S, 	(30-MAY-2025 15:48:01)
2,18 , 1,0,4,0,S, 	(30-MAY-2025 15:48:01)
2,18 , 1,0,4,0,S, 	(30-MAY-2025 15:48:01)
2,18 , 1,0,4,0,S, 	(30-MAY-2025 15:48:01)
2,18 , 1,0,4,0,S, 	(30-MAY-2025 15:48:01)
2,18 , 1,0,4,0,S, 	(30-MAY-2025 15:48:01)
2,18 , 1,0,4,2,S, 	(30-MAY-2025 15:48:01)
2,18 , 1,0,4,2,S, 	(30-MAY-2025 15:48:01)
2,18 , 1,0,4,2,S, 	(30-MAY-2025 15:48:01)
2,18 , 1,0,4,2,S, 	(30-MAY-2025 15:48:01)
2,18 , 1,0,4,2,S, 	(30-MAY-2025 15:48:01)
2,18 , 1,0,4,2,S, 	(30-MAY-2025 15:48:01)
2,18 , 1,0,4,2,S, 	(30-MAY-2025 15:48:01)
2,18 , 1,0,4,2,S, 	(30-MAY-2025 15:48:01)
2,18 , 1,0,4,2,S, 	(30-MAY-2025 15:48:01)
2,18 , 1,0,4,2,S, 	(30-MAY-2025 15:48:01)
2,18 , 1,0,4,2,S, 	(30-MAY-2025 15:48:01)
2,18 , 1,0,4,2,S, 	(30-MAY-2025 15:48:01)
2,18 , 1,0,4,2,S, 	(30-MAY-2025 15:48:01)
2,18 , 1,0,4,2,S, 	(30-MAY-2025 15:48:01)
2,18 , 1,0,4,2,S, 	(30-MAY-2025 15:48:01)
2,18 , 1,0,4,2,S, 	(30-MAY-2025 15:48:01)
2,18 , 1,0,4,2,S, 	(30-MAY-2025 15:48:01)
2,18 , 1,0,4,2,S, 	(30-MAY-2025 15:48:01)
2,18 , 1,0,4,2,S, 	(30-MAY-2025 15:48:01)
2,18 , 1,0,4,2,S, 	(30-MAY-2025 15:48:01)
2,18 , 1,0,4,2,S, 	(30-MAY-2025 15:48:01)
2,18 , 1,0,4,2,S, 	(30-MAY-2025 15:48:01)
2,18 , 1,0,4,2,S, 	(30-MAY-2025 15:48:01)
2,18 , 1,0,4,2,S, 	(30-MAY-2025 15:48:01)
2,18 , 1,0,4,2,S, 	(30-MAY-2025 15:48:01)
2,18 , 1,0,4,2,S, 	(30-MAY-2025 15:48:01)
2,18 , 1,0,4,2,S, 	(30-MAY-2025 15:48:01)
2,18 , 1,0,4,2,S, 	(30-MAY-2025 15:48:01)
2,18 , 1,0,4,2,S, 	(30-MAY-2025 15:48:01)
2,18 , 1,0,4,2,S, 	(30-MAY-2025 15:48:01)
2,18 , 1,0,4,2,S, 	(30-MAY-2025 15:48:01)
2,18 , 1,0,4,2,S, 	(30-MAY-2025 15:48:01)
2,18 , 1,0,4,2,S, 	(30-MAY-2025 15:48:01)
2,18 , 1,0,4,2,S, 	(30-MAY-2025 15:48:01)
2,18 , 1,0,4,2,S, 	(30-MAY-2025 15:48:01)
2,18 , 1,0,4,2,S, 	(30-MAY-2025 15:48:01)
2,18 , 1,0,4,2,S, 	(30-MAY-2025 15:48:01)
2,18 , 1,0,4,2,S, 	(30-MAY-2025 15:48:01)
2,18 , 1,0,4,2,S, 	(30-MAY-2025 15:48:01)
2,18 , 1,0,4,2,S, 	(30-MAY-2025 15:48:01)
2,18 , 1,0,4,2,S, 	(30-MAY-2025 15:48:01)
2,18 , 1,0,4,2,S, 	(30-MAY-2025 15:48:01)
2,18 , 1,0,4,2,S, 	(30-MAY-2025 15:48:01)
2,18 , 1,0,4,2,S, 	(30-MAY-2025 15:48:01)
2,18 , 1,0,4,2,S, 	(30-MAY-2025 15:48:01)
2,18 , 1,0,5,2,S, 	(30-MAY-2025 15:48:01)
2,18 , 1,0,5,2,S, 	(30-MAY-2025 15:48:01)
2,18 , 1,0,5,2,S, 	(30-MAY-2025 15:48:01)
2,18 , 1,0,5,2,S, 	(30-MAY-2025 15:48:01)
2,18 , 1,0,5,2,S, 	(30-MAY-2025 15:48:01)
2,18 , 1,0,5,2,S, 	(30-MAY-2025 15:48:01)
2,18 , 1,0,5,2,S, 	(30-MAY-2025 15:48:01)
2,18 , 1,0,5,2,S, 	(30-MAY-2025 15:48:01)
2,18 , 1,0,5,2,S, 	(30-MAY-2025 15:48:01)
2,18 , 1,0,5,2,S, 	(30-MAY-2025 15:48:01)
2,18 , 1,0,5,2,S, 	(30-MAY-2025 15:48:01)
2,18 , 1,0,5,2,S, 	(30-MAY-2025 15:48:01)
2,18 , 1,0,5,2,S, 	(30-MAY-2025 15:48:01)
2,18 , 1,0,5,2,S, 	(30-MAY-2025 15:48:01)
2,18 , 1,0,5,2,S, 	(30-MAY-2025 15:48:01)
2,18 , 1,0,5,2,S, 	(30-MAY-2025 15:48:01)
2,18 , 1,0,5,2,S, 	(30-MAY-2025 15:48:01)
2,18 , 1,0,5,2,S, 	(30-MAY-2025 15:48:01)
2,18 , 1,0,5,2,S, 	(30-MAY-2025 15:48:01)
2,18 , 1,0,5,2,S, 	(30-MAY-2025 15:48:01)
2,18 , 1,0,5,2,S, 	(30-MAY-2025 15:48:01)
2,18 , 1,0,5,2,S, 	(30-MAY-2025 15:48:01)
2,18 , 1,0,5,2,S, 	(30-MAY-2025 15:48:01)
2,18 , 1,0,5,2,S, 	(30-MAY-2025 15:48:01)
2,18 , 1,0,5,2,S, 	(30-MAY-2025 15:48:01)
2,18 , 1,0,5,2,S, 	(30-MAY-2025 15:48:01)
2,18 , 1,0,5,2,S, 	(30-MAY-2025 15:48:01)
2,18 , 1,0,5,2,S, 	(30-MAY-2025 15:48:01)
2,18 , 1,0,5,2,S, 	(30-MAY-2025 15:48:01)
2,18 , 1,0,5,2,S, 	(30-MAY-2025 15:48:01)
2,18 , 1,0,5,2,S, 	(30-MAY-2025 15:48:01)
2,18 , 1,0,5,1,S, 	(30-MAY-2025 15:48:01)
2,18 , 1,0,5,1,S, 	(30-MAY-2025 15:48:01)
2,18 , 1,0,5,1,S, 	(30-MAY-2025 15:48:01)
2,18 , 1,0,5,1,S, 	(30-MAY-2025 15:48:01)
2,18 , 1,0,5,1,S, 	(30-MAY-2025 15:48:01)
2,18 , 1,0,5,1,S, 	(30-MAY-2025 15:48:01)
2,18 , 1,0,5,1,S, 	(30-MAY-2025 15:48:01)
2,18 , 1,0,5,1,S, 	(30-MAY-2025 15:48:01)
2,18 , 1,0,5,1,S, 	(30-MAY-2025 15:48:01)
2,18 , 1,0,5,1,S, 	(30-MAY-2025 15:48:01)
2,18 , 1,0,5,1,S, 	(30-MAY-2025 15:48:01)
2,18 , 1,0,5,1,S, 	(30-MAY-2025 15:48:01)
2,18 , 1,0,5,1,S, 	(30-MAY-2025 15:48:01)
2,18 , 1,0,5,1,S, 	(30-MAY-2025 15:48:01)
2,18 , 1,0,5,1,S, 	(30-MAY-2025 15:48:01)
2,18 , 1,0,5,1,S, 	(30-MAY-2025 15:48:01)
2,18 , 1,0,5,1,S, 	(30-MAY-2025 15:48:01)
2,18 , 1,0,5,1,S, 	(30-MAY-2025 15:48:01)
2,18 , 1,0,5,1,S, 	(30-MAY-2025 15:48:01)
2,18 , 1,0,5,1,S, 	(30-MAY-2025 15:48:01)
2,18 , 1,0,5,1,S, 	(30-MAY-2025 15:48:01)
2,18 , 1,0,5,1,S, 	(30-MAY-2025 15:48:01)
2,18 , 1,0,5,1,S, 	(30-MAY-2025 15:48:01)
2,18 , 1,0,5,1,S, 	(30-MAY-2025 15:48:01)
2,18 , 1,0,5,1,S, 	(30-MAY-2025 15:48:01)
2,18 , 1,0,5,1,S, 	(30-MAY-2025 15:48:01)
2,18 , 1,0,5,1,S, 	(30-MAY-2025 15:48:01)
2,18 , 1,0,5,1,S, 	(30-MAY-2025 15:48:01)
2,18 , 1,0,5,1,S, 	(30-MAY-2025 15:48:01)
2,18 , 1,0,5,1,S, 	(30-MAY-2025 15:48:01)
2,18 , 1,0,8,0,S, 	(30-MAY-2025 15:48:01)
2,18 , 1,0,8,0,S, 	(30-MAY-2025 15:48:01)
2,18 , 1,0,8,0,S, 	(30-MAY-2025 15:48:01)
2,18 , 1,0,8,0,S, 	(30-MAY-2025 15:48:01)
2,18 , 1,0,8,0,S, 	(30-MAY-2025 15:48:01)
2,18 , 1,0,8,0,S, 	(30-MAY-2025 15:48:01)
2,18 , 1,0,8,0,S, 	(30-MAY-2025 15:48:01)
2,18 , 1,0,8,0,S, 	(30-MAY-2025 15:48:01)
2,18 , 1,0,8,0,S, 	(30-MAY-2025 15:48:01)
2,18 , 1,0,8,0,S, 	(30-MAY-2025 15:48:01)
2,18 , 1,0,8,0,S, 	(30-MAY-2025 15:48:01)
2,18 , 1,0,8,0,S, 	(30-MAY-2025 15:48:01)
2,18 , 1,0,8,0,S, 	(30-MAY-2025 15:48:01)
2,18 , 1,0,8,0,S, 	(30-MAY-2025 15:48:01)
2,18 , 1,0,8,0,S, 	(30-MAY-2025 15:48:01)
2,18 , 1,0,8,0,S, 	(30-MAY-2025 15:48:01)
2,18 , 1,0,9,0,S, 	(30-MAY-2025 15:48:01)
2,18 , 1,0,9,0,S, 	(30-MAY-2025 15:48:01)
2,18 , 1,0,9,0,S, 	(30-MAY-2025 15:48:01)
2,18 , 1,0,9,0,S, 	(30-MAY-2025 15:48:01)
2,18 , 1,0,9,0,S, 	(30-MAY-2025 15:48:01)
2,18 , 1,0,9,0,S, 	(30-MAY-2025 15:48:01)
2,18 , 1,0,9,0,S, 	(30-MAY-2025 15:48:01)
2,18 , 1,0,9,0,S, 	(30-MAY-2025 15:48:01)
2,18 , 1,0,9,0,S, 	(30-MAY-2025 15:48:01)
2,18 , 1,0,9,0,S, 	(30-MAY-2025 15:48:01)
2,18 , 1,0,9,0,S, 	(30-MAY-2025 15:48:01)
2,18 , 1,0,9,0,S, 	(30-MAY-2025 15:48:01)
2,18 , 1,0,9,0,S, 	(30-MAY-2025 15:48:01)
2,18 , 1,0,9,0,S, 	(30-MAY-2025 15:48:01)
2,18 , 1,0,9,0,S, 	(30-MAY-2025 15:48:01)
2,18 , 1,0,9,0,S, 	(30-MAY-2025 15:48:01)
2,18 , 0,0,223074,0,L, 	(30-MAY-2025 15:48:01)
2,18 , 0,0,223074,0,L, 	(30-MAY-2025 15:48:01)
2,18 , 0,0,223074,0,L, 	(30-MAY-2025 15:48:01)
2,18 , 0,0,223074,0,L, 	(30-MAY-2025 15:48:01)
2,18 , 0,0,223074,0,L, 	(30-MAY-2025 15:48:01)
2,18 , 0,0,223074,0,L, 	(30-MAY-2025 15:48:01)
2,18 , 0,0,223074,0,L, 	(30-MAY-2025 15:48:01)
2,18 , 0,0,223074,0,L, 	(30-MAY-2025 15:48:01)
2,18 , 0,0,223074,0,L, 	(30-MAY-2025 15:48:01)
2,18 , 0,0,223074,0,L, 	(30-MAY-2025 15:48:01)
2,18 , 0,0,223074,0,L, 	(30-MAY-2025 15:48:01)
2,18 , 0,0,223074,0,L, 	(30-MAY-2025 15:48:01)
2,18 , 0,0,223074,0,L, 	(30-MAY-2025 15:48:01)
2,18 , 0,0,223074,0,L, 	(30-MAY-2025 15:48:01)
2,18 , 0,0,223074,0,L, 	(30-MAY-2025 15:48:01)
2,18 , 0,0,223074,0,L, 	(30-MAY-2025 15:48:01)
2,18 , 0,0,223074,0,L, 	(30-MAY-2025 15:48:01)
2,18 , 0,0,223074,0,L, 	(30-MAY-2025 15:48:01)
2,18 , 0,0,223074,0,L, 	(30-MAY-2025 15:48:01)
2,18 , 0,0,223074,0,L, 	(30-MAY-2025 15:48:01)
2,18 , 0,0,223074,0,L, 	(30-MAY-2025 15:48:01)
2,18 , 0,0,223074,0,L, 	(30-MAY-2025 15:48:01)
2,18 , 0,0,223074,0,L, 	(30-MAY-2025 15:48:01)
2,18 , 0,0,223074,0,L, 	(30-MAY-2025 15:48:01)
2,18 , 0,0,223074,0,L, 	(30-MAY-2025 15:48:01)
2,18 , 0,0,223074,0,L, 	(30-MAY-2025 15:48:01)
2,18 , 0,0,223074,0,L, 	(30-MAY-2025 15:48:01)
2,18 , 0,0,223074,0,L, 	(30-MAY-2025 15:48:01)
2,18 , 0,0,223075,1,L, 	(30-MAY-2025 15:48:01)
2,18 , 0,0,223075,1,L, 	(30-MAY-2025 15:48:01)
2,18 , 0,0,223075,1,L, 	(30-MAY-2025 15:48:01)
2,18 , 0,0,223075,1,L, 	(30-MAY-2025 15:48:01)
2,18 , 0,0,223075,1,L, 	(30-MAY-2025 15:48:01)
2,18 , 0,0,223075,1,L, 	(30-MAY-2025 15:48:01)
2,18 , 0,0,223075,1,L, 	(30-MAY-2025 15:48:01)
2,18 , 0,0,223075,1,L, 	(30-MAY-2025 15:48:01)
2,18 , 0,0,223075,1,L, 	(30-MAY-2025 15:48:01)
2,18 , 0,0,223075,1,L, 	(30-MAY-2025 15:48:01)
2,18 , 0,0,223075,1,L, 	(30-MAY-2025 15:48:01)
2,18 , 0,0,223075,1,L, 	(30-MAY-2025 15:48:01)
2,18 , 0,0,223075,1,L, 	(30-MAY-2025 15:48:01)
2,18 , 0,0,223075,1,L, 	(30-MAY-2025 15:48:01)
2,18 , 0,0,223075,1,L, 	(30-MAY-2025 15:48:01)
2,18 , 0,0,223075,1,L, 	(30-MAY-2025 15:48:01)
2,18 , 0,0,223075,0,L, 	(30-MAY-2025 15:48:01)
2,18 , 0,0,223075,0,L, 	(30-MAY-2025 15:48:01)
2,18 , 0,0,223075,0,L, 	(30-MAY-2025 15:48:01)
2,18 , 0,0,223075,0,L, 	(30-MAY-2025 15:48:01)
2,18 , 0,0,223075,0,L, 	(30-MAY-2025 15:48:01)
2,18 , 0,0,223075,0,L, 	(30-MAY-2025 15:48:01)
2,18 , 0,0,223075,0,L, 	(30-MAY-2025 15:48:01)
2,18 , 0,0,223075,0,L, 	(30-MAY-2025 15:48:01)
2,18 , 0,0,223075,0,L, 	(30-MAY-2025 15:48:01)
2,18 , 0,0,223075,0,L, 	(30-MAY-2025 15:48:01)
2,18 , 0,0,223075,0,L, 	(30-MAY-2025 15:48:01)
2,18 , 0,0,223075,0,L, 	(30-MAY-2025 15:48:01)
2,18 , 0,0,223075,0,L, 	(30-MAY-2025 15:48:01)
2,18 , 0,0,223075,0,L, 	(30-MAY-2025 15:48:01)
2,18 , 0,0,223075,0,L, 	(30-MAY-2025 15:48:01)
2,18 , 0,0,223076,0,L, 	(30-MAY-2025 15:48:01)
2,18 , 0,0,223076,0,L, 	(30-MAY-2025 15:48:01)
2,18 , 0,0,223076,0,L, 	(30-MAY-2025 15:48:01)
2,18 , 0,0,223076,0,L, 	(30-MAY-2025 15:48:01)
2,18 , 0,0,223076,0,L, 	(30-MAY-2025 15:48:01)
2,18 , 0,0,223076,0,L, 	(30-MAY-2025 15:48:01)
2,18 , 0,0,223076,0,L, 	(30-MAY-2025 15:48:01)
2,18 , 0,0,223076,0,L, 	(30-MAY-2025 15:48:01)
2,18 , 0,0,223076,0,L, 	(30-MAY-2025 15:48:01)
2,18 , 0,0,223076,0,L, 	(30-MAY-2025 15:48:01)
2,18 , 0,0,223076,0,L, 	(30-MAY-2025 15:48:01)
2,18 , 0,0,223076,0,L, 	(30-MAY-2025 15:48:01)
2,18 , 0,0,223076,0,L, 	(30-MAY-2025 15:48:01)
2,18 , 0,0,223076,0,L, 	(30-MAY-2025 15:48:01)
2,18 , 0,0,223076,0,L, 	(30-MAY-2025 15:48:01)
2,18 , 0,0,223076,1,L, 	(30-MAY-2025 15:48:01)
2,18 , 0,0,223076,1,L, 	(30-MAY-2025 15:48:01)
2,18 , 0,0,223076,1,L, 	(30-MAY-2025 15:48:01)
2,18 , 0,0,223076,1,L, 	(30-MAY-2025 15:48:01)
2,18 , 0,0,223076,1,L, 	(30-MAY-2025 15:48:01)
2,18 , 0,0,223076,1,L, 	(30-MAY-2025 15:48:01)
2,18 , 0,0,223076,1,L, 	(30-MAY-2025 15:48:01)
2,18 , 0,0,223076,1,L, 	(30-MAY-2025 15:48:01)
2,18 , 0,0,223076,1,L, 	(30-MAY-2025 15:48:01)
2,18 , 0,0,223076,1,L, 	(30-MAY-2025 15:48:01)
2,18 , 0,0,223076,1,L, 	(30-MAY-2025 15:48:01)
2,18 , 0,0,223076,1,L, 	(30-MAY-2025 15:48:01)
2,18 , 0,0,223076,1,L, 	(30-MAY-2025 15:48:01)
2,18 , 0,0,223076,1,L, 	(30-MAY-2025 15:48:01)
2,18 , 0,0,223076,1,L, 	(30-MAY-2025 15:48:01)
2,18 , 0,0,224017,0,L, 	(30-MAY-2025 15:48:01)
2,18 , 0,0,224017,0,L, 	(30-MAY-2025 15:48:01)
2,18 , 0,0,224017,0,L, 	(30-MAY-2025 15:48:01)
2,18 , 0,0,224017,0,L, 	(30-MAY-2025 15:48:01)
2,18 , 0,0,224017,0,L, 	(30-MAY-2025 15:48:01)
2,18 , 0,0,224017,0,L, 	(30-MAY-2025 15:48:01)
2,18 , 0,0,224017,0,L, 	(30-MAY-2025 15:48:01)
2,18 , 0,0,224017,0,L, 	(30-MAY-2025 15:48:01)
2,18 , 0,0,224017,0,L, 	(30-MAY-2025 15:48:01)
2,18 , 0,0,224017,0,L, 	(30-MAY-2025 15:48:01)
2,18 , 0,0,224017,0,L, 	(30-MAY-2025 15:48:01)
2,18 , 0,0,224017,0,L, 	(30-MAY-2025 15:48:01)
2,18 , 0,0,224017,0,L, 	(30-MAY-2025 15:48:01)
2,18 , 0,0,224017,0,L, 	(30-MAY-2025 15:48:01)
2,18 , 0,0,224017,0,L, 	(30-MAY-2025 15:48:01)
2,18 , 0,0,224017,0,L, 	(30-MAY-2025 15:48:02)
2,18 , 0,0,224017,0,L, 	(30-MAY-2025 15:48:02)
2,18 , 0,0,224017,0,L, 	(30-MAY-2025 15:48:02)
2,18 , 0,0,224017,0,L, 	(30-MAY-2025 15:48:02)
2,18 , 0,0,224017,0,L, 	(30-MAY-2025 15:48:02)
2,18 , 0,0,224017,0,L, 	(30-MAY-2025 15:48:02)
2,18 , 0,0,224017,0,L, 	(30-MAY-2025 15:48:02)
2,18 , 0,0,224017,0,L, 	(30-MAY-2025 15:48:02)
2,18 , 0,0,224017,0,L, 	(30-MAY-2025 15:48:02)
2,18 , 0,0,224017,0,L, 	(30-MAY-2025 15:48:02)
2,18 , 0,0,224017,0,L, 	(30-MAY-2025 15:48:02)
2,18 , 0,0,224017,0,L, 	(30-MAY-2025 15:48:02)
2,18 , 0,0,224017,0,L, 	(30-MAY-2025 15:48:02)
2,18 , 0,0,224017,0,L, 	(30-MAY-2025 15:48:02)
2,18 , 0,0,224017,0,L, 	(30-MAY-2025 15:48:02)
2,18 , 0,0,224017,0,L, 	(30-MAY-2025 15:48:02)
2,18 , 0,0,124048,0,X, 	(30-MAY-2025 15:48:02)
2,18 , 0,0,124048,0,X, 	(30-MAY-2025 15:48:02)
2,18 , 0,0,124048,0,X, 	(30-MAY-2025 15:48:02)
2,18 , 0,0,124048,0,X, 	(30-MAY-2025 15:48:02)
2,18 , 0,0,124048,0,X, 	(30-MAY-2025 15:48:02)
2,18 , 0,0,124048,0,X, 	(30-MAY-2025 15:48:02)
2,18 , 0,0,124048,0,X, 	(30-MAY-2025 15:48:02)
2,18 , 0,0,124048,0,X, 	(30-MAY-2025 15:48:02)
2,18 , 0,0,124048,0,X, 	(30-MAY-2025 15:48:02)
2,18 , 0,0,124048,0,X, 	(30-MAY-2025 15:48:02)
2,18 , 0,0,124048,0,X, 	(30-MAY-2025 15:48:02)
2,18 , 0,0,124048,0,X, 	(30-MAY-2025 15:48:02)
2,18 , 0,0,124048,0,X, 	(30-MAY-2025 15:48:02)
2,18 , 0,0,124048,0,X, 	(30-MAY-2025 15:48:02)
2,18 , 0,0,124048,0,X, 	(30-MAY-2025 15:48:02)
2,18 , 0,0,124048,0,X, 	(30-MAY-2025 15:48:02)
2,18 , 0,0,124048,0,X, 	(30-MAY-2025 15:48:02)
2,18 , 0,0,124048,0,X, 	(30-MAY-2025 15:48:02)
2,18 , 0,0,124048,0,X, 	(30-MAY-2025 15:48:02)
2,18 , 0,0,124048,0,X, 	(30-MAY-2025 15:48:02)
2,18 , 0,0,124048,0,X, 	(30-MAY-2025 15:48:02)
2,18 , 0,0,124048,0,X, 	(30-MAY-2025 15:48:02)
2,18 , 0,0,124048,0,X, 	(30-MAY-2025 15:48:02)
2,18 , 0,0,124048,0,X, 	(30-MAY-2025 15:48:02)
2,18 , 0,0,124048,0,X, 	(30-MAY-2025 15:48:02)
2,18 , 0,0,124048,0,X, 	(30-MAY-2025 15:48:02)
2,18 , 0,0,124048,0,X, 	(30-MAY-2025 15:48:02)
2,18 , 0,0,124048,0,X, 	(30-MAY-2025 15:48:02)
2,18 , 0,0,124048,0,X, 	(30-MAY-2025 15:48:02)
2,18 , 0,0,124048,0,X, 	(30-MAY-2025 15:48:02)
2,18 , 0,0,124048,0,X, 	(30-MAY-2025 15:48:02)
2,228 , 1,0,1,0,S, 	(30-MAY-2025 15:48:02)
2,228 , 1,0,1,0,S, 	(30-MAY-2025 15:48:02)
2,228 , 1,0,1,0,S, 	(30-MAY-2025 15:48:02)
2,228 , 1,0,1,0,S, 	(30-MAY-2025 15:48:02)
2,228 , 1,0,1,0,S, 	(30-MAY-2025 15:48:02)
2,228 , 1,0,1,0,S, 	(30-MAY-2025 15:48:02)
2,228 , 1,0,1,0,S, 	(30-MAY-2025 15:48:02)
2,228 , 1,0,1,0,S, 	(30-MAY-2025 15:48:02)
2,228 , 1,0,1,0,S, 	(30-MAY-2025 15:48:02)
2,160 , 1,0,1,0,S, 	(30-MAY-2025 15:48:02)
2,160 , 1,0,1,0,S, 	(30-MAY-2025 15:48:02)
2,160 , 1,0,1,0,S, 	(30-MAY-2025 15:48:02)
2,160 , 1,0,1,0,S, 	(30-MAY-2025 15:48:02)
2,160 , 1,0,1,0,S, 	(30-MAY-2025 15:48:02)
2,160 , 1,0,1,0,S, 	(30-MAY-2025 15:48:02)
2,160 , 1,0,1,0,S, 	(30-MAY-2025 15:48:02)
2,160 , 1,0,1,0,S, 	(30-MAY-2025 15:48:02)
2,160 , 1,0,1,0,S, 	(30-MAY-2025 15:48:02)
2,160 , 1,0,1,0,S, 	(30-MAY-2025 15:48:02)
2,160 , 1,0,1,0,S, 	(30-MAY-2025 15:48:02)
2,160 , 1,0,1,0,S, 	(30-MAY-2025 15:48:02)
2,160 , 1,0,1,0,S, 	(30-MAY-2025 15:48:02)
2,160 , 1,0,1,0,S, 	(30-MAY-2025 15:48:02)
2,160 , 1,0,1,0,S, 	(30-MAY-2025 15:48:02)
2,160 , 1,0,1,0,S, 	(30-MAY-2025 15:48:02)
2,160 , 1,0,1,0,S, 	(30-MAY-2025 15:48:02)
2,160 , 1,0,1,0,S, 	(30-MAY-2025 15:48:02)
2,160 , 1,0,1,0,S, 	(30-MAY-2025 15:48:02)
2,160 , 1,0,1,0,S, 	(30-MAY-2025 15:48:02)
2,160 , 1,0,1,0,S, 	(30-MAY-2025 15:48:02)
2,160 , 1,0,1,0,S, 	(30-MAY-2025 15:48:02)
2,160 , 1,0,1,0,S, 	(30-MAY-2025 15:48:02)
2,160 , 1,0,1,0,S, 	(30-MAY-2025 15:48:02)
2,160 , 1,0,1,0,S, 	(30-MAY-2025 15:48:02)	 (Not Inserted)
2,160 , 1,0,1,0,S, 	(30-MAY-2025 15:48:02)	 (Not Inserted)
2,160 , 1,0,1,0,S, 	(30-MAY-2025 15:48:02)	 (Not Inserted)
2,160 , 1,0,1,0,S, 	(30-MAY-2025 15:48:02)	 (Not Inserted)
2,160 , 1,0,1,0,S, 	(30-MAY-2025 15:48:02)	 (Not Inserted)
2,160 , 1,0,1,0,S, 	(30-MAY-2025 15:48:02)	 (Not Inserted)
2,160 , 1,0,1,0,S, 	(30-MAY-2025 15:48:02)	 (Not Inserted)
2,160 , 1,0,1,0,S, 	(30-MAY-2025 15:48:02)	 (Not Inserted)
2,160 , 1,0,1,0,S, 	(30-MAY-2025 15:48:02)	 (Not Inserted)
2,160 , 1,0,1,0,S, 	(30-MAY-2025 15:48:02)	 (Not Inserted)
2,160 , 1,0,1,0,S, 	(30-MAY-2025 15:48:02)	 (Not Inserted)
2,160 , 1,0,1,0,S, 	(30-MAY-2025 15:48:02)	 (Not Inserted)
2,160 , 1,0,1,0,S, 	(30-MAY-2025 15:48:02)	 (Not Inserted)
2,160 , 1,0,1,0,S, 	(30-MAY-2025 15:48:02)	 (Not Inserted)
2,160 , 1,0,1,0,S, 	(30-MAY-2025 15:48:02)	 (Not Inserted)
2,160 , 1,0,1,0,S, 	(30-MAY-2025 15:48:02)	 (Not Inserted)
2,160 , 1,0,1,0,S, 	(30-MAY-2025 15:48:02)	 (Not Inserted)
2,160 , 1,0,1,0,S, 	(30-MAY-2025 15:48:02)	 (Not Inserted)
2,160 , 1,0,1,0,S, 	(30-MAY-2025 15:48:02)	 (Not Inserted)
2,160 , 1,0,1,0,S, 	(30-MAY-2025 15:48:02)	 (Not Inserted)
2,160 , 1,0,1,0,S, 	(30-MAY-2025 15:48:02)	 (Not Inserted)
2,160 , 1,0,1,0,S, 	(30-MAY-2025 15:48:02)	 (Not Inserted)
2,160 , 1,0,1,0,S, 	(30-MAY-2025 15:48:02)	 (Not Inserted)
2,160 , 1,0,1,0,S, 	(30-MAY-2025 15:48:02)	 (Not Inserted)
2,19 , 1,0,1,0,S, 	(30-MAY-2025 15:48:02)
2,19 , 1,0,1,0,S, 	(30-MAY-2025 15:48:02)
2,19 , 1,0,1,0,S, 	(30-MAY-2025 15:48:02)
2,19 , 1,0,1,0,S, 	(30-MAY-2025 15:48:02)
2,19 , 1,0,1,0,S, 	(30-MAY-2025 15:48:02)
2,19 , 1,0,1,0,S, 	(30-MAY-2025 15:48:02)
2,19 , 1,0,1,0,S, 	(30-MAY-2025 15:48:02)
2,19 , 1,0,1,0,S, 	(30-MAY-2025 15:48:02)
2,19 , 1,0,1,0,S, 	(30-MAY-2025 15:48:02)
2,19 , 1,0,1,0,S, 	(30-MAY-2025 15:48:02)
2,19 , 1,0,1,0,S, 	(30-MAY-2025 15:48:02)
2,19 , 1,0,1,0,S, 	(30-MAY-2025 15:48:02)
2,19 , 1,0,1,0,S, 	(30-MAY-2025 15:48:02)
2,19 , 1,0,1,0,S, 	(30-MAY-2025 15:48:02)
2,19 , 1,0,1,0,S, 	(30-MAY-2025 15:48:02)	 (Not Inserted)
2,19 , 1,0,1,0,S, 	(30-MAY-2025 15:48:02)	 (Not Inserted)
2,19 , 1,0,1,0,S, 	(30-MAY-2025 15:48:02)	 (Not Inserted)
2,19 , 1,0,1,0,S, 	(30-MAY-2025 15:48:02)	 (Not Inserted)
2,19 , 1,0,1,0,S, 	(30-MAY-2025 15:48:02)	 (Not Inserted)
2,19 , 1,0,1,0,S, 	(30-MAY-2025 15:48:02)	 (Not Inserted)
2,19 , 1,0,1,0,S, 	(30-MAY-2025 15:48:02)	 (Not Inserted)
2,19 , 1,0,1,0,S, 	(30-MAY-2025 15:48:02)	 (Not Inserted)
2,19 , 1,0,1,0,S, 	(30-MAY-2025 15:48:02)	 (Not Inserted)
2,19 , 1,0,1,0,S, 	(30-MAY-2025 15:48:02)	 (Not Inserted)
2,19 , 1,0,1,0,S, 	(30-MAY-2025 15:48:02)	 (Not Inserted)
2,19 , 1,0,1,0,S, 	(30-MAY-2025 15:48:02)	 (Not Inserted)
2,19 , 1,0,1,0,S, 	(30-MAY-2025 15:48:02)	 (Not Inserted)
2,19 , 1,0,1,0,S, 	(30-MAY-2025 15:48:02)	 (Not Inserted)
2,19 , 0,0,124049,0,X, 	(30-MAY-2025 15:48:02)
2,19 , 0,0,124049,0,X, 	(30-MAY-2025 15:48:02)
2,19 , 0,0,124049,0,X, 	(30-MAY-2025 15:48:02)
2,19 , 0,0,124049,0,X, 	(30-MAY-2025 15:48:02)
2,19 , 0,0,124049,0,X, 	(30-MAY-2025 15:48:02)
2,19 , 0,0,124049,0,X, 	(30-MAY-2025 15:48:02)
2,19 , 0,0,124049,0,X, 	(30-MAY-2025 15:48:02)
2,19 , 0,0,124049,0,X, 	(30-MAY-2025 15:48:02)
2,19 , 0,0,124049,0,X, 	(30-MAY-2025 15:48:02)
2,19 , 0,0,124049,0,X, 	(30-MAY-2025 15:48:02)
2,19 , 0,0,124049,0,X, 	(30-MAY-2025 15:48:02)
2,19 , 0,0,124049,0,X, 	(30-MAY-2025 15:48:02)
2,19 , 0,0,124049,0,X, 	(30-MAY-2025 15:48:02)
2,19 , 0,0,124049,0,X, 	(30-MAY-2025 15:48:02)
2,19 , 0,0,124049,0,X, 	(30-MAY-2025 15:48:02)	 (Not Inserted)
2,19 , 0,0,124049,0,X, 	(30-MAY-2025 15:48:02)	 (Not Inserted)
2,19 , 0,0,124049,0,X, 	(30-MAY-2025 15:48:02)	 (Not Inserted)
2,19 , 0,0,124049,0,X, 	(30-MAY-2025 15:48:02)	 (Not Inserted)
2,19 , 0,0,124049,0,X, 	(30-MAY-2025 15:48:02)	 (Not Inserted)
2,19 , 0,0,124049,0,X, 	(30-MAY-2025 15:48:02)	 (Not Inserted)
2,19 , 0,0,124049,0,X, 	(30-MAY-2025 15:48:02)	 (Not Inserted)
2,19 , 0,0,124049,0,X, 	(30-MAY-2025 15:48:02)	 (Not Inserted)
2,19 , 0,0,124049,0,X, 	(30-MAY-2025 15:48:02)	 (Not Inserted)
2,19 , 0,0,124049,0,X, 	(30-MAY-2025 15:48:02)	 (Not Inserted)
2,19 , 0,0,124049,0,X, 	(30-MAY-2025 15:48:02)	 (Not Inserted)
2,19 , 0,0,124049,0,X, 	(30-MAY-2025 15:48:02)	 (Not Inserted)
2,19 , 0,0,124049,0,X, 	(30-MAY-2025 15:48:02)	 (Not Inserted)
2,19 , 0,0,124049,0,X, 	(30-MAY-2025 15:48:02)	 (Not Inserted)
2,20 , 1,0,3,0,S, 	(30-MAY-2025 15:48:02)
2,20 , 1,0,4,0,S, 	(30-MAY-2025 15:48:02)
2,20 , 1,0,4,0,S, 	(30-MAY-2025 15:48:02)
2,20 , 1,0,5,0,S, 	(30-MAY-2025 15:48:02)
2,20 , 1,0,5,0,S, 	(30-MAY-2025 15:48:02)
2,20 , 1,0,5,0,S, 	(30-MAY-2025 15:48:02)
2,20 , 1,0,5,0,S, 	(30-MAY-2025 15:48:02)
2,20 , 1,0,5,0,S, 	(30-MAY-2025 15:48:02)
2,20 , 1,0,1,0,S, 	(30-MAY-2025 15:48:02)
2,20 , 1,0,1,0,S, 	(30-MAY-2025 15:48:02)
2,20 , 1,0,1,0,S, 	(30-MAY-2025 15:48:02)
2,20 , 1,0,1,0,S, 	(30-MAY-2025 15:48:02)
2,20 , 1,0,1,0,S, 	(30-MAY-2025 15:48:02)
2,20 , 1,0,1,0,S, 	(30-MAY-2025 15:48:02)
2,20 , 1,0,2,0,S, 	(30-MAY-2025 15:48:02)
2,20 , 1,0,2,0,S, 	(30-MAY-2025 15:48:02)
2,20 , 1,0,2,0,S, 	(30-MAY-2025 15:48:02)
2,20 , 1,0,2,0,S, 	(30-MAY-2025 15:48:02)
2,20 , 1,0,7,0,S, 	(30-MAY-2025 15:48:02)
2,20 , 1,0,7,0,S, 	(30-MAY-2025 15:48:02)
2,20 , 1,0,7,0,S, 	(30-MAY-2025 15:48:02)
2,20 , 1,0,7,0,S, 	(30-MAY-2025 15:48:02)
2,20 , 1,0,7,0,S, 	(30-MAY-2025 15:48:02)
2,20 , 1,0,7,0,S, 	(30-MAY-2025 15:48:02)
2,20 , 1,0,7,0,S, 	(30-MAY-2025 15:48:02)
2,20 , 1,0,7,0,S, 	(30-MAY-2025 15:48:02)
2,20 , 1,0,7,0,S, 	(30-MAY-2025 15:48:02)
2,20 , 1,0,7,0,S, 	(30-MAY-2025 15:48:02)
2,20 , 1,0,7,0,S, 	(30-MAY-2025 15:48:02)
2,20 , 1,0,7,0,S, 	(30-MAY-2025 15:48:02)
2,20 , 1,0,7,0,S, 	(30-MAY-2025 15:48:02)
2,20 , 1,0,7,0,S, 	(30-MAY-2025 15:48:02)
2,20 , 1,0,7,0,S, 	(30-MAY-2025 15:48:02)
2,20 , 1,0,7,0,S, 	(30-MAY-2025 15:48:02)
2,20 , 1,0,7,0,S, 	(30-MAY-2025 15:48:02)
2,20 , 1,0,7,0,S, 	(30-MAY-2025 15:48:02)
2,20 , 1,0,7,0,S, 	(30-MAY-2025 15:48:02)
2,20 , 1,0,7,0,S, 	(30-MAY-2025 15:48:02)
2,20 , 1,0,7,0,S, 	(30-MAY-2025 15:48:02)
2,20 , 1,0,7,0,S, 	(30-MAY-2025 15:48:02)
2,20 , 1,0,7,0,S, 	(30-MAY-2025 15:48:02)
2,20 , 1,0,7,0,S, 	(30-MAY-2025 15:48:02)
2,20 , 1,0,7,0,S, 	(30-MAY-2025 15:48:02)
2,20 , 1,0,7,0,S, 	(30-MAY-2025 15:48:02)
2,20 , 1,0,7,0,S, 	(30-MAY-2025 15:48:02)
2,20 , 1,0,7,0,S, 	(30-MAY-2025 15:48:02)
2,20 , 1,0,7,0,S, 	(30-MAY-2025 15:48:02)
2,20 , 1,0,7,0,S, 	(30-MAY-2025 15:48:02)
2,20 , 1,0,7,0,S, 	(30-MAY-2025 15:48:02)
2,20 , 1,0,7,0,S, 	(30-MAY-2025 15:48:02)
2,20 , 1,0,7,0,S, 	(30-MAY-2025 15:48:02)
2,20 , 1,0,7,0,S, 	(30-MAY-2025 15:48:02)
2,20 , 1,0,7,0,S, 	(30-MAY-2025 15:48:02)
2,20 , 1,0,7,0,S, 	(30-MAY-2025 15:48:02)
2,20 , 1,0,7,0,S, 	(30-MAY-2025 15:48:02)
2,20 , 1,0,7,0,S, 	(30-MAY-2025 15:48:02)
2,20 , 1,0,7,0,S, 	(30-MAY-2025 15:48:02)
2,20 , 1,0,7,0,S, 	(30-MAY-2025 15:48:02)
2,20 , 1,0,7,0,S, 	(30-MAY-2025 15:48:02)
2,20 , 1,0,7,0,S, 	(30-MAY-2025 15:48:02)
2,20 , 1,0,7,0,S, 	(30-MAY-2025 15:48:02)
2,20 , 1,0,7,0,S, 	(30-MAY-2025 15:48:02)
2,20 , 1,0,11,0,S, 	(30-MAY-2025 15:48:02)
2,20 , 1,0,11,0,S, 	(30-MAY-2025 15:48:02)
2,20 , 1,0,11,0,S, 	(30-MAY-2025 15:48:02)
2,20 , 1,0,11,0,S, 	(30-MAY-2025 15:48:02)
2,20 , 1,0,11,0,S, 	(30-MAY-2025 15:48:02)
2,20 , 1,0,8,0,S, 	(30-MAY-2025 15:48:02)
2,20 , 1,0,8,0,S, 	(30-MAY-2025 15:48:02)
2,20 , 1,0,8,0,S, 	(30-MAY-2025 15:48:02)
2,20 , 1,0,8,0,S, 	(30-MAY-2025 15:48:02)
2,20 , 1,0,8,0,S, 	(30-MAY-2025 15:48:02)
2,20 , 1,0,8,0,S, 	(30-MAY-2025 15:48:02)
2,20 , 1,0,8,0,S, 	(30-MAY-2025 15:48:02)
2,20 , 1,0,8,0,S, 	(30-MAY-2025 15:48:02)
2,20 , 1,0,8,0,S, 	(30-MAY-2025 15:48:02)
2,20 , 1,0,8,0,S, 	(30-MAY-2025 15:48:02)
2,20 , 1,0,8,0,S, 	(30-MAY-2025 15:48:02)
2,20 , 1,0,8,0,S, 	(30-MAY-2025 15:48:02)
2,20 , 1,0,14,0,S, 	(30-MAY-2025 15:48:02)
2,20 , 1,0,14,0,S, 	(30-MAY-2025 15:48:02)
2,20 , 1,0,16,0,S, 	(30-MAY-2025 15:48:02)
2,20 , 1,0,16,0,S, 	(30-MAY-2025 15:48:02)
2,20 , 1,0,16,0,S, 	(30-MAY-2025 15:48:02)
2,20 , 1,0,16,0,S, 	(30-MAY-2025 15:48:02)
2,20 , 1,0,16,0,S, 	(30-MAY-2025 15:48:02)
2,20 , 1,0,16,0,S, 	(30-MAY-2025 15:48:02)
2,20 , 1,0,16,0,S, 	(30-MAY-2025 15:48:02)
2,20 , 1,0,16,0,S, 	(30-MAY-2025 15:48:02)
2,20 , 1,0,16,0,S, 	(30-MAY-2025 15:48:02)
2,20 , 1,0,16,0,S, 	(30-MAY-2025 15:48:02)
2,20 , 1,0,16,0,S, 	(30-MAY-2025 15:48:02)
2,20 , 1,0,16,0,S, 	(30-MAY-2025 15:48:02)
2,20 , 1,0,16,0,S, 	(30-MAY-2025 15:48:02)
2,20 , 1,0,16,0,S, 	(30-MAY-2025 15:48:02)
2,20 , 1,0,16,0,S, 	(30-MAY-2025 15:48:02)
2,20 , 1,0,24,0,S, 	(30-MAY-2025 15:48:02)
2,20 , 1,0,24,0,S, 	(30-MAY-2025 15:48:02)
2,20 , 1,0,24,0,S, 	(30-MAY-2025 15:48:02)
2,20 , 1,0,24,0,S, 	(30-MAY-2025 15:48:02)
2,20 , 1,0,24,0,S, 	(30-MAY-2025 15:48:02)
2,20 , 1,0,24,0,S, 	(30-MAY-2025 15:48:02)
2,20 , 1,0,24,0,S, 	(30-MAY-2025 15:48:02)
2,20 , 1,0,24,0,S, 	(30-MAY-2025 15:48:02)
2,20 , 1,0,24,0,S, 	(30-MAY-2025 15:48:02)
2,20 , 1,0,24,0,S, 	(30-MAY-2025 15:48:02)
2,20 , 1,0,24,0,S, 	(30-MAY-2025 15:48:02)
2,20 , 1,0,24,0,S, 	(30-MAY-2025 15:48:02)
2,20 , 1,0,24,0,S, 	(30-MAY-2025 15:48:02)
2,20 , 1,0,24,0,S, 	(30-MAY-2025 15:48:02)
2,20 , 1,0,24,0,S, 	(30-MAY-2025 15:48:02)
2,20 , 1,0,24,0,S, 	(30-MAY-2025 15:48:02)
2,20 , 1,0,24,0,S, 	(30-MAY-2025 15:48:02)
2,20 , 1,0,24,0,S, 	(30-MAY-2025 15:48:02)
2,20 , 1,0,24,0,S, 	(30-MAY-2025 15:48:02)
2,20 , 1,0,24,0,S, 	(30-MAY-2025 15:48:02)
2,20 , 1,0,24,0,S, 	(30-MAY-2025 15:48:02)
2,20 , 1,0,24,0,S, 	(30-MAY-2025 15:48:02)
2,20 , 1,0,24,0,S, 	(30-MAY-2025 15:48:02)
2,20 , 1,0,24,0,S, 	(30-MAY-2025 15:48:02)
2,20 , 1,0,24,0,S, 	(30-MAY-2025 15:48:02)
2,20 , 1,0,24,0,S, 	(30-MAY-2025 15:48:02)
2,20 , 1,0,24,0,S, 	(30-MAY-2025 15:48:02)
2,20 , 1,0,24,0,S, 	(30-MAY-2025 15:48:02)
2,20 , 1,0,24,0,S, 	(30-MAY-2025 15:48:02)
2,20 , 1,0,24,0,S, 	(30-MAY-2025 15:48:02)
2,20 , 1,0,24,0,S, 	(30-MAY-2025 15:48:02)
2,20 , 1,0,24,0,S, 	(30-MAY-2025 15:48:02)
2,20 , 1,0,24,0,S, 	(30-MAY-2025 15:48:02)
2,20 , 1,0,24,0,S, 	(30-MAY-2025 15:48:02)
2,20 , 1,0,24,0,S, 	(30-MAY-2025 15:48:02)
2,20 , 1,0,24,0,S, 	(30-MAY-2025 15:48:02)
2,20 , 1,0,24,0,S, 	(30-MAY-2025 15:48:02)
2,20 , 1,0,24,0,S, 	(30-MAY-2025 15:48:02)
2,20 , 1,0,24,0,S, 	(30-MAY-2025 15:48:02)
2,20 , 1,0,24,0,S, 	(30-MAY-2025 15:48:02)
2,20 , 1,0,24,0,S, 	(30-MAY-2025 15:48:02)
2,20 , 1,0,24,0,S, 	(30-MAY-2025 15:48:02)
2,20 , 1,0,24,0,S, 	(30-MAY-2025 15:48:02)
2,20 , 1,0,24,0,S, 	(30-MAY-2025 15:48:02)
2,20 , 1,0,24,0,S, 	(30-MAY-2025 15:48:02)
2,20 , 1,0,24,0,S, 	(30-MAY-2025 15:48:02)
2,20 , 1,0,24,0,S, 	(30-MAY-2025 15:48:02)
2,20 , 1,0,24,0,S, 	(30-MAY-2025 15:48:02)
2,20 , 1,0,24,0,S, 	(30-MAY-2025 15:48:02)
2,20 , 1,0,24,0,S, 	(30-MAY-2025 15:48:02)
2,20 , 1,0,24,0,S, 	(30-MAY-2025 15:48:02)
2,20 , 1,0,24,0,S, 	(30-MAY-2025 15:48:02)
2,20 , 1,0,24,0,S, 	(30-MAY-2025 15:48:02)
2,20 , 1,0,24,0,S, 	(30-MAY-2025 15:48:02)
2,20 , 1,0,24,0,S, 	(30-MAY-2025 15:48:02)
2,20 , 1,0,24,0,S, 	(30-MAY-2025 15:48:02)
2,20 , 1,0,24,0,S, 	(30-MAY-2025 15:48:02)
2,20 , 1,0,24,0,S, 	(30-MAY-2025 15:48:02)
2,20 , 1,0,24,0,S, 	(30-MAY-2025 15:48:02)
2,20 , 1,0,24,0,S, 	(30-MAY-2025 15:48:02)
2,20 , 1,0,24,0,S, 	(30-MAY-2025 15:48:02)
2,20 , 1,0,24,0,S, 	(30-MAY-2025 15:48:02)
2,20 , 1,0,24,0,S, 	(30-MAY-2025 15:48:02)
2,20 , 1,0,24,0,S, 	(30-MAY-2025 15:48:02)
2,20 , 1,0,24,0,S, 	(30-MAY-2025 15:48:02)
2,20 , 1,0,24,0,S, 	(30-MAY-2025 15:48:02)
2,20 , 1,0,24,0,S, 	(30-MAY-2025 15:48:02)
2,20 , 1,0,24,0,S, 	(30-MAY-2025 15:48:02)
2,20 , 1,0,24,0,S, 	(30-MAY-2025 15:48:02)
2,20 , 1,0,24,0,S, 	(30-MAY-2025 15:48:02)
2,20 , 1,0,24,0,S, 	(30-MAY-2025 15:48:02)
2,20 , 1,0,24,0,S, 	(30-MAY-2025 15:48:02)
2,20 , 1,0,24,0,S, 	(30-MAY-2025 15:48:02)
2,20 , 1,0,24,0,S, 	(30-MAY-2025 15:48:02)
2,20 , 1,0,24,0,S, 	(30-MAY-2025 15:48:02)
2,20 , 1,0,24,0,S, 	(30-MAY-2025 15:48:02)
2,20 , 1,0,15,0,S, 	(30-MAY-2025 15:48:02)
2,20 , 1,0,15,0,S, 	(30-MAY-2025 15:48:02)
2,20 , 1,0,15,0,S, 	(30-MAY-2025 15:48:02)
2,20 , 1,0,18,1,S, 	(30-MAY-2025 15:48:02)
2,20 , 1,0,18,1,S, 	(30-MAY-2025 15:48:02)
2,20 , 1,0,18,1,S, 	(30-MAY-2025 15:48:02)
2,20 , 1,0,18,1,S, 	(30-MAY-2025 15:48:02)
2,20 , 1,0,6,1,S, 	(30-MAY-2025 15:48:02)
2,20 , 1,0,6,1,S, 	(30-MAY-2025 15:48:02)
2,20 , 1,0,6,1,S, 	(30-MAY-2025 15:48:02)
2,20 , 1,0,6,1,S, 	(30-MAY-2025 15:48:02)
2,20 , 1,0,6,1,S, 	(30-MAY-2025 15:48:02)
2,20 , 1,0,6,1,S, 	(30-MAY-2025 15:48:02)
2,20 , 1,0,13,0,S, 	(30-MAY-2025 15:48:02)
2,20 , 1,0,13,0,S, 	(30-MAY-2025 15:48:02)
2,20 , 1,0,13,0,S, 	(30-MAY-2025 15:48:02)
2,20 , 1,0,13,0,S, 	(30-MAY-2025 15:48:02)
2,20 , 1,0,13,0,S, 	(30-MAY-2025 15:48:02)
2,20 , 1,0,13,0,S, 	(30-MAY-2025 15:48:02)
2,20 , 1,0,17,0,S, 	(30-MAY-2025 15:48:02)
2,20 , 1,0,17,0,S, 	(30-MAY-2025 15:48:02)
2,20 , 1,0,17,0,S, 	(30-MAY-2025 15:48:02)
2,20 , 1,0,17,0,S, 	(30-MAY-2025 15:48:02)
2,20 , 1,0,17,0,S, 	(30-MAY-2025 15:48:02)
2,20 , 1,0,17,0,S, 	(30-MAY-2025 15:48:02)
2,20 , 1,0,17,0,S, 	(30-MAY-2025 15:48:02)
2,20 , 1,0,17,0,S, 	(30-MAY-2025 15:48:02)
2,20 , 1,0,17,0,S, 	(30-MAY-2025 15:48:02)
2,20 , 1,0,17,0,S, 	(30-MAY-2025 15:48:02)
2,20 , 1,0,17,0,S, 	(30-MAY-2025 15:48:02)
2,20 , 1,0,17,0,S, 	(30-MAY-2025 15:48:02)
2,20 , 1,0,17,0,S, 	(30-MAY-2025 15:48:02)
2,20 , 1,0,17,0,S, 	(30-MAY-2025 15:48:02)
2,20 , 1,0,17,0,S, 	(30-MAY-2025 15:48:02)
2,20 , 1,0,17,0,S, 	(30-MAY-2025 15:48:02)
2,20 , 1,0,17,0,S, 	(30-MAY-2025 15:48:02)
2,20 , 1,0,17,0,S, 	(30-MAY-2025 15:48:02)
2,20 , 1,0,17,0,S, 	(30-MAY-2025 15:48:02)
2,20 , 1,0,17,0,S, 	(30-MAY-2025 15:48:02)
2,20 , 1,0,17,0,S, 	(30-MAY-2025 15:48:02)
2,20 , 1,0,17,0,S, 	(30-MAY-2025 15:48:02)
2,20 , 1,0,17,0,S, 	(30-MAY-2025 15:48:02)
2,20 , 1,0,17,0,S, 	(30-MAY-2025 15:48:02)
2,20 , 1,0,17,0,S, 	(30-MAY-2025 15:48:02)
2,20 , 1,0,17,0,S, 	(30-MAY-2025 15:48:02)
2,20 , 1,0,9,0,S, 	(30-MAY-2025 15:48:02)
2,20 , 1,0,9,0,S, 	(30-MAY-2025 15:48:02)
2,20 , 1,0,9,0,S, 	(30-MAY-2025 15:48:02)
2,20 , 1,0,9,0,S, 	(30-MAY-2025 15:48:02)
2,20 , 1,0,9,0,S, 	(30-MAY-2025 15:48:02)
2,20 , 1,0,9,0,S, 	(30-MAY-2025 15:48:02)
2,20 , 1,0,9,0,S, 	(30-MAY-2025 15:48:02)
2,20 , 1,0,9,0,S, 	(30-MAY-2025 15:48:02)
2,20 , 1,0,9,0,S, 	(30-MAY-2025 15:48:02)
2,20 , 1,0,9,0,S, 	(30-MAY-2025 15:48:02)
2,20 , 1,0,9,0,S, 	(30-MAY-2025 15:48:02)
2,20 , 1,0,9,0,S, 	(30-MAY-2025 15:48:02)
2,20 , 1,0,9,0,S, 	(30-MAY-2025 15:48:02)
2,20 , 1,0,9,0,S, 	(30-MAY-2025 15:48:02)
2,20 , 1,0,9,0,S, 	(30-MAY-2025 15:48:02)
2,20 , 1,0,9,0,S, 	(30-MAY-2025 15:48:02)
2,20 , 1,0,9,0,S, 	(30-MAY-2025 15:48:02)
2,20 , 1,0,9,0,S, 	(30-MAY-2025 15:48:02)
2,20 , 1,0,9,0,S, 	(30-MAY-2025 15:48:02)
2,20 , 1,0,9,0,S, 	(30-MAY-2025 15:48:02)
2,20 , 1,0,10,0,S, 	(30-MAY-2025 15:48:02)
2,20 , 1,0,10,0,S, 	(30-MAY-2025 15:48:02)
2,20 , 1,0,10,0,S, 	(30-MAY-2025 15:48:02)
2,20 , 1,0,10,0,S, 	(30-MAY-2025 15:48:02)
2,20 , 1,0,10,0,S, 	(30-MAY-2025 15:48:02)
2,20 , 1,0,10,0,S, 	(30-MAY-2025 15:48:02)
2,20 , 1,0,10,0,S, 	(30-MAY-2025 15:48:02)
2,20 , 1,0,10,0,S, 	(30-MAY-2025 15:48:02)
2,20 , 1,0,10,0,S, 	(30-MAY-2025 15:48:02)
2,20 , 1,0,10,0,S, 	(30-MAY-2025 15:48:02)
2,20 , 1,0,10,0,S, 	(30-MAY-2025 15:48:02)
2,20 , 1,0,10,0,S, 	(30-MAY-2025 15:48:02)
2,20 , 1,0,10,0,S, 	(30-MAY-2025 15:48:02)
2,20 , 1,0,10,0,S, 	(30-MAY-2025 15:48:02)
2,20 , 1,0,10,0,S, 	(30-MAY-2025 15:48:02)
2,20 , 1,0,10,0,S, 	(30-MAY-2025 15:48:02)
2,20 , 1,0,10,0,S, 	(30-MAY-2025 15:48:02)
2,20 , 1,0,10,0,S, 	(30-MAY-2025 15:48:02)
2,20 , 1,0,10,0,S, 	(30-MAY-2025 15:48:02)
2,20 , 1,0,10,0,S, 	(30-MAY-2025 15:48:02)
2,20 , 1,0,10,0,S, 	(30-MAY-2025 15:48:02)
2,20 , 1,0,10,0,S, 	(30-MAY-2025 15:48:02)
2,20 , 1,0,10,0,S, 	(30-MAY-2025 15:48:02)
2,20 , 1,0,12,0,S, 	(30-MAY-2025 15:48:02)
2,20 , 1,0,12,0,S, 	(30-MAY-2025 15:48:02)
2,20 , 1,0,12,0,S, 	(30-MAY-2025 15:48:02)
2,20 , 1,0,12,0,S, 	(30-MAY-2025 15:48:02)
2,20 , 1,0,12,0,S, 	(30-MAY-2025 15:48:02)
2,20 , 1,0,12,0,S, 	(30-MAY-2025 15:48:02)
2,20 , 1,0,12,0,S, 	(30-MAY-2025 15:48:02)
2,20 , 1,0,12,0,S, 	(30-MAY-2025 15:48:02)
2,20 , 1,0,12,0,S, 	(30-MAY-2025 15:48:02)
2,20 , 1,0,20,0,S, 	(30-MAY-2025 15:48:02)
2,20 , 1,0,20,0,S, 	(30-MAY-2025 15:48:02)
2,20 , 1,0,20,0,S, 	(30-MAY-2025 15:48:02)
2,20 , 1,0,20,0,S, 	(30-MAY-2025 15:48:02)
2,20 , 1,0,20,0,S, 	(30-MAY-2025 15:48:02)
2,20 , 1,0,20,0,S, 	(30-MAY-2025 15:48:02)
2,20 , 1,0,21,0,S, 	(30-MAY-2025 15:48:02)
2,20 , 1,0,21,0,S, 	(30-MAY-2025 15:48:02)
2,20 , 1,0,21,0,S, 	(30-MAY-2025 15:48:02)
2,20 , 1,0,21,0,S, 	(30-MAY-2025 15:48:02)
2,20 , 1,0,21,0,S, 	(30-MAY-2025 15:48:02)
2,20 , 1,0,21,0,S, 	(30-MAY-2025 15:48:02)
2,20 , 1,0,21,0,S, 	(30-MAY-2025 15:48:02)
2,20 , 1,0,21,0,S, 	(30-MAY-2025 15:48:02)
2,20 , 1,0,21,0,S, 	(30-MAY-2025 15:48:02)
2,20 , 1,0,21,0,S, 	(30-MAY-2025 15:48:02)
2,20 , 1,0,21,0,S, 	(30-MAY-2025 15:48:02)
2,20 , 1,0,21,0,S, 	(30-MAY-2025 15:48:02)
2,20 , 1,0,21,0,S, 	(30-MAY-2025 15:48:02)
2,20 , 1,0,21,0,S, 	(30-MAY-2025 15:48:02)
2,20 , 1,0,21,0,S, 	(30-MAY-2025 15:48:02)
2,20 , 1,0,21,0,S, 	(30-MAY-2025 15:48:02)
2,20 , 1,0,21,0,S, 	(30-MAY-2025 15:48:02)
2,20 , 1,0,21,0,S, 	(30-MAY-2025 15:48:02)
2,20 , 1,0,21,0,S, 	(30-MAY-2025 15:48:02)
2,20 , 1,0,21,0,S, 	(30-MAY-2025 15:48:02)
2,20 , 1,0,21,0,S, 	(30-MAY-2025 15:48:02)
2,20 , 1,0,21,0,S, 	(30-MAY-2025 15:48:02)
2,20 , 1,0,21,0,S, 	(30-MAY-2025 15:48:02)
2,20 , 1,0,21,0,S, 	(30-MAY-2025 15:48:02)
2,20 , 1,0,21,0,S, 	(30-MAY-2025 15:48:02)
2,20 , 1,0,21,0,S, 	(30-MAY-2025 15:48:02)
2,20 , 1,0,21,0,S, 	(30-MAY-2025 15:48:02)
2,20 , 1,0,21,0,S, 	(30-MAY-2025 15:48:02)
2,20 , 1,0,21,0,S, 	(30-MAY-2025 15:48:02)
2,20 , 1,0,21,0,S, 	(30-MAY-2025 15:48:02)
2,20 , 1,0,21,0,S, 	(30-MAY-2025 15:48:02)
2,20 , 1,0,21,0,S, 	(30-MAY-2025 15:48:02)
2,20 , 1,0,21,0,S, 	(30-MAY-2025 15:48:02)
2,20 , 1,0,21,0,S, 	(30-MAY-2025 15:48:02)
2,20 , 1,0,21,0,S, 	(30-MAY-2025 15:48:02)
2,20 , 1,0,21,0,S, 	(30-MAY-2025 15:48:02)
2,20 , 1,0,21,0,S, 	(30-MAY-2025 15:48:02)
2,20 , 1,0,21,0,S, 	(30-MAY-2025 15:48:02)
2,20 , 1,0,21,0,S, 	(30-MAY-2025 15:48:02)
2,20 , 1,0,21,0,S, 	(30-MAY-2025 15:48:02)
2,20 , 1,0,21,0,S, 	(30-MAY-2025 15:48:02)
2,20 , 1,0,21,0,S, 	(30-MAY-2025 15:48:02)
2,20 , 1,0,21,0,S, 	(30-MAY-2025 15:48:02)
2,20 , 1,0,21,0,S, 	(30-MAY-2025 15:48:02)
2,20 , 1,0,21,0,S, 	(30-MAY-2025 15:48:02)
2,20 , 1,0,21,0,S, 	(30-MAY-2025 15:48:02)
2,20 , 1,0,21,0,S, 	(30-MAY-2025 15:48:02)
2,20 , 1,0,21,0,S, 	(30-MAY-2025 15:48:02)
2,20 , 1,0,21,0,S, 	(30-MAY-2025 15:48:02)
2,20 , 1,0,21,0,S, 	(30-MAY-2025 15:48:02)
2,20 , 1,0,21,0,S, 	(30-MAY-2025 15:48:02)
2,20 , 1,0,21,0,S, 	(30-MAY-2025 15:48:02)
2,20 , 1,0,21,0,S, 	(30-MAY-2025 15:48:02)
2,20 , 1,0,21,0,S, 	(30-MAY-2025 15:48:02)
2,20 , 1,0,21,0,S, 	(30-MAY-2025 15:48:02)
2,20 , 1,0,21,0,S, 	(30-MAY-2025 15:48:02)
2,20 , 1,0,21,0,S, 	(30-MAY-2025 15:48:02)
2,20 , 1,0,21,0,S, 	(30-MAY-2025 15:48:02)
2,20 , 1,0,21,0,S, 	(30-MAY-2025 15:48:02)
2,20 , 1,0,21,0,S, 	(30-MAY-2025 15:48:02)
2,20 , 1,0,21,0,S, 	(30-MAY-2025 15:48:02)
2,20 , 1,0,21,0,S, 	(30-MAY-2025 15:48:02)
2,20 , 1,0,21,0,S, 	(30-MAY-2025 15:48:02)
2,20 , 1,0,21,0,S, 	(30-MAY-2025 15:48:02)
2,20 , 1,0,21,0,S, 	(30-MAY-2025 15:48:02)
2,20 , 1,0,21,0,S, 	(30-MAY-2025 15:48:02)
2,20 , 1,0,21,0,S, 	(30-MAY-2025 15:48:02)
2,20 , 1,0,21,0,S, 	(30-MAY-2025 15:48:02)
2,20 , 1,0,21,0,S, 	(30-MAY-2025 15:48:02)
2,20 , 1,0,21,0,S, 	(30-MAY-2025 15:48:02)
2,20 , 1,0,21,0,S, 	(30-MAY-2025 15:48:02)
2,20 , 1,0,21,0,S, 	(30-MAY-2025 15:48:02)
2,20 , 1,0,21,0,S, 	(30-MAY-2025 15:48:02)
2,20 , 1,0,21,0,S, 	(30-MAY-2025 15:48:02)
2,20 , 1,0,21,0,S, 	(30-MAY-2025 15:48:02)
2,20 , 1,0,21,0,S, 	(30-MAY-2025 15:48:02)
2,20 , 1,0,21,0,S, 	(30-MAY-2025 15:48:02)
2,20 , 1,0,21,0,S, 	(30-MAY-2025 15:48:02)
2,20 , 1,0,21,0,S, 	(30-MAY-2025 15:48:02)
2,20 , 1,0,21,0,S, 	(30-MAY-2025 15:48:02)
2,20 , 1,0,21,0,S, 	(30-MAY-2025 15:48:02)
2,20 , 1,0,21,0,S, 	(30-MAY-2025 15:48:02)
2,20 , 1,0,21,0,S, 	(30-MAY-2025 15:48:02)
2,20 , 1,0,21,0,S, 	(30-MAY-2025 15:48:02)
2,20 , 1,0,21,0,S, 	(30-MAY-2025 15:48:02)
2,20 , 1,0,21,0,S, 	(30-MAY-2025 15:48:02)
2,20 , 1,0,21,0,S, 	(30-MAY-2025 15:48:02)
2,20 , 1,0,21,0,S, 	(30-MAY-2025 15:48:02)
2,20 , 1,0,21,0,S, 	(30-MAY-2025 15:48:02)
2,20 , 1,0,21,0,S, 	(30-MAY-2025 15:48:02)
2,20 , 1,0,21,0,S, 	(30-MAY-2025 15:48:02)
2,20 , 1,0,21,0,S, 	(30-MAY-2025 15:48:02)
2,20 , 1,0,21,0,S, 	(30-MAY-2025 15:48:02)
2,20 , 1,0,21,0,S, 	(30-MAY-2025 15:48:02)
2,20 , 1,0,21,0,S, 	(30-MAY-2025 15:48:02)
2,20 , 1,0,21,0,S, 	(30-MAY-2025 15:48:02)
2,20 , 1,0,21,0,S, 	(30-MAY-2025 15:48:02)
2,20 , 1,0,21,0,S, 	(30-MAY-2025 15:48:02)
2,20 , 1,0,21,0,S, 	(30-MAY-2025 15:48:02)
2,20 , 1,0,21,0,S, 	(30-MAY-2025 15:48:02)
2,20 , 1,0,21,0,S, 	(30-MAY-2025 15:48:02)
2,20 , 1,0,21,0,S, 	(30-MAY-2025 15:48:02)
2,20 , 1,0,21,0,S, 	(30-MAY-2025 15:48:02)
2,20 , 1,0,21,0,S, 	(30-MAY-2025 15:48:02)
2,20 , 1,0,21,0,S, 	(30-MAY-2025 15:48:02)
2,20 , 1,0,21,0,S, 	(30-MAY-2025 15:48:02)
2,20 , 1,0,21,0,S, 	(30-MAY-2025 15:48:02)
2,20 , 1,0,21,0,S, 	(30-MAY-2025 15:48:02)
2,20 , 1,0,21,0,S, 	(30-MAY-2025 15:48:02)
2,20 , 1,0,21,0,S, 	(30-MAY-2025 15:48:02)
2,20 , 1,0,21,0,S, 	(30-MAY-2025 15:48:02)
2,20 , 1,0,21,0,S, 	(30-MAY-2025 15:48:02)
2,20 , 1,0,21,0,S, 	(30-MAY-2025 15:48:02)
2,20 , 1,0,21,0,S, 	(30-MAY-2025 15:48:02)
2,20 , 1,0,21,0,S, 	(30-MAY-2025 15:48:02)
2,20 , 1,0,21,0,S, 	(30-MAY-2025 15:48:02)
2,20 , 1,0,21,0,S, 	(30-MAY-2025 15:48:02)
2,20 , 1,0,21,0,S, 	(30-MAY-2025 15:48:02)
2,20 , 1,0,21,0,S, 	(30-MAY-2025 15:48:02)
2,20 , 1,0,21,0,S, 	(30-MAY-2025 15:48:02)
2,20 , 1,0,21,0,S, 	(30-MAY-2025 15:48:02)
2,20 , 1,0,21,0,S, 	(30-MAY-2025 15:48:02)
2,20 , 1,0,21,0,S, 	(30-MAY-2025 15:48:02)
2,20 , 1,0,21,0,S, 	(30-MAY-2025 15:48:02)
2,20 , 1,0,21,0,S, 	(30-MAY-2025 15:48:02)
2,20 , 1,0,21,0,S, 	(30-MAY-2025 15:48:02)
2,20 , 1,0,21,0,S, 	(30-MAY-2025 15:48:02)
2,20 , 1,0,21,0,S, 	(30-MAY-2025 15:48:02)
2,20 , 1,0,21,0,S, 	(30-MAY-2025 15:48:02)
2,20 , 1,0,21,0,S, 	(30-MAY-2025 15:48:02)
2,20 , 1,0,21,0,S, 	(30-MAY-2025 15:48:02)
2,20 , 1,0,21,0,S, 	(30-MAY-2025 15:48:02)
2,20 , 1,0,21,0,S, 	(30-MAY-2025 15:48:02)
2,20 , 1,0,21,0,S, 	(30-MAY-2025 15:48:02)
2,20 , 1,0,21,0,S, 	(30-MAY-2025 15:48:02)
2,20 , 1,0,21,0,S, 	(30-MAY-2025 15:48:02)
2,20 , 1,0,21,0,S, 	(30-MAY-2025 15:48:02)
2,20 , 1,0,21,0,S, 	(30-MAY-2025 15:48:02)
2,20 , 1,0,21,0,S, 	(30-MAY-2025 15:48:02)
2,20 , 1,0,21,0,S, 	(30-MAY-2025 15:48:02)
2,20 , 1,0,21,0,S, 	(30-MAY-2025 15:48:02)
2,20 , 1,0,21,0,S, 	(30-MAY-2025 15:48:02)
2,20 , 1,0,21,0,S, 	(30-MAY-2025 15:48:02)
2,20 , 1,0,21,0,S, 	(30-MAY-2025 15:48:02)
2,20 , 1,0,21,0,S, 	(30-MAY-2025 15:48:02)
2,20 , 1,0,21,0,S, 	(30-MAY-2025 15:48:02)
2,20 , 1,0,21,0,S, 	(30-MAY-2025 15:48:02)
2,20 , 1,0,21,0,S, 	(30-MAY-2025 15:48:02)
2,20 , 1,0,21,0,S, 	(30-MAY-2025 15:48:02)
2,20 , 1,0,21,0,S, 	(30-MAY-2025 15:48:02)
2,20 , 1,0,21,0,S, 	(30-MAY-2025 15:48:02)
2,20 , 1,0,21,0,S, 	(30-MAY-2025 15:48:02)
2,20 , 1,0,21,0,S, 	(30-MAY-2025 15:48:02)
2,20 , 1,0,21,0,S, 	(30-MAY-2025 15:48:02)
2,20 , 1,0,21,0,S, 	(30-MAY-2025 15:48:02)
2,20 , 1,0,21,0,S, 	(30-MAY-2025 15:48:02)
2,20 , 1,0,21,0,S, 	(30-MAY-2025 15:48:02)
2,20 , 1,0,21,0,S, 	(30-MAY-2025 15:48:02)
2,20 , 1,0,21,0,S, 	(30-MAY-2025 15:48:02)
2,20 , 1,0,21,0,S, 	(30-MAY-2025 15:48:02)
2,20 , 1,0,21,0,S, 	(30-MAY-2025 15:48:02)
2,20 , 1,0,21,0,S, 	(30-MAY-2025 15:48:02)
2,20 , 1,0,21,0,S, 	(30-MAY-2025 15:48:02)
2,20 , 1,0,21,0,S, 	(30-MAY-2025 15:48:02)
2,20 , 1,0,21,0,S, 	(30-MAY-2025 15:48:02)
2,20 , 1,0,21,0,S, 	(30-MAY-2025 15:48:02)
2,20 , 1,0,21,0,S, 	(30-MAY-2025 15:48:02)
2,20 , 1,0,31,0,S, 	(30-MAY-2025 15:48:02)
2,20 , 1,0,31,0,S, 	(30-MAY-2025 15:48:02)
2,20 , 1,0,31,0,S, 	(30-MAY-2025 15:48:02)
2,20 , 1,0,31,0,S, 	(30-MAY-2025 15:48:02)
2,20 , 1,0,31,0,S, 	(30-MAY-2025 15:48:02)
2,20 , 1,0,31,0,S, 	(30-MAY-2025 15:48:02)
2,20 , 1,0,31,0,S, 	(30-MAY-2025 15:48:02)
2,20 , 1,0,31,0,S, 	(30-MAY-2025 15:48:02)
2,20 , 1,0,31,0,S, 	(30-MAY-2025 15:48:02)
2,20 , 1,0,31,0,S, 	(30-MAY-2025 15:48:02)
2,20 , 1,0,31,0,S, 	(30-MAY-2025 15:48:02)
2,20 , 1,0,31,0,S, 	(30-MAY-2025 15:48:02)
2,20 , 1,0,31,0,S, 	(30-MAY-2025 15:48:02)
2,20 , 1,0,31,0,S, 	(30-MAY-2025 15:48:02)
2,20 , 1,0,31,0,S, 	(30-MAY-2025 15:48:02)
2,20 , 1,0,32,0,S, 	(30-MAY-2025 15:48:02)
2,20 , 1,0,32,0,S, 	(30-MAY-2025 15:48:02)
2,20 , 1,0,32,0,S, 	(30-MAY-2025 15:48:02)
2,20 , 1,0,32,0,S, 	(30-MAY-2025 15:48:02)
2,20 , 1,0,32,0,S, 	(30-MAY-2025 15:48:02)
2,20 , 1,0,32,0,S, 	(30-MAY-2025 15:48:02)
2,20 , 1,0,32,0,S, 	(30-MAY-2025 15:48:02)
2,20 , 1,0,32,0,S, 	(30-MAY-2025 15:48:02)
2,20 , 1,0,32,0,S, 	(30-MAY-2025 15:48:02)
2,20 , 1,0,32,0,S, 	(30-MAY-2025 15:48:02)
2,20 , 1,0,32,0,S, 	(30-MAY-2025 15:48:02)
2,20 , 1,0,32,0,S, 	(30-MAY-2025 15:48:02)
2,20 , 1,0,32,0,S, 	(30-MAY-2025 15:48:02)
2,20 , 1,0,32,0,S, 	(30-MAY-2025 15:48:02)
2,20 , 1,0,32,0,S, 	(30-MAY-2025 15:48:02)
2,20 , 1,0,32,0,S, 	(30-MAY-2025 15:48:02)
2,20 , 1,0,32,0,S, 	(30-MAY-2025 15:48:02)
2,20 , 1,0,32,0,S, 	(30-MAY-2025 15:48:02)
2,20 , 1,0,32,0,S, 	(30-MAY-2025 15:48:02)
2,20 , 1,0,32,0,S, 	(30-MAY-2025 15:48:02)
2,20 , 1,0,32,0,S, 	(30-MAY-2025 15:48:02)
2,20 , 1,0,32,0,S, 	(30-MAY-2025 15:48:03)
2,20 , 1,0,32,0,S, 	(30-MAY-2025 15:48:03)
2,20 , 1,0,32,0,S, 	(30-MAY-2025 15:48:03)
2,20 , 1,0,32,0,S, 	(30-MAY-2025 15:48:03)
2,20 , 1,0,32,0,S, 	(30-MAY-2025 15:48:03)
2,20 , 1,0,32,0,S, 	(30-MAY-2025 15:48:03)
2,20 , 1,0,32,0,S, 	(30-MAY-2025 15:48:03)
2,20 , 1,0,32,0,S, 	(30-MAY-2025 15:48:03)
2,20 , 1,0,32,0,S, 	(30-MAY-2025 15:48:03)
2,20 , 1,0,32,0,S, 	(30-MAY-2025 15:48:03)
2,20 , 1,0,34,3,S, 	(30-MAY-2025 15:48:03)
2,20 , 1,0,34,3,S, 	(30-MAY-2025 15:48:03)
2,20 , 1,0,34,3,S, 	(30-MAY-2025 15:48:03)
2,20 , 1,0,34,3,S, 	(30-MAY-2025 15:48:03)
2,20 , 1,0,34,3,S, 	(30-MAY-2025 15:48:03)
2,20 , 1,0,34,3,S, 	(30-MAY-2025 15:48:03)
2,20 , 1,0,34,3,S, 	(30-MAY-2025 15:48:03)
2,20 , 1,0,34,3,S, 	(30-MAY-2025 15:48:03)
2,20 , 1,0,34,3,S, 	(30-MAY-2025 15:48:03)
2,20 , 1,0,34,3,S, 	(30-MAY-2025 15:48:03)
2,20 , 1,0,34,3,S, 	(30-MAY-2025 15:48:03)
2,20 , 1,0,34,3,S, 	(30-MAY-2025 15:48:03)
2,20 , 1,0,34,3,S, 	(30-MAY-2025 15:48:03)
2,20 , 1,0,34,3,S, 	(30-MAY-2025 15:48:03)
2,20 , 1,0,34,3,S, 	(30-MAY-2025 15:48:03)
2,20 , 1,0,34,3,S, 	(30-MAY-2025 15:48:03)
2,20 , 1,0,29,0,S, 	(30-MAY-2025 15:48:03)
2,20 , 1,0,29,0,S, 	(30-MAY-2025 15:48:03)
2,20 , 1,0,29,0,S, 	(30-MAY-2025 15:48:03)
2,20 , 1,0,29,0,S, 	(30-MAY-2025 15:48:03)
2,20 , 1,0,29,0,S, 	(30-MAY-2025 15:48:03)
2,20 , 1,0,29,0,S, 	(30-MAY-2025 15:48:03)
2,20 , 1,0,29,0,S, 	(30-MAY-2025 15:48:03)
2,20 , 1,0,29,0,S, 	(30-MAY-2025 15:48:03)
2,20 , 1,0,29,0,S, 	(30-MAY-2025 15:48:03)
2,20 , 1,0,29,0,S, 	(30-MAY-2025 15:48:03)
2,20 , 1,0,29,0,S, 	(30-MAY-2025 15:48:03)
2,20 , 1,0,29,0,S, 	(30-MAY-2025 15:48:03)
2,20 , 1,0,29,0,S, 	(30-MAY-2025 15:48:03)
2,20 , 1,0,29,0,S, 	(30-MAY-2025 15:48:03)
2,20 , 1,0,29,0,S, 	(30-MAY-2025 15:48:03)
2,20 , 1,0,29,0,S, 	(30-MAY-2025 15:48:03)
2,20 , 1,0,29,0,S, 	(30-MAY-2025 15:48:03)
2,20 , 1,0,29,0,S, 	(30-MAY-2025 15:48:03)
2,20 , 1,0,29,0,S, 	(30-MAY-2025 15:48:03)
2,20 , 1,0,29,0,S, 	(30-MAY-2025 15:48:03)
2,20 , 1,0,29,0,S, 	(30-MAY-2025 15:48:03)
2,20 , 1,0,29,0,S, 	(30-MAY-2025 15:48:03)
2,20 , 1,0,29,0,S, 	(30-MAY-2025 15:48:03)
2,20 , 1,0,29,0,S, 	(30-MAY-2025 15:48:03)
2,20 , 1,0,29,0,S, 	(30-MAY-2025 15:48:03)
2,20 , 1,0,29,0,S, 	(30-MAY-2025 15:48:03)
2,20 , 1,0,29,0,S, 	(30-MAY-2025 15:48:03)
2,20 , 1,0,29,0,S, 	(30-MAY-2025 15:48:03)
2,20 , 1,0,29,0,S, 	(30-MAY-2025 15:48:03)
2,20 , 1,0,29,0,S, 	(30-MAY-2025 15:48:03)
2,20 , 1,0,29,0,S, 	(30-MAY-2025 15:48:03)
2,20 , 1,0,29,0,S, 	(30-MAY-2025 15:48:03)
2,20 , 1,0,29,0,S, 	(30-MAY-2025 15:48:03)
2,20 , 1,0,29,0,S, 	(30-MAY-2025 15:48:03)
2,20 , 1,0,29,0,S, 	(30-MAY-2025 15:48:03)
2,20 , 1,0,29,0,S, 	(30-MAY-2025 15:48:03)
2,20 , 1,0,29,0,S, 	(30-MAY-2025 15:48:03)
2,20 , 1,0,29,0,S, 	(30-MAY-2025 15:48:03)
2,20 , 1,0,29,0,S, 	(30-MAY-2025 15:48:03)
2,20 , 1,0,29,0,S, 	(30-MAY-2025 15:48:03)
2,20 , 1,0,29,0,S, 	(30-MAY-2025 15:48:03)
2,20 , 1,0,31,2,S, 	(30-MAY-2025 15:48:03)
2,20 , 1,0,31,2,S, 	(30-MAY-2025 15:48:03)
2,20 , 1,0,31,2,S, 	(30-MAY-2025 15:48:03)
2,20 , 1,0,31,2,S, 	(30-MAY-2025 15:48:03)
2,20 , 1,0,31,2,S, 	(30-MAY-2025 15:48:03)
2,20 , 1,0,31,2,S, 	(30-MAY-2025 15:48:03)
2,20 , 1,0,31,2,S, 	(30-MAY-2025 15:48:03)
2,20 , 1,0,31,2,S, 	(30-MAY-2025 15:48:03)
2,20 , 1,0,31,2,S, 	(30-MAY-2025 15:48:03)
2,20 , 1,0,31,2,S, 	(30-MAY-2025 15:48:03)
2,20 , 1,0,31,2,S, 	(30-MAY-2025 15:48:03)
2,20 , 1,0,31,2,S, 	(30-MAY-2025 15:48:03)
2,20 , 1,0,31,2,S, 	(30-MAY-2025 15:48:03)
2,20 , 1,0,31,2,S, 	(30-MAY-2025 15:48:03)
2,20 , 1,0,31,2,S, 	(30-MAY-2025 15:48:03)
2,20 , 1,0,33,1,S, 	(30-MAY-2025 15:48:03)
2,20 , 1,0,33,1,S, 	(30-MAY-2025 15:48:03)
2,20 , 1,0,33,1,S, 	(30-MAY-2025 15:48:03)
2,20 , 1,0,33,1,S, 	(30-MAY-2025 15:48:03)
2,20 , 1,0,33,1,S, 	(30-MAY-2025 15:48:03)
2,20 , 1,0,33,1,S, 	(30-MAY-2025 15:48:03)
2,20 , 1,0,33,1,S, 	(30-MAY-2025 15:48:03)
2,20 , 1,0,33,1,S, 	(30-MAY-2025 15:48:03)
2,20 , 1,0,33,1,S, 	(30-MAY-2025 15:48:03)
2,20 , 1,0,33,1,S, 	(30-MAY-2025 15:48:03)
2,20 , 1,0,33,1,S, 	(30-MAY-2025 15:48:03)
2,20 , 1,0,33,1,S, 	(30-MAY-2025 15:48:03)
2,20 , 1,0,33,1,S, 	(30-MAY-2025 15:48:03)
2,20 , 1,0,33,1,S, 	(30-MAY-2025 15:48:03)
2,20 , 1,0,33,1,S, 	(30-MAY-2025 15:48:03)
2,20 , 1,0,33,1,S, 	(30-MAY-2025 15:48:03)
2,20 , 1,0,33,1,S, 	(30-MAY-2025 15:48:03)
2,20 , 1,0,33,1,S, 	(30-MAY-2025 15:48:03)
2,20 , 1,0,33,1,S, 	(30-MAY-2025 15:48:03)
2,20 , 1,0,33,1,S, 	(30-MAY-2025 15:48:03)
2,20 , 1,0,33,1,S, 	(30-MAY-2025 15:48:03)
2,20 , 1,0,33,1,S, 	(30-MAY-2025 15:48:03)
2,20 , 1,0,33,1,S, 	(30-MAY-2025 15:48:03)
2,20 , 1,0,33,1,S, 	(30-MAY-2025 15:48:03)
2,20 , 1,0,33,1,S, 	(30-MAY-2025 15:48:03)
2,20 , 1,0,33,1,S, 	(30-MAY-2025 15:48:03)
2,20 , 1,0,33,1,S, 	(30-MAY-2025 15:48:03)
2,20 , 1,0,33,1,S, 	(30-MAY-2025 15:48:03)
2,20 , 1,0,33,1,S, 	(30-MAY-2025 15:48:03)
2,20 , 1,0,33,1,S, 	(30-MAY-2025 15:48:03)
2,20 , 1,0,33,1,S, 	(30-MAY-2025 15:48:03)
2,20 , 1,0,33,3,S, 	(30-MAY-2025 15:48:03)
2,20 , 1,0,33,3,S, 	(30-MAY-2025 15:48:03)
2,20 , 1,0,33,3,S, 	(30-MAY-2025 15:48:03)
2,20 , 1,0,33,3,S, 	(30-MAY-2025 15:48:03)
2,20 , 1,0,33,3,S, 	(30-MAY-2025 15:48:03)
2,20 , 1,0,33,3,S, 	(30-MAY-2025 15:48:03)
2,20 , 1,0,33,3,S, 	(30-MAY-2025 15:48:03)
2,20 , 1,0,33,3,S, 	(30-MAY-2025 15:48:03)
2,20 , 1,0,33,3,S, 	(30-MAY-2025 15:48:03)
2,20 , 1,0,33,3,S, 	(30-MAY-2025 15:48:03)
2,20 , 1,0,33,3,S, 	(30-MAY-2025 15:48:03)
2,20 , 1,0,33,3,S, 	(30-MAY-2025 15:48:03)
2,20 , 1,0,33,3,S, 	(30-MAY-2025 15:48:03)
2,20 , 1,0,33,3,S, 	(30-MAY-2025 15:48:03)
2,20 , 1,0,33,3,S, 	(30-MAY-2025 15:48:03)
2,20 , 1,0,33,3,S, 	(30-MAY-2025 15:48:03)
2,20 , 1,0,23,0,S, 	(30-MAY-2025 15:48:03)
2,20 , 1,0,23,0,S, 	(30-MAY-2025 15:48:03)
2,20 , 1,0,23,0,S, 	(30-MAY-2025 15:48:03)
2,20 , 1,0,23,0,S, 	(30-MAY-2025 15:48:03)
2,20 , 1,0,23,0,S, 	(30-MAY-2025 15:48:03)
2,20 , 1,0,23,0,S, 	(30-MAY-2025 15:48:03)
2,20 , 1,0,23,0,S, 	(30-MAY-2025 15:48:03)
2,20 , 1,0,23,0,S, 	(30-MAY-2025 15:48:03)
2,20 , 1,0,23,0,S, 	(30-MAY-2025 15:48:03)
2,20 , 1,0,23,0,S, 	(30-MAY-2025 15:48:03)
2,20 , 1,0,23,0,S, 	(30-MAY-2025 15:48:03)
2,20 , 1,0,23,0,S, 	(30-MAY-2025 15:48:03)
2,20 , 1,0,23,0,S, 	(30-MAY-2025 15:48:03)
2,20 , 1,0,23,0,S, 	(30-MAY-2025 15:48:03)
2,20 , 1,0,23,0,S, 	(30-MAY-2025 15:48:03)
2,20 , 1,0,23,0,S, 	(30-MAY-2025 15:48:03)
2,20 , 1,0,23,0,S, 	(30-MAY-2025 15:48:03)
2,20 , 1,0,23,0,S, 	(30-MAY-2025 15:48:03)
2,20 , 1,0,23,0,S, 	(30-MAY-2025 15:48:03)
2,20 , 1,0,23,0,S, 	(30-MAY-2025 15:48:03)
2,20 , 1,0,34,0,S, 	(30-MAY-2025 15:48:03)
2,20 , 1,0,34,0,S, 	(30-MAY-2025 15:48:03)
2,20 , 1,0,34,0,S, 	(30-MAY-2025 15:48:03)
2,20 , 1,0,34,0,S, 	(30-MAY-2025 15:48:03)
2,20 , 1,0,34,0,S, 	(30-MAY-2025 15:48:03)
2,20 , 1,0,34,0,S, 	(30-MAY-2025 15:48:03)
2,20 , 1,0,34,0,S, 	(30-MAY-2025 15:48:03)
2,20 , 1,0,34,0,S, 	(30-MAY-2025 15:48:03)
2,20 , 1,0,34,0,S, 	(30-MAY-2025 15:48:03)
2,20 , 1,0,34,0,S, 	(30-MAY-2025 15:48:03)
2,20 , 1,0,34,0,S, 	(30-MAY-2025 15:48:03)
2,20 , 1,0,34,0,S, 	(30-MAY-2025 15:48:03)
2,20 , 1,0,34,0,S, 	(30-MAY-2025 15:48:03)
2,20 , 1,0,34,0,S, 	(30-MAY-2025 15:48:03)
2,20 , 1,0,34,0,S, 	(30-MAY-2025 15:48:03)
2,20 , 1,0,35,0,S, 	(30-MAY-2025 15:48:03)
2,20 , 1,0,35,0,S, 	(30-MAY-2025 15:48:03)
2,20 , 1,0,35,0,S, 	(30-MAY-2025 15:48:03)
2,20 , 1,0,35,0,S, 	(30-MAY-2025 15:48:03)
2,20 , 1,0,35,0,S, 	(30-MAY-2025 15:48:03)
2,20 , 1,0,35,0,S, 	(30-MAY-2025 15:48:03)
2,20 , 1,0,35,0,S, 	(30-MAY-2025 15:48:03)
2,20 , 1,0,35,0,S, 	(30-MAY-2025 15:48:03)
2,20 , 1,0,35,0,S, 	(30-MAY-2025 15:48:03)
2,20 , 1,0,35,0,S, 	(30-MAY-2025 15:48:03)
2,20 , 1,0,35,0,S, 	(30-MAY-2025 15:48:03)
2,20 , 1,0,35,0,S, 	(30-MAY-2025 15:48:03)
2,20 , 1,0,35,0,S, 	(30-MAY-2025 15:48:03)
2,20 , 1,0,35,0,S, 	(30-MAY-2025 15:48:03)
2,20 , 1,0,35,0,S, 	(30-MAY-2025 15:48:03)
2,20 , 1,0,35,0,S, 	(30-MAY-2025 15:48:03)
2,20 , 1,0,35,0,S, 	(30-MAY-2025 15:48:03)
2,20 , 1,0,35,0,S, 	(30-MAY-2025 15:48:03)
2,20 , 1,0,35,0,S, 	(30-MAY-2025 15:48:03)
2,20 , 1,0,35,0,S, 	(30-MAY-2025 15:48:03)
2,20 , 1,0,35,0,S, 	(30-MAY-2025 15:48:03)
2,20 , 1,0,35,0,S, 	(30-MAY-2025 15:48:03)
2,20 , 1,0,35,0,S, 	(30-MAY-2025 15:48:03)
2,20 , 1,0,35,0,S, 	(30-MAY-2025 15:48:03)
2,20 , 1,0,35,0,S, 	(30-MAY-2025 15:48:03)
2,20 , 1,0,35,0,S, 	(30-MAY-2025 15:48:03)
2,20 , 1,0,35,0,S, 	(30-MAY-2025 15:48:03)
2,20 , 1,0,35,0,S, 	(30-MAY-2025 15:48:03)
2,20 , 1,0,35,0,S, 	(30-MAY-2025 15:48:03)
2,20 , 1,0,35,0,S, 	(30-MAY-2025 15:48:03)
2,20 , 1,0,35,0,S, 	(30-MAY-2025 15:48:03)
2,20 , 1,0,38,1,S, 	(30-MAY-2025 15:48:03)
2,20 , 1,0,38,1,S, 	(30-MAY-2025 15:48:03)
2,20 , 1,0,38,1,S, 	(30-MAY-2025 15:48:03)
2,20 , 1,0,38,1,S, 	(30-MAY-2025 15:48:03)
2,20 , 1,0,38,1,S, 	(30-MAY-2025 15:48:03)
2,20 , 1,0,38,1,S, 	(30-MAY-2025 15:48:03)
2,20 , 1,0,38,1,S, 	(30-MAY-2025 15:48:03)
2,20 , 1,0,38,1,S, 	(30-MAY-2025 15:48:03)
2,20 , 1,0,38,1,S, 	(30-MAY-2025 15:48:03)
2,20 , 1,0,38,1,S, 	(30-MAY-2025 15:48:03)
2,20 , 1,0,38,1,S, 	(30-MAY-2025 15:48:03)
2,20 , 1,0,38,1,S, 	(30-MAY-2025 15:48:03)
2,20 , 1,0,38,1,S, 	(30-MAY-2025 15:48:03)
2,20 , 1,0,38,1,S, 	(30-MAY-2025 15:48:03)
2,20 , 1,0,38,1,S, 	(30-MAY-2025 15:48:03)
2,20 , 1,0,38,1,S, 	(30-MAY-2025 15:48:03)
2,20 , 1,0,38,1,S, 	(30-MAY-2025 15:48:03)
2,20 , 1,0,38,1,S, 	(30-MAY-2025 15:48:03)
2,20 , 1,0,38,1,S, 	(30-MAY-2025 15:48:03)
2,20 , 1,0,38,1,S, 	(30-MAY-2025 15:48:03)
2,20 , 1,0,38,1,S, 	(30-MAY-2025 15:48:03)
2,20 , 1,0,38,1,S, 	(30-MAY-2025 15:48:03)
2,20 , 1,0,38,1,S, 	(30-MAY-2025 15:48:03)
2,20 , 1,0,38,1,S, 	(30-MAY-2025 15:48:03)
2,20 , 1,0,38,1,S, 	(30-MAY-2025 15:48:03)
2,20 , 1,0,38,1,S, 	(30-MAY-2025 15:48:03)
2,20 , 1,0,38,1,S, 	(30-MAY-2025 15:48:03)
2,20 , 1,0,38,1,S, 	(30-MAY-2025 15:48:03)
2,20 , 1,0,38,1,S, 	(30-MAY-2025 15:48:03)
2,20 , 1,0,38,1,S, 	(30-MAY-2025 15:48:03)
2,20 , 1,0,38,1,S, 	(30-MAY-2025 15:48:03)
2,20 , 1,0,38,1,S, 	(30-MAY-2025 15:48:03)
2,20 , 1,0,38,1,S, 	(30-MAY-2025 15:48:03)
2,20 , 1,0,38,1,S, 	(30-MAY-2025 15:48:03)
2,20 , 1,0,38,1,S, 	(30-MAY-2025 15:48:03)
2,20 , 1,0,38,1,S, 	(30-MAY-2025 15:48:03)
2,20 , 1,0,38,1,S, 	(30-MAY-2025 15:48:03)
2,20 , 1,0,38,1,S, 	(30-MAY-2025 15:48:03)
2,20 , 1,0,38,1,S, 	(30-MAY-2025 15:48:03)
2,20 , 1,0,38,1,S, 	(30-MAY-2025 15:48:03)
2,20 , 1,0,38,1,S, 	(30-MAY-2025 15:48:03)
2,20 , 1,0,38,1,S, 	(30-MAY-2025 15:48:03)
2,20 , 1,0,38,1,S, 	(30-MAY-2025 15:48:03)
2,20 , 1,0,34,1,S, 	(30-MAY-2025 15:48:03)
2,20 , 1,0,34,1,S, 	(30-MAY-2025 15:48:03)
2,20 , 1,0,34,1,S, 	(30-MAY-2025 15:48:03)
2,20 , 1,0,34,1,S, 	(30-MAY-2025 15:48:03)
2,20 , 1,0,34,1,S, 	(30-MAY-2025 15:48:03)
2,20 , 1,0,34,1,S, 	(30-MAY-2025 15:48:03)
2,20 , 1,0,34,1,S, 	(30-MAY-2025 15:48:03)
2,20 , 1,0,34,1,S, 	(30-MAY-2025 15:48:03)
2,20 , 1,0,34,1,S, 	(30-MAY-2025 15:48:03)
2,20 , 1,0,34,1,S, 	(30-MAY-2025 15:48:03)
2,20 , 1,0,34,1,S, 	(30-MAY-2025 15:48:03)
2,20 , 1,0,34,1,S, 	(30-MAY-2025 15:48:03)
2,20 , 1,0,34,1,S, 	(30-MAY-2025 15:48:03)
2,20 , 1,0,34,1,S, 	(30-MAY-2025 15:48:03)
2,20 , 1,0,34,1,S, 	(30-MAY-2025 15:48:03)
2,20 , 1,0,34,1,S, 	(30-MAY-2025 15:48:03)
2,20 , 1,0,34,1,S, 	(30-MAY-2025 15:48:03)
2,20 , 1,0,34,1,S, 	(30-MAY-2025 15:48:03)
2,20 , 1,0,34,1,S, 	(30-MAY-2025 15:48:03)
2,20 , 1,0,34,1,S, 	(30-MAY-2025 15:48:03)
2,20 , 1,0,34,1,S, 	(30-MAY-2025 15:48:03)
2,20 , 1,0,34,1,S, 	(30-MAY-2025 15:48:03)
2,20 , 1,0,34,1,S, 	(30-MAY-2025 15:48:03)
2,20 , 1,0,34,1,S, 	(30-MAY-2025 15:48:03)
2,20 , 1,0,34,1,S, 	(30-MAY-2025 15:48:03)
2,20 , 1,0,34,1,S, 	(30-MAY-2025 15:48:03)
2,20 , 1,0,34,1,S, 	(30-MAY-2025 15:48:03)
2,20 , 1,0,34,1,S, 	(30-MAY-2025 15:48:03)
2,20 , 1,0,34,1,S, 	(30-MAY-2025 15:48:03)
2,20 , 1,0,34,1,S, 	(30-MAY-2025 15:48:03)
2,20 , 1,0,34,1,S, 	(30-MAY-2025 15:48:03)
2,20 , 1,0,26,1,S, 	(30-MAY-2025 15:48:03)
2,20 , 1,0,26,1,S, 	(30-MAY-2025 15:48:03)
2,20 , 1,0,26,1,S, 	(30-MAY-2025 15:48:03)
2,20 , 1,0,26,1,S, 	(30-MAY-2025 15:48:03)
2,20 , 1,0,26,1,S, 	(30-MAY-2025 15:48:03)
2,20 , 1,0,26,1,S, 	(30-MAY-2025 15:48:03)
2,20 , 1,0,26,1,S, 	(30-MAY-2025 15:48:03)
2,20 , 1,0,26,1,S, 	(30-MAY-2025 15:48:03)
2,20 , 1,0,26,1,S, 	(30-MAY-2025 15:48:03)
2,20 , 1,0,26,1,S, 	(30-MAY-2025 15:48:03)
2,20 , 1,0,26,1,S, 	(30-MAY-2025 15:48:03)
2,20 , 1,0,26,1,S, 	(30-MAY-2025 15:48:03)
2,20 , 1,0,26,1,S, 	(30-MAY-2025 15:48:03)
2,20 , 1,0,26,1,S, 	(30-MAY-2025 15:48:03)
2,20 , 1,0,26,1,S, 	(30-MAY-2025 15:48:03)
2,20 , 1,0,26,1,S, 	(30-MAY-2025 15:48:03)
2,20 , 1,0,26,1,S, 	(30-MAY-2025 15:48:03)
2,20 , 1,0,26,1,S, 	(30-MAY-2025 15:48:03)
2,20 , 1,0,26,1,S, 	(30-MAY-2025 15:48:03)
2,20 , 1,0,26,1,S, 	(30-MAY-2025 15:48:03)
2,20 , 1,0,26,1,S, 	(30-MAY-2025 15:48:03)
2,20 , 1,0,26,1,S, 	(30-MAY-2025 15:48:03)
2,20 , 1,0,26,1,S, 	(30-MAY-2025 15:48:03)
2,20 , 1,0,26,1,S, 	(30-MAY-2025 15:48:03)
2,20 , 1,0,26,1,S, 	(30-MAY-2025 15:48:03)
2,20 , 1,0,26,1,S, 	(30-MAY-2025 15:48:03)
2,20 , 1,0,30,2,S, 	(30-MAY-2025 15:48:03)
2,20 , 1,0,30,2,S, 	(30-MAY-2025 15:48:03)
2,20 , 1,0,30,2,S, 	(30-MAY-2025 15:48:03)
2,20 , 1,0,30,2,S, 	(30-MAY-2025 15:48:03)
2,20 , 1,0,30,2,S, 	(30-MAY-2025 15:48:03)
2,20 , 1,0,30,2,S, 	(30-MAY-2025 15:48:03)
2,20 , 1,0,30,2,S, 	(30-MAY-2025 15:48:03)
2,20 , 1,0,30,2,S, 	(30-MAY-2025 15:48:03)
2,20 , 1,0,30,2,S, 	(30-MAY-2025 15:48:03)
2,20 , 1,0,30,2,S, 	(30-MAY-2025 15:48:03)
2,20 , 1,0,30,2,S, 	(30-MAY-2025 15:48:03)
2,20 , 1,0,30,2,S, 	(30-MAY-2025 15:48:03)
2,20 , 1,0,30,2,S, 	(30-MAY-2025 15:48:03)
2,20 , 1,0,30,2,S, 	(30-MAY-2025 15:48:03)
2,20 , 1,0,30,2,S, 	(30-MAY-2025 15:48:03)
2,20 , 1,0,30,2,S, 	(30-MAY-2025 15:48:03)
2,20 , 1,0,30,2,S, 	(30-MAY-2025 15:48:03)
2,20 , 1,0,30,2,S, 	(30-MAY-2025 15:48:03)
2,20 , 1,0,30,2,S, 	(30-MAY-2025 15:48:03)
2,20 , 1,0,30,2,S, 	(30-MAY-2025 15:48:03)
2,20 , 1,0,30,2,S, 	(30-MAY-2025 15:48:03)
2,20 , 1,0,30,2,S, 	(30-MAY-2025 15:48:03)
2,20 , 1,0,30,2,S, 	(30-MAY-2025 15:48:03)
2,20 , 1,0,30,2,S, 	(30-MAY-2025 15:48:03)
2,20 , 1,0,30,2,S, 	(30-MAY-2025 15:48:03)
2,20 , 1,0,30,2,S, 	(30-MAY-2025 15:48:03)
2,20 , 1,0,30,2,S, 	(30-MAY-2025 15:48:03)
2,20 , 1,0,30,2,S, 	(30-MAY-2025 15:48:03)
2,20 , 1,0,30,2,S, 	(30-MAY-2025 15:48:03)
2,20 , 1,0,30,2,S, 	(30-MAY-2025 15:48:03)
2,20 , 1,0,29,5,S, 	(30-MAY-2025 15:48:03)
2,20 , 1,0,29,5,S, 	(30-MAY-2025 15:48:03)
2,20 , 1,0,29,5,S, 	(30-MAY-2025 15:48:03)
2,20 , 1,0,29,5,S, 	(30-MAY-2025 15:48:03)
2,20 , 1,0,29,5,S, 	(30-MAY-2025 15:48:03)
2,20 , 1,0,29,5,S, 	(30-MAY-2025 15:48:03)
2,20 , 1,0,29,5,S, 	(30-MAY-2025 15:48:03)
2,20 , 1,0,29,5,S, 	(30-MAY-2025 15:48:03)
2,20 , 1,0,29,5,S, 	(30-MAY-2025 15:48:03)
2,20 , 1,0,29,5,S, 	(30-MAY-2025 15:48:03)
2,20 , 1,0,29,5,S, 	(30-MAY-2025 15:48:03)
2,20 , 1,0,29,5,S, 	(30-MAY-2025 15:48:03)
2,20 , 1,0,29,5,S, 	(30-MAY-2025 15:48:03)
2,20 , 1,0,29,5,S, 	(30-MAY-2025 15:48:03)
2,20 , 1,0,29,5,S, 	(30-MAY-2025 15:48:03)
2,20 , 1,0,29,5,S, 	(30-MAY-2025 15:48:03)
2,20 , 1,0,29,5,S, 	(30-MAY-2025 15:48:03)
2,20 , 1,0,29,5,S, 	(30-MAY-2025 15:48:03)
2,20 , 1,0,28,0,S, 	(30-MAY-2025 15:48:03)
2,20 , 1,0,28,0,S, 	(30-MAY-2025 15:48:03)
2,20 , 1,0,28,0,S, 	(30-MAY-2025 15:48:03)
2,20 , 1,0,28,0,S, 	(30-MAY-2025 15:48:03)
2,20 , 1,0,28,0,S, 	(30-MAY-2025 15:48:03)
2,20 , 1,0,28,0,S, 	(30-MAY-2025 15:48:03)
2,20 , 1,0,28,0,S, 	(30-MAY-2025 15:48:03)
2,20 , 1,0,28,0,S, 	(30-MAY-2025 15:48:03)
2,20 , 1,0,28,0,S, 	(30-MAY-2025 15:48:03)
2,20 , 1,0,28,0,S, 	(30-MAY-2025 15:48:03)
2,20 , 1,0,28,0,S, 	(30-MAY-2025 15:48:03)
2,20 , 1,0,28,0,S, 	(30-MAY-2025 15:48:03)
2,20 , 1,0,28,0,S, 	(30-MAY-2025 15:48:03)
2,20 , 1,0,28,0,S, 	(30-MAY-2025 15:48:03)
2,20 , 1,0,28,0,S, 	(30-MAY-2025 15:48:03)
2,20 , 1,0,28,0,S, 	(30-MAY-2025 15:48:03)
2,20 , 1,0,28,0,S, 	(30-MAY-2025 15:48:03)
2,20 , 1,0,28,0,S, 	(30-MAY-2025 15:48:03)
2,20 , 1,0,28,0,S, 	(30-MAY-2025 15:48:03)
2,20 , 1,0,28,0,S, 	(30-MAY-2025 15:48:03)
2,20 , 1,0,28,0,S, 	(30-MAY-2025 15:48:03)
2,20 , 1,0,28,0,S, 	(30-MAY-2025 15:48:03)
2,20 , 1,0,28,0,S, 	(30-MAY-2025 15:48:03)
2,20 , 1,0,28,0,S, 	(30-MAY-2025 15:48:03)
2,20 , 1,0,28,0,S, 	(30-MAY-2025 15:48:03)
2,20 , 1,0,28,0,S, 	(30-MAY-2025 15:48:03)
2,20 , 1,0,28,0,S, 	(30-MAY-2025 15:48:03)
2,20 , 1,0,28,0,S, 	(30-MAY-2025 15:48:03)
2,20 , 1,0,28,0,S, 	(30-MAY-2025 15:48:03)
2,20 , 1,0,28,0,S, 	(30-MAY-2025 15:48:03)
2,20 , 1,0,28,0,S, 	(30-MAY-2025 15:48:03)
2,20 , 1,0,28,0,S, 	(30-MAY-2025 15:48:03)
2,20 , 1,0,28,0,S, 	(30-MAY-2025 15:48:03)
2,20 , 1,0,28,0,S, 	(30-MAY-2025 15:48:03)
2,20 , 1,0,28,0,S, 	(30-MAY-2025 15:48:03)
2,20 , 1,0,28,0,S, 	(30-MAY-2025 15:48:03)
2,20 , 1,0,28,0,S, 	(30-MAY-2025 15:48:03)
2,20 , 1,0,28,0,S, 	(30-MAY-2025 15:48:03)
2,20 , 1,0,28,0,S, 	(30-MAY-2025 15:48:03)
2,20 , 1,0,28,0,S, 	(30-MAY-2025 15:48:03)
2,20 , 1,0,28,0,S, 	(30-MAY-2025 15:48:03)
2,20 , 1,0,28,0,S, 	(30-MAY-2025 15:48:03)
2,20 , 1,0,28,0,S, 	(30-MAY-2025 15:48:03)
2,20 , 1,0,28,0,S, 	(30-MAY-2025 15:48:03)
2,20 , 1,0,28,0,S, 	(30-MAY-2025 15:48:03)
2,20 , 1,0,28,0,S, 	(30-MAY-2025 15:48:03)
2,20 , 1,0,28,0,S, 	(30-MAY-2025 15:48:03)
2,20 , 1,0,28,0,S, 	(30-MAY-2025 15:48:03)
2,20 , 1,0,28,0,S, 	(30-MAY-2025 15:48:03)
2,20 , 1,0,28,0,S, 	(30-MAY-2025 15:48:03)
2,20 , 1,0,28,0,S, 	(30-MAY-2025 15:48:03)
2,20 , 1,0,28,0,S, 	(30-MAY-2025 15:48:03)
2,20 , 1,0,28,0,S, 	(30-MAY-2025 15:48:03)
2,20 , 1,0,28,0,S, 	(30-MAY-2025 15:48:03)
2,20 , 1,0,28,0,S, 	(30-MAY-2025 15:48:03)
2,20 , 1,0,28,0,S, 	(30-MAY-2025 15:48:03)
2,20 , 1,0,28,0,S, 	(30-MAY-2025 15:48:03)
2,20 , 1,0,28,0,S, 	(30-MAY-2025 15:48:03)
2,20 , 1,0,28,0,S, 	(30-MAY-2025 15:48:03)
2,20 , 1,0,28,0,S, 	(30-MAY-2025 15:48:03)
2,20 , 1,0,28,0,S, 	(30-MAY-2025 15:48:03)
2,20 , 1,0,28,0,S, 	(30-MAY-2025 15:48:03)
2,20 , 1,0,28,0,S, 	(30-MAY-2025 15:48:03)
2,20 , 1,0,28,0,S, 	(30-MAY-2025 15:48:03)
2,20 , 1,0,28,0,S, 	(30-MAY-2025 15:48:03)
2,20 , 1,0,28,0,S, 	(30-MAY-2025 15:48:03)
2,20 , 1,0,28,0,S, 	(30-MAY-2025 15:48:03)
2,20 , 1,0,28,0,S, 	(30-MAY-2025 15:48:03)
2,20 , 1,0,28,0,S, 	(30-MAY-2025 15:48:03)
2,20 , 1,0,28,0,S, 	(30-MAY-2025 15:48:03)
2,20 , 1,0,28,0,S, 	(30-MAY-2025 15:48:03)
2,20 , 1,0,28,0,S, 	(30-MAY-2025 15:48:03)
2,20 , 1,0,28,0,S, 	(30-MAY-2025 15:48:03)
2,20 , 1,0,28,0,S, 	(30-MAY-2025 15:48:03)
2,20 , 1,0,28,0,S, 	(30-MAY-2025 15:48:03)
2,20 , 1,0,28,0,S, 	(30-MAY-2025 15:48:03)
2,20 , 1,0,28,0,S, 	(30-MAY-2025 15:48:03)
2,20 , 1,0,28,0,S, 	(30-MAY-2025 15:48:03)
2,20 , 1,0,28,0,S, 	(30-MAY-2025 15:48:03)
2,20 , 1,0,28,0,S, 	(30-MAY-2025 15:48:03)
2,20 , 1,0,28,0,S, 	(30-MAY-2025 15:48:03)
2,20 , 1,0,28,0,S, 	(30-MAY-2025 15:48:03)
2,20 , 1,0,28,0,S, 	(30-MAY-2025 15:48:03)
2,20 , 1,0,28,0,S, 	(30-MAY-2025 15:48:03)
2,20 , 1,0,28,0,S, 	(30-MAY-2025 15:48:03)
2,20 , 1,0,28,0,S, 	(30-MAY-2025 15:48:03)
2,20 , 1,0,28,0,S, 	(30-MAY-2025 15:48:03)
2,20 , 1,0,28,0,S, 	(30-MAY-2025 15:48:03)
2,20 , 1,0,28,0,S, 	(30-MAY-2025 15:48:03)
2,20 , 1,0,28,0,S, 	(30-MAY-2025 15:48:03)
2,20 , 1,0,28,0,S, 	(30-MAY-2025 15:48:03)
2,20 , 1,0,28,0,S, 	(30-MAY-2025 15:48:03)
2,20 , 1,0,28,0,S, 	(30-MAY-2025 15:48:03)
2,20 , 1,0,28,0,S, 	(30-MAY-2025 15:48:03)
2,20 , 1,0,30,1,S, 	(30-MAY-2025 15:48:03)
2,20 , 1,0,30,1,S, 	(30-MAY-2025 15:48:03)
2,20 , 1,0,30,1,S, 	(30-MAY-2025 15:48:03)
2,20 , 1,0,30,1,S, 	(30-MAY-2025 15:48:03)
2,20 , 1,0,30,1,S, 	(30-MAY-2025 15:48:03)
2,20 , 1,0,30,1,S, 	(30-MAY-2025 15:48:03)
2,20 , 1,0,30,1,S, 	(30-MAY-2025 15:48:03)
2,20 , 1,0,30,1,S, 	(30-MAY-2025 15:48:03)
2,20 , 1,0,30,1,S, 	(30-MAY-2025 15:48:03)
2,20 , 1,0,30,1,S, 	(30-MAY-2025 15:48:03)
2,20 , 1,0,30,3,S, 	(30-MAY-2025 15:48:03)
2,20 , 1,0,30,3,S, 	(30-MAY-2025 15:48:03)
2,20 , 1,0,30,3,S, 	(30-MAY-2025 15:48:03)
2,20 , 1,0,30,3,S, 	(30-MAY-2025 15:48:03)
2,20 , 1,0,30,3,S, 	(30-MAY-2025 15:48:03)
2,20 , 1,0,30,3,S, 	(30-MAY-2025 15:48:03)
2,20 , 1,0,30,3,S, 	(30-MAY-2025 15:48:03)
2,20 , 1,0,30,3,S, 	(30-MAY-2025 15:48:03)
2,20 , 1,0,30,3,S, 	(30-MAY-2025 15:48:03)
2,20 , 1,0,30,3,S, 	(30-MAY-2025 15:48:03)
2,20 , 1,0,30,3,S, 	(30-MAY-2025 15:48:03)
2,20 , 1,0,30,3,S, 	(30-MAY-2025 15:48:03)
2,20 , 1,0,30,3,S, 	(30-MAY-2025 15:48:03)
2,20 , 1,0,30,3,S, 	(30-MAY-2025 15:48:03)
2,20 , 1,0,30,3,S, 	(30-MAY-2025 15:48:03)
2,20 , 1,0,30,3,S, 	(30-MAY-2025 15:48:03)
2,20 , 1,0,31,1,S, 	(30-MAY-2025 15:48:03)
2,20 , 1,0,31,1,S, 	(30-MAY-2025 15:48:03)
2,20 , 1,0,31,1,S, 	(30-MAY-2025 15:48:03)
2,20 , 1,0,31,1,S, 	(30-MAY-2025 15:48:03)
2,20 , 1,0,31,1,S, 	(30-MAY-2025 15:48:03)
2,20 , 1,0,31,1,S, 	(30-MAY-2025 15:48:03)
2,20 , 1,0,31,1,S, 	(30-MAY-2025 15:48:03)
2,20 , 1,0,31,1,S, 	(30-MAY-2025 15:48:03)
2,20 , 1,0,31,1,S, 	(30-MAY-2025 15:48:03)
2,20 , 1,0,31,1,S, 	(30-MAY-2025 15:48:03)
2,20 , 1,0,31,1,S, 	(30-MAY-2025 15:48:03)
2,20 , 1,0,31,1,S, 	(30-MAY-2025 15:48:03)
2,20 , 1,0,31,1,S, 	(30-MAY-2025 15:48:03)
2,20 , 1,0,31,1,S, 	(30-MAY-2025 15:48:03)
2,20 , 1,0,31,1,S, 	(30-MAY-2025 15:48:03)
2,20 , 1,0,31,1,S, 	(30-MAY-2025 15:48:03)
2,20 , 1,0,31,1,S, 	(30-MAY-2025 15:48:03)
2,20 , 1,0,31,1,S, 	(30-MAY-2025 15:48:03)
2,20 , 1,0,31,1,S, 	(30-MAY-2025 15:48:03)
2,20 , 1,0,31,1,S, 	(30-MAY-2025 15:48:03)
2,20 , 1,0,31,1,S, 	(30-MAY-2025 15:48:03)
2,20 , 1,0,31,1,S, 	(30-MAY-2025 15:48:03)
2,20 , 1,0,31,1,S, 	(30-MAY-2025 15:48:03)
2,20 , 1,0,31,1,S, 	(30-MAY-2025 15:48:03)
2,20 , 1,0,31,1,S, 	(30-MAY-2025 15:48:03)
2,20 , 1,0,31,1,S, 	(30-MAY-2025 15:48:03)
2,20 , 1,0,31,1,S, 	(30-MAY-2025 15:48:03)
2,20 , 1,0,31,1,S, 	(30-MAY-2025 15:48:03)
2,20 , 1,0,31,1,S, 	(30-MAY-2025 15:48:03)
2,20 , 1,0,31,1,S, 	(30-MAY-2025 15:48:03)
2,20 , 1,0,31,1,S, 	(30-MAY-2025 15:48:03)
2,20 , 1,0,29,4,S, 	(30-MAY-2025 15:48:03)
2,20 , 1,0,29,4,S, 	(30-MAY-2025 15:48:03)
2,20 , 1,0,29,4,S, 	(30-MAY-2025 15:48:03)
2,20 , 1,0,29,4,S, 	(30-MAY-2025 15:48:03)
2,20 , 1,0,29,4,S, 	(30-MAY-2025 15:48:03)
2,20 , 1,0,29,4,S, 	(30-MAY-2025 15:48:03)
2,20 , 1,0,29,4,S, 	(30-MAY-2025 15:48:03)
2,20 , 1,0,29,4,S, 	(30-MAY-2025 15:48:03)
2,20 , 1,0,29,4,S, 	(30-MAY-2025 15:48:03)
2,20 , 1,0,29,4,S, 	(30-MAY-2025 15:48:03)
2,20 , 1,0,29,4,S, 	(30-MAY-2025 15:48:03)
2,20 , 1,0,29,4,S, 	(30-MAY-2025 15:48:03)
2,20 , 1,0,29,4,S, 	(30-MAY-2025 15:48:03)
2,20 , 1,0,29,4,S, 	(30-MAY-2025 15:48:03)
2,20 , 1,0,29,4,S, 	(30-MAY-2025 15:48:03)
2,20 , 1,0,29,4,S, 	(30-MAY-2025 15:48:03)
2,20 , 1,0,29,4,S, 	(30-MAY-2025 15:48:03)
2,20 , 1,0,29,4,S, 	(30-MAY-2025 15:48:03)
2,20 , 1,0,29,4,S, 	(30-MAY-2025 15:48:03)
2,20 , 1,0,29,4,S, 	(30-MAY-2025 15:48:03)
2,20 , 1,0,29,4,S, 	(30-MAY-2025 15:48:03)
2,20 , 1,0,29,4,S, 	(30-MAY-2025 15:48:03)
2,20 , 1,0,29,4,S, 	(30-MAY-2025 15:48:03)
2,20 , 1,0,29,4,S, 	(30-MAY-2025 15:48:03)
2,20 , 1,0,29,4,S, 	(30-MAY-2025 15:48:03)
2,20 , 1,0,29,4,S, 	(30-MAY-2025 15:48:03)
2,20 , 1,0,29,4,S, 	(30-MAY-2025 15:48:03)
2,20 , 1,0,29,4,S, 	(30-MAY-2025 15:48:03)
2,20 , 1,0,29,4,S, 	(30-MAY-2025 15:48:03)
2,20 , 1,0,29,4,S, 	(30-MAY-2025 15:48:03)
2,20 , 1,0,29,4,S, 	(30-MAY-2025 15:48:03)
2,20 , 1,0,29,4,S, 	(30-MAY-2025 15:48:03)
2,20 , 1,0,29,4,S, 	(30-MAY-2025 15:48:03)
2,20 , 1,0,29,4,S, 	(30-MAY-2025 15:48:03)
2,20 , 1,0,29,4,S, 	(30-MAY-2025 15:48:03)
2,20 , 1,0,29,4,S, 	(30-MAY-2025 15:48:03)
2,20 , 1,0,29,4,S, 	(30-MAY-2025 15:48:03)
2,20 , 1,0,29,4,S, 	(30-MAY-2025 15:48:03)
2,20 , 1,0,29,4,S, 	(30-MAY-2025 15:48:03)
2,20 , 1,0,29,4,S, 	(30-MAY-2025 15:48:03)
2,20 , 1,0,29,4,S, 	(30-MAY-2025 15:48:03)
2,20 , 1,0,29,4,S, 	(30-MAY-2025 15:48:03)
2,20 , 1,0,29,4,S, 	(30-MAY-2025 15:48:03)
2,20 , 1,0,29,4,S, 	(30-MAY-2025 15:48:03)
2,20 , 1,0,29,4,S, 	(30-MAY-2025 15:48:03)
2,20 , 1,0,29,4,S, 	(30-MAY-2025 15:48:03)
2,20 , 1,0,29,3,S, 	(30-MAY-2025 15:48:03)
2,20 , 1,0,29,3,S, 	(30-MAY-2025 15:48:03)
2,20 , 1,0,29,3,S, 	(30-MAY-2025 15:48:03)
2,20 , 1,0,29,3,S, 	(30-MAY-2025 15:48:03)
2,20 , 1,0,29,3,S, 	(30-MAY-2025 15:48:03)
2,20 , 1,0,29,3,S, 	(30-MAY-2025 15:48:03)
2,20 , 1,0,29,3,S, 	(30-MAY-2025 15:48:03)
2,20 , 1,0,29,3,S, 	(30-MAY-2025 15:48:03)
2,20 , 1,0,29,3,S, 	(30-MAY-2025 15:48:03)
2,20 , 1,0,29,3,S, 	(30-MAY-2025 15:48:03)
2,20 , 1,0,29,3,S, 	(30-MAY-2025 15:48:03)
2,20 , 1,0,29,3,S, 	(30-MAY-2025 15:48:03)
2,20 , 1,0,29,3,S, 	(30-MAY-2025 15:48:03)
2,20 , 1,0,29,3,S, 	(30-MAY-2025 15:48:03)
2,20 , 1,0,29,3,S, 	(30-MAY-2025 15:48:03)
2,20 , 1,0,29,3,S, 	(30-MAY-2025 15:48:03)
2,20 , 1,0,29,3,S, 	(30-MAY-2025 15:48:03)
2,20 , 1,0,29,3,S, 	(30-MAY-2025 15:48:03)
2,20 , 1,0,29,3,S, 	(30-MAY-2025 15:48:03)
2,20 , 1,0,29,3,S, 	(30-MAY-2025 15:48:03)
2,20 , 1,0,29,3,S, 	(30-MAY-2025 15:48:03)
2,20 , 1,0,29,3,S, 	(30-MAY-2025 15:48:03)
2,20 , 1,0,29,3,S, 	(30-MAY-2025 15:48:03)
2,20 , 1,0,29,3,S, 	(30-MAY-2025 15:48:03)
2,20 , 1,0,29,3,S, 	(30-MAY-2025 15:48:03)
2,20 , 1,0,29,3,S, 	(30-MAY-2025 15:48:03)
2,20 , 1,0,29,3,S, 	(30-MAY-2025 15:48:03)
2,20 , 1,0,29,3,S, 	(30-MAY-2025 15:48:03)
2,20 , 1,0,29,3,S, 	(30-MAY-2025 15:48:03)
2,20 , 1,0,29,3,S, 	(30-MAY-2025 15:48:03)
2,20 , 1,0,36,0,S, 	(30-MAY-2025 15:48:03)
2,20 , 1,0,36,0,S, 	(30-MAY-2025 15:48:03)
2,20 , 1,0,36,0,S, 	(30-MAY-2025 15:48:03)
2,20 , 1,0,36,0,S, 	(30-MAY-2025 15:48:03)
2,20 , 1,0,36,0,S, 	(30-MAY-2025 15:48:03)
2,20 , 1,0,36,0,S, 	(30-MAY-2025 15:48:03)
2,20 , 1,0,36,0,S, 	(30-MAY-2025 15:48:03)
2,20 , 1,0,36,0,S, 	(30-MAY-2025 15:48:03)
2,20 , 1,0,36,0,S, 	(30-MAY-2025 15:48:03)
2, , 1,0,1,0,S, 	(30-MAY-2025 15:48:03)	 (Not Inserted)
2, , 1,0,1,0,S, 	(30-MAY-2025 15:48:03)	 (Not Inserted)
2, , 1,0,1,0,S, 	(30-MAY-2025 15:48:03)	 (Not Inserted)
2, , 1,0,1,0,S, 	(30-MAY-2025 15:48:03)	 (Not Inserted)
2, , 1,0,2,0,S, 	(30-MAY-2025 15:48:03)	 (Not Inserted)
2, , 1,0,2,0,S, 	(30-MAY-2025 15:48:03)	 (Not Inserted)
2, , 1,0,2,0,S, 	(30-MAY-2025 15:48:03)	 (Not Inserted)
2, , 1,0,2,0,S, 	(30-MAY-2025 15:48:03)	 (Not Inserted)
2, , 1,0,2,0,S, 	(30-MAY-2025 15:48:03)	 (Not Inserted)
2, , 1,0,2,0,S, 	(30-MAY-2025 15:48:03)	 (Not Inserted)
2, , 1,0,2,0,S, 	(30-MAY-2025 15:48:03)	 (Not Inserted)
2, , 1,0,2,0,S, 	(30-MAY-2025 15:48:03)	 (Not Inserted)
2, , 1,0,2,0,S, 	(30-MAY-2025 15:48:03)	 (Not Inserted)
2, , 1,0,2,0,S, 	(30-MAY-2025 15:48:03)	 (Not Inserted)
2, , 1,0,2,0,S, 	(30-MAY-2025 15:48:03)	 (Not Inserted)
2, , 1,0,2,0,S, 	(30-MAY-2025 15:48:03)	 (Not Inserted)
2, , 1,0,2,0,S, 	(30-MAY-2025 15:48:03)	 (Not Inserted)
2, , 1,0,2,0,S, 	(30-MAY-2025 15:48:03)	 (Not Inserted)
2, , 1,0,2,0,S, 	(30-MAY-2025 15:48:03)	 (Not Inserted)
2, , 1,0,2,0,S, 	(30-MAY-2025 15:48:03)	 (Not Inserted)
2, , 1,0,2,0,S, 	(30-MAY-2025 15:48:03)	 (Not Inserted)
2, , 1,0,2,0,S, 	(30-MAY-2025 15:48:03)	 (Not Inserted)
2, , 1,0,2,0,S, 	(30-MAY-2025 15:48:03)	 (Not Inserted)
2, , 1,0,2,0,S, 	(30-MAY-2025 15:48:03)	 (Not Inserted)
2, , 1,0,2,0,S, 	(30-MAY-2025 15:48:03)	 (Not Inserted)
2, , 1,0,2,0,S, 	(30-MAY-2025 15:48:03)	 (Not Inserted)
2, , 1,0,2,0,S, 	(30-MAY-2025 15:48:03)	 (Not Inserted)
2, , 1,0,2,0,S, 	(30-MAY-2025 15:48:03)	 (Not Inserted)
2, , 1,0,2,0,S, 	(30-MAY-2025 15:48:03)	 (Not Inserted)
2, , 1,0,2,0,S, 	(30-MAY-2025 15:48:03)	 (Not Inserted)
2, , 1,0,2,0,S, 	(30-MAY-2025 15:48:03)	 (Not Inserted)
2, , 1,0,2,0,S, 	(30-MAY-2025 15:48:03)	 (Not Inserted)
2, , 1,0,2,0,S, 	(30-MAY-2025 15:48:03)	 (Not Inserted)
2, , 1,0,2,0,S, 	(30-MAY-2025 15:48:03)	 (Not Inserted)
2, , 1,0,2,0,S, 	(30-MAY-2025 15:48:03)	 (Not Inserted)
2, , 1,0,2,0,S, 	(30-MAY-2025 15:48:03)	 (Not Inserted)
2, , 1,0,2,0,S, 	(30-MAY-2025 15:48:03)	 (Not Inserted)
2, , 1,0,2,0,S, 	(30-MAY-2025 15:48:03)	 (Not Inserted)
2, , 1,0,2,0,S, 	(30-MAY-2025 15:48:03)	 (Not Inserted)
2, , 1,0,2,0,S, 	(30-MAY-2025 15:48:03)	 (Not Inserted)
2, , 1,0,2,0,S, 	(30-MAY-2025 15:48:03)	 (Not Inserted)
2, , 1,0,2,0,S, 	(30-MAY-2025 15:48:03)	 (Not Inserted)
2, , 1,0,2,0,S, 	(30-MAY-2025 15:48:03)	 (Not Inserted)
2, , 1,0,2,0,S, 	(30-MAY-2025 15:48:03)	 (Not Inserted)
2, , 1,0,2,0,S, 	(30-MAY-2025 15:48:03)	 (Not Inserted)
2, , 1,0,2,0,S, 	(30-MAY-2025 15:48:03)	 (Not Inserted)
2, , 1,0,2,0,S, 	(30-MAY-2025 15:48:03)	 (Not Inserted)
2, , 1,0,2,0,S, 	(30-MAY-2025 15:48:03)	 (Not Inserted)
2, , 1,0,2,0,S, 	(30-MAY-2025 15:48:03)	 (Not Inserted)
2, , 1,0,2,0,S, 	(30-MAY-2025 15:48:03)	 (Not Inserted)
2, , 1,0,2,0,S, 	(30-MAY-2025 15:48:03)	 (Not Inserted)
2, , 1,0,2,0,S, 	(30-MAY-2025 15:48:03)	 (Not Inserted)
2, , 1,0,2,0,S, 	(30-MAY-2025 15:48:03)	 (Not Inserted)
2, , 1,0,2,0,S, 	(30-MAY-2025 15:48:03)	 (Not Inserted)
2, , 1,0,2,0,S, 	(30-MAY-2025 15:48:03)	 (Not Inserted)
2, , 1,0,2,0,S, 	(30-MAY-2025 15:48:03)	 (Not Inserted)
2, , 1,0,2,0,S, 	(30-MAY-2025 15:48:03)	 (Not Inserted)
2, , 1,0,2,0,S, 	(30-MAY-2025 15:48:04)	 (Not Inserted)
2, , 1,0,2,0,S, 	(30-MAY-2025 15:48:04)	 (Not Inserted)
2, , 1,0,2,0,S, 	(30-MAY-2025 15:48:04)	 (Not Inserted)
2, , 1,0,2,0,S, 	(30-MAY-2025 15:48:04)	 (Not Inserted)
2, , 1,0,2,0,S, 	(30-MAY-2025 15:48:04)	 (Not Inserted)
2, , 1,0,2,0,S, 	(30-MAY-2025 15:48:04)	 (Not Inserted)
2, , 1,0,2,0,S, 	(30-MAY-2025 15:48:04)	 (Not Inserted)
2, , 1,0,2,0,S, 	(30-MAY-2025 15:48:04)	 (Not Inserted)
2, , 1,0,2,0,S, 	(30-MAY-2025 15:48:04)	 (Not Inserted)
2, , 1,0,2,0,S, 	(30-MAY-2025 15:48:04)	 (Not Inserted)
2, , 1,0,2,0,S, 	(30-MAY-2025 15:48:04)	 (Not Inserted)
2, , 1,0,2,0,S, 	(30-MAY-2025 15:48:04)	 (Not Inserted)
2, , 1,0,2,0,S, 	(30-MAY-2025 15:48:04)	 (Not Inserted)
2, , 1,0,2,0,S, 	(30-MAY-2025 15:48:04)	 (Not Inserted)
2, , 1,0,2,0,S, 	(30-MAY-2025 15:48:04)	 (Not Inserted)
2, , 1,0,2,0,S, 	(30-MAY-2025 15:48:04)	 (Not Inserted)
2, , 1,0,2,0,S, 	(30-MAY-2025 15:48:04)	 (Not Inserted)
2, , 1,0,2,0,S, 	(30-MAY-2025 15:48:04)	 (Not Inserted)
2, , 1,0,2,0,S, 	(30-MAY-2025 15:48:04)	 (Not Inserted)
2, , 1,0,2,0,S, 	(30-MAY-2025 15:48:04)	 (Not Inserted)
2, , 1,0,2,0,S, 	(30-MAY-2025 15:48:04)	 (Not Inserted)
2, , 1,0,2,0,S, 	(30-MAY-2025 15:48:04)	 (Not Inserted)
2, , 1,0,2,0,S, 	(30-MAY-2025 15:48:04)	 (Not Inserted)
2, , 1,0,2,0,S, 	(30-MAY-2025 15:48:04)	 (Not Inserted)
2, , 1,0,2,0,S, 	(30-MAY-2025 15:48:04)	 (Not Inserted)
2, , 1,0,2,0,S, 	(30-MAY-2025 15:48:04)	 (Not Inserted)
2, , 1,0,2,0,S, 	(30-MAY-2025 15:48:04)	 (Not Inserted)
2, , 1,0,2,0,S, 	(30-MAY-2025 15:48:04)	 (Not Inserted)
2, , 1,0,2,0,S, 	(30-MAY-2025 15:48:04)	 (Not Inserted)
2, , 1,0,2,0,S, 	(30-MAY-2025 15:48:04)	 (Not Inserted)
2, , 1,0,2,0,S, 	(30-MAY-2025 15:48:04)	 (Not Inserted)
2, , 1,0,2,0,S, 	(30-MAY-2025 15:48:04)	 (Not Inserted)
2, , 1,0,2,0,S, 	(30-MAY-2025 15:48:04)	 (Not Inserted)
2, , 1,0,2,0,S, 	(30-MAY-2025 15:48:04)	 (Not Inserted)
2, , 1,0,2,0,S, 	(30-MAY-2025 15:48:04)	 (Not Inserted)
2, , 1,0,2,0,S, 	(30-MAY-2025 15:48:04)	 (Not Inserted)
2, , 1,0,2,0,S, 	(30-MAY-2025 15:48:04)	 (Not Inserted)
2, , 1,0,2,0,S, 	(30-MAY-2025 15:48:04)	 (Not Inserted)
2, , 1,0,5,1,S, 	(30-MAY-2025 15:48:04)	 (Not Inserted)
2, , 1,0,5,1,S, 	(30-MAY-2025 15:48:04)	 (Not Inserted)
2, , 1,0,5,1,S, 	(30-MAY-2025 15:48:04)	 (Not Inserted)
2, , 1,0,5,1,S, 	(30-MAY-2025 15:48:04)	 (Not Inserted)
2, , 1,0,5,1,S, 	(30-MAY-2025 15:48:04)	 (Not Inserted)
2, , 1,0,5,1,S, 	(30-MAY-2025 15:48:04)	 (Not Inserted)
2, , 1,0,5,1,S, 	(30-MAY-2025 15:48:04)	 (Not Inserted)
2, , 1,0,5,1,S, 	(30-MAY-2025 15:48:04)	 (Not Inserted)
2, , 1,0,5,1,S, 	(30-MAY-2025 15:48:04)	 (Not Inserted)
2, , 1,0,5,1,S, 	(30-MAY-2025 15:48:04)	 (Not Inserted)
2, , 1,0,5,1,S, 	(30-MAY-2025 15:48:04)	 (Not Inserted)
2, , 1,0,5,1,S, 	(30-MAY-2025 15:48:04)	 (Not Inserted)
2, , 1,0,5,1,S, 	(30-MAY-2025 15:48:04)	 (Not Inserted)
2, , 1,0,5,1,S, 	(30-MAY-2025 15:48:04)	 (Not Inserted)
2, , 1,0,5,1,S, 	(30-MAY-2025 15:48:04)	 (Not Inserted)
2, , 1,0,5,1,S, 	(30-MAY-2025 15:48:04)	 (Not Inserted)
2, , 1,0,5,1,S, 	(30-MAY-2025 15:48:04)	 (Not Inserted)
2, , 1,0,5,1,S, 	(30-MAY-2025 15:48:04)	 (Not Inserted)
2, , 1,0,5,1,S, 	(30-MAY-2025 15:48:04)	 (Not Inserted)
2, , 1,0,5,1,S, 	(30-MAY-2025 15:48:04)	 (Not Inserted)
2, , 1,0,5,1,S, 	(30-MAY-2025 15:48:04)	 (Not Inserted)
2, , 1,0,5,1,S, 	(30-MAY-2025 15:48:04)	 (Not Inserted)
2, , 1,0,5,1,S, 	(30-MAY-2025 15:48:04)	 (Not Inserted)
2, , 1,0,5,1,S, 	(30-MAY-2025 15:48:04)	 (Not Inserted)
2, , 1,0,5,1,S, 	(30-MAY-2025 15:48:04)	 (Not Inserted)
2, , 1,0,5,1,S, 	(30-MAY-2025 15:48:04)	 (Not Inserted)
2, , 1,0,5,1,S, 	(30-MAY-2025 15:48:04)	 (Not Inserted)
2, , 1,0,5,1,S, 	(30-MAY-2025 15:48:04)	 (Not Inserted)
2, , 1,0,5,1,S, 	(30-MAY-2025 15:48:04)	 (Not Inserted)
2, , 1,0,5,1,S, 	(30-MAY-2025 15:48:04)	 (Not Inserted)
2, , 1,0,3,1,S, 	(30-MAY-2025 15:48:04)	 (Not Inserted)
2, , 1,0,3,1,S, 	(30-MAY-2025 15:48:04)	 (Not Inserted)
2, , 1,0,3,1,S, 	(30-MAY-2025 15:48:04)	 (Not Inserted)
2, , 1,0,3,1,S, 	(30-MAY-2025 15:48:04)	 (Not Inserted)
2, , 1,0,3,1,S, 	(30-MAY-2025 15:48:04)	 (Not Inserted)
2, , 1,0,3,1,S, 	(30-MAY-2025 15:48:04)	 (Not Inserted)
2, , 1,0,3,1,S, 	(30-MAY-2025 15:48:04)	 (Not Inserted)
2, , 1,0,3,1,S, 	(30-MAY-2025 15:48:04)	 (Not Inserted)
2, , 1,0,3,1,S, 	(30-MAY-2025 15:48:04)	 (Not Inserted)
2, , 1,0,3,1,S, 	(30-MAY-2025 15:48:04)	 (Not Inserted)
2, , 1,0,3,1,S, 	(30-MAY-2025 15:48:04)	 (Not Inserted)
2, , 1,0,3,1,S, 	(30-MAY-2025 15:48:04)	 (Not Inserted)
2, , 1,0,3,1,S, 	(30-MAY-2025 15:48:04)	 (Not Inserted)
2, , 1,0,3,1,S, 	(30-MAY-2025 15:48:04)	 (Not Inserted)
2, , 1,0,3,1,S, 	(30-MAY-2025 15:48:04)	 (Not Inserted)
2, , 1,0,3,1,S, 	(30-MAY-2025 15:48:04)	 (Not Inserted)
2, , 1,0,3,1,S, 	(30-MAY-2025 15:48:04)	 (Not Inserted)
2, , 1,0,3,1,S, 	(30-MAY-2025 15:48:04)	 (Not Inserted)
2, , 1,0,3,1,S, 	(30-MAY-2025 15:48:04)	 (Not Inserted)
2, , 1,0,3,1,S, 	(30-MAY-2025 15:48:04)	 (Not Inserted)
2, , 1,0,3,1,S, 	(30-MAY-2025 15:48:04)	 (Not Inserted)
2, , 1,0,3,1,S, 	(30-MAY-2025 15:48:04)	 (Not Inserted)
2, , 1,0,3,1,S, 	(30-MAY-2025 15:48:04)	 (Not Inserted)
2, , 1,0,3,1,S, 	(30-MAY-2025 15:48:04)	 (Not Inserted)
2, , 1,0,3,1,S, 	(30-MAY-2025 15:48:04)	 (Not Inserted)
2, , 1,0,3,1,S, 	(30-MAY-2025 15:48:04)	 (Not Inserted)
2, , 1,0,3,1,S, 	(30-MAY-2025 15:48:04)	 (Not Inserted)
2, , 1,0,3,1,S, 	(30-MAY-2025 15:48:04)	 (Not Inserted)
2, , 1,0,3,1,S, 	(30-MAY-2025 15:48:04)	 (Not Inserted)
2, , 1,0,3,1,S, 	(30-MAY-2025 15:48:04)	 (Not Inserted)
2, , 1,0,3,1,S, 	(30-MAY-2025 15:48:04)	 (Not Inserted)
2, , 1,0,3,1,S, 	(30-MAY-2025 15:48:04)	 (Not Inserted)
2, , 1,0,3,1,S, 	(30-MAY-2025 15:48:04)	 (Not Inserted)
2, , 1,0,3,1,S, 	(30-MAY-2025 15:48:04)	 (Not Inserted)
2, , 1,0,3,1,S, 	(30-MAY-2025 15:48:04)	 (Not Inserted)
2, , 1,0,3,1,S, 	(30-MAY-2025 15:48:04)	 (Not Inserted)
2, , 1,0,3,1,S, 	(30-MAY-2025 15:48:04)	 (Not Inserted)
2, , 1,0,3,1,S, 	(30-MAY-2025 15:48:04)	 (Not Inserted)
2, , 1,0,3,1,S, 	(30-MAY-2025 15:48:04)	 (Not Inserted)
2, , 1,0,3,1,S, 	(30-MAY-2025 15:48:04)	 (Not Inserted)
2, , 1,0,3,1,S, 	(30-MAY-2025 15:48:04)	 (Not Inserted)
2, , 1,0,3,1,S, 	(30-MAY-2025 15:48:04)	 (Not Inserted)
2, , 1,0,3,1,S, 	(30-MAY-2025 15:48:04)	 (Not Inserted)
2, , 1,0,3,1,S, 	(30-MAY-2025 15:48:04)	 (Not Inserted)
2, , 1,0,3,1,S, 	(30-MAY-2025 15:48:04)	 (Not Inserted)
2, , 1,0,3,1,S, 	(30-MAY-2025 15:48:04)	 (Not Inserted)
2, , 1,0,3,1,S, 	(30-MAY-2025 15:48:04)	 (Not Inserted)
2, , 1,0,3,1,S, 	(30-MAY-2025 15:48:04)	 (Not Inserted)
2, , 1,0,3,1,S, 	(30-MAY-2025 15:48:04)	 (Not Inserted)
2, , 1,0,3,1,S, 	(30-MAY-2025 15:48:04)	 (Not Inserted)
2, , 1,0,3,1,S, 	(30-MAY-2025 15:48:04)	 (Not Inserted)
2, , 1,0,3,1,S, 	(30-MAY-2025 15:48:04)	 (Not Inserted)
2, , 1,0,3,1,S, 	(30-MAY-2025 15:48:04)	 (Not Inserted)
2, , 1,0,3,1,S, 	(30-MAY-2025 15:48:04)	 (Not Inserted)
2, , 1,0,3,1,S, 	(30-MAY-2025 15:48:04)	 (Not Inserted)
2, , 1,0,3,1,S, 	(30-MAY-2025 15:48:04)	 (Not Inserted)
2, , 1,0,3,1,S, 	(30-MAY-2025 15:48:04)	 (Not Inserted)
2, , 1,0,3,1,S, 	(30-MAY-2025 15:48:04)	 (Not Inserted)
2, , 1,0,3,1,S, 	(30-MAY-2025 15:48:04)	 (Not Inserted)
2, , 1,0,3,1,S, 	(30-MAY-2025 15:48:04)	 (Not Inserted)
2, , 1,0,3,1,S, 	(30-MAY-2025 15:48:04)	 (Not Inserted)
2, , 1,0,3,1,S, 	(30-MAY-2025 15:48:04)	 (Not Inserted)
2, , 1,0,3,1,S, 	(30-MAY-2025 15:48:04)	 (Not Inserted)
2, , 1,0,3,1,S, 	(30-MAY-2025 15:48:04)	 (Not Inserted)
2, , 1,0,3,1,S, 	(30-MAY-2025 15:48:04)	 (Not Inserted)
2, , 1,0,3,1,S, 	(30-MAY-2025 15:48:04)	 (Not Inserted)
2, , 1,0,3,1,S, 	(30-MAY-2025 15:48:04)	 (Not Inserted)
2, , 1,0,3,1,S, 	(30-MAY-2025 15:48:04)	 (Not Inserted)
2, , 1,0,3,1,S, 	(30-MAY-2025 15:48:04)	 (Not Inserted)
2, , 1,0,3,1,S, 	(30-MAY-2025 15:48:04)	 (Not Inserted)
2, , 1,0,3,1,S, 	(30-MAY-2025 15:48:04)	 (Not Inserted)
2, , 1,0,3,1,S, 	(30-MAY-2025 15:48:04)	 (Not Inserted)
2, , 1,0,3,1,S, 	(30-MAY-2025 15:48:04)	 (Not Inserted)
2, , 1,0,3,1,S, 	(30-MAY-2025 15:48:04)	 (Not Inserted)
2, , 1,0,3,1,S, 	(30-MAY-2025 15:48:04)	 (Not Inserted)
2, , 1,0,3,1,S, 	(30-MAY-2025 15:48:04)	 (Not Inserted)
2, , 1,0,3,1,S, 	(30-MAY-2025 15:48:04)	 (Not Inserted)
2, , 1,0,3,1,S, 	(30-MAY-2025 15:48:04)	 (Not Inserted)
2, , 1,0,3,1,S, 	(30-MAY-2025 15:48:04)	 (Not Inserted)
2, , 1,0,3,1,S, 	(30-MAY-2025 15:48:04)	 (Not Inserted)
2, , 1,0,3,1,S, 	(30-MAY-2025 15:48:04)	 (Not Inserted)
2, , 1,0,3,1,S, 	(30-MAY-2025 15:48:04)	 (Not Inserted)
2, , 1,0,3,1,S, 	(30-MAY-2025 15:48:04)	 (Not Inserted)
2, , 1,0,3,1,S, 	(30-MAY-2025 15:48:04)	 (Not Inserted)
2, , 1,0,3,1,S, 	(30-MAY-2025 15:48:04)	 (Not Inserted)
2, , 1,0,3,1,S, 	(30-MAY-2025 15:48:04)	 (Not Inserted)
2, , 1,0,3,1,S, 	(30-MAY-2025 15:48:04)	 (Not Inserted)
2, , 1,0,3,1,S, 	(30-MAY-2025 15:48:04)	 (Not Inserted)
2, , 1,0,3,1,S, 	(30-MAY-2025 15:48:04)	 (Not Inserted)
2, , 1,0,3,1,S, 	(30-MAY-2025 15:48:04)	 (Not Inserted)
2, , 1,0,3,1,S, 	(30-MAY-2025 15:48:04)	 (Not Inserted)
2, , 1,0,3,1,S, 	(30-MAY-2025 15:48:04)	 (Not Inserted)
2, , 1,0,3,1,S, 	(30-MAY-2025 15:48:04)	 (Not Inserted)
2, , 1,0,3,1,S, 	(30-MAY-2025 15:48:04)	 (Not Inserted)
2, , 1,0,3,1,S, 	(30-MAY-2025 15:48:04)	 (Not Inserted)
2, , 1,0,3,1,S, 	(30-MAY-2025 15:48:04)	 (Not Inserted)
2, , 1,0,3,1,S, 	(30-MAY-2025 15:48:04)	 (Not Inserted)
2, , 1,0,3,1,S, 	(30-MAY-2025 15:48:04)	 (Not Inserted)
2, , 1,0,3,1,S, 	(30-MAY-2025 15:48:04)	 (Not Inserted)
2, , 1,0,3,1,S, 	(30-MAY-2025 15:48:04)	 (Not Inserted)
2, , 1,0,3,1,S, 	(30-MAY-2025 15:48:04)	 (Not Inserted)
2, , 1,0,3,1,S, 	(30-MAY-2025 15:48:04)	 (Not Inserted)
2, , 1,0,3,1,S, 	(30-MAY-2025 15:48:04)	 (Not Inserted)
2, , 1,0,3,1,S, 	(30-MAY-2025 15:48:04)	 (Not Inserted)
2, , 1,0,3,1,S, 	(30-MAY-2025 15:48:04)	 (Not Inserted)
2, , 1,0,3,1,S, 	(30-MAY-2025 15:48:04)	 (Not Inserted)
2, , 1,0,3,1,S, 	(30-MAY-2025 15:48:04)	 (Not Inserted)
2, , 1,0,3,1,S, 	(30-MAY-2025 15:48:04)	 (Not Inserted)
2, , 1,0,3,1,S, 	(30-MAY-2025 15:48:04)	 (Not Inserted)
2, , 1,0,3,1,S, 	(30-MAY-2025 15:48:04)	 (Not Inserted)
2, , 1,0,3,1,S, 	(30-MAY-2025 15:48:04)	 (Not Inserted)
2, , 1,0,3,1,S, 	(30-MAY-2025 15:48:04)	 (Not Inserted)
2, , 1,0,3,1,S, 	(30-MAY-2025 15:48:04)	 (Not Inserted)
2, , 1,0,3,1,S, 	(30-MAY-2025 15:48:04)	 (Not Inserted)
2, , 1,0,3,1,S, 	(30-MAY-2025 15:48:04)	 (Not Inserted)
2, , 1,0,3,1,S, 	(30-MAY-2025 15:48:04)	 (Not Inserted)
2, , 1,0,3,1,S, 	(30-MAY-2025 15:48:04)	 (Not Inserted)
2, , 1,0,3,1,S, 	(30-MAY-2025 15:48:04)	 (Not Inserted)
2, , 1,0,3,1,S, 	(30-MAY-2025 15:48:04)	 (Not Inserted)
2, , 1,0,3,1,S, 	(30-MAY-2025 15:48:04)	 (Not Inserted)
2, , 1,0,3,1,S, 	(30-MAY-2025 15:48:04)	 (Not Inserted)
2, , 1,0,3,1,S, 	(30-MAY-2025 15:48:04)	 (Not Inserted)
2, , 1,0,3,1,S, 	(30-MAY-2025 15:48:04)	 (Not Inserted)
2, , 1,0,3,1,S, 	(30-MAY-2025 15:48:04)	 (Not Inserted)
2, , 1,0,3,1,S, 	(30-MAY-2025 15:48:04)	 (Not Inserted)
2, , 1,0,3,1,S, 	(30-MAY-2025 15:48:04)	 (Not Inserted)
2, , 1,0,3,1,S, 	(30-MAY-2025 15:48:04)	 (Not Inserted)
2, , 1,0,3,1,S, 	(30-MAY-2025 15:48:04)	 (Not Inserted)
2, , 1,0,3,1,S, 	(30-MAY-2025 15:48:04)	 (Not Inserted)
2, , 1,0,3,1,S, 	(30-MAY-2025 15:48:04)	 (Not Inserted)
2, , 1,0,3,1,S, 	(30-MAY-2025 15:48:04)	 (Not Inserted)
2, , 1,0,3,1,S, 	(30-MAY-2025 15:48:04)	 (Not Inserted)
2, , 1,0,3,1,S, 	(30-MAY-2025 15:48:04)	 (Not Inserted)
2, , 1,0,3,1,S, 	(30-MAY-2025 15:48:04)	 (Not Inserted)
2, , 1,0,3,1,S, 	(30-MAY-2025 15:48:04)	 (Not Inserted)
2, , 1,0,3,1,S, 	(30-MAY-2025 15:48:04)	 (Not Inserted)
2, , 1,0,3,1,S, 	(30-MAY-2025 15:48:04)	 (Not Inserted)
2, , 1,0,3,1,S, 	(30-MAY-2025 15:48:04)	 (Not Inserted)
2, , 1,0,3,1,S, 	(30-MAY-2025 15:48:04)	 (Not Inserted)
2, , 1,0,3,1,S, 	(30-MAY-2025 15:48:04)	 (Not Inserted)
2, , 1,0,3,1,S, 	(30-MAY-2025 15:48:04)	 (Not Inserted)
2, , 1,0,3,1,S, 	(30-MAY-2025 15:48:04)	 (Not Inserted)
2, , 1,0,3,1,S, 	(30-MAY-2025 15:48:04)	 (Not Inserted)
2, , 1,0,3,1,S, 	(30-MAY-2025 15:48:04)	 (Not Inserted)
2, , 1,0,3,1,S, 	(30-MAY-2025 15:48:04)	 (Not Inserted)
2, , 1,0,3,1,S, 	(30-MAY-2025 15:48:04)	 (Not Inserted)
2, , 1,0,3,1,S, 	(30-MAY-2025 15:48:04)	 (Not Inserted)
2, , 1,0,3,1,S, 	(30-MAY-2025 15:48:04)	 (Not Inserted)
2, , 1,0,3,1,S, 	(30-MAY-2025 15:48:04)	 (Not Inserted)
2, , 1,0,3,1,S, 	(30-MAY-2025 15:48:04)	 (Not Inserted)
2, , 1,0,3,1,S, 	(30-MAY-2025 15:48:04)	 (Not Inserted)
2, , 1,0,3,1,S, 	(30-MAY-2025 15:48:04)	 (Not Inserted)
2, , 1,0,3,1,S, 	(30-MAY-2025 15:48:04)	 (Not Inserted)
2, , 1,0,3,1,S, 	(30-MAY-2025 15:48:04)	 (Not Inserted)
2, , 1,0,3,1,S, 	(30-MAY-2025 15:48:04)	 (Not Inserted)
2, , 1,0,3,1,S, 	(30-MAY-2025 15:48:04)	 (Not Inserted)
2, , 1,0,3,1,S, 	(30-MAY-2025 15:48:04)	 (Not Inserted)
2, , 1,0,3,1,S, 	(30-MAY-2025 15:48:04)	 (Not Inserted)
2, , 1,0,3,1,S, 	(30-MAY-2025 15:48:04)	 (Not Inserted)
2, , 1,0,3,1,S, 	(30-MAY-2025 15:48:04)	 (Not Inserted)
2, , 1,0,3,1,S, 	(30-MAY-2025 15:48:04)	 (Not Inserted)
2, , 1,0,3,1,S, 	(30-MAY-2025 15:48:04)	 (Not Inserted)
2, , 1,0,3,1,S, 	(30-MAY-2025 15:48:04)	 (Not Inserted)
2, , 1,0,3,1,S, 	(30-MAY-2025 15:48:04)	 (Not Inserted)
2, , 1,0,3,1,S, 	(30-MAY-2025 15:48:04)	 (Not Inserted)
2, , 1,0,3,1,S, 	(30-MAY-2025 15:48:04)	 (Not Inserted)
2, , 1,0,3,1,S, 	(30-MAY-2025 15:48:04)	 (Not Inserted)
2, , 1,0,3,1,S, 	(30-MAY-2025 15:48:04)	 (Not Inserted)
2, , 1,0,3,1,S, 	(30-MAY-2025 15:48:04)	 (Not Inserted)
2, , 1,0,7,0,S, 	(30-MAY-2025 15:48:04)	 (Not Inserted)
2, , 1,0,7,0,S, 	(30-MAY-2025 15:48:04)	 (Not Inserted)
2, , 1,0,7,0,S, 	(30-MAY-2025 15:48:04)	 (Not Inserted)
2, , 1,0,7,0,S, 	(30-MAY-2025 15:48:04)	 (Not Inserted)
2, , 1,0,7,0,S, 	(30-MAY-2025 15:48:04)	 (Not Inserted)
2, , 1,0,7,0,S, 	(30-MAY-2025 15:48:04)	 (Not Inserted)
2, , 1,0,7,0,S, 	(30-MAY-2025 15:48:04)	 (Not Inserted)
2, , 1,0,7,0,S, 	(30-MAY-2025 15:48:04)	 (Not Inserted)
2, , 1,0,7,0,S, 	(30-MAY-2025 15:48:04)	 (Not Inserted)
2, , 1,0,7,0,S, 	(30-MAY-2025 15:48:04)	 (Not Inserted)
2, , 1,0,7,0,S, 	(30-MAY-2025 15:48:04)	 (Not Inserted)
2, , 1,0,7,0,S, 	(30-MAY-2025 15:48:04)	 (Not Inserted)
2, , 1,0,7,0,S, 	(30-MAY-2025 15:48:04)	 (Not Inserted)
2, , 1,0,7,0,S, 	(30-MAY-2025 15:48:04)	 (Not Inserted)
2, , 1,0,7,0,S, 	(30-MAY-2025 15:48:04)	 (Not Inserted)
2, , 1,0,7,0,S, 	(30-MAY-2025 15:48:04)	 (Not Inserted)
2, , 1,0,7,0,S, 	(30-MAY-2025 15:48:04)	 (Not Inserted)
2, , 1,0,7,0,S, 	(30-MAY-2025 15:48:04)	 (Not Inserted)
2, , 1,0,7,0,S, 	(30-MAY-2025 15:48:04)	 (Not Inserted)
2, , 1,0,7,0,S, 	(30-MAY-2025 15:48:04)	 (Not Inserted)
2, , 1,0,7,0,S, 	(30-MAY-2025 15:48:04)	 (Not Inserted)
2, , 1,0,7,0,S, 	(30-MAY-2025 15:48:04)	 (Not Inserted)
2, , 1,0,7,0,S, 	(30-MAY-2025 15:48:04)	 (Not Inserted)
2, , 1,0,7,0,S, 	(30-MAY-2025 15:48:04)	 (Not Inserted)
2, , 1,0,7,0,S, 	(30-MAY-2025 15:48:04)	 (Not Inserted)
2, , 1,0,7,0,S, 	(30-MAY-2025 15:48:04)	 (Not Inserted)
2, , 1,0,7,0,S, 	(30-MAY-2025 15:48:04)	 (Not Inserted)
2, , 1,0,7,0,S, 	(30-MAY-2025 15:48:04)	 (Not Inserted)
2, , 1,0,7,0,S, 	(30-MAY-2025 15:48:04)	 (Not Inserted)
2, , 1,0,7,0,S, 	(30-MAY-2025 15:48:04)	 (Not Inserted)
2, , 1,0,7,0,S, 	(30-MAY-2025 15:48:04)	 (Not Inserted)
2, , 1,0,7,0,S, 	(30-MAY-2025 15:48:04)	 (Not Inserted)
2, , 1,0,7,0,S, 	(30-MAY-2025 15:48:04)	 (Not Inserted)
2, , 1,0,7,0,S, 	(30-MAY-2025 15:48:04)	 (Not Inserted)
2, , 1,0,7,0,S, 	(30-MAY-2025 15:48:04)	 (Not Inserted)
2, , 1,0,7,0,S, 	(30-MAY-2025 15:48:04)	 (Not Inserted)
2, , 1,0,7,0,S, 	(30-MAY-2025 15:48:04)	 (Not Inserted)
2, , 1,0,7,0,S, 	(30-MAY-2025 15:48:04)	 (Not Inserted)
2, , 1,0,7,0,S, 	(30-MAY-2025 15:48:04)	 (Not Inserted)
2, , 1,0,7,0,S, 	(30-MAY-2025 15:48:04)	 (Not Inserted)
2, , 1,0,7,0,S, 	(30-MAY-2025 15:48:04)	 (Not Inserted)
2, , 1,0,7,0,S, 	(30-MAY-2025 15:48:04)	 (Not Inserted)
2, , 1,0,7,0,S, 	(30-MAY-2025 15:48:04)	 (Not Inserted)
2, , 1,0,7,0,S, 	(30-MAY-2025 15:48:04)	 (Not Inserted)
2, , 1,0,7,0,S, 	(30-MAY-2025 15:48:04)	 (Not Inserted)
2, , 1,0,7,0,S, 	(30-MAY-2025 15:48:04)	 (Not Inserted)
2, , 1,0,7,0,S, 	(30-MAY-2025 15:48:04)	 (Not Inserted)
2, , 1,0,7,0,S, 	(30-MAY-2025 15:48:04)	 (Not Inserted)
2, , 1,0,7,0,S, 	(30-MAY-2025 15:48:04)	 (Not Inserted)
2, , 1,0,7,0,S, 	(30-MAY-2025 15:48:04)	 (Not Inserted)
2, , 1,0,7,0,S, 	(30-MAY-2025 15:48:04)	 (Not Inserted)
2, , 1,0,7,0,S, 	(30-MAY-2025 15:48:04)	 (Not Inserted)
2, , 1,0,7,0,S, 	(30-MAY-2025 15:48:04)	 (Not Inserted)
2, , 1,0,7,0,S, 	(30-MAY-2025 15:48:04)	 (Not Inserted)
2, , 1,0,7,0,S, 	(30-MAY-2025 15:48:04)	 (Not Inserted)
2, , 1,0,7,0,S, 	(30-MAY-2025 15:48:04)	 (Not Inserted)
2, , 1,0,7,0,S, 	(30-MAY-2025 15:48:04)	 (Not Inserted)
2, , 1,0,7,0,S, 	(30-MAY-2025 15:48:04)	 (Not Inserted)
2, , 1,0,7,0,S, 	(30-MAY-2025 15:48:04)	 (Not Inserted)
2, , 1,0,7,0,S, 	(30-MAY-2025 15:48:04)	 (Not Inserted)
2, , 1,0,7,0,S, 	(30-MAY-2025 15:48:04)	 (Not Inserted)
2, , 1,0,13,0,S, 	(30-MAY-2025 15:48:04)	 (Not Inserted)
2, , 1,0,13,0,S, 	(30-MAY-2025 15:48:04)	 (Not Inserted)
2, , 1,0,13,0,S, 	(30-MAY-2025 15:48:04)	 (Not Inserted)
2, , 1,0,13,0,S, 	(30-MAY-2025 15:48:04)	 (Not Inserted)
2, , 1,0,13,0,S, 	(30-MAY-2025 15:48:04)	 (Not Inserted)
2, , 1,0,13,0,S, 	(30-MAY-2025 15:48:04)	 (Not Inserted)
2, , 1,0,13,0,S, 	(30-MAY-2025 15:48:04)	 (Not Inserted)
2, , 1,0,13,0,S, 	(30-MAY-2025 15:48:04)	 (Not Inserted)
2, , 1,0,13,0,S, 	(30-MAY-2025 15:48:04)	 (Not Inserted)
2, , 1,0,13,0,S, 	(30-MAY-2025 15:48:04)	 (Not Inserted)
2, , 1,0,13,0,S, 	(30-MAY-2025 15:48:04)	 (Not Inserted)
2, , 1,0,13,0,S, 	(30-MAY-2025 15:48:04)	 (Not Inserted)
2, , 1,0,13,0,S, 	(30-MAY-2025 15:48:04)	 (Not Inserted)
2, , 1,0,13,0,S, 	(30-MAY-2025 15:48:04)	 (Not Inserted)
2, , 1,0,13,0,S, 	(30-MAY-2025 15:48:04)	 (Not Inserted)
2, , 1,0,13,0,S, 	(30-MAY-2025 15:48:04)	 (Not Inserted)
2, , 1,0,13,0,S, 	(30-MAY-2025 15:48:04)	 (Not Inserted)
2, , 1,0,13,0,S, 	(30-MAY-2025 15:48:04)	 (Not Inserted)
2, , 1,0,13,0,S, 	(30-MAY-2025 15:48:04)	 (Not Inserted)
2, , 1,0,13,0,S, 	(30-MAY-2025 15:48:04)	 (Not Inserted)
2, , 1,0,13,0,S, 	(30-MAY-2025 15:48:04)	 (Not Inserted)
2, , 1,0,13,0,S, 	(30-MAY-2025 15:48:04)	 (Not Inserted)
2, , 1,0,13,0,S, 	(30-MAY-2025 15:48:04)	 (Not Inserted)
2, , 1,0,13,0,S, 	(30-MAY-2025 15:48:04)	 (Not Inserted)
2, , 1,0,13,0,S, 	(30-MAY-2025 15:48:04)	 (Not Inserted)
2, , 1,0,13,0,S, 	(30-MAY-2025 15:48:04)	 (Not Inserted)
2, , 1,0,13,0,S, 	(30-MAY-2025 15:48:04)	 (Not Inserted)
2, , 1,0,13,0,S, 	(30-MAY-2025 15:48:04)	 (Not Inserted)
2, , 1,0,13,0,S, 	(30-MAY-2025 15:48:04)	 (Not Inserted)
2, , 1,0,13,0,S, 	(30-MAY-2025 15:48:04)	 (Not Inserted)
2, , 1,0,13,0,S, 	(30-MAY-2025 15:48:04)	 (Not Inserted)
2, , 1,0,13,0,S, 	(30-MAY-2025 15:48:04)	 (Not Inserted)
2, , 1,0,13,0,S, 	(30-MAY-2025 15:48:04)	 (Not Inserted)
2, , 1,0,13,0,S, 	(30-MAY-2025 15:48:04)	 (Not Inserted)
2, , 1,0,13,0,S, 	(30-MAY-2025 15:48:04)	 (Not Inserted)
2, , 1,0,13,0,S, 	(30-MAY-2025 15:48:04)	 (Not Inserted)
2, , 1,0,13,0,S, 	(30-MAY-2025 15:48:04)	 (Not Inserted)
2, , 1,0,13,0,S, 	(30-MAY-2025 15:48:04)	 (Not Inserted)
2, , 1,0,13,0,S, 	(30-MAY-2025 15:48:04)	 (Not Inserted)
2, , 1,0,13,0,S, 	(30-MAY-2025 15:48:04)	 (Not Inserted)
2, , 1,0,13,0,S, 	(30-MAY-2025 15:48:04)	 (Not Inserted)
2, , 1,0,13,0,S, 	(30-MAY-2025 15:48:04)	 (Not Inserted)
2, , 1,0,13,0,S, 	(30-MAY-2025 15:48:04)	 (Not Inserted)
2, , 1,0,13,0,S, 	(30-MAY-2025 15:48:04)	 (Not Inserted)
2, , 1,0,13,0,S, 	(30-MAY-2025 15:48:04)	 (Not Inserted)
2, , 1,0,13,0,S, 	(30-MAY-2025 15:48:04)	 (Not Inserted)
2, , 1,0,13,0,S, 	(30-MAY-2025 15:48:04)	 (Not Inserted)
2, , 1,0,13,0,S, 	(30-MAY-2025 15:48:04)	 (Not Inserted)
2, , 1,0,13,0,S, 	(30-MAY-2025 15:48:04)	 (Not Inserted)
2, , 1,0,13,0,S, 	(30-MAY-2025 15:48:04)	 (Not Inserted)
2, , 1,0,13,0,S, 	(30-MAY-2025 15:48:04)	 (Not Inserted)
2, , 1,0,13,0,S, 	(30-MAY-2025 15:48:04)	 (Not Inserted)
2, , 1,0,13,0,S, 	(30-MAY-2025 15:48:04)	 (Not Inserted)
2, , 1,0,13,0,S, 	(30-MAY-2025 15:48:04)	 (Not Inserted)
2, , 1,0,13,0,S, 	(30-MAY-2025 15:48:04)	 (Not Inserted)
2, , 1,0,13,0,S, 	(30-MAY-2025 15:48:04)	 (Not Inserted)
2, , 1,0,13,0,S, 	(30-MAY-2025 15:48:04)	 (Not Inserted)
2, , 1,0,13,0,S, 	(30-MAY-2025 15:48:04)	 (Not Inserted)
2, , 1,0,13,0,S, 	(30-MAY-2025 15:48:04)	 (Not Inserted)
2, , 1,0,13,0,S, 	(30-MAY-2025 15:48:04)	 (Not Inserted)
2, , 1,0,13,0,S, 	(30-MAY-2025 15:48:04)	 (Not Inserted)
2, , 1,0,13,0,S, 	(30-MAY-2025 15:48:04)	 (Not Inserted)
2, , 1,0,13,0,S, 	(30-MAY-2025 15:48:04)	 (Not Inserted)
2, , 1,0,13,0,S, 	(30-MAY-2025 15:48:04)	 (Not Inserted)
2, , 1,0,13,0,S, 	(30-MAY-2025 15:48:04)	 (Not Inserted)
2, , 1,0,13,0,S, 	(30-MAY-2025 15:48:04)	 (Not Inserted)
2, , 1,0,13,0,S, 	(30-MAY-2025 15:48:04)	 (Not Inserted)
2, , 1,0,13,0,S, 	(30-MAY-2025 15:48:04)	 (Not Inserted)
2, , 1,0,13,0,S, 	(30-MAY-2025 15:48:04)	 (Not Inserted)
2, , 1,0,13,0,S, 	(30-MAY-2025 15:48:04)	 (Not Inserted)
2, , 1,0,13,0,S, 	(30-MAY-2025 15:48:04)	 (Not Inserted)
2, , 1,0,13,0,S, 	(30-MAY-2025 15:48:04)	 (Not Inserted)
2, , 1,0,13,0,S, 	(30-MAY-2025 15:48:04)	 (Not Inserted)
2, , 1,0,13,0,S, 	(30-MAY-2025 15:48:04)	 (Not Inserted)
2, , 1,0,13,0,S, 	(30-MAY-2025 15:48:04)	 (Not Inserted)
2, , 1,0,13,0,S, 	(30-MAY-2025 15:48:04)	 (Not Inserted)
2, , 1,0,13,0,S, 	(30-MAY-2025 15:48:04)	 (Not Inserted)
2, , 1,0,13,0,S, 	(30-MAY-2025 15:48:04)	 (Not Inserted)
2, , 1,0,13,0,S, 	(30-MAY-2025 15:48:04)	 (Not Inserted)
2, , 1,0,13,0,S, 	(30-MAY-2025 15:48:04)	 (Not Inserted)
2, , 1,0,13,0,S, 	(30-MAY-2025 15:48:04)	 (Not Inserted)
2, , 1,0,13,0,S, 	(30-MAY-2025 15:48:04)	 (Not Inserted)
2, , 1,0,13,0,S, 	(30-MAY-2025 15:48:04)	 (Not Inserted)
2, , 1,0,13,0,S, 	(30-MAY-2025 15:48:04)	 (Not Inserted)
2, , 1,0,13,0,S, 	(30-MAY-2025 15:48:04)	 (Not Inserted)
2, , 1,0,13,0,S, 	(30-MAY-2025 15:48:04)	 (Not Inserted)
2, , 1,0,13,0,S, 	(30-MAY-2025 15:48:04)	 (Not Inserted)
2, , 1,0,13,0,S, 	(30-MAY-2025 15:48:04)	 (Not Inserted)
2, , 1,0,13,0,S, 	(30-MAY-2025 15:48:04)	 (Not Inserted)
2, , 1,0,13,0,S, 	(30-MAY-2025 15:48:04)	 (Not Inserted)
2, , 1,0,13,0,S, 	(30-MAY-2025 15:48:04)	 (Not Inserted)
2, , 1,0,13,0,S, 	(30-MAY-2025 15:48:04)	 (Not Inserted)
2, , 1,0,13,0,S, 	(30-MAY-2025 15:48:04)	 (Not Inserted)
2, , 1,0,13,0,S, 	(30-MAY-2025 15:48:04)	 (Not Inserted)
2, , 1,0,13,0,S, 	(30-MAY-2025 15:48:04)	 (Not Inserted)
2, , 1,0,13,0,S, 	(30-MAY-2025 15:48:04)	 (Not Inserted)
2, , 1,0,13,0,S, 	(30-MAY-2025 15:48:04)	 (Not Inserted)
2, , 1,0,13,0,S, 	(30-MAY-2025 15:48:04)	 (Not Inserted)
2, , 1,0,13,0,S, 	(30-MAY-2025 15:48:04)	 (Not Inserted)
2, , 1,0,13,0,S, 	(30-MAY-2025 15:48:04)	 (Not Inserted)
2, , 1,0,13,0,S, 	(30-MAY-2025 15:48:04)	 (Not Inserted)
2, , 1,0,13,0,S, 	(30-MAY-2025 15:48:04)	 (Not Inserted)
2, , 1,0,13,0,S, 	(30-MAY-2025 15:48:04)	 (Not Inserted)
2, , 1,0,13,0,S, 	(30-MAY-2025 15:48:04)	 (Not Inserted)
2, , 1,0,13,0,S, 	(30-MAY-2025 15:48:04)	 (Not Inserted)
2, , 1,0,13,0,S, 	(30-MAY-2025 15:48:04)	 (Not Inserted)
2, , 1,0,13,0,S, 	(30-MAY-2025 15:48:04)	 (Not Inserted)
2, , 1,0,13,0,S, 	(30-MAY-2025 15:48:04)	 (Not Inserted)
2, , 1,0,13,0,S, 	(30-MAY-2025 15:48:04)	 (Not Inserted)
2, , 1,0,13,0,S, 	(30-MAY-2025 15:48:04)	 (Not Inserted)
2, , 1,0,13,0,S, 	(30-MAY-2025 15:48:04)	 (Not Inserted)
2, , 1,0,13,0,S, 	(30-MAY-2025 15:48:04)	 (Not Inserted)
2, , 1,0,13,0,S, 	(30-MAY-2025 15:48:04)	 (Not Inserted)
2, , 1,0,13,0,S, 	(30-MAY-2025 15:48:04)	 (Not Inserted)
2, , 1,0,13,0,S, 	(30-MAY-2025 15:48:04)	 (Not Inserted)
2, , 1,0,13,0,S, 	(30-MAY-2025 15:48:04)	 (Not Inserted)
2, , 1,0,13,0,S, 	(30-MAY-2025 15:48:04)	 (Not Inserted)
2, , 1,0,13,0,S, 	(30-MAY-2025 15:48:04)	 (Not Inserted)
2, , 1,0,13,0,S, 	(30-MAY-2025 15:48:04)	 (Not Inserted)
2, , 1,0,13,0,S, 	(30-MAY-2025 15:48:04)	 (Not Inserted)
2, , 1,0,13,0,S, 	(30-MAY-2025 15:48:04)	 (Not Inserted)
2, , 1,0,13,0,S, 	(30-MAY-2025 15:48:04)	 (Not Inserted)
2, , 1,0,13,0,S, 	(30-MAY-2025 15:48:04)	 (Not Inserted)
2, , 1,0,13,0,S, 	(30-MAY-2025 15:48:04)	 (Not Inserted)
2, , 1,0,13,0,S, 	(30-MAY-2025 15:48:04)	 (Not Inserted)
2, , 1,0,13,0,S, 	(30-MAY-2025 15:48:04)	 (Not Inserted)
2, , 1,0,13,0,S, 	(30-MAY-2025 15:48:04)	 (Not Inserted)
2, , 1,0,13,0,S, 	(30-MAY-2025 15:48:04)	 (Not Inserted)
2, , 1,0,13,0,S, 	(30-MAY-2025 15:48:04)	 (Not Inserted)
2, , 1,0,13,0,S, 	(30-MAY-2025 15:48:04)	 (Not Inserted)
2, , 1,0,13,0,S, 	(30-MAY-2025 15:48:04)	 (Not Inserted)
2, , 1,0,13,0,S, 	(30-MAY-2025 15:48:04)	 (Not Inserted)
2, , 1,0,13,0,S, 	(30-MAY-2025 15:48:04)	 (Not Inserted)
2, , 1,0,13,0,S, 	(30-MAY-2025 15:48:04)	 (Not Inserted)
2, , 1,0,13,0,S, 	(30-MAY-2025 15:48:04)	 (Not Inserted)
2, , 1,0,13,0,S, 	(30-MAY-2025 15:48:04)	 (Not Inserted)
2, , 1,0,13,0,S, 	(30-MAY-2025 15:48:04)	 (Not Inserted)
2, , 1,0,13,0,S, 	(30-MAY-2025 15:48:04)	 (Not Inserted)
2, , 1,0,13,0,S, 	(30-MAY-2025 15:48:04)	 (Not Inserted)
2, , 1,0,13,0,S, 	(30-MAY-2025 15:48:04)	 (Not Inserted)
2, , 1,0,13,0,S, 	(30-MAY-2025 15:48:04)	 (Not Inserted)
2, , 1,0,13,0,S, 	(30-MAY-2025 15:48:04)	 (Not Inserted)
2, , 1,0,13,0,S, 	(30-MAY-2025 15:48:04)	 (Not Inserted)
2, , 1,0,13,0,S, 	(30-MAY-2025 15:48:04)	 (Not Inserted)
2, , 1,0,13,0,S, 	(30-MAY-2025 15:48:04)	 (Not Inserted)
2, , 1,0,13,0,S, 	(30-MAY-2025 15:48:04)	 (Not Inserted)
2, , 1,0,13,0,S, 	(30-MAY-2025 15:48:04)	 (Not Inserted)
2, , 1,0,13,0,S, 	(30-MAY-2025 15:48:04)	 (Not Inserted)
2, , 1,0,13,0,S, 	(30-MAY-2025 15:48:04)	 (Not Inserted)
2, , 1,0,13,0,S, 	(30-MAY-2025 15:48:04)	 (Not Inserted)
2, , 1,0,13,0,S, 	(30-MAY-2025 15:48:04)	 (Not Inserted)
2, , 1,0,13,0,S, 	(30-MAY-2025 15:48:04)	 (Not Inserted)
2, , 1,0,13,0,S, 	(30-MAY-2025 15:48:04)	 (Not Inserted)
2, , 1,0,13,0,S, 	(30-MAY-2025 15:48:04)	 (Not Inserted)
2, , 1,0,13,0,S, 	(30-MAY-2025 15:48:04)	 (Not Inserted)
2, , 1,0,13,0,S, 	(30-MAY-2025 15:48:04)	 (Not Inserted)
2, , 1,0,13,0,S, 	(30-MAY-2025 15:48:04)	 (Not Inserted)
2, , 1,0,13,0,S, 	(30-MAY-2025 15:48:04)	 (Not Inserted)
2, , 1,0,13,0,S, 	(30-MAY-2025 15:48:04)	 (Not Inserted)
2, , 1,0,13,0,S, 	(30-MAY-2025 15:48:04)	 (Not Inserted)
2, , 1,0,13,0,S, 	(30-MAY-2025 15:48:04)	 (Not Inserted)
2, , 1,0,13,0,S, 	(30-MAY-2025 15:48:04)	 (Not Inserted)
2, , 1,0,13,0,S, 	(30-MAY-2025 15:48:04)	 (Not Inserted)
2, , 1,0,13,0,S, 	(30-MAY-2025 15:48:04)	 (Not Inserted)
2, , 1,0,13,0,S, 	(30-MAY-2025 15:48:04)	 (Not Inserted)
2, , 1,0,13,0,S, 	(30-MAY-2025 15:48:04)	 (Not Inserted)
2, , 1,0,13,0,S, 	(30-MAY-2025 15:48:04)	 (Not Inserted)
2, , 1,0,13,0,S, 	(30-MAY-2025 15:48:04)	 (Not Inserted)
2, , 1,0,13,0,S, 	(30-MAY-2025 15:48:04)	 (Not Inserted)
2, , 1,0,13,0,S, 	(30-MAY-2025 15:48:04)	 (Not Inserted)
2, , 1,0,13,0,S, 	(30-MAY-2025 15:48:04)	 (Not Inserted)
2, , 1,0,13,0,S, 	(30-MAY-2025 15:48:04)	 (Not Inserted)
2, , 1,0,13,0,S, 	(30-MAY-2025 15:48:04)	 (Not Inserted)
2, , 1,0,13,0,S, 	(30-MAY-2025 15:48:04)	 (Not Inserted)
2, , 1,0,13,0,S, 	(30-MAY-2025 15:48:04)	 (Not Inserted)
2, , 1,0,13,0,S, 	(30-MAY-2025 15:48:04)	 (Not Inserted)
2, , 1,0,13,0,S, 	(30-MAY-2025 15:48:04)	 (Not Inserted)
2, , 1,0,13,0,S, 	(30-MAY-2025 15:48:04)	 (Not Inserted)
2, , 1,0,13,0,S, 	(30-MAY-2025 15:48:04)	 (Not Inserted)
2, , 1,0,13,0,S, 	(30-MAY-2025 15:48:04)	 (Not Inserted)
2, , 1,0,13,0,S, 	(30-MAY-2025 15:48:04)	 (Not Inserted)
2, , 1,0,13,0,S, 	(30-MAY-2025 15:48:04)	 (Not Inserted)
2, , 1,0,13,0,S, 	(30-MAY-2025 15:48:04)	 (Not Inserted)
2, , 1,0,13,0,S, 	(30-MAY-2025 15:48:04)	 (Not Inserted)
2, , 1,0,13,0,S, 	(30-MAY-2025 15:48:04)	 (Not Inserted)
2, , 1,0,13,0,S, 	(30-MAY-2025 15:48:04)	 (Not Inserted)
2, , 1,0,13,0,S, 	(30-MAY-2025 15:48:04)	 (Not Inserted)
2, , 1,0,13,0,S, 	(30-MAY-2025 15:48:04)	 (Not Inserted)
2, , 1,0,13,0,S, 	(30-MAY-2025 15:48:04)	 (Not Inserted)
2, , 1,0,13,0,S, 	(30-MAY-2025 15:48:04)	 (Not Inserted)
2, , 1,0,13,0,S, 	(30-MAY-2025 15:48:04)	 (Not Inserted)
2, , 1,0,13,0,S, 	(30-MAY-2025 15:48:04)	 (Not Inserted)
2, , 1,0,13,0,S, 	(30-MAY-2025 15:48:04)	 (Not Inserted)
2, , 1,0,13,0,S, 	(30-MAY-2025 15:48:04)	 (Not Inserted)
2, , 1,0,13,0,S, 	(30-MAY-2025 15:48:04)	 (Not Inserted)
2, , 1,0,13,0,S, 	(30-MAY-2025 15:48:04)	 (Not Inserted)
2, , 1,0,13,0,S, 	(30-MAY-2025 15:48:04)	 (Not Inserted)
2, , 1,0,13,0,S, 	(30-MAY-2025 15:48:04)	 (Not Inserted)
2, , 1,0,13,0,S, 	(30-MAY-2025 15:48:04)	 (Not Inserted)
2, , 1,0,13,0,S, 	(30-MAY-2025 15:48:04)	 (Not Inserted)
2, , 1,0,13,0,S, 	(30-MAY-2025 15:48:04)	 (Not Inserted)
2, , 1,0,13,0,S, 	(30-MAY-2025 15:48:04)	 (Not Inserted)
2, , 1,0,13,0,S, 	(30-MAY-2025 15:48:04)	 (Not Inserted)
2, , 1,0,13,0,S, 	(30-MAY-2025 15:48:04)	 (Not Inserted)
2, , 1,0,13,0,S, 	(30-MAY-2025 15:48:04)	 (Not Inserted)
2, , 1,0,13,0,S, 	(30-MAY-2025 15:48:04)	 (Not Inserted)
2, , 1,0,13,0,S, 	(30-MAY-2025 15:48:04)	 (Not Inserted)
2, , 1,0,13,0,S, 	(30-MAY-2025 15:48:04)	 (Not Inserted)
2, , 1,0,13,0,S, 	(30-MAY-2025 15:48:04)	 (Not Inserted)
2, , 1,0,13,0,S, 	(30-MAY-2025 15:48:04)	 (Not Inserted)
2, , 1,0,13,0,S, 	(30-MAY-2025 15:48:04)	 (Not Inserted)
2, , 1,0,13,0,S, 	(30-MAY-2025 15:48:04)	 (Not Inserted)
2, , 1,0,13,0,S, 	(30-MAY-2025 15:48:04)	 (Not Inserted)
2, , 1,0,13,0,S, 	(30-MAY-2025 15:48:04)	 (Not Inserted)
2, , 1,0,13,0,S, 	(30-MAY-2025 15:48:04)	 (Not Inserted)
2, , 1,0,13,0,S, 	(30-MAY-2025 15:48:04)	 (Not Inserted)
2, , 1,0,13,0,S, 	(30-MAY-2025 15:48:04)	 (Not Inserted)
2, , 1,0,13,0,S, 	(30-MAY-2025 15:48:04)	 (Not Inserted)
2, , 1,0,13,0,S, 	(30-MAY-2025 15:48:04)	 (Not Inserted)
2, , 1,0,13,0,S, 	(30-MAY-2025 15:48:04)	 (Not Inserted)
2, , 1,0,13,0,S, 	(30-MAY-2025 15:48:04)	 (Not Inserted)
2, , 1,0,13,0,S, 	(30-MAY-2025 15:48:04)	 (Not Inserted)
2, , 1,0,13,0,S, 	(30-MAY-2025 15:48:04)	 (Not Inserted)
2, , 1,0,13,0,S, 	(30-MAY-2025 15:48:04)	 (Not Inserted)
2, , 1,0,13,0,S, 	(30-MAY-2025 15:48:04)	 (Not Inserted)
2, , 1,0,13,0,S, 	(30-MAY-2025 15:48:04)	 (Not Inserted)
2, , 1,0,13,0,S, 	(30-MAY-2025 15:48:04)	 (Not Inserted)
2, , 1,0,13,0,S, 	(30-MAY-2025 15:48:04)	 (Not Inserted)
2, , 1,0,13,0,S, 	(30-MAY-2025 15:48:04)	 (Not Inserted)
2, , 1,0,13,0,S, 	(30-MAY-2025 15:48:04)	 (Not Inserted)
2, , 1,0,13,0,S, 	(30-MAY-2025 15:48:04)	 (Not Inserted)
2, , 1,0,13,0,S, 	(30-MAY-2025 15:48:04)	 (Not Inserted)
2, , 1,0,13,0,S, 	(30-MAY-2025 15:48:04)	 (Not Inserted)
2, , 1,0,13,0,S, 	(30-MAY-2025 15:48:04)	 (Not Inserted)
2, , 1,0,13,0,S, 	(30-MAY-2025 15:48:04)	 (Not Inserted)
2, , 1,0,13,0,S, 	(30-MAY-2025 15:48:04)	 (Not Inserted)
2, , 1,0,13,0,S, 	(30-MAY-2025 15:48:04)	 (Not Inserted)
2, , 1,0,13,0,S, 	(30-MAY-2025 15:48:04)	 (Not Inserted)
2, , 1,0,13,0,S, 	(30-MAY-2025 15:48:04)	 (Not Inserted)
2, , 1,0,13,0,S, 	(30-MAY-2025 15:48:04)	 (Not Inserted)
2, , 1,0,13,0,S, 	(30-MAY-2025 15:48:04)	 (Not Inserted)
2, , 1,0,13,0,S, 	(30-MAY-2025 15:48:04)	 (Not Inserted)
2, , 1,0,13,0,S, 	(30-MAY-2025 15:48:04)	 (Not Inserted)
2, , 1,0,13,0,S, 	(30-MAY-2025 15:48:04)	 (Not Inserted)
2, , 1,0,13,0,S, 	(30-MAY-2025 15:48:04)	 (Not Inserted)
2, , 1,0,13,0,S, 	(30-MAY-2025 15:48:04)	 (Not Inserted)
2, , 1,0,13,0,S, 	(30-MAY-2025 15:48:04)	 (Not Inserted)
2, , 1,0,13,0,S, 	(30-MAY-2025 15:48:04)	 (Not Inserted)
2, , 1,0,13,0,S, 	(30-MAY-2025 15:48:04)	 (Not Inserted)
2, , 1,0,13,0,S, 	(30-MAY-2025 15:48:04)	 (Not Inserted)
2, , 1,0,13,0,S, 	(30-MAY-2025 15:48:04)	 (Not Inserted)
2, , 1,0,13,0,S, 	(30-MAY-2025 15:48:04)	 (Not Inserted)
2, , 1,0,13,0,S, 	(30-MAY-2025 15:48:04)	 (Not Inserted)
2, , 1,0,13,0,S, 	(30-MAY-2025 15:48:04)	 (Not Inserted)
2, , 1,0,13,0,S, 	(30-MAY-2025 15:48:04)	 (Not Inserted)
2, , 1,0,13,0,S, 	(30-MAY-2025 15:48:04)	 (Not Inserted)
2, , 1,0,13,0,S, 	(30-MAY-2025 15:48:04)	 (Not Inserted)
2, , 1,0,13,0,S, 	(30-MAY-2025 15:48:04)	 (Not Inserted)
2, , 1,0,13,0,S, 	(30-MAY-2025 15:48:04)	 (Not Inserted)
2, , 1,0,13,0,S, 	(30-MAY-2025 15:48:04)	 (Not Inserted)
2, , 1,0,13,0,S, 	(30-MAY-2025 15:48:04)	 (Not Inserted)
2, , 1,0,13,0,S, 	(30-MAY-2025 15:48:04)	 (Not Inserted)
2, , 1,0,13,0,S, 	(30-MAY-2025 15:48:04)	 (Not Inserted)
2, , 1,0,13,0,S, 	(30-MAY-2025 15:48:04)	 (Not Inserted)
2, , 1,0,13,0,S, 	(30-MAY-2025 15:48:04)	 (Not Inserted)
2, , 1,0,13,0,S, 	(30-MAY-2025 15:48:04)	 (Not Inserted)
2, , 1,0,13,0,S, 	(30-MAY-2025 15:48:04)	 (Not Inserted)
2, , 1,0,13,0,S, 	(30-MAY-2025 15:48:04)	 (Not Inserted)
2, , 1,0,13,0,S, 	(30-MAY-2025 15:48:04)	 (Not Inserted)
2, , 1,0,13,0,S, 	(30-MAY-2025 15:48:04)	 (Not Inserted)
2, , 1,0,13,0,S, 	(30-MAY-2025 15:48:04)	 (Not Inserted)
2, , 1,0,13,0,S, 	(30-MAY-2025 15:48:04)	 (Not Inserted)
2, , 1,0,13,0,S, 	(30-MAY-2025 15:48:04)	 (Not Inserted)
2, , 1,0,13,0,S, 	(30-MAY-2025 15:48:04)	 (Not Inserted)
2, , 1,0,13,0,S, 	(30-MAY-2025 15:48:04)	 (Not Inserted)
2, , 1,0,13,0,S, 	(30-MAY-2025 15:48:04)	 (Not Inserted)
2, , 1,0,13,0,S, 	(30-MAY-2025 15:48:04)	 (Not Inserted)
2, , 1,0,13,0,S, 	(30-MAY-2025 15:48:04)	 (Not Inserted)
2, , 1,0,13,0,S, 	(30-MAY-2025 15:48:04)	 (Not Inserted)
2, , 1,0,13,0,S, 	(30-MAY-2025 15:48:04)	 (Not Inserted)
2, , 1,0,13,0,S, 	(30-MAY-2025 15:48:04)	 (Not Inserted)
2, , 1,0,13,0,S, 	(30-MAY-2025 15:48:04)	 (Not Inserted)
2, , 1,0,13,0,S, 	(30-MAY-2025 15:48:04)	 (Not Inserted)
2, , 1,0,13,0,S, 	(30-MAY-2025 15:48:04)	 (Not Inserted)
2, , 1,0,13,0,S, 	(30-MAY-2025 15:48:04)	 (Not Inserted)
2, , 1,0,13,0,S, 	(30-MAY-2025 15:48:04)	 (Not Inserted)
2, , 1,0,13,0,S, 	(30-MAY-2025 15:48:04)	 (Not Inserted)
2, , 1,0,13,0,S, 	(30-MAY-2025 15:48:04)	 (Not Inserted)
2, , 1,0,13,0,S, 	(30-MAY-2025 15:48:04)	 (Not Inserted)
2, , 1,0,3,0,S, 	(30-MAY-2025 15:48:04)	 (Not Inserted)
2, , 1,0,3,0,S, 	(30-MAY-2025 15:48:04)	 (Not Inserted)
2, , 1,0,3,0,S, 	(30-MAY-2025 15:48:04)	 (Not Inserted)
2, , 1,0,3,0,S, 	(30-MAY-2025 15:48:04)	 (Not Inserted)
2, , 1,0,3,0,S, 	(30-MAY-2025 15:48:04)	 (Not Inserted)
2, , 1,0,3,0,S, 	(30-MAY-2025 15:48:04)	 (Not Inserted)
2, , 1,0,3,0,S, 	(30-MAY-2025 15:48:04)	 (Not Inserted)
2, , 1,0,3,0,S, 	(30-MAY-2025 15:48:04)	 (Not Inserted)
2, , 1,0,3,0,S, 	(30-MAY-2025 15:48:04)	 (Not Inserted)
2, , 1,0,3,0,S, 	(30-MAY-2025 15:48:04)	 (Not Inserted)
2, , 1,0,3,0,S, 	(30-MAY-2025 15:48:04)	 (Not Inserted)
2, , 1,0,3,0,S, 	(30-MAY-2025 15:48:04)	 (Not Inserted)
2, , 1,0,3,0,S, 	(30-MAY-2025 15:48:04)	 (Not Inserted)
2, , 1,0,3,0,S, 	(30-MAY-2025 15:48:04)	 (Not Inserted)
2, , 1,0,3,0,S, 	(30-MAY-2025 15:48:04)	 (Not Inserted)
2, , 1,0,3,0,S, 	(30-MAY-2025 15:48:04)	 (Not Inserted)
2, , 1,0,3,0,S, 	(30-MAY-2025 15:48:04)	 (Not Inserted)
2, , 1,0,3,0,S, 	(30-MAY-2025 15:48:04)	 (Not Inserted)
2, , 1,0,3,0,S, 	(30-MAY-2025 15:48:04)	 (Not Inserted)
2, , 1,0,3,0,S, 	(30-MAY-2025 15:48:04)	 (Not Inserted)
2, , 1,0,3,0,S, 	(30-MAY-2025 15:48:04)	 (Not Inserted)
2, , 1,0,3,0,S, 	(30-MAY-2025 15:48:04)	 (Not Inserted)
2, , 1,0,3,0,S, 	(30-MAY-2025 15:48:04)	 (Not Inserted)
2, , 1,0,3,0,S, 	(30-MAY-2025 15:48:04)	 (Not Inserted)
2, , 1,0,3,0,S, 	(30-MAY-2025 15:48:04)	 (Not Inserted)
2, , 1,0,3,0,S, 	(30-MAY-2025 15:48:04)	 (Not Inserted)
2, , 1,0,3,0,S, 	(30-MAY-2025 15:48:04)	 (Not Inserted)
2, , 1,0,3,0,S, 	(30-MAY-2025 15:48:04)	 (Not Inserted)
2, , 1,0,3,0,S, 	(30-MAY-2025 15:48:04)	 (Not Inserted)
2, , 1,0,3,0,S, 	(30-MAY-2025 15:48:04)	 (Not Inserted)
2, , 1,0,3,0,S, 	(30-MAY-2025 15:48:04)	 (Not Inserted)
2, , 1,0,3,0,S, 	(30-MAY-2025 15:48:04)	 (Not Inserted)
2, , 1,0,3,0,S, 	(30-MAY-2025 15:48:04)	 (Not Inserted)
2, , 1,0,3,0,S, 	(30-MAY-2025 15:48:04)	 (Not Inserted)
2, , 1,0,3,0,S, 	(30-MAY-2025 15:48:04)	 (Not Inserted)
2, , 1,0,3,0,S, 	(30-MAY-2025 15:48:04)	 (Not Inserted)
2, , 1,0,3,0,S, 	(30-MAY-2025 15:48:04)	 (Not Inserted)
2, , 1,0,3,0,S, 	(30-MAY-2025 15:48:04)	 (Not Inserted)
2, , 1,0,3,0,S, 	(30-MAY-2025 15:48:04)	 (Not Inserted)
2, , 1,0,3,0,S, 	(30-MAY-2025 15:48:04)	 (Not Inserted)
2, , 1,0,3,0,S, 	(30-MAY-2025 15:48:04)	 (Not Inserted)
2, , 1,0,3,0,S, 	(30-MAY-2025 15:48:04)	 (Not Inserted)
2, , 1,0,3,0,S, 	(30-MAY-2025 15:48:04)	 (Not Inserted)
2, , 1,0,3,0,S, 	(30-MAY-2025 15:48:04)	 (Not Inserted)
2, , 1,0,3,0,S, 	(30-MAY-2025 15:48:04)	 (Not Inserted)
2, , 1,0,3,0,S, 	(30-MAY-2025 15:48:04)	 (Not Inserted)
2, , 1,0,3,0,S, 	(30-MAY-2025 15:48:04)	 (Not Inserted)
2, , 1,0,3,0,S, 	(30-MAY-2025 15:48:04)	 (Not Inserted)
2, , 1,0,3,0,S, 	(30-MAY-2025 15:48:04)	 (Not Inserted)
2, , 1,0,3,0,S, 	(30-MAY-2025 15:48:04)	 (Not Inserted)
2, , 1,0,3,0,S, 	(30-MAY-2025 15:48:04)	 (Not Inserted)
2, , 1,0,3,0,S, 	(30-MAY-2025 15:48:04)	 (Not Inserted)
2, , 1,0,3,0,S, 	(30-MAY-2025 15:48:04)	 (Not Inserted)
2, , 1,0,3,0,S, 	(30-MAY-2025 15:48:04)	 (Not Inserted)
2, , 1,0,3,0,S, 	(30-MAY-2025 15:48:04)	 (Not Inserted)
2, , 1,0,3,0,S, 	(30-MAY-2025 15:48:04)	 (Not Inserted)
2, , 1,0,3,0,S, 	(30-MAY-2025 15:48:04)	 (Not Inserted)
2, , 1,0,3,0,S, 	(30-MAY-2025 15:48:04)	 (Not Inserted)
2, , 1,0,3,0,S, 	(30-MAY-2025 15:48:04)	 (Not Inserted)
2, , 1,0,3,0,S, 	(30-MAY-2025 15:48:04)	 (Not Inserted)
2, , 1,0,3,0,S, 	(30-MAY-2025 15:48:04)	 (Not Inserted)
2, , 1,0,3,0,S, 	(30-MAY-2025 15:48:04)	 (Not Inserted)
2, , 1,0,3,0,S, 	(30-MAY-2025 15:48:04)	 (Not Inserted)
2, , 1,0,3,0,S, 	(30-MAY-2025 15:48:04)	 (Not Inserted)
2, , 1,0,3,0,S, 	(30-MAY-2025 15:48:04)	 (Not Inserted)
2, , 1,0,3,0,S, 	(30-MAY-2025 15:48:04)	 (Not Inserted)
2, , 1,0,3,0,S, 	(30-MAY-2025 15:48:04)	 (Not Inserted)
2, , 1,0,3,0,S, 	(30-MAY-2025 15:48:04)	 (Not Inserted)
2, , 1,0,3,0,S, 	(30-MAY-2025 15:48:04)	 (Not Inserted)
2, , 1,0,3,0,S, 	(30-MAY-2025 15:48:04)	 (Not Inserted)
2, , 1,0,3,0,S, 	(30-MAY-2025 15:48:04)	 (Not Inserted)
2, , 1,0,3,0,S, 	(30-MAY-2025 15:48:04)	 (Not Inserted)
2, , 1,0,3,0,S, 	(30-MAY-2025 15:48:04)	 (Not Inserted)
2, , 1,0,3,0,S, 	(30-MAY-2025 15:48:04)	 (Not Inserted)
2, , 1,0,3,0,S, 	(30-MAY-2025 15:48:04)	 (Not Inserted)
2, , 1,0,3,0,S, 	(30-MAY-2025 15:48:04)	 (Not Inserted)
2, , 1,0,3,0,S, 	(30-MAY-2025 15:48:04)	 (Not Inserted)
2, , 1,0,3,0,S, 	(30-MAY-2025 15:48:04)	 (Not Inserted)
2, , 1,0,3,0,S, 	(30-MAY-2025 15:48:04)	 (Not Inserted)
2, , 1,0,3,0,S, 	(30-MAY-2025 15:48:04)	 (Not Inserted)
2, , 1,0,3,0,S, 	(30-MAY-2025 15:48:04)	 (Not Inserted)
2, , 1,0,3,0,S, 	(30-MAY-2025 15:48:04)	 (Not Inserted)
2, , 1,0,3,0,S, 	(30-MAY-2025 15:48:04)	 (Not Inserted)
2, , 1,0,3,0,S, 	(30-MAY-2025 15:48:04)	 (Not Inserted)
2, , 1,0,3,0,S, 	(30-MAY-2025 15:48:04)	 (Not Inserted)
2, , 1,0,3,0,S, 	(30-MAY-2025 15:48:04)	 (Not Inserted)
2, , 1,0,3,0,S, 	(30-MAY-2025 15:48:04)	 (Not Inserted)
2, , 1,0,3,0,S, 	(30-MAY-2025 15:48:04)	 (Not Inserted)
2, , 1,0,3,0,S, 	(30-MAY-2025 15:48:04)	 (Not Inserted)
2, , 1,0,3,0,S, 	(30-MAY-2025 15:48:04)	 (Not Inserted)
2, , 1,0,3,0,S, 	(30-MAY-2025 15:48:04)	 (Not Inserted)
2, , 1,0,3,0,S, 	(30-MAY-2025 15:48:04)	 (Not Inserted)
2, , 1,0,3,0,S, 	(30-MAY-2025 15:48:04)	 (Not Inserted)
2, , 1,0,3,0,S, 	(30-MAY-2025 15:48:04)	 (Not Inserted)
2, , 1,0,3,0,S, 	(30-MAY-2025 15:48:04)	 (Not Inserted)
2, , 1,0,3,0,S, 	(30-MAY-2025 15:48:04)	 (Not Inserted)
2, , 1,0,3,0,S, 	(30-MAY-2025 15:48:04)	 (Not Inserted)
2, , 1,0,3,0,S, 	(30-MAY-2025 15:48:04)	 (Not Inserted)
2, , 1,0,3,0,S, 	(30-MAY-2025 15:48:04)	 (Not Inserted)
2, , 1,0,3,0,S, 	(30-MAY-2025 15:48:04)	 (Not Inserted)
2, , 1,0,3,0,S, 	(30-MAY-2025 15:48:04)	 (Not Inserted)
2, , 1,0,3,0,S, 	(30-MAY-2025 15:48:04)	 (Not Inserted)
2, , 1,0,3,0,S, 	(30-MAY-2025 15:48:04)	 (Not Inserted)
2, , 1,0,3,0,S, 	(30-MAY-2025 15:48:04)	 (Not Inserted)
2, , 1,0,3,0,S, 	(30-MAY-2025 15:48:04)	 (Not Inserted)
2, , 1,0,3,0,S, 	(30-MAY-2025 15:48:04)	 (Not Inserted)
2, , 1,0,4,0,S, 	(30-MAY-2025 15:48:04)	 (Not Inserted)
2, , 1,0,4,0,S, 	(30-MAY-2025 15:48:04)	 (Not Inserted)
2, , 1,0,4,0,S, 	(30-MAY-2025 15:48:04)	 (Not Inserted)
2, , 1,0,4,0,S, 	(30-MAY-2025 15:48:04)	 (Not Inserted)
2, , 1,0,4,0,S, 	(30-MAY-2025 15:48:04)	 (Not Inserted)
2, , 1,0,4,0,S, 	(30-MAY-2025 15:48:04)	 (Not Inserted)
2, , 1,0,4,0,S, 	(30-MAY-2025 15:48:04)	 (Not Inserted)
2, , 1,0,4,0,S, 	(30-MAY-2025 15:48:04)	 (Not Inserted)
2, , 1,0,4,0,S, 	(30-MAY-2025 15:48:04)	 (Not Inserted)
2, , 1,0,4,0,S, 	(30-MAY-2025 15:48:04)	 (Not Inserted)
2, , 1,0,4,0,S, 	(30-MAY-2025 15:48:04)	 (Not Inserted)
2, , 1,0,4,0,S, 	(30-MAY-2025 15:48:04)	 (Not Inserted)
2, , 1,0,4,0,S, 	(30-MAY-2025 15:48:04)	 (Not Inserted)
2, , 1,0,4,0,S, 	(30-MAY-2025 15:48:04)	 (Not Inserted)
2, , 1,0,4,0,S, 	(30-MAY-2025 15:48:04)	 (Not Inserted)
2, , 1,0,4,0,S, 	(30-MAY-2025 15:48:04)	 (Not Inserted)
2, , 1,0,4,0,S, 	(30-MAY-2025 15:48:04)	 (Not Inserted)
2, , 1,0,4,0,S, 	(30-MAY-2025 15:48:04)	 (Not Inserted)
2, , 1,0,4,0,S, 	(30-MAY-2025 15:48:04)	 (Not Inserted)
2, , 1,0,4,0,S, 	(30-MAY-2025 15:48:04)	 (Not Inserted)
2, , 1,0,4,0,S, 	(30-MAY-2025 15:48:04)	 (Not Inserted)
2, , 1,0,4,0,S, 	(30-MAY-2025 15:48:04)	 (Not Inserted)
2, , 1,0,4,0,S, 	(30-MAY-2025 15:48:04)	 (Not Inserted)
2, , 1,0,4,0,S, 	(30-MAY-2025 15:48:04)	 (Not Inserted)
2, , 1,0,4,0,S, 	(30-MAY-2025 15:48:04)	 (Not Inserted)
2, , 1,0,4,0,S, 	(30-MAY-2025 15:48:04)	 (Not Inserted)
2, , 1,0,4,0,S, 	(30-MAY-2025 15:48:04)	 (Not Inserted)
2, , 1,0,4,0,S, 	(30-MAY-2025 15:48:04)	 (Not Inserted)
2, , 1,0,4,0,S, 	(30-MAY-2025 15:48:04)	 (Not Inserted)
2, , 1,0,4,0,S, 	(30-MAY-2025 15:48:04)	 (Not Inserted)
2, , 1,0,4,0,S, 	(30-MAY-2025 15:48:04)	 (Not Inserted)
2, , 1,0,4,0,S, 	(30-MAY-2025 15:48:04)	 (Not Inserted)
2, , 1,0,4,0,S, 	(30-MAY-2025 15:48:04)	 (Not Inserted)
2, , 1,0,4,0,S, 	(30-MAY-2025 15:48:04)	 (Not Inserted)
2, , 1,0,4,0,S, 	(30-MAY-2025 15:48:04)	 (Not Inserted)
2, , 1,0,4,0,S, 	(30-MAY-2025 15:48:04)	 (Not Inserted)
2, , 1,0,4,0,S, 	(30-MAY-2025 15:48:04)	 (Not Inserted)
2, , 1,0,4,0,S, 	(30-MAY-2025 15:48:04)	 (Not Inserted)
2, , 1,0,4,0,S, 	(30-MAY-2025 15:48:04)	 (Not Inserted)
2, , 1,0,4,0,S, 	(30-MAY-2025 15:48:04)	 (Not Inserted)
2, , 1,0,4,0,S, 	(30-MAY-2025 15:48:04)	 (Not Inserted)
2, , 1,0,4,0,S, 	(30-MAY-2025 15:48:04)	 (Not Inserted)
2, , 1,0,4,0,S, 	(30-MAY-2025 15:48:04)	 (Not Inserted)
2, , 1,0,4,0,S, 	(30-MAY-2025 15:48:04)	 (Not Inserted)
2, , 1,0,4,0,S, 	(30-MAY-2025 15:48:04)	 (Not Inserted)
2, , 1,0,4,0,S, 	(30-MAY-2025 15:48:04)	 (Not Inserted)
2, , 1,0,4,0,S, 	(30-MAY-2025 15:48:04)	 (Not Inserted)
2, , 1,0,4,0,S, 	(30-MAY-2025 15:48:04)	 (Not Inserted)
2, , 1,0,4,0,S, 	(30-MAY-2025 15:48:04)	 (Not Inserted)
2, , 1,0,4,0,S, 	(30-MAY-2025 15:48:04)	 (Not Inserted)
2, , 1,0,4,0,S, 	(30-MAY-2025 15:48:04)	 (Not Inserted)
2, , 1,0,4,0,S, 	(30-MAY-2025 15:48:04)	 (Not Inserted)
2, , 1,0,4,0,S, 	(30-MAY-2025 15:48:04)	 (Not Inserted)
2, , 1,0,4,0,S, 	(30-MAY-2025 15:48:04)	 (Not Inserted)
2, , 1,0,4,0,S, 	(30-MAY-2025 15:48:04)	 (Not Inserted)
2, , 1,0,4,0,S, 	(30-MAY-2025 15:48:04)	 (Not Inserted)
2, , 1,0,4,0,S, 	(30-MAY-2025 15:48:04)	 (Not Inserted)
2, , 1,0,4,0,S, 	(30-MAY-2025 15:48:04)	 (Not Inserted)
2, , 1,0,4,0,S, 	(30-MAY-2025 15:48:04)	 (Not Inserted)
2, , 1,0,4,0,S, 	(30-MAY-2025 15:48:04)	 (Not Inserted)
2, , 1,0,4,0,S, 	(30-MAY-2025 15:48:04)	 (Not Inserted)
2, , 1,0,4,0,S, 	(30-MAY-2025 15:48:04)	 (Not Inserted)
2, , 1,0,4,0,S, 	(30-MAY-2025 15:48:04)	 (Not Inserted)
2, , 1,0,4,0,S, 	(30-MAY-2025 15:48:04)	 (Not Inserted)
2, , 1,0,4,0,S, 	(30-MAY-2025 15:48:04)	 (Not Inserted)
2, , 1,0,4,0,S, 	(30-MAY-2025 15:48:04)	 (Not Inserted)
2, , 1,0,4,0,S, 	(30-MAY-2025 15:48:04)	 (Not Inserted)
2, , 1,0,4,0,S, 	(30-MAY-2025 15:48:04)	 (Not Inserted)
2, , 1,0,4,0,S, 	(30-MAY-2025 15:48:04)	 (Not Inserted)
2, , 1,0,4,0,S, 	(30-MAY-2025 15:48:04)	 (Not Inserted)
2, , 1,0,4,0,S, 	(30-MAY-2025 15:48:04)	 (Not Inserted)
2, , 1,0,4,0,S, 	(30-MAY-2025 15:48:04)	 (Not Inserted)
2, , 1,0,4,0,S, 	(30-MAY-2025 15:48:04)	 (Not Inserted)
2, , 1,0,4,0,S, 	(30-MAY-2025 15:48:04)	 (Not Inserted)
2, , 1,0,4,0,S, 	(30-MAY-2025 15:48:04)	 (Not Inserted)
2, , 1,0,4,0,S, 	(30-MAY-2025 15:48:04)	 (Not Inserted)
2, , 1,0,4,0,S, 	(30-MAY-2025 15:48:04)	 (Not Inserted)
2, , 1,0,4,0,S, 	(30-MAY-2025 15:48:04)	 (Not Inserted)
2, , 1,0,4,0,S, 	(30-MAY-2025 15:48:04)	 (Not Inserted)
2, , 1,0,4,0,S, 	(30-MAY-2025 15:48:04)	 (Not Inserted)
2, , 1,0,4,0,S, 	(30-MAY-2025 15:48:04)	 (Not Inserted)
2, , 1,0,4,0,S, 	(30-MAY-2025 15:48:04)	 (Not Inserted)
2, , 1,0,4,0,S, 	(30-MAY-2025 15:48:04)	 (Not Inserted)
2, , 1,0,4,0,S, 	(30-MAY-2025 15:48:04)	 (Not Inserted)
2, , 1,0,4,0,S, 	(30-MAY-2025 15:48:04)	 (Not Inserted)
2, , 1,0,4,0,S, 	(30-MAY-2025 15:48:04)	 (Not Inserted)
2, , 1,0,4,0,S, 	(30-MAY-2025 15:48:04)	 (Not Inserted)
2, , 1,0,4,0,S, 	(30-MAY-2025 15:48:04)	 (Not Inserted)
2, , 1,0,4,0,S, 	(30-MAY-2025 15:48:04)	 (Not Inserted)
2, , 1,0,4,0,S, 	(30-MAY-2025 15:48:04)	 (Not Inserted)
2, , 1,0,4,0,S, 	(30-MAY-2025 15:48:04)	 (Not Inserted)
2, , 1,0,4,0,S, 	(30-MAY-2025 15:48:04)	 (Not Inserted)
2, , 1,0,4,0,S, 	(30-MAY-2025 15:48:04)	 (Not Inserted)
2, , 1,0,4,0,S, 	(30-MAY-2025 15:48:04)	 (Not Inserted)
2, , 1,0,4,0,S, 	(30-MAY-2025 15:48:04)	 (Not Inserted)
2, , 1,0,4,0,S, 	(30-MAY-2025 15:48:04)	 (Not Inserted)
2, , 1,0,4,0,S, 	(30-MAY-2025 15:48:04)	 (Not Inserted)
2, , 1,0,4,0,S, 	(30-MAY-2025 15:48:04)	 (Not Inserted)
2, , 1,0,4,0,S, 	(30-MAY-2025 15:48:04)	 (Not Inserted)
2, , 1,0,4,0,S, 	(30-MAY-2025 15:48:04)	 (Not Inserted)
2, , 1,0,4,0,S, 	(30-MAY-2025 15:48:04)	 (Not Inserted)
2, , 1,0,4,0,S, 	(30-MAY-2025 15:48:04)	 (Not Inserted)
2, , 1,0,4,0,S, 	(30-MAY-2025 15:48:04)	 (Not Inserted)
2, , 1,0,4,0,S, 	(30-MAY-2025 15:48:04)	 (Not Inserted)
2, , 1,0,4,0,S, 	(30-MAY-2025 15:48:04)	 (Not Inserted)
2, , 1,0,4,0,S, 	(30-MAY-2025 15:48:04)	 (Not Inserted)
2, , 1,0,6,0,S, 	(30-MAY-2025 15:48:04)	 (Not Inserted)
2, , 1,0,6,0,S, 	(30-MAY-2025 15:48:04)	 (Not Inserted)
2, , 1,0,6,0,S, 	(30-MAY-2025 15:48:04)	 (Not Inserted)
2, , 1,0,6,0,S, 	(30-MAY-2025 15:48:04)	 (Not Inserted)
2, , 1,0,6,0,S, 	(30-MAY-2025 15:48:04)	 (Not Inserted)
2, , 1,0,6,0,S, 	(30-MAY-2025 15:48:04)	 (Not Inserted)
2, , 1,0,6,0,S, 	(30-MAY-2025 15:48:04)	 (Not Inserted)
2, , 1,0,6,0,S, 	(30-MAY-2025 15:48:04)	 (Not Inserted)
2, , 1,0,6,0,S, 	(30-MAY-2025 15:48:04)	 (Not Inserted)
2, , 1,0,6,0,S, 	(30-MAY-2025 15:48:04)	 (Not Inserted)
2, , 1,0,6,0,S, 	(30-MAY-2025 15:48:05)	 (Not Inserted)
2, , 1,0,6,0,S, 	(30-MAY-2025 15:48:05)	 (Not Inserted)
2, , 1,0,6,0,S, 	(30-MAY-2025 15:48:05)	 (Not Inserted)
2, , 1,0,6,0,S, 	(30-MAY-2025 15:48:05)	 (Not Inserted)
2, , 1,0,6,0,S, 	(30-MAY-2025 15:48:05)	 (Not Inserted)
2, , 1,0,6,0,S, 	(30-MAY-2025 15:48:05)	 (Not Inserted)
2, , 1,0,6,0,S, 	(30-MAY-2025 15:48:05)	 (Not Inserted)
2, , 1,0,6,0,S, 	(30-MAY-2025 15:48:05)	 (Not Inserted)
2, , 1,0,6,0,S, 	(30-MAY-2025 15:48:05)	 (Not Inserted)
2, , 1,0,6,0,S, 	(30-MAY-2025 15:48:05)	 (Not Inserted)
2, , 1,0,6,0,S, 	(30-MAY-2025 15:48:05)	 (Not Inserted)
2, , 1,0,6,0,S, 	(30-MAY-2025 15:48:05)	 (Not Inserted)
2, , 1,0,6,0,S, 	(30-MAY-2025 15:48:05)	 (Not Inserted)
2, , 1,0,6,0,S, 	(30-MAY-2025 15:48:05)	 (Not Inserted)
2, , 1,0,6,0,S, 	(30-MAY-2025 15:48:05)	 (Not Inserted)
2, , 1,0,6,0,S, 	(30-MAY-2025 15:48:05)	 (Not Inserted)
2, , 1,0,6,0,S, 	(30-MAY-2025 15:48:05)	 (Not Inserted)
2, , 1,0,6,0,S, 	(30-MAY-2025 15:48:05)	 (Not Inserted)
2, , 1,0,6,0,S, 	(30-MAY-2025 15:48:05)	 (Not Inserted)
2, , 1,0,6,0,S, 	(30-MAY-2025 15:48:05)	 (Not Inserted)
2, , 1,0,6,0,S, 	(30-MAY-2025 15:48:05)	 (Not Inserted)
2, , 1,0,5,2,S, 	(30-MAY-2025 15:48:05)	 (Not Inserted)
2, , 1,0,5,2,S, 	(30-MAY-2025 15:48:05)	 (Not Inserted)
2, , 1,0,5,2,S, 	(30-MAY-2025 15:48:05)	 (Not Inserted)
2, , 1,0,5,2,S, 	(30-MAY-2025 15:48:05)	 (Not Inserted)
2, , 1,0,5,2,S, 	(30-MAY-2025 15:48:05)	 (Not Inserted)
2, , 1,0,5,2,S, 	(30-MAY-2025 15:48:05)	 (Not Inserted)
2, , 1,0,5,2,S, 	(30-MAY-2025 15:48:05)	 (Not Inserted)
2, , 1,0,5,2,S, 	(30-MAY-2025 15:48:05)	 (Not Inserted)
2, , 1,0,5,2,S, 	(30-MAY-2025 15:48:05)	 (Not Inserted)
2, , 1,0,5,2,S, 	(30-MAY-2025 15:48:05)	 (Not Inserted)
2, , 1,0,5,2,S, 	(30-MAY-2025 15:48:05)	 (Not Inserted)
2, , 1,0,5,2,S, 	(30-MAY-2025 15:48:05)	 (Not Inserted)
2, , 1,0,5,2,S, 	(30-MAY-2025 15:48:05)	 (Not Inserted)
2, , 1,0,5,2,S, 	(30-MAY-2025 15:48:05)	 (Not Inserted)
2, , 1,0,5,2,S, 	(30-MAY-2025 15:48:05)	 (Not Inserted)
2, , 1,0,8,0,S, 	(30-MAY-2025 15:48:05)	 (Not Inserted)
2, , 1,0,8,0,S, 	(30-MAY-2025 15:48:05)	 (Not Inserted)
2, , 1,0,8,0,S, 	(30-MAY-2025 15:48:05)	 (Not Inserted)
2, , 1,0,8,0,S, 	(30-MAY-2025 15:48:05)	 (Not Inserted)
2, , 1,0,8,0,S, 	(30-MAY-2025 15:48:05)	 (Not Inserted)
2, , 1,0,8,0,S, 	(30-MAY-2025 15:48:05)	 (Not Inserted)
2, , 1,0,8,0,S, 	(30-MAY-2025 15:48:05)	 (Not Inserted)
2, , 1,0,8,0,S, 	(30-MAY-2025 15:48:05)	 (Not Inserted)
2, , 1,0,8,0,S, 	(30-MAY-2025 15:48:05)	 (Not Inserted)
2, , 1,0,8,0,S, 	(30-MAY-2025 15:48:05)	 (Not Inserted)
2, , 1,0,8,0,S, 	(30-MAY-2025 15:48:05)	 (Not Inserted)
2, , 1,0,8,0,S, 	(30-MAY-2025 15:48:05)	 (Not Inserted)
2, , 1,0,8,0,S, 	(30-MAY-2025 15:48:05)	 (Not Inserted)
2, , 1,0,8,0,S, 	(30-MAY-2025 15:48:05)	 (Not Inserted)
2, , 1,0,8,0,S, 	(30-MAY-2025 15:48:05)	 (Not Inserted)
2, , 1,0,8,1,S, 	(30-MAY-2025 15:48:05)	 (Not Inserted)
2, , 1,0,8,1,S, 	(30-MAY-2025 15:48:05)	 (Not Inserted)
2, , 1,0,8,1,S, 	(30-MAY-2025 15:48:05)	 (Not Inserted)
2, , 1,0,8,1,S, 	(30-MAY-2025 15:48:05)	 (Not Inserted)
2, , 1,0,8,1,S, 	(30-MAY-2025 15:48:05)	 (Not Inserted)
2, , 1,0,8,1,S, 	(30-MAY-2025 15:48:05)	 (Not Inserted)
2, , 1,0,8,1,S, 	(30-MAY-2025 15:48:05)	 (Not Inserted)
2, , 1,0,8,1,S, 	(30-MAY-2025 15:48:05)	 (Not Inserted)
2, , 1,0,8,1,S, 	(30-MAY-2025 15:48:05)	 (Not Inserted)
2, , 1,0,8,1,S, 	(30-MAY-2025 15:48:05)	 (Not Inserted)
2, , 1,0,8,1,S, 	(30-MAY-2025 15:48:05)	 (Not Inserted)
2, , 1,0,8,1,S, 	(30-MAY-2025 15:48:05)	 (Not Inserted)
2, , 1,0,8,1,S, 	(30-MAY-2025 15:48:05)	 (Not Inserted)
2, , 1,0,8,1,S, 	(30-MAY-2025 15:48:05)	 (Not Inserted)
2, , 1,0,8,1,S, 	(30-MAY-2025 15:48:05)	 (Not Inserted)
2, , 1,0,8,1,S, 	(30-MAY-2025 15:48:05)	 (Not Inserted)
2, , 1,0,9,0,S, 	(30-MAY-2025 15:48:05)	 (Not Inserted)
2, , 1,0,9,0,S, 	(30-MAY-2025 15:48:05)	 (Not Inserted)
2, , 1,0,9,0,S, 	(30-MAY-2025 15:48:05)	 (Not Inserted)
2, , 1,0,9,0,S, 	(30-MAY-2025 15:48:05)	 (Not Inserted)
2, , 1,0,9,0,S, 	(30-MAY-2025 15:48:05)	 (Not Inserted)
2, , 1,0,9,0,S, 	(30-MAY-2025 15:48:05)	 (Not Inserted)
2, , 1,0,9,0,S, 	(30-MAY-2025 15:48:05)	 (Not Inserted)
2, , 1,0,9,0,S, 	(30-MAY-2025 15:48:05)	 (Not Inserted)
2, , 1,0,9,0,S, 	(30-MAY-2025 15:48:05)	 (Not Inserted)
2, , 1,0,9,0,S, 	(30-MAY-2025 15:48:05)	 (Not Inserted)
2, , 1,0,9,0,S, 	(30-MAY-2025 15:48:05)	 (Not Inserted)
2, , 1,0,9,0,S, 	(30-MAY-2025 15:48:05)	 (Not Inserted)
2, , 1,0,9,0,S, 	(30-MAY-2025 15:48:05)	 (Not Inserted)
2, , 1,0,9,0,S, 	(30-MAY-2025 15:48:05)	 (Not Inserted)
2, , 1,0,9,0,S, 	(30-MAY-2025 15:48:05)	 (Not Inserted)
2, , 1,0,9,0,S, 	(30-MAY-2025 15:48:05)	 (Not Inserted)
2, , 1,0,9,0,S, 	(30-MAY-2025 15:48:05)	 (Not Inserted)
2, , 1,0,9,0,S, 	(30-MAY-2025 15:48:05)	 (Not Inserted)
2, , 1,0,9,0,S, 	(30-MAY-2025 15:48:05)	 (Not Inserted)
2, , 1,0,9,0,S, 	(30-MAY-2025 15:48:05)	 (Not Inserted)
2, , 1,0,9,0,S, 	(30-MAY-2025 15:48:05)	 (Not Inserted)
2, , 1,0,9,0,S, 	(30-MAY-2025 15:48:05)	 (Not Inserted)
2, , 1,0,9,0,S, 	(30-MAY-2025 15:48:05)	 (Not Inserted)
2, , 1,0,9,0,S, 	(30-MAY-2025 15:48:05)	 (Not Inserted)
2, , 1,0,9,0,S, 	(30-MAY-2025 15:48:05)	 (Not Inserted)
2, , 1,0,9,0,S, 	(30-MAY-2025 15:48:05)	 (Not Inserted)
2, , 1,0,9,0,S, 	(30-MAY-2025 15:48:05)	 (Not Inserted)
2, , 1,0,9,0,S, 	(30-MAY-2025 15:48:05)	 (Not Inserted)
2, , 1,0,9,0,S, 	(30-MAY-2025 15:48:05)	 (Not Inserted)
2, , 1,0,9,0,S, 	(30-MAY-2025 15:48:05)	 (Not Inserted)
2, , 1,0,5,3,S, 	(30-MAY-2025 15:48:05)	 (Not Inserted)
2, , 1,0,5,3,S, 	(30-MAY-2025 15:48:05)	 (Not Inserted)
2, , 1,0,5,3,S, 	(30-MAY-2025 15:48:05)	 (Not Inserted)
2, , 1,0,5,3,S, 	(30-MAY-2025 15:48:05)	 (Not Inserted)
2, , 1,0,5,3,S, 	(30-MAY-2025 15:48:05)	 (Not Inserted)
2, , 1,0,5,3,S, 	(30-MAY-2025 15:48:05)	 (Not Inserted)
2, , 1,0,5,3,S, 	(30-MAY-2025 15:48:05)	 (Not Inserted)
2, , 1,0,5,3,S, 	(30-MAY-2025 15:48:05)	 (Not Inserted)
2, , 1,0,5,3,S, 	(30-MAY-2025 15:48:05)	 (Not Inserted)
2, , 1,0,5,3,S, 	(30-MAY-2025 15:48:05)	 (Not Inserted)
2, , 1,0,5,3,S, 	(30-MAY-2025 15:48:05)	 (Not Inserted)
2, , 1,0,5,3,S, 	(30-MAY-2025 15:48:05)	 (Not Inserted)
2, , 1,0,5,3,S, 	(30-MAY-2025 15:48:05)	 (Not Inserted)
2, , 1,0,5,3,S, 	(30-MAY-2025 15:48:05)	 (Not Inserted)
2, , 1,0,5,3,S, 	(30-MAY-2025 15:48:05)	 (Not Inserted)
2, , 1,0,5,3,S, 	(30-MAY-2025 15:48:05)	 (Not Inserted)
2, , 1,0,5,3,S, 	(30-MAY-2025 15:48:05)	 (Not Inserted)
2, , 1,0,5,3,S, 	(30-MAY-2025 15:48:05)	 (Not Inserted)
2, , 1,0,5,3,S, 	(30-MAY-2025 15:48:05)	 (Not Inserted)
2, , 1,0,5,3,S, 	(30-MAY-2025 15:48:05)	 (Not Inserted)
2, , 1,0,5,3,S, 	(30-MAY-2025 15:48:05)	 (Not Inserted)
2, , 1,0,5,3,S, 	(30-MAY-2025 15:48:05)	 (Not Inserted)
2, , 1,0,5,3,S, 	(30-MAY-2025 15:48:05)	 (Not Inserted)
2, , 1,0,5,3,S, 	(30-MAY-2025 15:48:05)	 (Not Inserted)
2, , 1,0,5,3,S, 	(30-MAY-2025 15:48:05)	 (Not Inserted)
2, , 1,0,5,3,S, 	(30-MAY-2025 15:48:05)	 (Not Inserted)
2, , 1,0,5,3,S, 	(30-MAY-2025 15:48:05)	 (Not Inserted)
2, , 1,0,5,3,S, 	(30-MAY-2025 15:48:05)	 (Not Inserted)
2, , 1,0,5,3,S, 	(30-MAY-2025 15:48:05)	 (Not Inserted)
2, , 1,0,5,3,S, 	(30-MAY-2025 15:48:05)	 (Not Inserted)
2, , 1,0,5,3,S, 	(30-MAY-2025 15:48:05)	 (Not Inserted)
2, , 1,0,5,3,S, 	(30-MAY-2025 15:48:05)	 (Not Inserted)
2, , 1,0,5,3,S, 	(30-MAY-2025 15:48:05)	 (Not Inserted)
2, , 1,0,5,3,S, 	(30-MAY-2025 15:48:05)	 (Not Inserted)
2, , 1,0,5,3,S, 	(30-MAY-2025 15:48:05)	 (Not Inserted)
2, , 1,0,5,3,S, 	(30-MAY-2025 15:48:05)	 (Not Inserted)
2, , 1,0,5,3,S, 	(30-MAY-2025 15:48:05)	 (Not Inserted)
2, , 1,0,5,3,S, 	(30-MAY-2025 15:48:05)	 (Not Inserted)
2, , 1,0,5,3,S, 	(30-MAY-2025 15:48:05)	 (Not Inserted)
2, , 1,0,5,3,S, 	(30-MAY-2025 15:48:05)	 (Not Inserted)
2, , 1,0,5,3,S, 	(30-MAY-2025 15:48:05)	 (Not Inserted)
2, , 1,0,5,3,S, 	(30-MAY-2025 15:48:05)	 (Not Inserted)
2, , 1,0,5,3,S, 	(30-MAY-2025 15:48:05)	 (Not Inserted)
2, , 1,0,5,3,S, 	(30-MAY-2025 15:48:05)	 (Not Inserted)
2, , 1,0,5,3,S, 	(30-MAY-2025 15:48:05)	 (Not Inserted)
2, , 1,0,5,3,S, 	(30-MAY-2025 15:48:05)	 (Not Inserted)
2, , 1,0,5,3,S, 	(30-MAY-2025 15:48:05)	 (Not Inserted)
2, , 1,0,5,3,S, 	(30-MAY-2025 15:48:05)	 (Not Inserted)
2, , 1,0,5,3,S, 	(30-MAY-2025 15:48:05)	 (Not Inserted)
2, , 1,0,5,3,S, 	(30-MAY-2025 15:48:05)	 (Not Inserted)
2, , 1,0,5,3,S, 	(30-MAY-2025 15:48:05)	 (Not Inserted)
2, , 1,0,5,3,S, 	(30-MAY-2025 15:48:05)	 (Not Inserted)
2, , 1,0,5,3,S, 	(30-MAY-2025 15:48:05)	 (Not Inserted)
2, , 1,0,5,3,S, 	(30-MAY-2025 15:48:05)	 (Not Inserted)
2, , 1,0,5,3,S, 	(30-MAY-2025 15:48:05)	 (Not Inserted)
2, , 1,0,5,3,S, 	(30-MAY-2025 15:48:05)	 (Not Inserted)
2, , 1,0,5,3,S, 	(30-MAY-2025 15:48:05)	 (Not Inserted)
2, , 1,0,5,3,S, 	(30-MAY-2025 15:48:05)	 (Not Inserted)
2, , 1,0,5,3,S, 	(30-MAY-2025 15:48:05)	 (Not Inserted)
2, , 1,0,5,3,S, 	(30-MAY-2025 15:48:05)	 (Not Inserted)
2, , 1,0,5,3,S, 	(30-MAY-2025 15:48:05)	 (Not Inserted)
2, , 1,0,5,3,S, 	(30-MAY-2025 15:48:05)	 (Not Inserted)
2, , 1,0,5,3,S, 	(30-MAY-2025 15:48:05)	 (Not Inserted)
2, , 1,0,5,3,S, 	(30-MAY-2025 15:48:05)	 (Not Inserted)
2, , 1,0,5,3,S, 	(30-MAY-2025 15:48:05)	 (Not Inserted)
2, , 1,0,5,3,S, 	(30-MAY-2025 15:48:05)	 (Not Inserted)
2, , 1,0,5,3,S, 	(30-MAY-2025 15:48:05)	 (Not Inserted)
2, , 1,0,5,3,S, 	(30-MAY-2025 15:48:05)	 (Not Inserted)
2, , 1,0,5,3,S, 	(30-MAY-2025 15:48:05)	 (Not Inserted)
2, , 1,0,5,3,S, 	(30-MAY-2025 15:48:05)	 (Not Inserted)
2, , 1,0,5,3,S, 	(30-MAY-2025 15:48:05)	 (Not Inserted)
2, , 1,0,5,3,S, 	(30-MAY-2025 15:48:05)	 (Not Inserted)
2, , 1,0,5,3,S, 	(30-MAY-2025 15:48:05)	 (Not Inserted)
2, , 1,0,5,3,S, 	(30-MAY-2025 15:48:05)	 (Not Inserted)
2, , 1,0,5,3,S, 	(30-MAY-2025 15:48:05)	 (Not Inserted)
2, , 1,0,5,3,S, 	(30-MAY-2025 15:48:05)	 (Not Inserted)
2, , 1,0,5,3,S, 	(30-MAY-2025 15:48:05)	 (Not Inserted)
2, , 1,0,10,0,S, 	(30-MAY-2025 15:48:05)	 (Not Inserted)
2, , 1,0,10,0,S, 	(30-MAY-2025 15:48:05)	 (Not Inserted)
2, , 1,0,10,0,S, 	(30-MAY-2025 15:48:05)	 (Not Inserted)
2, , 1,0,10,0,S, 	(30-MAY-2025 15:48:05)	 (Not Inserted)
2, , 1,0,10,0,S, 	(30-MAY-2025 15:48:05)	 (Not Inserted)
2, , 1,0,10,0,S, 	(30-MAY-2025 15:48:05)	 (Not Inserted)
2, , 1,0,10,0,S, 	(30-MAY-2025 15:48:05)	 (Not Inserted)
2, , 1,0,10,0,S, 	(30-MAY-2025 15:48:05)	 (Not Inserted)
2, , 1,0,10,0,S, 	(30-MAY-2025 15:48:05)	 (Not Inserted)
2, , 1,0,10,0,S, 	(30-MAY-2025 15:48:05)	 (Not Inserted)
2, , 1,0,10,0,S, 	(30-MAY-2025 15:48:05)	 (Not Inserted)
2, , 1,0,10,0,S, 	(30-MAY-2025 15:48:05)	 (Not Inserted)
2, , 1,0,10,0,S, 	(30-MAY-2025 15:48:05)	 (Not Inserted)
2, , 1,0,10,0,S, 	(30-MAY-2025 15:48:05)	 (Not Inserted)
2, , 1,0,10,0,S, 	(30-MAY-2025 15:48:05)	 (Not Inserted)
2, , 1,0,10,0,S, 	(30-MAY-2025 15:48:05)	 (Not Inserted)
2, , 1,0,10,0,S, 	(30-MAY-2025 15:48:05)	 (Not Inserted)
2, , 1,0,10,0,S, 	(30-MAY-2025 15:48:05)	 (Not Inserted)
2, , 1,0,10,0,S, 	(30-MAY-2025 15:48:05)	 (Not Inserted)
2, , 1,0,10,0,S, 	(30-MAY-2025 15:48:05)	 (Not Inserted)
2, , 1,0,10,0,S, 	(30-MAY-2025 15:48:05)	 (Not Inserted)
2, , 1,0,10,0,S, 	(30-MAY-2025 15:48:05)	 (Not Inserted)
2, , 1,0,18,0,S, 	(30-MAY-2025 15:48:05)	 (Not Inserted)
2, , 1,0,18,0,S, 	(30-MAY-2025 15:48:05)	 (Not Inserted)
2, , 1,0,18,0,S, 	(30-MAY-2025 15:48:05)	 (Not Inserted)
2, , 1,0,18,0,S, 	(30-MAY-2025 15:48:05)	 (Not Inserted)
2, , 1,0,18,0,S, 	(30-MAY-2025 15:48:05)	 (Not Inserted)
2, , 1,0,18,0,S, 	(30-MAY-2025 15:48:05)	 (Not Inserted)
2, , 1,0,18,0,S, 	(30-MAY-2025 15:48:05)	 (Not Inserted)
2, , 1,0,18,0,S, 	(30-MAY-2025 15:48:05)	 (Not Inserted)
2, , 1,0,18,0,S, 	(30-MAY-2025 15:48:05)	 (Not Inserted)
2, , 1,0,18,0,S, 	(30-MAY-2025 15:48:05)	 (Not Inserted)
2, , 1,0,18,0,S, 	(30-MAY-2025 15:48:05)	 (Not Inserted)
2, , 1,0,18,0,S, 	(30-MAY-2025 15:48:05)	 (Not Inserted)
2, , 1,0,18,0,S, 	(30-MAY-2025 15:48:05)	 (Not Inserted)
2, , 1,0,18,0,S, 	(30-MAY-2025 15:48:05)	 (Not Inserted)
2, , 1,0,18,0,S, 	(30-MAY-2025 15:48:05)	 (Not Inserted)
2, , 1,0,18,0,S, 	(30-MAY-2025 15:48:05)	 (Not Inserted)
2, , 1,0,18,0,S, 	(30-MAY-2025 15:48:05)	 (Not Inserted)
2, , 1,0,18,0,S, 	(30-MAY-2025 15:48:05)	 (Not Inserted)
2, , 1,0,18,0,S, 	(30-MAY-2025 15:48:05)	 (Not Inserted)
2, , 1,0,18,0,S, 	(30-MAY-2025 15:48:05)	 (Not Inserted)
2, , 1,0,18,0,S, 	(30-MAY-2025 15:48:05)	 (Not Inserted)
2, , 1,0,18,0,S, 	(30-MAY-2025 15:48:05)	 (Not Inserted)
2, , 1,0,18,0,S, 	(30-MAY-2025 15:48:05)	 (Not Inserted)
2, , 1,0,18,0,S, 	(30-MAY-2025 15:48:05)	 (Not Inserted)
2, , 1,0,18,0,S, 	(30-MAY-2025 15:48:05)	 (Not Inserted)
2, , 1,0,18,0,S, 	(30-MAY-2025 15:48:05)	 (Not Inserted)
2, , 1,0,18,0,S, 	(30-MAY-2025 15:48:05)	 (Not Inserted)
2, , 1,0,18,0,S, 	(30-MAY-2025 15:48:05)	 (Not Inserted)
2, , 1,0,18,0,S, 	(30-MAY-2025 15:48:05)	 (Not Inserted)
2, , 1,0,18,0,S, 	(30-MAY-2025 15:48:05)	 (Not Inserted)
2, , 1,0,18,0,S, 	(30-MAY-2025 15:48:05)	 (Not Inserted)
2, , 1,0,18,0,S, 	(30-MAY-2025 15:48:05)	 (Not Inserted)
2, , 1,0,18,0,S, 	(30-MAY-2025 15:48:05)	 (Not Inserted)
2, , 1,0,18,0,S, 	(30-MAY-2025 15:48:05)	 (Not Inserted)
2, , 1,0,18,0,S, 	(30-MAY-2025 15:48:05)	 (Not Inserted)
2, , 1,0,18,0,S, 	(30-MAY-2025 15:48:05)	 (Not Inserted)
2, , 1,0,18,0,S, 	(30-MAY-2025 15:48:05)	 (Not Inserted)
2, , 1,0,18,0,S, 	(30-MAY-2025 15:48:05)	 (Not Inserted)
2, , 1,0,18,0,S, 	(30-MAY-2025 15:48:05)	 (Not Inserted)
2, , 1,0,18,0,S, 	(30-MAY-2025 15:48:05)	 (Not Inserted)
2, , 1,0,18,0,S, 	(30-MAY-2025 15:48:05)	 (Not Inserted)
2, , 1,0,18,0,S, 	(30-MAY-2025 15:48:05)	 (Not Inserted)
2, , 1,0,18,0,S, 	(30-MAY-2025 15:48:05)	 (Not Inserted)
2, , 1,0,18,0,S, 	(30-MAY-2025 15:48:05)	 (Not Inserted)
2, , 1,0,18,0,S, 	(30-MAY-2025 15:48:05)	 (Not Inserted)
2, , 1,0,18,0,S, 	(30-MAY-2025 15:48:05)	 (Not Inserted)
2, , 1,0,18,0,S, 	(30-MAY-2025 15:48:05)	 (Not Inserted)
2, , 1,0,18,0,S, 	(30-MAY-2025 15:48:05)	 (Not Inserted)
2, , 1,0,18,0,S, 	(30-MAY-2025 15:48:05)	 (Not Inserted)
2, , 1,0,18,0,S, 	(30-MAY-2025 15:48:05)	 (Not Inserted)
2, , 1,0,18,0,S, 	(30-MAY-2025 15:48:05)	 (Not Inserted)
2, , 1,0,18,0,S, 	(30-MAY-2025 15:48:05)	 (Not Inserted)
2, , 1,0,18,0,S, 	(30-MAY-2025 15:48:05)	 (Not Inserted)
2, , 1,0,18,0,S, 	(30-MAY-2025 15:48:05)	 (Not Inserted)
2, , 1,0,18,0,S, 	(30-MAY-2025 15:48:05)	 (Not Inserted)
2, , 1,0,18,0,S, 	(30-MAY-2025 15:48:05)	 (Not Inserted)
2, , 1,0,18,0,S, 	(30-MAY-2025 15:48:05)	 (Not Inserted)
2, , 1,0,18,0,S, 	(30-MAY-2025 15:48:05)	 (Not Inserted)
2, , 1,0,18,0,S, 	(30-MAY-2025 15:48:05)	 (Not Inserted)
2, , 1,0,18,0,S, 	(30-MAY-2025 15:48:05)	 (Not Inserted)
2, , 1,0,18,0,S, 	(30-MAY-2025 15:48:05)	 (Not Inserted)
2, , 1,0,18,0,S, 	(30-MAY-2025 15:48:05)	 (Not Inserted)
2, , 1,0,18,0,S, 	(30-MAY-2025 15:48:05)	 (Not Inserted)
2, , 1,0,18,0,S, 	(30-MAY-2025 15:48:05)	 (Not Inserted)
2, , 1,0,18,0,S, 	(30-MAY-2025 15:48:05)	 (Not Inserted)
2, , 1,0,18,0,S, 	(30-MAY-2025 15:48:05)	 (Not Inserted)
2, , 1,0,18,0,S, 	(30-MAY-2025 15:48:05)	 (Not Inserted)
2, , 1,0,18,0,S, 	(30-MAY-2025 15:48:05)	 (Not Inserted)
2, , 1,0,18,0,S, 	(30-MAY-2025 15:48:05)	 (Not Inserted)
2, , 1,0,18,0,S, 	(30-MAY-2025 15:48:05)	 (Not Inserted)
2, , 1,0,18,0,S, 	(30-MAY-2025 15:48:05)	 (Not Inserted)
2, , 1,0,18,0,S, 	(30-MAY-2025 15:48:05)	 (Not Inserted)
2, , 1,0,18,0,S, 	(30-MAY-2025 15:48:05)	 (Not Inserted)
2, , 1,0,18,0,S, 	(30-MAY-2025 15:48:05)	 (Not Inserted)
2, , 1,0,18,0,S, 	(30-MAY-2025 15:48:05)	 (Not Inserted)
2, , 1,0,18,0,S, 	(30-MAY-2025 15:48:05)	 (Not Inserted)
2, , 1,0,18,0,S, 	(30-MAY-2025 15:48:05)	 (Not Inserted)
2, , 1,0,18,0,S, 	(30-MAY-2025 15:48:05)	 (Not Inserted)
2, , 1,0,18,0,S, 	(30-MAY-2025 15:48:05)	 (Not Inserted)
2, , 1,0,18,0,S, 	(30-MAY-2025 15:48:05)	 (Not Inserted)
2, , 1,0,18,0,S, 	(30-MAY-2025 15:48:05)	 (Not Inserted)
2, , 1,0,18,0,S, 	(30-MAY-2025 15:48:05)	 (Not Inserted)
2, , 1,0,18,0,S, 	(30-MAY-2025 15:48:05)	 (Not Inserted)
2, , 1,0,18,0,S, 	(30-MAY-2025 15:48:05)	 (Not Inserted)
2, , 1,0,18,0,S, 	(30-MAY-2025 15:48:05)	 (Not Inserted)
2, , 1,0,18,0,S, 	(30-MAY-2025 15:48:05)	 (Not Inserted)
2, , 1,0,18,0,S, 	(30-MAY-2025 15:48:05)	 (Not Inserted)
2, , 1,0,18,0,S, 	(30-MAY-2025 15:48:05)	 (Not Inserted)
2, , 1,0,18,0,S, 	(30-MAY-2025 15:48:05)	 (Not Inserted)
2, , 1,0,18,0,S, 	(30-MAY-2025 15:48:05)	 (Not Inserted)
2, , 1,0,18,0,S, 	(30-MAY-2025 15:48:05)	 (Not Inserted)
2, , 1,0,18,0,S, 	(30-MAY-2025 15:48:05)	 (Not Inserted)
2, , 1,0,18,0,S, 	(30-MAY-2025 15:48:05)	 (Not Inserted)
2, , 1,0,18,0,S, 	(30-MAY-2025 15:48:05)	 (Not Inserted)
2, , 1,0,18,0,S, 	(30-MAY-2025 15:48:05)	 (Not Inserted)
2, , 1,0,18,0,S, 	(30-MAY-2025 15:48:05)	 (Not Inserted)
2, , 1,0,18,0,S, 	(30-MAY-2025 15:48:05)	 (Not Inserted)
2, , 1,0,18,0,S, 	(30-MAY-2025 15:48:05)	 (Not Inserted)
2, , 1,0,18,0,S, 	(30-MAY-2025 15:48:05)	 (Not Inserted)
2, , 1,0,18,0,S, 	(30-MAY-2025 15:48:05)	 (Not Inserted)
2, , 1,0,18,0,S, 	(30-MAY-2025 15:48:05)	 (Not Inserted)
2, , 1,0,18,0,S, 	(30-MAY-2025 15:48:05)	 (Not Inserted)
2, , 1,0,18,0,S, 	(30-MAY-2025 15:48:05)	 (Not Inserted)
2, , 1,0,18,0,S, 	(30-MAY-2025 15:48:05)	 (Not Inserted)
2, , 1,0,18,0,S, 	(30-MAY-2025 15:48:05)	 (Not Inserted)
2, , 1,0,18,0,S, 	(30-MAY-2025 15:48:05)	 (Not Inserted)
2, , 1,0,18,0,S, 	(30-MAY-2025 15:48:05)	 (Not Inserted)
2, , 1,0,18,0,S, 	(30-MAY-2025 15:48:05)	 (Not Inserted)
2, , 1,0,18,0,S, 	(30-MAY-2025 15:48:05)	 (Not Inserted)
2, , 1,0,18,0,S, 	(30-MAY-2025 15:48:05)	 (Not Inserted)
2, , 1,0,18,0,S, 	(30-MAY-2025 15:48:05)	 (Not Inserted)
2, , 1,0,18,0,S, 	(30-MAY-2025 15:48:05)	 (Not Inserted)
2, , 1,0,18,0,S, 	(30-MAY-2025 15:48:05)	 (Not Inserted)
2, , 1,0,18,0,S, 	(30-MAY-2025 15:48:05)	 (Not Inserted)
2, , 1,0,18,0,S, 	(30-MAY-2025 15:48:05)	 (Not Inserted)
2, , 1,0,18,0,S, 	(30-MAY-2025 15:48:05)	 (Not Inserted)
2, , 1,0,18,0,S, 	(30-MAY-2025 15:48:05)	 (Not Inserted)
2, , 1,0,18,0,S, 	(30-MAY-2025 15:48:05)	 (Not Inserted)
2, , 1,0,18,0,S, 	(30-MAY-2025 15:48:05)	 (Not Inserted)
2, , 1,0,18,0,S, 	(30-MAY-2025 15:48:05)	 (Not Inserted)
2, , 1,0,18,0,S, 	(30-MAY-2025 15:48:05)	 (Not Inserted)
2, , 1,0,18,0,S, 	(30-MAY-2025 15:48:05)	 (Not Inserted)
2, , 1,0,18,0,S, 	(30-MAY-2025 15:48:05)	 (Not Inserted)
2, , 1,0,18,0,S, 	(30-MAY-2025 15:48:05)	 (Not Inserted)
2, , 1,0,18,0,S, 	(30-MAY-2025 15:48:05)	 (Not Inserted)
2, , 1,0,18,0,S, 	(30-MAY-2025 15:48:05)	 (Not Inserted)
2, , 1,0,18,0,S, 	(30-MAY-2025 15:48:05)	 (Not Inserted)
2, , 1,0,18,0,S, 	(30-MAY-2025 15:48:05)	 (Not Inserted)
2, , 1,0,18,0,S, 	(30-MAY-2025 15:48:05)	 (Not Inserted)
2, , 1,0,18,0,S, 	(30-MAY-2025 15:48:05)	 (Not Inserted)
2, , 1,0,18,0,S, 	(30-MAY-2025 15:48:05)	 (Not Inserted)
2, , 1,0,18,0,S, 	(30-MAY-2025 15:48:05)	 (Not Inserted)
2, , 1,0,18,0,S, 	(30-MAY-2025 15:48:05)	 (Not Inserted)
2, , 1,0,18,0,S, 	(30-MAY-2025 15:48:05)	 (Not Inserted)
2, , 1,0,18,0,S, 	(30-MAY-2025 15:48:05)	 (Not Inserted)
2, , 1,0,18,0,S, 	(30-MAY-2025 15:48:05)	 (Not Inserted)
2, , 1,0,18,0,S, 	(30-MAY-2025 15:48:05)	 (Not Inserted)
2, , 1,0,18,0,S, 	(30-MAY-2025 15:48:05)	 (Not Inserted)
2, , 1,0,18,0,S, 	(30-MAY-2025 15:48:05)	 (Not Inserted)
2, , 1,0,18,0,S, 	(30-MAY-2025 15:48:05)	 (Not Inserted)
2, , 1,0,18,0,S, 	(30-MAY-2025 15:48:05)	 (Not Inserted)
2, , 1,0,18,0,S, 	(30-MAY-2025 15:48:05)	 (Not Inserted)
2, , 1,0,18,0,S, 	(30-MAY-2025 15:48:05)	 (Not Inserted)
2, , 1,0,18,0,S, 	(30-MAY-2025 15:48:05)	 (Not Inserted)
2, , 1,0,18,0,S, 	(30-MAY-2025 15:48:05)	 (Not Inserted)
2, , 1,0,18,0,S, 	(30-MAY-2025 15:48:05)	 (Not Inserted)
2, , 1,0,18,0,S, 	(30-MAY-2025 15:48:05)	 (Not Inserted)
2, , 1,0,18,0,S, 	(30-MAY-2025 15:48:05)	 (Not Inserted)
2, , 1,0,18,0,S, 	(30-MAY-2025 15:48:05)	 (Not Inserted)
2, , 1,0,18,0,S, 	(30-MAY-2025 15:48:05)	 (Not Inserted)
2, , 1,0,18,0,S, 	(30-MAY-2025 15:48:05)	 (Not Inserted)
2, , 1,0,18,0,S, 	(30-MAY-2025 15:48:05)	 (Not Inserted)
2, , 1,0,18,0,S, 	(30-MAY-2025 15:48:05)	 (Not Inserted)
2, , 1,0,18,0,S, 	(30-MAY-2025 15:48:05)	 (Not Inserted)
2, , 1,0,18,0,S, 	(30-MAY-2025 15:48:05)	 (Not Inserted)
2, , 1,0,18,0,S, 	(30-MAY-2025 15:48:05)	 (Not Inserted)
2, , 1,0,18,0,S, 	(30-MAY-2025 15:48:05)	 (Not Inserted)
2, , 1,0,18,0,S, 	(30-MAY-2025 15:48:05)	 (Not Inserted)
2, , 1,0,18,0,S, 	(30-MAY-2025 15:48:05)	 (Not Inserted)
2, , 1,0,18,0,S, 	(30-MAY-2025 15:48:05)	 (Not Inserted)
2, , 1,0,18,0,S, 	(30-MAY-2025 15:48:05)	 (Not Inserted)
2, , 1,0,18,0,S, 	(30-MAY-2025 15:48:05)	 (Not Inserted)
2, , 1,0,18,0,S, 	(30-MAY-2025 15:48:05)	 (Not Inserted)
2, , 1,0,18,0,S, 	(30-MAY-2025 15:48:05)	 (Not Inserted)
2, , 1,0,18,0,S, 	(30-MAY-2025 15:48:05)	 (Not Inserted)
2, , 1,0,18,0,S, 	(30-MAY-2025 15:48:05)	 (Not Inserted)
2, , 1,0,18,0,S, 	(30-MAY-2025 15:48:05)	 (Not Inserted)
2, , 1,0,18,0,S, 	(30-MAY-2025 15:48:05)	 (Not Inserted)
2, , 1,0,18,0,S, 	(30-MAY-2025 15:48:05)	 (Not Inserted)
2, , 1,0,18,0,S, 	(30-MAY-2025 15:48:05)	 (Not Inserted)
2, , 1,0,18,0,S, 	(30-MAY-2025 15:48:05)	 (Not Inserted)
2, , 1,0,18,0,S, 	(30-MAY-2025 15:48:05)	 (Not Inserted)
2, , 1,0,18,0,S, 	(30-MAY-2025 15:48:05)	 (Not Inserted)
2, , 1,0,18,0,S, 	(30-MAY-2025 15:48:05)	 (Not Inserted)
2, , 1,0,18,0,S, 	(30-MAY-2025 15:48:05)	 (Not Inserted)
2, , 1,0,18,0,S, 	(30-MAY-2025 15:48:05)	 (Not Inserted)
2, , 1,0,18,0,S, 	(30-MAY-2025 15:48:05)	 (Not Inserted)
2, , 1,0,18,0,S, 	(30-MAY-2025 15:48:05)	 (Not Inserted)
2, , 1,0,18,0,S, 	(30-MAY-2025 15:48:05)	 (Not Inserted)
2, , 1,0,18,0,S, 	(30-MAY-2025 15:48:05)	 (Not Inserted)
2, , 1,0,18,0,S, 	(30-MAY-2025 15:48:05)	 (Not Inserted)
2, , 1,0,18,0,S, 	(30-MAY-2025 15:48:05)	 (Not Inserted)
2, , 1,0,18,0,S, 	(30-MAY-2025 15:48:05)	 (Not Inserted)
2, , 1,0,18,0,S, 	(30-MAY-2025 15:48:05)	 (Not Inserted)
2, , 1,0,18,0,S, 	(30-MAY-2025 15:48:05)	 (Not Inserted)
2, , 1,0,18,0,S, 	(30-MAY-2025 15:48:05)	 (Not Inserted)
2, , 1,0,18,0,S, 	(30-MAY-2025 15:48:05)	 (Not Inserted)
2, , 1,0,18,0,S, 	(30-MAY-2025 15:48:05)	 (Not Inserted)
2, , 1,0,18,0,S, 	(30-MAY-2025 15:48:05)	 (Not Inserted)
2, , 1,0,18,0,S, 	(30-MAY-2025 15:48:05)	 (Not Inserted)
2, , 1,0,18,0,S, 	(30-MAY-2025 15:48:05)	 (Not Inserted)
2, , 1,0,18,0,S, 	(30-MAY-2025 15:48:05)	 (Not Inserted)
2, , 1,0,18,0,S, 	(30-MAY-2025 15:48:05)	 (Not Inserted)
2, , 1,0,18,0,S, 	(30-MAY-2025 15:48:05)	 (Not Inserted)
2, , 1,0,18,0,S, 	(30-MAY-2025 15:48:05)	 (Not Inserted)
2, , 1,0,18,0,S, 	(30-MAY-2025 15:48:05)	 (Not Inserted)
2, , 1,0,18,0,S, 	(30-MAY-2025 15:48:05)	 (Not Inserted)
2, , 1,0,18,0,S, 	(30-MAY-2025 15:48:05)	 (Not Inserted)
2, , 1,0,18,0,S, 	(30-MAY-2025 15:48:05)	 (Not Inserted)
2, , 1,0,18,0,S, 	(30-MAY-2025 15:48:05)	 (Not Inserted)
2, , 1,0,18,0,S, 	(30-MAY-2025 15:48:05)	 (Not Inserted)
2, , 1,0,18,0,S, 	(30-MAY-2025 15:48:05)	 (Not Inserted)
2, , 1,0,18,0,S, 	(30-MAY-2025 15:48:05)	 (Not Inserted)
2, , 1,0,18,0,S, 	(30-MAY-2025 15:48:05)	 (Not Inserted)
2, , 1,0,18,0,S, 	(30-MAY-2025 15:48:05)	 (Not Inserted)
2, , 1,0,18,0,S, 	(30-MAY-2025 15:48:05)	 (Not Inserted)
2, , 1,0,18,0,S, 	(30-MAY-2025 15:48:05)	 (Not Inserted)
2, , 1,0,18,0,S, 	(30-MAY-2025 15:48:05)	 (Not Inserted)
2, , 1,0,18,0,S, 	(30-MAY-2025 15:48:05)	 (Not Inserted)
2, , 1,0,18,0,S, 	(30-MAY-2025 15:48:05)	 (Not Inserted)
2, , 1,0,18,0,S, 	(30-MAY-2025 15:48:05)	 (Not Inserted)
2, , 1,0,18,0,S, 	(30-MAY-2025 15:48:05)	 (Not Inserted)
2, , 1,0,18,0,S, 	(30-MAY-2025 15:48:05)	 (Not Inserted)
2, , 1,0,18,0,S, 	(30-MAY-2025 15:48:05)	 (Not Inserted)
2, , 1,0,18,0,S, 	(30-MAY-2025 15:48:05)	 (Not Inserted)
2, , 1,0,18,0,S, 	(30-MAY-2025 15:48:05)	 (Not Inserted)
2, , 1,0,18,0,S, 	(30-MAY-2025 15:48:05)	 (Not Inserted)
2, , 1,0,18,0,S, 	(30-MAY-2025 15:48:05)	 (Not Inserted)
2, , 1,0,18,0,S, 	(30-MAY-2025 15:48:05)	 (Not Inserted)
2, , 1,0,18,0,S, 	(30-MAY-2025 15:48:05)	 (Not Inserted)
2, , 1,0,18,0,S, 	(30-MAY-2025 15:48:05)	 (Not Inserted)
2, , 1,0,18,0,S, 	(30-MAY-2025 15:48:05)	 (Not Inserted)
2, , 1,0,18,0,S, 	(30-MAY-2025 15:48:05)	 (Not Inserted)
2, , 1,0,18,0,S, 	(30-MAY-2025 15:48:05)	 (Not Inserted)
2, , 1,0,18,0,S, 	(30-MAY-2025 15:48:05)	 (Not Inserted)
2, , 1,0,18,0,S, 	(30-MAY-2025 15:48:05)	 (Not Inserted)
2, , 1,0,18,0,S, 	(30-MAY-2025 15:48:05)	 (Not Inserted)
2, , 1,0,18,0,S, 	(30-MAY-2025 15:48:05)	 (Not Inserted)
2, , 1,0,18,0,S, 	(30-MAY-2025 15:48:05)	 (Not Inserted)
2, , 1,0,18,0,S, 	(30-MAY-2025 15:48:05)	 (Not Inserted)
2, , 1,0,18,0,S, 	(30-MAY-2025 15:48:05)	 (Not Inserted)
2, , 1,0,18,0,S, 	(30-MAY-2025 15:48:05)	 (Not Inserted)
2, , 1,0,18,0,S, 	(30-MAY-2025 15:48:05)	 (Not Inserted)
2, , 1,0,18,0,S, 	(30-MAY-2025 15:48:05)	 (Not Inserted)
2, , 1,0,18,0,S, 	(30-MAY-2025 15:48:05)	 (Not Inserted)
2, , 1,0,18,0,S, 	(30-MAY-2025 15:48:05)	 (Not Inserted)
2, , 1,0,18,0,S, 	(30-MAY-2025 15:48:05)	 (Not Inserted)
2, , 1,0,18,0,S, 	(30-MAY-2025 15:48:05)	 (Not Inserted)
2, , 1,0,18,0,S, 	(30-MAY-2025 15:48:05)	 (Not Inserted)
2, , 1,0,18,0,S, 	(30-MAY-2025 15:48:05)	 (Not Inserted)
2, , 1,0,18,0,S, 	(30-MAY-2025 15:48:05)	 (Not Inserted)
2, , 1,0,18,0,S, 	(30-MAY-2025 15:48:05)	 (Not Inserted)
2, , 1,0,18,0,S, 	(30-MAY-2025 15:48:05)	 (Not Inserted)
2, , 1,0,18,0,S, 	(30-MAY-2025 15:48:05)	 (Not Inserted)
2, , 1,0,18,0,S, 	(30-MAY-2025 15:48:05)	 (Not Inserted)
2, , 1,0,18,0,S, 	(30-MAY-2025 15:48:05)	 (Not Inserted)
2, , 1,0,18,0,S, 	(30-MAY-2025 15:48:05)	 (Not Inserted)
2, , 1,0,18,0,S, 	(30-MAY-2025 15:48:05)	 (Not Inserted)
2, , 1,0,18,0,S, 	(30-MAY-2025 15:48:05)	 (Not Inserted)
2, , 1,0,18,0,S, 	(30-MAY-2025 15:48:05)	 (Not Inserted)
2, , 1,0,18,0,S, 	(30-MAY-2025 15:48:05)	 (Not Inserted)
2, , 1,0,18,0,S, 	(30-MAY-2025 15:48:05)	 (Not Inserted)
2, , 1,0,18,0,S, 	(30-MAY-2025 15:48:05)	 (Not Inserted)
2, , 1,0,18,0,S, 	(30-MAY-2025 15:48:05)	 (Not Inserted)
2, , 1,0,18,0,S, 	(30-MAY-2025 15:48:05)	 (Not Inserted)
2, , 1,0,18,0,S, 	(30-MAY-2025 15:48:05)	 (Not Inserted)
2, , 1,0,18,0,S, 	(30-MAY-2025 15:48:05)	 (Not Inserted)
2, , 1,0,18,0,S, 	(30-MAY-2025 15:48:05)	 (Not Inserted)
2, , 1,0,18,0,S, 	(30-MAY-2025 15:48:05)	 (Not Inserted)
2, , 1,0,18,0,S, 	(30-MAY-2025 15:48:05)	 (Not Inserted)
2, , 1,0,18,0,S, 	(30-MAY-2025 15:48:05)	 (Not Inserted)
2, , 1,0,18,0,S, 	(30-MAY-2025 15:48:05)	 (Not Inserted)
2, , 1,0,18,0,S, 	(30-MAY-2025 15:48:05)	 (Not Inserted)
2, , 1,0,18,0,S, 	(30-MAY-2025 15:48:05)	 (Not Inserted)
2, , 1,0,18,0,S, 	(30-MAY-2025 15:48:05)	 (Not Inserted)
2, , 1,0,18,0,S, 	(30-MAY-2025 15:48:05)	 (Not Inserted)
2, , 1,0,18,0,S, 	(30-MAY-2025 15:48:05)	 (Not Inserted)
2, , 1,0,18,0,S, 	(30-MAY-2025 15:48:05)	 (Not Inserted)
2, , 1,0,18,0,S, 	(30-MAY-2025 15:48:05)	 (Not Inserted)
2, , 1,0,18,0,S, 	(30-MAY-2025 15:48:05)	 (Not Inserted)
2, , 1,0,18,0,S, 	(30-MAY-2025 15:48:05)	 (Not Inserted)
2, , 1,0,18,0,S, 	(30-MAY-2025 15:48:05)	 (Not Inserted)
2, , 1,0,18,0,S, 	(30-MAY-2025 15:48:05)	 (Not Inserted)
2, , 1,0,18,0,S, 	(30-MAY-2025 15:48:05)	 (Not Inserted)
2, , 1,0,18,0,S, 	(30-MAY-2025 15:48:05)	 (Not Inserted)
2, , 1,0,18,0,S, 	(30-MAY-2025 15:48:05)	 (Not Inserted)
2, , 1,0,18,0,S, 	(30-MAY-2025 15:48:05)	 (Not Inserted)
2, , 1,0,18,0,S, 	(30-MAY-2025 15:48:05)	 (Not Inserted)
2, , 1,0,18,0,S, 	(30-MAY-2025 15:48:05)	 (Not Inserted)
2, , 1,0,18,0,S, 	(30-MAY-2025 15:48:05)	 (Not Inserted)
2, , 1,0,18,0,S, 	(30-MAY-2025 15:48:05)	 (Not Inserted)
2, , 1,0,18,0,S, 	(30-MAY-2025 15:48:05)	 (Not Inserted)
2, , 1,0,18,0,S, 	(30-MAY-2025 15:48:05)	 (Not Inserted)
2, , 1,0,18,0,S, 	(30-MAY-2025 15:48:05)	 (Not Inserted)
2, , 1,0,18,0,S, 	(30-MAY-2025 15:48:05)	 (Not Inserted)
2, , 1,0,18,0,S, 	(30-MAY-2025 15:48:05)	 (Not Inserted)
2, , 1,0,18,0,S, 	(30-MAY-2025 15:48:05)	 (Not Inserted)
2, , 1,0,18,0,S, 	(30-MAY-2025 15:48:05)	 (Not Inserted)
2, , 1,0,18,0,S, 	(30-MAY-2025 15:48:05)	 (Not Inserted)
2, , 1,0,18,0,S, 	(30-MAY-2025 15:48:05)	 (Not Inserted)
2, , 1,0,18,0,S, 	(30-MAY-2025 15:48:05)	 (Not Inserted)
2, , 1,0,18,0,S, 	(30-MAY-2025 15:48:05)	 (Not Inserted)
2, , 1,0,18,0,S, 	(30-MAY-2025 15:48:05)	 (Not Inserted)
2, , 1,0,18,0,S, 	(30-MAY-2025 15:48:05)	 (Not Inserted)
2, , 1,0,18,0,S, 	(30-MAY-2025 15:48:05)	 (Not Inserted)
2, , 1,0,18,0,S, 	(30-MAY-2025 15:48:05)	 (Not Inserted)
2, , 1,0,18,0,S, 	(30-MAY-2025 15:48:05)	 (Not Inserted)
2, , 1,0,18,0,S, 	(30-MAY-2025 15:48:05)	 (Not Inserted)
2, , 1,0,18,0,S, 	(30-MAY-2025 15:48:05)	 (Not Inserted)
2, , 1,0,18,0,S, 	(30-MAY-2025 15:48:05)	 (Not Inserted)
2, , 1,0,18,0,S, 	(30-MAY-2025 15:48:05)	 (Not Inserted)
2, , 1,0,18,0,S, 	(30-MAY-2025 15:48:05)	 (Not Inserted)
2, , 1,0,18,0,S, 	(30-MAY-2025 15:48:05)	 (Not Inserted)
2, , 1,0,18,0,S, 	(30-MAY-2025 15:48:05)	 (Not Inserted)
2, , 1,0,18,0,S, 	(30-MAY-2025 15:48:05)	 (Not Inserted)
2, , 1,0,18,0,S, 	(30-MAY-2025 15:48:05)	 (Not Inserted)
2, , 1,0,18,0,S, 	(30-MAY-2025 15:48:05)	 (Not Inserted)
2, , 1,0,18,0,S, 	(30-MAY-2025 15:48:05)	 (Not Inserted)
2, , 1,0,18,0,S, 	(30-MAY-2025 15:48:05)	 (Not Inserted)
2, , 1,0,18,0,S, 	(30-MAY-2025 15:48:05)	 (Not Inserted)
2, , 1,0,18,0,S, 	(30-MAY-2025 15:48:05)	 (Not Inserted)
2, , 1,0,18,0,S, 	(30-MAY-2025 15:48:05)	 (Not Inserted)
2, , 1,0,18,0,S, 	(30-MAY-2025 15:48:05)	 (Not Inserted)
2, , 1,0,18,0,S, 	(30-MAY-2025 15:48:05)	 (Not Inserted)
2, , 1,0,18,0,S, 	(30-MAY-2025 15:48:05)	 (Not Inserted)
2, , 1,0,18,0,S, 	(30-MAY-2025 15:48:05)	 (Not Inserted)
2, , 1,0,18,0,S, 	(30-MAY-2025 15:48:05)	 (Not Inserted)
2, , 1,0,18,0,S, 	(30-MAY-2025 15:48:05)	 (Not Inserted)
2, , 1,0,18,0,S, 	(30-MAY-2025 15:48:05)	 (Not Inserted)
2, , 1,0,18,0,S, 	(30-MAY-2025 15:48:05)	 (Not Inserted)
2, , 1,0,18,0,S, 	(30-MAY-2025 15:48:05)	 (Not Inserted)
2, , 1,0,18,0,S, 	(30-MAY-2025 15:48:05)	 (Not Inserted)
2, , 1,0,18,0,S, 	(30-MAY-2025 15:48:05)	 (Not Inserted)
2, , 1,0,18,0,S, 	(30-MAY-2025 15:48:05)	 (Not Inserted)
2, , 1,0,18,0,S, 	(30-MAY-2025 15:48:05)	 (Not Inserted)
2, , 1,0,18,0,S, 	(30-MAY-2025 15:48:05)	 (Not Inserted)
2, , 1,0,18,0,S, 	(30-MAY-2025 15:48:05)	 (Not Inserted)
2, , 1,0,18,0,S, 	(30-MAY-2025 15:48:05)	 (Not Inserted)
2, , 1,0,18,0,S, 	(30-MAY-2025 15:48:05)	 (Not Inserted)
2, , 1,0,18,0,S, 	(30-MAY-2025 15:48:05)	 (Not Inserted)
2, , 1,0,18,0,S, 	(30-MAY-2025 15:48:05)	 (Not Inserted)
2, , 1,0,18,0,S, 	(30-MAY-2025 15:48:05)	 (Not Inserted)
2, , 1,0,18,0,S, 	(30-MAY-2025 15:48:05)	 (Not Inserted)
2, , 1,0,18,0,S, 	(30-MAY-2025 15:48:05)	 (Not Inserted)
2, , 1,0,18,0,S, 	(30-MAY-2025 15:48:05)	 (Not Inserted)
2, , 1,0,18,0,S, 	(30-MAY-2025 15:48:05)	 (Not Inserted)
2, , 1,0,18,0,S, 	(30-MAY-2025 15:48:05)	 (Not Inserted)
2, , 1,0,18,0,S, 	(30-MAY-2025 15:48:05)	 (Not Inserted)
2, , 1,0,18,0,S, 	(30-MAY-2025 15:48:05)	 (Not Inserted)
2, , 1,0,18,0,S, 	(30-MAY-2025 15:48:05)	 (Not Inserted)
2, , 1,0,18,0,S, 	(30-MAY-2025 15:48:05)	 (Not Inserted)
2, , 1,0,18,0,S, 	(30-MAY-2025 15:48:05)	 (Not Inserted)
2, , 1,0,18,0,S, 	(30-MAY-2025 15:48:05)	 (Not Inserted)
2, , 1,0,18,0,S, 	(30-MAY-2025 15:48:05)	 (Not Inserted)
2, , 1,0,18,0,S, 	(30-MAY-2025 15:48:05)	 (Not Inserted)
2, , 1,0,18,0,S, 	(30-MAY-2025 15:48:05)	 (Not Inserted)
2, , 1,0,18,0,S, 	(30-MAY-2025 15:48:05)	 (Not Inserted)
2, , 1,0,18,0,S, 	(30-MAY-2025 15:48:05)	 (Not Inserted)
2, , 1,0,18,0,S, 	(30-MAY-2025 15:48:05)	 (Not Inserted)
2, , 1,0,18,0,S, 	(30-MAY-2025 15:48:05)	 (Not Inserted)
2, , 1,0,18,0,S, 	(30-MAY-2025 15:48:05)	 (Not Inserted)
2, , 1,0,18,0,S, 	(30-MAY-2025 15:48:05)	 (Not Inserted)
2, , 1,0,18,0,S, 	(30-MAY-2025 15:48:05)	 (Not Inserted)
2, , 1,0,18,0,S, 	(30-MAY-2025 15:48:05)	 (Not Inserted)
2, , 1,0,18,0,S, 	(30-MAY-2025 15:48:05)	 (Not Inserted)
2, , 1,0,18,0,S, 	(30-MAY-2025 15:48:05)	 (Not Inserted)
2, , 1,0,18,0,S, 	(30-MAY-2025 15:48:05)	 (Not Inserted)
2, , 1,0,18,0,S, 	(30-MAY-2025 15:48:05)	 (Not Inserted)
2, , 1,0,18,0,S, 	(30-MAY-2025 15:48:05)	 (Not Inserted)
2, , 1,0,18,0,S, 	(30-MAY-2025 15:48:05)	 (Not Inserted)
2, , 1,0,18,0,S, 	(30-MAY-2025 15:48:05)	 (Not Inserted)
2, , 1,0,18,0,S, 	(30-MAY-2025 15:48:05)	 (Not Inserted)
2, , 1,0,18,0,S, 	(30-MAY-2025 15:48:05)	 (Not Inserted)
2, , 1,0,18,0,S, 	(30-MAY-2025 15:48:05)	 (Not Inserted)
2, , 1,0,18,0,S, 	(30-MAY-2025 15:48:05)	 (Not Inserted)
2, , 1,0,17,2,S, 	(30-MAY-2025 15:48:05)	 (Not Inserted)
2, , 1,0,17,2,S, 	(30-MAY-2025 15:48:05)	 (Not Inserted)
2, , 1,0,17,2,S, 	(30-MAY-2025 15:48:05)	 (Not Inserted)
2, , 1,0,17,2,S, 	(30-MAY-2025 15:48:05)	 (Not Inserted)
2, , 1,0,17,2,S, 	(30-MAY-2025 15:48:05)	 (Not Inserted)
2, , 1,0,17,2,S, 	(30-MAY-2025 15:48:05)	 (Not Inserted)
2, , 1,0,17,2,S, 	(30-MAY-2025 15:48:05)	 (Not Inserted)
2, , 1,0,17,2,S, 	(30-MAY-2025 15:48:05)	 (Not Inserted)
2, , 1,0,17,2,S, 	(30-MAY-2025 15:48:05)	 (Not Inserted)
2, , 1,0,17,2,S, 	(30-MAY-2025 15:48:05)	 (Not Inserted)
2, , 1,0,17,2,S, 	(30-MAY-2025 15:48:05)	 (Not Inserted)
2, , 1,0,17,2,S, 	(30-MAY-2025 15:48:05)	 (Not Inserted)
2, , 1,0,17,2,S, 	(30-MAY-2025 15:48:05)	 (Not Inserted)
2, , 1,0,17,2,S, 	(30-MAY-2025 15:48:05)	 (Not Inserted)
2, , 1,0,17,2,S, 	(30-MAY-2025 15:48:05)	 (Not Inserted)
2, , 1,0,17,2,S, 	(30-MAY-2025 15:48:05)	 (Not Inserted)
2, , 1,0,17,2,S, 	(30-MAY-2025 15:48:05)	 (Not Inserted)
2, , 1,0,17,2,S, 	(30-MAY-2025 15:48:05)	 (Not Inserted)
2, , 1,0,17,2,S, 	(30-MAY-2025 15:48:05)	 (Not Inserted)
2, , 1,0,17,2,S, 	(30-MAY-2025 15:48:05)	 (Not Inserted)
2, , 1,0,17,2,S, 	(30-MAY-2025 15:48:05)	 (Not Inserted)
2, , 1,0,17,2,S, 	(30-MAY-2025 15:48:05)	 (Not Inserted)
2, , 1,0,17,2,S, 	(30-MAY-2025 15:48:05)	 (Not Inserted)
2, , 1,0,17,2,S, 	(30-MAY-2025 15:48:05)	 (Not Inserted)
2, , 1,0,17,2,S, 	(30-MAY-2025 15:48:05)	 (Not Inserted)
2, , 1,0,17,2,S, 	(30-MAY-2025 15:48:05)	 (Not Inserted)
2, , 1,0,17,2,S, 	(30-MAY-2025 15:48:05)	 (Not Inserted)
2, , 1,0,17,2,S, 	(30-MAY-2025 15:48:05)	 (Not Inserted)
2, , 1,0,17,2,S, 	(30-MAY-2025 15:48:05)	 (Not Inserted)
2, , 1,0,17,2,S, 	(30-MAY-2025 15:48:05)	 (Not Inserted)
2, , 1,0,17,2,S, 	(30-MAY-2025 15:48:05)	 (Not Inserted)
2, , 1,0,16,2,S, 	(30-MAY-2025 15:48:05)	 (Not Inserted)
2, , 1,0,16,2,S, 	(30-MAY-2025 15:48:05)	 (Not Inserted)
2, , 1,0,17,1,S, 	(30-MAY-2025 15:48:05)	 (Not Inserted)
2, , 1,0,17,1,S, 	(30-MAY-2025 15:48:05)	 (Not Inserted)
2, , 1,0,17,1,S, 	(30-MAY-2025 15:48:05)	 (Not Inserted)
2, , 1,0,17,1,S, 	(30-MAY-2025 15:48:05)	 (Not Inserted)
2, , 1,0,17,1,S, 	(30-MAY-2025 15:48:05)	 (Not Inserted)
2, , 1,0,17,1,S, 	(30-MAY-2025 15:48:05)	 (Not Inserted)
2, , 1,0,17,1,S, 	(30-MAY-2025 15:48:05)	 (Not Inserted)
2, , 1,0,17,1,S, 	(30-MAY-2025 15:48:05)	 (Not Inserted)
2, , 1,0,17,1,S, 	(30-MAY-2025 15:48:05)	 (Not Inserted)
2, , 1,0,17,1,S, 	(30-MAY-2025 15:48:05)	 (Not Inserted)
2, , 1,0,17,1,S, 	(30-MAY-2025 15:48:05)	 (Not Inserted)
2, , 1,0,17,1,S, 	(30-MAY-2025 15:48:05)	 (Not Inserted)
2, , 1,0,17,1,S, 	(30-MAY-2025 15:48:05)	 (Not Inserted)
2, , 1,0,19,0,S, 	(30-MAY-2025 15:48:05)	 (Not Inserted)
2, , 1,0,19,2,S, 	(30-MAY-2025 15:48:05)	 (Not Inserted)
2, , 1,0,19,2,S, 	(30-MAY-2025 15:48:05)	 (Not Inserted)
2, , 1,0,19,2,S, 	(30-MAY-2025 15:48:05)	 (Not Inserted)
2, , 1,0,19,2,S, 	(30-MAY-2025 15:48:05)	 (Not Inserted)
2, , 1,0,19,2,S, 	(30-MAY-2025 15:48:05)	 (Not Inserted)
2, , 1,0,19,2,S, 	(30-MAY-2025 15:48:05)	 (Not Inserted)
2, , 1,0,19,2,S, 	(30-MAY-2025 15:48:05)	 (Not Inserted)
2, , 1,0,19,2,S, 	(30-MAY-2025 15:48:05)	 (Not Inserted)
2, , 1,0,19,2,S, 	(30-MAY-2025 15:48:05)	 (Not Inserted)
2, , 1,0,19,2,S, 	(30-MAY-2025 15:48:05)	 (Not Inserted)
2, , 1,0,19,2,S, 	(30-MAY-2025 15:48:05)	 (Not Inserted)
2, , 1,0,19,2,S, 	(30-MAY-2025 15:48:05)	 (Not Inserted)
2, , 1,0,19,2,S, 	(30-MAY-2025 15:48:05)	 (Not Inserted)
2, , 1,0,19,2,S, 	(30-MAY-2025 15:48:05)	 (Not Inserted)
2, , 1,0,19,2,S, 	(30-MAY-2025 15:48:05)	 (Not Inserted)
2, , 1,0,19,2,S, 	(30-MAY-2025 15:48:05)	 (Not Inserted)
2, , 1,0,19,2,S, 	(30-MAY-2025 15:48:05)	 (Not Inserted)
2, , 1,0,19,2,S, 	(30-MAY-2025 15:48:05)	 (Not Inserted)
2, , 1,0,19,2,S, 	(30-MAY-2025 15:48:05)	 (Not Inserted)
2, , 1,0,19,2,S, 	(30-MAY-2025 15:48:05)	 (Not Inserted)
2, , 1,0,19,2,S, 	(30-MAY-2025 15:48:05)	 (Not Inserted)
2, , 1,0,19,2,S, 	(30-MAY-2025 15:48:05)	 (Not Inserted)
2, , 1,0,19,2,S, 	(30-MAY-2025 15:48:05)	 (Not Inserted)
2, , 1,0,19,2,S, 	(30-MAY-2025 15:48:05)	 (Not Inserted)
2, , 1,0,19,2,S, 	(30-MAY-2025 15:48:05)	 (Not Inserted)
2, , 1,0,19,2,S, 	(30-MAY-2025 15:48:05)	 (Not Inserted)
2, , 1,0,19,2,S, 	(30-MAY-2025 15:48:05)	 (Not Inserted)
2, , 1,0,19,2,S, 	(30-MAY-2025 15:48:05)	 (Not Inserted)
2, , 1,0,19,2,S, 	(30-MAY-2025 15:48:05)	 (Not Inserted)
2, , 1,0,19,2,S, 	(30-MAY-2025 15:48:05)	 (Not Inserted)
2, , 1,0,14,1,S, 	(30-MAY-2025 15:48:05)	 (Not Inserted)
2, , 1,0,14,1,S, 	(30-MAY-2025 15:48:05)	 (Not Inserted)
2, , 1,0,14,1,S, 	(30-MAY-2025 15:48:05)	 (Not Inserted)
2, , 1,0,14,1,S, 	(30-MAY-2025 15:48:05)	 (Not Inserted)
2, , 1,0,14,1,S, 	(30-MAY-2025 15:48:05)	 (Not Inserted)
2, , 1,0,14,1,S, 	(30-MAY-2025 15:48:05)	 (Not Inserted)
2, , 1,0,14,1,S, 	(30-MAY-2025 15:48:05)	 (Not Inserted)
2, , 1,0,14,1,S, 	(30-MAY-2025 15:48:05)	 (Not Inserted)
2, , 1,0,14,1,S, 	(30-MAY-2025 15:48:05)	 (Not Inserted)
2, , 1,0,14,1,S, 	(30-MAY-2025 15:48:05)	 (Not Inserted)
2, , 1,0,14,2,S, 	(30-MAY-2025 15:48:05)	 (Not Inserted)
2, , 1,0,14,2,S, 	(30-MAY-2025 15:48:05)	 (Not Inserted)
2, , 1,0,14,2,S, 	(30-MAY-2025 15:48:05)	 (Not Inserted)
2, , 1,0,14,2,S, 	(30-MAY-2025 15:48:05)	 (Not Inserted)
2, , 1,0,14,2,S, 	(30-MAY-2025 15:48:05)	 (Not Inserted)
2, , 1,0,14,2,S, 	(30-MAY-2025 15:48:05)	 (Not Inserted)
2, , 1,0,14,2,S, 	(30-MAY-2025 15:48:05)	 (Not Inserted)
2, , 1,0,14,2,S, 	(30-MAY-2025 15:48:05)	 (Not Inserted)
2, , 1,0,14,2,S, 	(30-MAY-2025 15:48:05)	 (Not Inserted)
2, , 1,0,14,2,S, 	(30-MAY-2025 15:48:05)	 (Not Inserted)
2, , 1,0,14,2,S, 	(30-MAY-2025 15:48:05)	 (Not Inserted)
2, , 1,0,14,2,S, 	(30-MAY-2025 15:48:05)	 (Not Inserted)
2, , 1,0,14,2,S, 	(30-MAY-2025 15:48:05)	 (Not Inserted)
2, , 1,0,14,2,S, 	(30-MAY-2025 15:48:05)	 (Not Inserted)
2, , 1,0,14,2,S, 	(30-MAY-2025 15:48:05)	 (Not Inserted)
2, , 1,0,14,2,S, 	(30-MAY-2025 15:48:05)	 (Not Inserted)
2, , 1,0,14,2,S, 	(30-MAY-2025 15:48:05)	 (Not Inserted)
2, , 1,0,14,2,S, 	(30-MAY-2025 15:48:05)	 (Not Inserted)
2, , 1,0,14,2,S, 	(30-MAY-2025 15:48:05)	 (Not Inserted)
2, , 1,0,14,2,S, 	(30-MAY-2025 15:48:05)	 (Not Inserted)
2, , 1,0,14,2,S, 	(30-MAY-2025 15:48:05)	 (Not Inserted)
2, , 1,0,14,2,S, 	(30-MAY-2025 15:48:05)	 (Not Inserted)
2, , 1,0,14,2,S, 	(30-MAY-2025 15:48:05)	 (Not Inserted)
2, , 1,0,14,2,S, 	(30-MAY-2025 15:48:05)	 (Not Inserted)
2, , 1,0,14,2,S, 	(30-MAY-2025 15:48:05)	 (Not Inserted)
2, , 1,0,14,2,S, 	(30-MAY-2025 15:48:05)	 (Not Inserted)
2, , 1,0,14,2,S, 	(30-MAY-2025 15:48:05)	 (Not Inserted)
2, , 1,0,14,2,S, 	(30-MAY-2025 15:48:05)	 (Not Inserted)
2, , 1,0,14,2,S, 	(30-MAY-2025 15:48:05)	 (Not Inserted)
2, , 1,0,14,2,S, 	(30-MAY-2025 15:48:05)	 (Not Inserted)
2, , 1,0,14,2,S, 	(30-MAY-2025 15:48:05)	 (Not Inserted)
2, , 1,0,14,2,S, 	(30-MAY-2025 15:48:05)	 (Not Inserted)
2, , 1,0,14,2,S, 	(30-MAY-2025 15:48:05)	 (Not Inserted)
2, , 1,0,14,2,S, 	(30-MAY-2025 15:48:05)	 (Not Inserted)
2, , 1,0,14,2,S, 	(30-MAY-2025 15:48:05)	 (Not Inserted)
2, , 1,0,14,2,S, 	(30-MAY-2025 15:48:05)	 (Not Inserted)
2, , 1,0,14,2,S, 	(30-MAY-2025 15:48:05)	 (Not Inserted)
2, , 1,0,14,2,S, 	(30-MAY-2025 15:48:05)	 (Not Inserted)
2, , 1,0,14,2,S, 	(30-MAY-2025 15:48:05)	 (Not Inserted)
2, , 1,0,14,2,S, 	(30-MAY-2025 15:48:05)	 (Not Inserted)
2, , 1,0,14,2,S, 	(30-MAY-2025 15:48:05)	 (Not Inserted)
2, , 1,0,14,2,S, 	(30-MAY-2025 15:48:05)	 (Not Inserted)
2, , 1,0,14,2,S, 	(30-MAY-2025 15:48:05)	 (Not Inserted)
2, , 1,0,14,2,S, 	(30-MAY-2025 15:48:05)	 (Not Inserted)
2, , 1,0,14,2,S, 	(30-MAY-2025 15:48:05)	 (Not Inserted)
2, , 1,0,14,2,S, 	(30-MAY-2025 15:48:05)	 (Not Inserted)
2, , 1,0,14,2,S, 	(30-MAY-2025 15:48:05)	 (Not Inserted)
2, , 1,0,14,2,S, 	(30-MAY-2025 15:48:05)	 (Not Inserted)
2, , 1,0,14,2,S, 	(30-MAY-2025 15:48:05)	 (Not Inserted)
2, , 1,0,14,2,S, 	(30-MAY-2025 15:48:05)	 (Not Inserted)
2, , 1,0,14,2,S, 	(30-MAY-2025 15:48:05)	 (Not Inserted)
2, , 1,0,14,2,S, 	(30-MAY-2025 15:48:05)	 (Not Inserted)
2, , 1,0,14,2,S, 	(30-MAY-2025 15:48:05)	 (Not Inserted)
2, , 1,0,14,2,S, 	(30-MAY-2025 15:48:05)	 (Not Inserted)
2, , 1,0,14,2,S, 	(30-MAY-2025 15:48:05)	 (Not Inserted)
2, , 1,0,14,2,S, 	(30-MAY-2025 15:48:05)	 (Not Inserted)
2, , 1,0,14,2,S, 	(30-MAY-2025 15:48:05)	 (Not Inserted)
2, , 1,0,14,2,S, 	(30-MAY-2025 15:48:05)	 (Not Inserted)
2, , 1,0,14,2,S, 	(30-MAY-2025 15:48:05)	 (Not Inserted)
2, , 1,0,14,2,S, 	(30-MAY-2025 15:48:05)	 (Not Inserted)
2, , 1,0,14,2,S, 	(30-MAY-2025 15:48:05)	 (Not Inserted)
2, , 1,0,14,2,S, 	(30-MAY-2025 15:48:05)	 (Not Inserted)
2, , 1,0,14,2,S, 	(30-MAY-2025 15:48:05)	 (Not Inserted)
2, , 1,0,14,2,S, 	(30-MAY-2025 15:48:05)	 (Not Inserted)
2, , 1,0,14,2,S, 	(30-MAY-2025 15:48:05)	 (Not Inserted)
2, , 1,0,14,2,S, 	(30-MAY-2025 15:48:05)	 (Not Inserted)
2, , 1,0,14,2,S, 	(30-MAY-2025 15:48:05)	 (Not Inserted)
2, , 1,0,14,2,S, 	(30-MAY-2025 15:48:05)	 (Not Inserted)
2, , 1,0,14,2,S, 	(30-MAY-2025 15:48:05)	 (Not Inserted)
2, , 1,0,14,2,S, 	(30-MAY-2025 15:48:05)	 (Not Inserted)
2, , 1,0,14,2,S, 	(30-MAY-2025 15:48:05)	 (Not Inserted)
2, , 1,0,14,2,S, 	(30-MAY-2025 15:48:05)	 (Not Inserted)
2, , 1,0,14,2,S, 	(30-MAY-2025 15:48:05)	 (Not Inserted)
2, , 1,0,14,2,S, 	(30-MAY-2025 15:48:05)	 (Not Inserted)
2, , 1,0,14,2,S, 	(30-MAY-2025 15:48:05)	 (Not Inserted)
2, , 1,0,14,2,S, 	(30-MAY-2025 15:48:05)	 (Not Inserted)
2, , 1,0,14,2,S, 	(30-MAY-2025 15:48:05)	 (Not Inserted)
2, , 1,0,14,2,S, 	(30-MAY-2025 15:48:05)	 (Not Inserted)
2, , 1,0,14,2,S, 	(30-MAY-2025 15:48:05)	 (Not Inserted)
2, , 1,0,14,2,S, 	(30-MAY-2025 15:48:05)	 (Not Inserted)
2, , 1,0,14,2,S, 	(30-MAY-2025 15:48:05)	 (Not Inserted)
2, , 1,0,14,2,S, 	(30-MAY-2025 15:48:05)	 (Not Inserted)
2, , 1,0,14,2,S, 	(30-MAY-2025 15:48:05)	 (Not Inserted)
2, , 1,0,14,2,S, 	(30-MAY-2025 15:48:05)	 (Not Inserted)
2, , 1,0,14,2,S, 	(30-MAY-2025 15:48:05)	 (Not Inserted)
2, , 1,0,14,2,S, 	(30-MAY-2025 15:48:05)	 (Not Inserted)
2, , 1,0,14,2,S, 	(30-MAY-2025 15:48:05)	 (Not Inserted)
2, , 1,0,14,2,S, 	(30-MAY-2025 15:48:05)	 (Not Inserted)
2, , 1,0,14,2,S, 	(30-MAY-2025 15:48:05)	 (Not Inserted)
2, , 1,0,14,2,S, 	(30-MAY-2025 15:48:05)	 (Not Inserted)
2, , 1,0,14,2,S, 	(30-MAY-2025 15:48:05)	 (Not Inserted)
2, , 1,0,14,2,S, 	(30-MAY-2025 15:48:05)	 (Not Inserted)
2, , 1,0,14,2,S, 	(30-MAY-2025 15:48:05)	 (Not Inserted)
2, , 1,0,14,2,S, 	(30-MAY-2025 15:48:05)	 (Not Inserted)
2, , 1,0,14,2,S, 	(30-MAY-2025 15:48:05)	 (Not Inserted)
2, , 1,0,14,2,S, 	(30-MAY-2025 15:48:05)	 (Not Inserted)
2, , 1,0,14,2,S, 	(30-MAY-2025 15:48:05)	 (Not Inserted)
2, , 1,0,14,2,S, 	(30-MAY-2025 15:48:05)	 (Not Inserted)
2, , 1,0,14,2,S, 	(30-MAY-2025 15:48:05)	 (Not Inserted)
2, , 1,0,14,2,S, 	(30-MAY-2025 15:48:05)	 (Not Inserted)
2, , 1,0,14,2,S, 	(30-MAY-2025 15:48:05)	 (Not Inserted)
2, , 1,0,14,2,S, 	(30-MAY-2025 15:48:05)	 (Not Inserted)
2, , 1,0,14,2,S, 	(30-MAY-2025 15:48:05)	 (Not Inserted)
2, , 1,0,14,2,S, 	(30-MAY-2025 15:48:05)	 (Not Inserted)
2, , 1,0,14,2,S, 	(30-MAY-2025 15:48:05)	 (Not Inserted)
2, , 1,0,14,2,S, 	(30-MAY-2025 15:48:05)	 (Not Inserted)
2, , 1,0,14,2,S, 	(30-MAY-2025 15:48:05)	 (Not Inserted)
2, , 1,0,14,2,S, 	(30-MAY-2025 15:48:05)	 (Not Inserted)
2, , 1,0,14,2,S, 	(30-MAY-2025 15:48:05)	 (Not Inserted)
2, , 1,0,14,2,S, 	(30-MAY-2025 15:48:05)	 (Not Inserted)
2, , 1,0,14,2,S, 	(30-MAY-2025 15:48:05)	 (Not Inserted)
2, , 1,0,14,2,S, 	(30-MAY-2025 15:48:05)	 (Not Inserted)
2, , 1,0,14,2,S, 	(30-MAY-2025 15:48:05)	 (Not Inserted)
2, , 1,0,14,2,S, 	(30-MAY-2025 15:48:05)	 (Not Inserted)
2, , 1,0,14,2,S, 	(30-MAY-2025 15:48:05)	 (Not Inserted)
2, , 1,0,14,2,S, 	(30-MAY-2025 15:48:05)	 (Not Inserted)
2, , 1,0,14,2,S, 	(30-MAY-2025 15:48:05)	 (Not Inserted)
2, , 1,0,14,2,S, 	(30-MAY-2025 15:48:05)	 (Not Inserted)
2, , 1,0,14,2,S, 	(30-MAY-2025 15:48:05)	 (Not Inserted)
2, , 1,0,14,2,S, 	(30-MAY-2025 15:48:05)	 (Not Inserted)
2, , 1,0,14,2,S, 	(30-MAY-2025 15:48:05)	 (Not Inserted)
2, , 1,0,14,2,S, 	(30-MAY-2025 15:48:05)	 (Not Inserted)
2, , 1,0,14,2,S, 	(30-MAY-2025 15:48:05)	 (Not Inserted)
2, , 1,0,14,2,S, 	(30-MAY-2025 15:48:05)	 (Not Inserted)
2, , 1,0,14,2,S, 	(30-MAY-2025 15:48:05)	 (Not Inserted)
2, , 1,0,14,2,S, 	(30-MAY-2025 15:48:05)	 (Not Inserted)
2, , 1,0,14,2,S, 	(30-MAY-2025 15:48:05)	 (Not Inserted)
2, , 1,0,14,2,S, 	(30-MAY-2025 15:48:05)	 (Not Inserted)
2, , 1,0,14,2,S, 	(30-MAY-2025 15:48:05)	 (Not Inserted)
2, , 1,0,14,2,S, 	(30-MAY-2025 15:48:05)	 (Not Inserted)
2, , 1,0,14,2,S, 	(30-MAY-2025 15:48:05)	 (Not Inserted)
2, , 1,0,14,2,S, 	(30-MAY-2025 15:48:05)	 (Not Inserted)
2, , 1,0,14,2,S, 	(30-MAY-2025 15:48:05)	 (Not Inserted)
2, , 1,0,14,2,S, 	(30-MAY-2025 15:48:05)	 (Not Inserted)
2, , 1,0,14,2,S, 	(30-MAY-2025 15:48:05)	 (Not Inserted)
2, , 1,0,14,2,S, 	(30-MAY-2025 15:48:05)	 (Not Inserted)
2, , 1,0,14,2,S, 	(30-MAY-2025 15:48:05)	 (Not Inserted)
2, , 1,0,14,2,S, 	(30-MAY-2025 15:48:05)	 (Not Inserted)
2, , 1,0,14,2,S, 	(30-MAY-2025 15:48:05)	 (Not Inserted)
2, , 1,0,14,2,S, 	(30-MAY-2025 15:48:05)	 (Not Inserted)
2, , 1,0,14,2,S, 	(30-MAY-2025 15:48:05)	 (Not Inserted)
2, , 1,0,14,2,S, 	(30-MAY-2025 15:48:05)	 (Not Inserted)
2, , 1,0,14,2,S, 	(30-MAY-2025 15:48:06)	 (Not Inserted)
2, , 1,0,14,2,S, 	(30-MAY-2025 15:48:06)	 (Not Inserted)
2, , 1,0,14,2,S, 	(30-MAY-2025 15:48:06)	 (Not Inserted)
2, , 1,0,14,2,S, 	(30-MAY-2025 15:48:06)	 (Not Inserted)
2, , 1,0,14,2,S, 	(30-MAY-2025 15:48:06)	 (Not Inserted)
2, , 1,0,14,2,S, 	(30-MAY-2025 15:48:06)	 (Not Inserted)
2, , 1,0,14,2,S, 	(30-MAY-2025 15:48:06)	 (Not Inserted)
2, , 1,0,14,2,S, 	(30-MAY-2025 15:48:06)	 (Not Inserted)
2, , 1,0,14,2,S, 	(30-MAY-2025 15:48:06)	 (Not Inserted)
2, , 1,0,14,2,S, 	(30-MAY-2025 15:48:06)	 (Not Inserted)
2, , 1,0,14,2,S, 	(30-MAY-2025 15:48:06)	 (Not Inserted)
2, , 1,0,14,2,S, 	(30-MAY-2025 15:48:06)	 (Not Inserted)
2, , 1,0,14,2,S, 	(30-MAY-2025 15:48:06)	 (Not Inserted)
2, , 1,0,14,2,S, 	(30-MAY-2025 15:48:06)	 (Not Inserted)
2, , 1,0,14,2,S, 	(30-MAY-2025 15:48:06)	 (Not Inserted)
2, , 1,0,14,2,S, 	(30-MAY-2025 15:48:06)	 (Not Inserted)
2, , 1,0,14,2,S, 	(30-MAY-2025 15:48:06)	 (Not Inserted)
2, , 1,0,14,2,S, 	(30-MAY-2025 15:48:06)	 (Not Inserted)
2, , 1,0,14,2,S, 	(30-MAY-2025 15:48:06)	 (Not Inserted)
2, , 1,0,14,2,S, 	(30-MAY-2025 15:48:06)	 (Not Inserted)
2, , 1,0,14,2,S, 	(30-MAY-2025 15:48:06)	 (Not Inserted)
2, , 1,0,14,2,S, 	(30-MAY-2025 15:48:06)	 (Not Inserted)
2, , 1,0,14,2,S, 	(30-MAY-2025 15:48:06)	 (Not Inserted)
2, , 1,0,14,2,S, 	(30-MAY-2025 15:48:06)	 (Not Inserted)
2, , 1,0,14,2,S, 	(30-MAY-2025 15:48:06)	 (Not Inserted)
2, , 1,0,14,2,S, 	(30-MAY-2025 15:48:06)	 (Not Inserted)
2, , 1,0,14,2,S, 	(30-MAY-2025 15:48:06)	 (Not Inserted)
2, , 1,0,14,2,S, 	(30-MAY-2025 15:48:06)	 (Not Inserted)
2, , 1,0,14,2,S, 	(30-MAY-2025 15:48:06)	 (Not Inserted)
2, , 1,0,14,2,S, 	(30-MAY-2025 15:48:06)	 (Not Inserted)
2, , 1,0,14,2,S, 	(30-MAY-2025 15:48:06)	 (Not Inserted)
2, , 1,0,14,2,S, 	(30-MAY-2025 15:48:06)	 (Not Inserted)
2, , 1,0,14,2,S, 	(30-MAY-2025 15:48:06)	 (Not Inserted)
2, , 1,0,14,2,S, 	(30-MAY-2025 15:48:06)	 (Not Inserted)
2, , 1,0,14,2,S, 	(30-MAY-2025 15:48:06)	 (Not Inserted)
2, , 1,0,14,2,S, 	(30-MAY-2025 15:48:06)	 (Not Inserted)
2, , 1,0,14,2,S, 	(30-MAY-2025 15:48:06)	 (Not Inserted)
2, , 1,0,14,2,S, 	(30-MAY-2025 15:48:06)	 (Not Inserted)
2, , 1,0,14,2,S, 	(30-MAY-2025 15:48:06)	 (Not Inserted)
2, , 1,0,14,2,S, 	(30-MAY-2025 15:48:06)	 (Not Inserted)
2, , 1,0,14,2,S, 	(30-MAY-2025 15:48:06)	 (Not Inserted)
2, , 1,0,14,2,S, 	(30-MAY-2025 15:48:06)	 (Not Inserted)
2, , 1,0,14,2,S, 	(30-MAY-2025 15:48:06)	 (Not Inserted)
2, , 1,0,14,2,S, 	(30-MAY-2025 15:48:06)	 (Not Inserted)
2, , 1,0,14,2,S, 	(30-MAY-2025 15:48:06)	 (Not Inserted)
2, , 1,0,14,2,S, 	(30-MAY-2025 15:48:06)	 (Not Inserted)
2, , 1,0,14,2,S, 	(30-MAY-2025 15:48:06)	 (Not Inserted)
2, , 1,0,14,2,S, 	(30-MAY-2025 15:48:06)	 (Not Inserted)
2, , 1,0,14,2,S, 	(30-MAY-2025 15:48:06)	 (Not Inserted)
2, , 1,0,14,2,S, 	(30-MAY-2025 15:48:06)	 (Not Inserted)
2, , 1,0,14,2,S, 	(30-MAY-2025 15:48:06)	 (Not Inserted)
2, , 1,0,14,2,S, 	(30-MAY-2025 15:48:06)	 (Not Inserted)
2, , 1,0,14,2,S, 	(30-MAY-2025 15:48:06)	 (Not Inserted)
2, , 1,0,14,2,S, 	(30-MAY-2025 15:48:06)	 (Not Inserted)
2, , 1,0,14,2,S, 	(30-MAY-2025 15:48:06)	 (Not Inserted)
2, , 1,0,14,2,S, 	(30-MAY-2025 15:48:06)	 (Not Inserted)
2, , 1,0,14,2,S, 	(30-MAY-2025 15:48:06)	 (Not Inserted)
2, , 1,0,14,2,S, 	(30-MAY-2025 15:48:06)	 (Not Inserted)
2, , 1,0,14,2,S, 	(30-MAY-2025 15:48:06)	 (Not Inserted)
2, , 1,0,14,2,S, 	(30-MAY-2025 15:48:06)	 (Not Inserted)
2, , 1,0,14,2,S, 	(30-MAY-2025 15:48:06)	 (Not Inserted)
2, , 1,0,14,2,S, 	(30-MAY-2025 15:48:06)	 (Not Inserted)
2, , 1,0,14,2,S, 	(30-MAY-2025 15:48:06)	 (Not Inserted)
2, , 1,0,14,2,S, 	(30-MAY-2025 15:48:06)	 (Not Inserted)
2, , 1,0,14,2,S, 	(30-MAY-2025 15:48:06)	 (Not Inserted)
2, , 1,0,14,2,S, 	(30-MAY-2025 15:48:06)	 (Not Inserted)
2, , 1,0,14,2,S, 	(30-MAY-2025 15:48:06)	 (Not Inserted)
2, , 1,0,14,2,S, 	(30-MAY-2025 15:48:06)	 (Not Inserted)
2, , 1,0,14,2,S, 	(30-MAY-2025 15:48:06)	 (Not Inserted)
2, , 1,0,14,2,S, 	(30-MAY-2025 15:48:06)	 (Not Inserted)
2, , 1,0,14,2,S, 	(30-MAY-2025 15:48:06)	 (Not Inserted)
2, , 1,0,14,2,S, 	(30-MAY-2025 15:48:06)	 (Not Inserted)
2, , 1,0,14,2,S, 	(30-MAY-2025 15:48:06)	 (Not Inserted)
2, , 1,0,14,2,S, 	(30-MAY-2025 15:48:06)	 (Not Inserted)
2, , 1,0,14,2,S, 	(30-MAY-2025 15:48:06)	 (Not Inserted)
2, , 1,0,14,2,S, 	(30-MAY-2025 15:48:06)	 (Not Inserted)
2, , 1,0,14,2,S, 	(30-MAY-2025 15:48:06)	 (Not Inserted)
2, , 1,0,14,2,S, 	(30-MAY-2025 15:48:06)	 (Not Inserted)
2, , 1,0,14,2,S, 	(30-MAY-2025 15:48:06)	 (Not Inserted)
2, , 1,0,14,2,S, 	(30-MAY-2025 15:48:06)	 (Not Inserted)
2, , 1,0,14,2,S, 	(30-MAY-2025 15:48:06)	 (Not Inserted)
2, , 1,0,14,2,S, 	(30-MAY-2025 15:48:06)	 (Not Inserted)
2, , 1,0,14,2,S, 	(30-MAY-2025 15:48:06)	 (Not Inserted)
2, , 1,0,14,2,S, 	(30-MAY-2025 15:48:06)	 (Not Inserted)
2, , 1,0,14,2,S, 	(30-MAY-2025 15:48:06)	 (Not Inserted)
2, , 1,0,14,2,S, 	(30-MAY-2025 15:48:06)	 (Not Inserted)
2, , 1,0,14,2,S, 	(30-MAY-2025 15:48:06)	 (Not Inserted)
2, , 1,0,14,2,S, 	(30-MAY-2025 15:48:06)	 (Not Inserted)
2, , 1,0,14,2,S, 	(30-MAY-2025 15:48:06)	 (Not Inserted)
2, , 1,0,14,2,S, 	(30-MAY-2025 15:48:06)	 (Not Inserted)
2, , 1,0,14,2,S, 	(30-MAY-2025 15:48:06)	 (Not Inserted)
2, , 1,0,14,2,S, 	(30-MAY-2025 15:48:06)	 (Not Inserted)
2, , 1,0,14,2,S, 	(30-MAY-2025 15:48:06)	 (Not Inserted)
2, , 1,0,14,2,S, 	(30-MAY-2025 15:48:06)	 (Not Inserted)
2, , 1,0,14,2,S, 	(30-MAY-2025 15:48:06)	 (Not Inserted)
2, , 1,0,14,2,S, 	(30-MAY-2025 15:48:06)	 (Not Inserted)
2, , 1,0,14,2,S, 	(30-MAY-2025 15:48:06)	 (Not Inserted)
2, , 1,0,14,2,S, 	(30-MAY-2025 15:48:06)	 (Not Inserted)
2, , 1,0,14,2,S, 	(30-MAY-2025 15:48:06)	 (Not Inserted)
2, , 1,0,14,2,S, 	(30-MAY-2025 15:48:06)	 (Not Inserted)
2, , 1,0,14,2,S, 	(30-MAY-2025 15:48:06)	 (Not Inserted)
2, , 1,0,14,2,S, 	(30-MAY-2025 15:48:06)	 (Not Inserted)
2, , 1,0,14,2,S, 	(30-MAY-2025 15:48:06)	 (Not Inserted)
2, , 1,0,14,2,S, 	(30-MAY-2025 15:48:06)	 (Not Inserted)
2, , 1,0,14,2,S, 	(30-MAY-2025 15:48:06)	 (Not Inserted)
2, , 1,0,14,2,S, 	(30-MAY-2025 15:48:06)	 (Not Inserted)
2, , 1,0,14,2,S, 	(30-MAY-2025 15:48:06)	 (Not Inserted)
2, , 1,0,14,2,S, 	(30-MAY-2025 15:48:06)	 (Not Inserted)
2, , 1,0,14,2,S, 	(30-MAY-2025 15:48:06)	 (Not Inserted)
2, , 1,0,14,2,S, 	(30-MAY-2025 15:48:06)	 (Not Inserted)
2, , 1,0,14,2,S, 	(30-MAY-2025 15:48:06)	 (Not Inserted)
2, , 1,0,14,2,S, 	(30-MAY-2025 15:48:06)	 (Not Inserted)
2, , 1,0,14,2,S, 	(30-MAY-2025 15:48:06)	 (Not Inserted)
2, , 1,0,14,2,S, 	(30-MAY-2025 15:48:06)	 (Not Inserted)
2, , 1,0,14,2,S, 	(30-MAY-2025 15:48:06)	 (Not Inserted)
2, , 1,0,14,2,S, 	(30-MAY-2025 15:48:06)	 (Not Inserted)
2, , 1,0,14,2,S, 	(30-MAY-2025 15:48:06)	 (Not Inserted)
2, , 1,0,14,2,S, 	(30-MAY-2025 15:48:06)	 (Not Inserted)
2, , 1,0,14,2,S, 	(30-MAY-2025 15:48:06)	 (Not Inserted)
2, , 1,0,14,2,S, 	(30-MAY-2025 15:48:06)	 (Not Inserted)
2, , 1,0,14,2,S, 	(30-MAY-2025 15:48:06)	 (Not Inserted)
2, , 1,0,14,2,S, 	(30-MAY-2025 15:48:06)	 (Not Inserted)
2, , 1,0,14,2,S, 	(30-MAY-2025 15:48:06)	 (Not Inserted)
2, , 1,0,14,2,S, 	(30-MAY-2025 15:48:06)	 (Not Inserted)
2, , 1,0,14,2,S, 	(30-MAY-2025 15:48:06)	 (Not Inserted)
2, , 1,0,14,2,S, 	(30-MAY-2025 15:48:06)	 (Not Inserted)
2, , 1,0,14,2,S, 	(30-MAY-2025 15:48:06)	 (Not Inserted)
2, , 1,0,14,2,S, 	(30-MAY-2025 15:48:06)	 (Not Inserted)
2, , 1,0,14,2,S, 	(30-MAY-2025 15:48:06)	 (Not Inserted)
2, , 1,0,14,2,S, 	(30-MAY-2025 15:48:06)	 (Not Inserted)
2, , 1,0,14,2,S, 	(30-MAY-2025 15:48:06)	 (Not Inserted)
2, , 1,0,14,2,S, 	(30-MAY-2025 15:48:06)	 (Not Inserted)
2, , 1,0,14,2,S, 	(30-MAY-2025 15:48:06)	 (Not Inserted)
2, , 1,0,14,2,S, 	(30-MAY-2025 15:48:06)	 (Not Inserted)
2, , 1,0,14,2,S, 	(30-MAY-2025 15:48:06)	 (Not Inserted)
2, , 1,0,14,2,S, 	(30-MAY-2025 15:48:06)	 (Not Inserted)
2, , 1,0,14,2,S, 	(30-MAY-2025 15:48:06)	 (Not Inserted)
2, , 1,0,14,2,S, 	(30-MAY-2025 15:48:06)	 (Not Inserted)
2, , 1,0,14,2,S, 	(30-MAY-2025 15:48:06)	 (Not Inserted)
2, , 1,0,14,2,S, 	(30-MAY-2025 15:48:06)	 (Not Inserted)
2, , 1,0,14,2,S, 	(30-MAY-2025 15:48:06)	 (Not Inserted)
2, , 1,0,14,2,S, 	(30-MAY-2025 15:48:06)	 (Not Inserted)
2, , 1,0,14,2,S, 	(30-MAY-2025 15:48:06)	 (Not Inserted)
2, , 1,0,14,2,S, 	(30-MAY-2025 15:48:06)	 (Not Inserted)
2, , 1,0,14,2,S, 	(30-MAY-2025 15:48:06)	 (Not Inserted)
2, , 1,0,14,2,S, 	(30-MAY-2025 15:48:06)	 (Not Inserted)
2, , 1,0,14,2,S, 	(30-MAY-2025 15:48:06)	 (Not Inserted)
2, , 1,0,14,2,S, 	(30-MAY-2025 15:48:06)	 (Not Inserted)
2, , 1,0,11,0,S, 	(30-MAY-2025 15:48:06)	 (Not Inserted)
2, , 1,0,11,0,S, 	(30-MAY-2025 15:48:06)	 (Not Inserted)
2, , 1,0,11,0,S, 	(30-MAY-2025 15:48:06)	 (Not Inserted)
2, , 1,0,11,0,S, 	(30-MAY-2025 15:48:06)	 (Not Inserted)
2, , 1,0,11,0,S, 	(30-MAY-2025 15:48:06)	 (Not Inserted)
2, , 1,0,11,0,S, 	(30-MAY-2025 15:48:06)	 (Not Inserted)
2, , 1,0,11,0,S, 	(30-MAY-2025 15:48:06)	 (Not Inserted)
2, , 1,0,11,0,S, 	(30-MAY-2025 15:48:06)	 (Not Inserted)
2, , 1,0,11,0,S, 	(30-MAY-2025 15:48:06)	 (Not Inserted)
2, , 1,0,11,0,S, 	(30-MAY-2025 15:48:06)	 (Not Inserted)
2, , 1,0,11,0,S, 	(30-MAY-2025 15:48:06)	 (Not Inserted)
2, , 1,0,11,0,S, 	(30-MAY-2025 15:48:06)	 (Not Inserted)
2, , 1,0,11,0,S, 	(30-MAY-2025 15:48:06)	 (Not Inserted)
2, , 1,0,11,0,S, 	(30-MAY-2025 15:48:06)	 (Not Inserted)
2, , 1,0,11,0,S, 	(30-MAY-2025 15:48:06)	 (Not Inserted)
2, , 1,0,11,0,S, 	(30-MAY-2025 15:48:06)	 (Not Inserted)
2, , 1,0,11,0,S, 	(30-MAY-2025 15:48:06)	 (Not Inserted)
2, , 1,0,11,0,S, 	(30-MAY-2025 15:48:06)	 (Not Inserted)
2, , 1,0,11,0,S, 	(30-MAY-2025 15:48:06)	 (Not Inserted)
2, , 1,0,11,0,S, 	(30-MAY-2025 15:48:06)	 (Not Inserted)
2, , 1,0,11,0,S, 	(30-MAY-2025 15:48:06)	 (Not Inserted)
2, , 1,0,11,0,S, 	(30-MAY-2025 15:48:06)	 (Not Inserted)
2, , 1,0,11,0,S, 	(30-MAY-2025 15:48:06)	 (Not Inserted)
2, , 1,0,11,0,S, 	(30-MAY-2025 15:48:06)	 (Not Inserted)
2, , 1,0,11,0,S, 	(30-MAY-2025 15:48:06)	 (Not Inserted)
2, , 1,0,11,0,S, 	(30-MAY-2025 15:48:06)	 (Not Inserted)
2, , 1,0,11,0,S, 	(30-MAY-2025 15:48:06)	 (Not Inserted)
2, , 1,0,11,0,S, 	(30-MAY-2025 15:48:06)	 (Not Inserted)
2, , 1,0,11,0,S, 	(30-MAY-2025 15:48:06)	 (Not Inserted)
2, , 1,0,11,0,S, 	(30-MAY-2025 15:48:06)	 (Not Inserted)
2, , 1,0,11,0,S, 	(30-MAY-2025 15:48:06)	 (Not Inserted)
2, , 1,0,15,0,S, 	(30-MAY-2025 15:48:06)	 (Not Inserted)
2, , 1,0,15,0,S, 	(30-MAY-2025 15:48:06)	 (Not Inserted)
2, , 1,0,15,0,S, 	(30-MAY-2025 15:48:06)	 (Not Inserted)
2, , 1,0,15,0,S, 	(30-MAY-2025 15:48:06)	 (Not Inserted)
2, , 1,0,15,0,S, 	(30-MAY-2025 15:48:06)	 (Not Inserted)
2, , 1,0,15,0,S, 	(30-MAY-2025 15:48:06)	 (Not Inserted)
2, , 1,0,15,0,S, 	(30-MAY-2025 15:48:06)	 (Not Inserted)
2, , 1,0,15,0,S, 	(30-MAY-2025 15:48:06)	 (Not Inserted)
2, , 1,0,15,0,S, 	(30-MAY-2025 15:48:06)	 (Not Inserted)
2, , 1,0,15,0,S, 	(30-MAY-2025 15:48:06)	 (Not Inserted)
2, , 1,0,15,0,S, 	(30-MAY-2025 15:48:06)	 (Not Inserted)
2, , 1,0,15,0,S, 	(30-MAY-2025 15:48:06)	 (Not Inserted)
2, , 1,0,15,0,S, 	(30-MAY-2025 15:48:06)	 (Not Inserted)
2, , 1,0,15,0,S, 	(30-MAY-2025 15:48:06)	 (Not Inserted)
2, , 1,0,15,0,S, 	(30-MAY-2025 15:48:06)	 (Not Inserted)
2, , 1,0,15,0,S, 	(30-MAY-2025 15:48:06)	 (Not Inserted)
2, , 1,0,15,0,S, 	(30-MAY-2025 15:48:06)	 (Not Inserted)
2, , 1,0,15,0,S, 	(30-MAY-2025 15:48:06)	 (Not Inserted)
2, , 1,0,15,0,S, 	(30-MAY-2025 15:48:06)	 (Not Inserted)
2, , 1,0,15,0,S, 	(30-MAY-2025 15:48:06)	 (Not Inserted)
2, , 1,0,15,0,S, 	(30-MAY-2025 15:48:06)	 (Not Inserted)
2, , 1,0,15,0,S, 	(30-MAY-2025 15:48:06)	 (Not Inserted)
2, , 1,0,15,0,S, 	(30-MAY-2025 15:48:06)	 (Not Inserted)
2, , 1,0,15,0,S, 	(30-MAY-2025 15:48:06)	 (Not Inserted)
2, , 1,0,15,0,S, 	(30-MAY-2025 15:48:06)	 (Not Inserted)
2, , 1,0,15,0,S, 	(30-MAY-2025 15:48:06)	 (Not Inserted)
2, , 1,0,15,0,S, 	(30-MAY-2025 15:48:06)	 (Not Inserted)
2, , 1,0,15,0,S, 	(30-MAY-2025 15:48:06)	 (Not Inserted)
2, , 1,0,15,0,S, 	(30-MAY-2025 15:48:06)	 (Not Inserted)
2, , 1,0,15,0,S, 	(30-MAY-2025 15:48:06)	 (Not Inserted)
2, , 1,0,15,0,S, 	(30-MAY-2025 15:48:06)	 (Not Inserted)
2, , 1,0,15,0,S, 	(30-MAY-2025 15:48:06)	 (Not Inserted)
2, , 1,0,15,0,S, 	(30-MAY-2025 15:48:06)	 (Not Inserted)
2, , 1,0,15,0,S, 	(30-MAY-2025 15:48:06)	 (Not Inserted)
2, , 1,0,15,0,S, 	(30-MAY-2025 15:48:06)	 (Not Inserted)
2, , 1,0,15,0,S, 	(30-MAY-2025 15:48:06)	 (Not Inserted)
2, , 1,0,15,0,S, 	(30-MAY-2025 15:48:06)	 (Not Inserted)
2, , 1,0,15,0,S, 	(30-MAY-2025 15:48:06)	 (Not Inserted)
2, , 1,0,15,0,S, 	(30-MAY-2025 15:48:06)	 (Not Inserted)
2, , 1,0,15,0,S, 	(30-MAY-2025 15:48:06)	 (Not Inserted)
2, , 1,0,15,0,S, 	(30-MAY-2025 15:48:06)	 (Not Inserted)
2, , 1,0,15,0,S, 	(30-MAY-2025 15:48:06)	 (Not Inserted)
2, , 1,0,15,0,S, 	(30-MAY-2025 15:48:06)	 (Not Inserted)
2, , 1,0,15,0,S, 	(30-MAY-2025 15:48:06)	 (Not Inserted)
2, , 1,0,15,0,S, 	(30-MAY-2025 15:48:06)	 (Not Inserted)
2, , 1,0,15,0,S, 	(30-MAY-2025 15:48:06)	 (Not Inserted)
2, , 1,0,15,0,S, 	(30-MAY-2025 15:48:06)	 (Not Inserted)
2, , 1,0,15,0,S, 	(30-MAY-2025 15:48:06)	 (Not Inserted)
2, , 1,0,15,0,S, 	(30-MAY-2025 15:48:06)	 (Not Inserted)
2, , 1,0,15,0,S, 	(30-MAY-2025 15:48:06)	 (Not Inserted)
2, , 1,0,15,0,S, 	(30-MAY-2025 15:48:06)	 (Not Inserted)
2, , 1,0,15,0,S, 	(30-MAY-2025 15:48:06)	 (Not Inserted)
2, , 1,0,15,0,S, 	(30-MAY-2025 15:48:06)	 (Not Inserted)
2, , 1,0,15,0,S, 	(30-MAY-2025 15:48:06)	 (Not Inserted)
2, , 1,0,15,0,S, 	(30-MAY-2025 15:48:06)	 (Not Inserted)
2, , 1,0,15,0,S, 	(30-MAY-2025 15:48:06)	 (Not Inserted)
2, , 1,0,15,0,S, 	(30-MAY-2025 15:48:06)	 (Not Inserted)
2, , 1,0,15,0,S, 	(30-MAY-2025 15:48:06)	 (Not Inserted)
2, , 1,0,15,0,S, 	(30-MAY-2025 15:48:06)	 (Not Inserted)
2, , 1,0,15,0,S, 	(30-MAY-2025 15:48:06)	 (Not Inserted)
2, , 1,0,15,0,S, 	(30-MAY-2025 15:48:06)	 (Not Inserted)
2, , 1,0,15,0,S, 	(30-MAY-2025 15:48:06)	 (Not Inserted)
2, , 1,0,15,0,S, 	(30-MAY-2025 15:48:06)	 (Not Inserted)
2, , 1,0,15,0,S, 	(30-MAY-2025 15:48:06)	 (Not Inserted)
2, , 1,0,15,0,S, 	(30-MAY-2025 15:48:06)	 (Not Inserted)
2, , 1,0,15,0,S, 	(30-MAY-2025 15:48:06)	 (Not Inserted)
2, , 1,0,15,0,S, 	(30-MAY-2025 15:48:06)	 (Not Inserted)
2, , 1,0,15,0,S, 	(30-MAY-2025 15:48:06)	 (Not Inserted)
2, , 1,0,15,0,S, 	(30-MAY-2025 15:48:06)	 (Not Inserted)
2, , 1,0,15,0,S, 	(30-MAY-2025 15:48:06)	 (Not Inserted)
2, , 1,0,15,0,S, 	(30-MAY-2025 15:48:06)	 (Not Inserted)
2, , 1,0,15,0,S, 	(30-MAY-2025 15:48:06)	 (Not Inserted)
2, , 1,0,15,0,S, 	(30-MAY-2025 15:48:06)	 (Not Inserted)
2, , 1,0,15,0,S, 	(30-MAY-2025 15:48:06)	 (Not Inserted)
2, , 1,0,15,0,S, 	(30-MAY-2025 15:48:06)	 (Not Inserted)
2, , 1,0,15,0,S, 	(30-MAY-2025 15:48:06)	 (Not Inserted)
2, , 1,0,15,0,S, 	(30-MAY-2025 15:48:06)	 (Not Inserted)
2, , 1,0,21,0,S, 	(30-MAY-2025 15:48:06)	 (Not Inserted)
2, , 1,0,21,0,S, 	(30-MAY-2025 15:48:06)	 (Not Inserted)
2, , 1,0,21,0,S, 	(30-MAY-2025 15:48:06)	 (Not Inserted)
2, , 1,0,21,0,S, 	(30-MAY-2025 15:48:06)	 (Not Inserted)
2, , 1,0,21,0,S, 	(30-MAY-2025 15:48:06)	 (Not Inserted)
2, , 1,0,21,0,S, 	(30-MAY-2025 15:48:06)	 (Not Inserted)
2, , 1,0,21,0,S, 	(30-MAY-2025 15:48:06)	 (Not Inserted)
2, , 1,0,21,0,S, 	(30-MAY-2025 15:48:06)	 (Not Inserted)
2, , 1,0,21,0,S, 	(30-MAY-2025 15:48:06)	 (Not Inserted)
2, , 1,0,21,0,S, 	(30-MAY-2025 15:48:06)	 (Not Inserted)
2, , 1,0,21,0,S, 	(30-MAY-2025 15:48:06)	 (Not Inserted)
2, , 1,0,21,0,S, 	(30-MAY-2025 15:48:06)	 (Not Inserted)
2, , 1,0,21,0,S, 	(30-MAY-2025 15:48:06)	 (Not Inserted)
2, , 1,0,21,0,S, 	(30-MAY-2025 15:48:06)	 (Not Inserted)
2, , 1,0,21,0,S, 	(30-MAY-2025 15:48:06)	 (Not Inserted)
2, , 1,0,21,0,S, 	(30-MAY-2025 15:48:06)	 (Not Inserted)
2, , 1,0,21,0,S, 	(30-MAY-2025 15:48:06)	 (Not Inserted)
2, , 1,0,21,0,S, 	(30-MAY-2025 15:48:06)	 (Not Inserted)
2, , 1,0,21,0,S, 	(30-MAY-2025 15:48:06)	 (Not Inserted)
2, , 1,0,21,0,S, 	(30-MAY-2025 15:48:06)	 (Not Inserted)
2, , 1,0,21,0,S, 	(30-MAY-2025 15:48:06)	 (Not Inserted)
2, , 1,0,21,0,S, 	(30-MAY-2025 15:48:06)	 (Not Inserted)
2, , 1,0,21,0,S, 	(30-MAY-2025 15:48:06)	 (Not Inserted)
2, , 1,0,21,0,S, 	(30-MAY-2025 15:48:06)	 (Not Inserted)
2, , 1,0,21,0,S, 	(30-MAY-2025 15:48:06)	 (Not Inserted)
2, , 1,0,21,0,S, 	(30-MAY-2025 15:48:06)	 (Not Inserted)
2, , 1,0,21,0,S, 	(30-MAY-2025 15:48:06)	 (Not Inserted)
2, , 1,0,21,0,S, 	(30-MAY-2025 15:48:06)	 (Not Inserted)
2, , 1,0,21,0,S, 	(30-MAY-2025 15:48:06)	 (Not Inserted)
2, , 1,0,21,0,S, 	(30-MAY-2025 15:48:06)	 (Not Inserted)
2, , 1,0,21,0,S, 	(30-MAY-2025 15:48:06)	 (Not Inserted)
2, , 1,0,21,0,S, 	(30-MAY-2025 15:48:06)	 (Not Inserted)
2, , 1,0,21,0,S, 	(30-MAY-2025 15:48:06)	 (Not Inserted)
2, , 1,0,21,0,S, 	(30-MAY-2025 15:48:06)	 (Not Inserted)
2, , 1,0,21,0,S, 	(30-MAY-2025 15:48:06)	 (Not Inserted)
2, , 1,0,21,0,S, 	(30-MAY-2025 15:48:06)	 (Not Inserted)
2, , 1,0,21,0,S, 	(30-MAY-2025 15:48:06)	 (Not Inserted)
2, , 1,0,21,0,S, 	(30-MAY-2025 15:48:06)	 (Not Inserted)
2, , 1,0,21,0,S, 	(30-MAY-2025 15:48:06)	 (Not Inserted)
2, , 1,0,21,0,S, 	(30-MAY-2025 15:48:06)	 (Not Inserted)
2, , 1,0,21,0,S, 	(30-MAY-2025 15:48:06)	 (Not Inserted)
2, , 1,0,21,0,S, 	(30-MAY-2025 15:48:06)	 (Not Inserted)
2, , 1,0,21,0,S, 	(30-MAY-2025 15:48:06)	 (Not Inserted)
2, , 1,0,21,0,S, 	(30-MAY-2025 15:48:06)	 (Not Inserted)
2, , 1,0,21,0,S, 	(30-MAY-2025 15:48:06)	 (Not Inserted)
2, , 1,0,21,0,S, 	(30-MAY-2025 15:48:06)	 (Not Inserted)
2, , 1,0,21,0,S, 	(30-MAY-2025 15:48:06)	 (Not Inserted)
2, , 1,0,21,0,S, 	(30-MAY-2025 15:48:06)	 (Not Inserted)
2, , 1,0,21,0,S, 	(30-MAY-2025 15:48:06)	 (Not Inserted)
2, , 1,0,21,0,S, 	(30-MAY-2025 15:48:06)	 (Not Inserted)
2, , 1,0,21,0,S, 	(30-MAY-2025 15:48:06)	 (Not Inserted)
2, , 1,0,21,0,S, 	(30-MAY-2025 15:48:06)	 (Not Inserted)
2, , 1,0,21,0,S, 	(30-MAY-2025 15:48:06)	 (Not Inserted)
2, , 1,0,21,0,S, 	(30-MAY-2025 15:48:06)	 (Not Inserted)
2, , 1,0,21,0,S, 	(30-MAY-2025 15:48:06)	 (Not Inserted)
2, , 1,0,21,0,S, 	(30-MAY-2025 15:48:06)	 (Not Inserted)
2, , 1,0,21,0,S, 	(30-MAY-2025 15:48:06)	 (Not Inserted)
2, , 1,0,20,1,S, 	(30-MAY-2025 15:48:06)	 (Not Inserted)
2, , 1,0,20,1,S, 	(30-MAY-2025 15:48:06)	 (Not Inserted)
2, , 1,0,20,1,S, 	(30-MAY-2025 15:48:06)	 (Not Inserted)
2, , 1,0,20,1,S, 	(30-MAY-2025 15:48:06)	 (Not Inserted)
2, , 1,0,20,1,S, 	(30-MAY-2025 15:48:06)	 (Not Inserted)
2, , 1,0,20,1,S, 	(30-MAY-2025 15:48:06)	 (Not Inserted)
2, , 1,0,20,1,S, 	(30-MAY-2025 15:48:06)	 (Not Inserted)
2, , 1,0,20,1,S, 	(30-MAY-2025 15:48:06)	 (Not Inserted)
2, , 1,0,20,1,S, 	(30-MAY-2025 15:48:06)	 (Not Inserted)
2, , 1,0,20,1,S, 	(30-MAY-2025 15:48:06)	 (Not Inserted)
2, , 1,0,20,1,S, 	(30-MAY-2025 15:48:06)	 (Not Inserted)
2, , 1,0,20,1,S, 	(30-MAY-2025 15:48:06)	 (Not Inserted)
2, , 1,0,20,1,S, 	(30-MAY-2025 15:48:06)	 (Not Inserted)
2, , 1,0,20,1,S, 	(30-MAY-2025 15:48:06)	 (Not Inserted)
2, , 1,0,20,1,S, 	(30-MAY-2025 15:48:06)	 (Not Inserted)
2, , 1,0,20,1,S, 	(30-MAY-2025 15:48:06)	 (Not Inserted)
2, , 1,0,20,1,S, 	(30-MAY-2025 15:48:06)	 (Not Inserted)
2, , 1,0,20,1,S, 	(30-MAY-2025 15:48:06)	 (Not Inserted)
2, , 1,0,20,1,S, 	(30-MAY-2025 15:48:06)	 (Not Inserted)
2, , 1,0,20,1,S, 	(30-MAY-2025 15:48:06)	 (Not Inserted)
2, , 1,0,20,1,S, 	(30-MAY-2025 15:48:06)	 (Not Inserted)
2, , 1,0,20,1,S, 	(30-MAY-2025 15:48:06)	 (Not Inserted)
2, , 1,0,20,1,S, 	(30-MAY-2025 15:48:06)	 (Not Inserted)
2, , 1,0,20,1,S, 	(30-MAY-2025 15:48:06)	 (Not Inserted)
2, , 1,0,20,1,S, 	(30-MAY-2025 15:48:06)	 (Not Inserted)
2, , 1,0,20,1,S, 	(30-MAY-2025 15:48:06)	 (Not Inserted)
2, , 1,0,20,1,S, 	(30-MAY-2025 15:48:06)	 (Not Inserted)
2, , 1,0,20,1,S, 	(30-MAY-2025 15:48:06)	 (Not Inserted)
2, , 1,0,20,1,S, 	(30-MAY-2025 15:48:06)	 (Not Inserted)
2, , 1,0,20,1,S, 	(30-MAY-2025 15:48:06)	 (Not Inserted)
2, , 1,0,20,1,S, 	(30-MAY-2025 15:48:06)	 (Not Inserted)
2, , 1,0,20,1,S, 	(30-MAY-2025 15:48:06)	 (Not Inserted)
2, , 1,0,20,1,S, 	(30-MAY-2025 15:48:06)	 (Not Inserted)
2, , 1,0,20,1,S, 	(30-MAY-2025 15:48:06)	 (Not Inserted)
2, , 1,0,20,1,S, 	(30-MAY-2025 15:48:06)	 (Not Inserted)
2, , 1,0,20,1,S, 	(30-MAY-2025 15:48:06)	 (Not Inserted)
2, , 1,0,20,1,S, 	(30-MAY-2025 15:48:06)	 (Not Inserted)
2, , 1,0,20,1,S, 	(30-MAY-2025 15:48:06)	 (Not Inserted)
2, , 1,0,20,1,S, 	(30-MAY-2025 15:48:06)	 (Not Inserted)
2, , 1,0,20,1,S, 	(30-MAY-2025 15:48:06)	 (Not Inserted)
2, , 1,0,20,1,S, 	(30-MAY-2025 15:48:06)	 (Not Inserted)
2, , 1,0,20,1,S, 	(30-MAY-2025 15:48:06)	 (Not Inserted)
2, , 1,0,20,1,S, 	(30-MAY-2025 15:48:06)	 (Not Inserted)
2, , 1,0,20,1,S, 	(30-MAY-2025 15:48:06)	 (Not Inserted)
2, , 1,0,20,1,S, 	(30-MAY-2025 15:48:06)	 (Not Inserted)
2, , 1,0,20,1,S, 	(30-MAY-2025 15:48:06)	 (Not Inserted)
2, , 1,0,20,1,S, 	(30-MAY-2025 15:48:06)	 (Not Inserted)
2, , 1,0,20,1,S, 	(30-MAY-2025 15:48:06)	 (Not Inserted)
2, , 1,0,20,1,S, 	(30-MAY-2025 15:48:06)	 (Not Inserted)
2, , 1,0,20,1,S, 	(30-MAY-2025 15:48:06)	 (Not Inserted)
2, , 1,0,20,1,S, 	(30-MAY-2025 15:48:06)	 (Not Inserted)
2, , 1,0,20,1,S, 	(30-MAY-2025 15:48:06)	 (Not Inserted)
2, , 1,0,20,1,S, 	(30-MAY-2025 15:48:06)	 (Not Inserted)
2, , 1,0,20,1,S, 	(30-MAY-2025 15:48:06)	 (Not Inserted)
2, , 1,0,20,1,S, 	(30-MAY-2025 15:48:06)	 (Not Inserted)
2, , 1,0,20,1,S, 	(30-MAY-2025 15:48:06)	 (Not Inserted)
2, , 1,0,20,1,S, 	(30-MAY-2025 15:48:06)	 (Not Inserted)
2, , 1,0,20,1,S, 	(30-MAY-2025 15:48:06)	 (Not Inserted)
2, , 1,0,20,1,S, 	(30-MAY-2025 15:48:06)	 (Not Inserted)
2, , 1,0,20,1,S, 	(30-MAY-2025 15:48:06)	 (Not Inserted)
2, , 1,0,20,1,S, 	(30-MAY-2025 15:48:06)	 (Not Inserted)
2, , 1,0,20,1,S, 	(30-MAY-2025 15:48:06)	 (Not Inserted)
2, , 1,0,20,1,S, 	(30-MAY-2025 15:48:06)	 (Not Inserted)
2, , 1,0,20,1,S, 	(30-MAY-2025 15:48:06)	 (Not Inserted)
2, , 1,0,20,1,S, 	(30-MAY-2025 15:48:06)	 (Not Inserted)
2, , 1,0,20,1,S, 	(30-MAY-2025 15:48:06)	 (Not Inserted)
2, , 1,0,20,1,S, 	(30-MAY-2025 15:48:06)	 (Not Inserted)
2, , 1,0,20,1,S, 	(30-MAY-2025 15:48:06)	 (Not Inserted)
2, , 1,0,20,1,S, 	(30-MAY-2025 15:48:06)	 (Not Inserted)
2, , 1,0,20,1,S, 	(30-MAY-2025 15:48:06)	 (Not Inserted)
2, , 1,0,20,1,S, 	(30-MAY-2025 15:48:06)	 (Not Inserted)
2, , 1,0,20,1,S, 	(30-MAY-2025 15:48:06)	 (Not Inserted)
2, , 1,0,20,1,S, 	(30-MAY-2025 15:48:06)	 (Not Inserted)
2, , 1,0,20,1,S, 	(30-MAY-2025 15:48:06)	 (Not Inserted)
2, , 1,0,20,1,S, 	(30-MAY-2025 15:48:06)	 (Not Inserted)
2, , 1,0,20,1,S, 	(30-MAY-2025 15:48:06)	 (Not Inserted)
2, , 1,0,20,1,S, 	(30-MAY-2025 15:48:06)	 (Not Inserted)
2, , 1,0,20,1,S, 	(30-MAY-2025 15:48:06)	 (Not Inserted)
2, , 1,0,20,1,S, 	(30-MAY-2025 15:48:06)	 (Not Inserted)
2, , 1,0,20,1,S, 	(30-MAY-2025 15:48:06)	 (Not Inserted)
2, , 1,0,20,1,S, 	(30-MAY-2025 15:48:06)	 (Not Inserted)
2, , 1,0,20,1,S, 	(30-MAY-2025 15:48:06)	 (Not Inserted)
2, , 1,0,20,1,S, 	(30-MAY-2025 15:48:06)	 (Not Inserted)
2, , 1,0,20,1,S, 	(30-MAY-2025 15:48:06)	 (Not Inserted)
2, , 1,0,20,1,S, 	(30-MAY-2025 15:48:06)	 (Not Inserted)
2, , 1,0,20,1,S, 	(30-MAY-2025 15:48:06)	 (Not Inserted)
2, , 1,0,20,1,S, 	(30-MAY-2025 15:48:06)	 (Not Inserted)
2, , 1,0,20,1,S, 	(30-MAY-2025 15:48:06)	 (Not Inserted)
2, , 1,0,20,1,S, 	(30-MAY-2025 15:48:06)	 (Not Inserted)
2, , 1,0,20,1,S, 	(30-MAY-2025 15:48:06)	 (Not Inserted)
2, , 1,0,20,1,S, 	(30-MAY-2025 15:48:06)	 (Not Inserted)
2, , 1,0,20,1,S, 	(30-MAY-2025 15:48:06)	 (Not Inserted)
2, , 1,0,20,1,S, 	(30-MAY-2025 15:48:06)	 (Not Inserted)
2, , 1,0,20,1,S, 	(30-MAY-2025 15:48:06)	 (Not Inserted)
2, , 1,0,20,1,S, 	(30-MAY-2025 15:48:06)	 (Not Inserted)
2, , 1,0,20,1,S, 	(30-MAY-2025 15:48:06)	 (Not Inserted)
2, , 1,0,20,1,S, 	(30-MAY-2025 15:48:06)	 (Not Inserted)
2, , 1,0,20,1,S, 	(30-MAY-2025 15:48:06)	 (Not Inserted)
2, , 1,0,20,1,S, 	(30-MAY-2025 15:48:06)	 (Not Inserted)
2, , 1,0,20,1,S, 	(30-MAY-2025 15:48:06)	 (Not Inserted)
2, , 1,0,20,1,S, 	(30-MAY-2025 15:48:06)	 (Not Inserted)
2, , 1,0,20,1,S, 	(30-MAY-2025 15:48:06)	 (Not Inserted)
2, , 1,0,20,1,S, 	(30-MAY-2025 15:48:06)	 (Not Inserted)
2, , 1,0,20,1,S, 	(30-MAY-2025 15:48:06)	 (Not Inserted)
2, , 1,0,20,1,S, 	(30-MAY-2025 15:48:06)	 (Not Inserted)
2, , 1,0,20,1,S, 	(30-MAY-2025 15:48:06)	 (Not Inserted)
2, , 1,0,20,1,S, 	(30-MAY-2025 15:48:06)	 (Not Inserted)
2, , 1,0,20,1,S, 	(30-MAY-2025 15:48:06)	 (Not Inserted)
2, , 1,0,20,1,S, 	(30-MAY-2025 15:48:06)	 (Not Inserted)
2, , 1,0,20,1,S, 	(30-MAY-2025 15:48:06)	 (Not Inserted)
2, , 1,0,20,1,S, 	(30-MAY-2025 15:48:06)	 (Not Inserted)
2, , 1,0,20,1,S, 	(30-MAY-2025 15:48:06)	 (Not Inserted)
2, , 1,0,20,1,S, 	(30-MAY-2025 15:48:06)	 (Not Inserted)
2, , 1,0,20,1,S, 	(30-MAY-2025 15:48:06)	 (Not Inserted)
2, , 1,0,20,1,S, 	(30-MAY-2025 15:48:06)	 (Not Inserted)
2, , 1,0,20,1,S, 	(30-MAY-2025 15:48:06)	 (Not Inserted)
2, , 1,0,20,1,S, 	(30-MAY-2025 15:48:06)	 (Not Inserted)
2, , 1,0,20,1,S, 	(30-MAY-2025 15:48:06)	 (Not Inserted)
2, , 1,0,20,1,S, 	(30-MAY-2025 15:48:06)	 (Not Inserted)
2, , 1,0,20,1,S, 	(30-MAY-2025 15:48:06)	 (Not Inserted)
2, , 1,0,20,1,S, 	(30-MAY-2025 15:48:06)	 (Not Inserted)
2, , 1,0,20,1,S, 	(30-MAY-2025 15:48:06)	 (Not Inserted)
2, , 1,0,20,1,S, 	(30-MAY-2025 15:48:06)	 (Not Inserted)
2, , 1,0,20,1,S, 	(30-MAY-2025 15:48:06)	 (Not Inserted)
2, , 1,0,20,1,S, 	(30-MAY-2025 15:48:06)	 (Not Inserted)
2, , 1,0,20,1,S, 	(30-MAY-2025 15:48:06)	 (Not Inserted)
2, , 1,0,20,1,S, 	(30-MAY-2025 15:48:06)	 (Not Inserted)
2, , 1,0,20,1,S, 	(30-MAY-2025 15:48:06)	 (Not Inserted)
2, , 1,0,20,1,S, 	(30-MAY-2025 15:48:06)	 (Not Inserted)
2, , 1,0,20,1,S, 	(30-MAY-2025 15:48:06)	 (Not Inserted)
2, , 1,0,20,1,S, 	(30-MAY-2025 15:48:06)	 (Not Inserted)
2, , 1,0,20,1,S, 	(30-MAY-2025 15:48:06)	 (Not Inserted)
2, , 1,0,20,1,S, 	(30-MAY-2025 15:48:06)	 (Not Inserted)
2, , 1,0,20,1,S, 	(30-MAY-2025 15:48:06)	 (Not Inserted)
2, , 1,0,20,1,S, 	(30-MAY-2025 15:48:06)	 (Not Inserted)
2, , 1,0,20,1,S, 	(30-MAY-2025 15:48:06)	 (Not Inserted)
2, , 1,0,20,1,S, 	(30-MAY-2025 15:48:06)	 (Not Inserted)
2, , 1,0,20,1,S, 	(30-MAY-2025 15:48:06)	 (Not Inserted)
2, , 1,0,20,1,S, 	(30-MAY-2025 15:48:06)	 (Not Inserted)
2, , 1,0,20,1,S, 	(30-MAY-2025 15:48:06)	 (Not Inserted)
2, , 1,0,20,1,S, 	(30-MAY-2025 15:48:06)	 (Not Inserted)
2, , 1,0,20,1,S, 	(30-MAY-2025 15:48:06)	 (Not Inserted)
2, , 1,0,20,1,S, 	(30-MAY-2025 15:48:06)	 (Not Inserted)
2, , 1,0,20,1,S, 	(30-MAY-2025 15:48:06)	 (Not Inserted)
2, , 1,0,20,1,S, 	(30-MAY-2025 15:48:06)	 (Not Inserted)
2, , 1,0,20,1,S, 	(30-MAY-2025 15:48:06)	 (Not Inserted)
2, , 1,0,20,1,S, 	(30-MAY-2025 15:48:06)	 (Not Inserted)
2, , 1,0,20,1,S, 	(30-MAY-2025 15:48:06)	 (Not Inserted)
2, , 1,0,20,1,S, 	(30-MAY-2025 15:48:06)	 (Not Inserted)
2, , 1,0,20,1,S, 	(30-MAY-2025 15:48:06)	 (Not Inserted)
2, , 1,0,20,1,S, 	(30-MAY-2025 15:48:06)	 (Not Inserted)
2, , 1,0,20,1,S, 	(30-MAY-2025 15:48:06)	 (Not Inserted)
2, , 1,0,20,1,S, 	(30-MAY-2025 15:48:06)	 (Not Inserted)
2, , 1,0,20,1,S, 	(30-MAY-2025 15:48:06)	 (Not Inserted)
2, , 1,0,20,1,S, 	(30-MAY-2025 15:48:06)	 (Not Inserted)
2, , 1,0,20,1,S, 	(30-MAY-2025 15:48:06)	 (Not Inserted)
2, , 1,0,20,1,S, 	(30-MAY-2025 15:48:06)	 (Not Inserted)
2, , 1,0,20,1,S, 	(30-MAY-2025 15:48:06)	 (Not Inserted)
2, , 1,0,20,1,S, 	(30-MAY-2025 15:48:06)	 (Not Inserted)
2, , 1,0,20,1,S, 	(30-MAY-2025 15:48:06)	 (Not Inserted)
2, , 1,0,20,1,S, 	(30-MAY-2025 15:48:06)	 (Not Inserted)
2, , 1,0,20,1,S, 	(30-MAY-2025 15:48:06)	 (Not Inserted)
2, , 1,0,20,1,S, 	(30-MAY-2025 15:48:06)	 (Not Inserted)
2, , 1,0,20,1,S, 	(30-MAY-2025 15:48:06)	 (Not Inserted)
2, , 1,0,20,1,S, 	(30-MAY-2025 15:48:06)	 (Not Inserted)
2, , 1,0,20,1,S, 	(30-MAY-2025 15:48:06)	 (Not Inserted)
2, , 1,0,20,1,S, 	(30-MAY-2025 15:48:06)	 (Not Inserted)
2, , 1,0,20,1,S, 	(30-MAY-2025 15:48:06)	 (Not Inserted)
2, , 1,0,20,1,S, 	(30-MAY-2025 15:48:06)	 (Not Inserted)
2, , 1,0,20,1,S, 	(30-MAY-2025 15:48:06)	 (Not Inserted)
2, , 1,0,20,1,S, 	(30-MAY-2025 15:48:06)	 (Not Inserted)
2, , 1,0,20,1,S, 	(30-MAY-2025 15:48:06)	 (Not Inserted)
2, , 1,0,20,1,S, 	(30-MAY-2025 15:48:06)	 (Not Inserted)
2, , 1,0,20,1,S, 	(30-MAY-2025 15:48:06)	 (Not Inserted)
2, , 1,0,20,1,S, 	(30-MAY-2025 15:48:06)	 (Not Inserted)
2, , 1,0,20,1,S, 	(30-MAY-2025 15:48:06)	 (Not Inserted)
2, , 1,0,20,1,S, 	(30-MAY-2025 15:48:06)	 (Not Inserted)
2, , 1,0,20,1,S, 	(30-MAY-2025 15:48:06)	 (Not Inserted)
2, , 1,0,20,1,S, 	(30-MAY-2025 15:48:06)	 (Not Inserted)
2, , 1,0,20,1,S, 	(30-MAY-2025 15:48:06)	 (Not Inserted)
2, , 1,0,20,1,S, 	(30-MAY-2025 15:48:06)	 (Not Inserted)
2, , 1,0,20,1,S, 	(30-MAY-2025 15:48:06)	 (Not Inserted)
2, , 1,0,20,1,S, 	(30-MAY-2025 15:48:06)	 (Not Inserted)
2, , 1,0,20,1,S, 	(30-MAY-2025 15:48:06)	 (Not Inserted)
2, , 1,0,20,1,S, 	(30-MAY-2025 15:48:06)	 (Not Inserted)
2, , 1,0,20,1,S, 	(30-MAY-2025 15:48:06)	 (Not Inserted)
2, , 1,0,20,1,S, 	(30-MAY-2025 15:48:06)	 (Not Inserted)
2, , 1,0,20,1,S, 	(30-MAY-2025 15:48:06)	 (Not Inserted)
2, , 1,0,20,1,S, 	(30-MAY-2025 15:48:06)	 (Not Inserted)
2, , 1,0,20,1,S, 	(30-MAY-2025 15:48:06)	 (Not Inserted)
2, , 1,0,20,1,S, 	(30-MAY-2025 15:48:06)	 (Not Inserted)
2, , 1,0,20,1,S, 	(30-MAY-2025 15:48:06)	 (Not Inserted)
2, , 1,0,20,1,S, 	(30-MAY-2025 15:48:06)	 (Not Inserted)
2, , 1,0,20,1,S, 	(30-MAY-2025 15:48:06)	 (Not Inserted)
2, , 1,0,20,1,S, 	(30-MAY-2025 15:48:06)	 (Not Inserted)
2, , 1,0,20,1,S, 	(30-MAY-2025 15:48:06)	 (Not Inserted)
2, , 1,0,20,1,S, 	(30-MAY-2025 15:48:06)	 (Not Inserted)
2, , 1,0,20,1,S, 	(30-MAY-2025 15:48:06)	 (Not Inserted)
2, , 1,0,20,1,S, 	(30-MAY-2025 15:48:06)	 (Not Inserted)
2, , 1,0,20,1,S, 	(30-MAY-2025 15:48:06)	 (Not Inserted)
2, , 1,0,20,1,S, 	(30-MAY-2025 15:48:06)	 (Not Inserted)
2, , 1,0,20,1,S, 	(30-MAY-2025 15:48:06)	 (Not Inserted)
2, , 1,0,20,1,S, 	(30-MAY-2025 15:48:06)	 (Not Inserted)
2, , 1,0,20,1,S, 	(30-MAY-2025 15:48:06)	 (Not Inserted)
2, , 1,0,20,1,S, 	(30-MAY-2025 15:48:06)	 (Not Inserted)
2, , 1,0,20,1,S, 	(30-MAY-2025 15:48:06)	 (Not Inserted)
2, , 1,0,20,1,S, 	(30-MAY-2025 15:48:06)	 (Not Inserted)
2, , 1,0,20,1,S, 	(30-MAY-2025 15:48:06)	 (Not Inserted)
2, , 1,0,20,1,S, 	(30-MAY-2025 15:48:06)	 (Not Inserted)
2, , 1,0,20,1,S, 	(30-MAY-2025 15:48:06)	 (Not Inserted)
2, , 1,0,20,1,S, 	(30-MAY-2025 15:48:06)	 (Not Inserted)
2, , 1,0,20,1,S, 	(30-MAY-2025 15:48:06)	 (Not Inserted)
2, , 1,0,20,1,S, 	(30-MAY-2025 15:48:06)	 (Not Inserted)
2, , 1,0,20,1,S, 	(30-MAY-2025 15:48:06)	 (Not Inserted)
2, , 1,0,20,1,S, 	(30-MAY-2025 15:48:06)	 (Not Inserted)
2, , 1,0,20,1,S, 	(30-MAY-2025 15:48:06)	 (Not Inserted)
2, , 1,0,20,1,S, 	(30-MAY-2025 15:48:06)	 (Not Inserted)
2, , 1,0,20,1,S, 	(30-MAY-2025 15:48:06)	 (Not Inserted)
2, , 1,0,20,1,S, 	(30-MAY-2025 15:48:06)	 (Not Inserted)
2, , 1,0,20,1,S, 	(30-MAY-2025 15:48:06)	 (Not Inserted)
2, , 1,0,20,1,S, 	(30-MAY-2025 15:48:06)	 (Not Inserted)
2, , 1,0,20,1,S, 	(30-MAY-2025 15:48:06)	 (Not Inserted)
2, , 1,0,20,1,S, 	(30-MAY-2025 15:48:06)	 (Not Inserted)
2, , 1,0,20,1,S, 	(30-MAY-2025 15:48:06)	 (Not Inserted)
2, , 1,0,20,1,S, 	(30-MAY-2025 15:48:06)	 (Not Inserted)
2, , 1,0,20,1,S, 	(30-MAY-2025 15:48:06)	 (Not Inserted)
2, , 1,0,20,1,S, 	(30-MAY-2025 15:48:06)	 (Not Inserted)
2, , 1,0,20,1,S, 	(30-MAY-2025 15:48:06)	 (Not Inserted)
2, , 1,0,20,1,S, 	(30-MAY-2025 15:48:06)	 (Not Inserted)
2, , 1,0,20,1,S, 	(30-MAY-2025 15:48:06)	 (Not Inserted)
2, , 1,0,20,1,S, 	(30-MAY-2025 15:48:06)	 (Not Inserted)
2, , 1,0,20,1,S, 	(30-MAY-2025 15:48:06)	 (Not Inserted)
2, , 1,0,20,1,S, 	(30-MAY-2025 15:48:06)	 (Not Inserted)
2, , 1,0,20,1,S, 	(30-MAY-2025 15:48:06)	 (Not Inserted)
2, , 1,0,20,1,S, 	(30-MAY-2025 15:48:06)	 (Not Inserted)
2, , 1,0,20,1,S, 	(30-MAY-2025 15:48:06)	 (Not Inserted)
2, , 1,0,20,1,S, 	(30-MAY-2025 15:48:06)	 (Not Inserted)
2, , 1,0,20,1,S, 	(30-MAY-2025 15:48:06)	 (Not Inserted)
2, , 1,0,20,1,S, 	(30-MAY-2025 15:48:06)	 (Not Inserted)
2, , 1,0,20,1,S, 	(30-MAY-2025 15:48:06)	 (Not Inserted)
2, , 1,0,20,1,S, 	(30-MAY-2025 15:48:06)	 (Not Inserted)
2, , 1,0,20,1,S, 	(30-MAY-2025 15:48:06)	 (Not Inserted)
2, , 1,0,20,1,S, 	(30-MAY-2025 15:48:06)	 (Not Inserted)
2, , 1,0,20,1,S, 	(30-MAY-2025 15:48:06)	 (Not Inserted)
2, , 1,0,20,1,S, 	(30-MAY-2025 15:48:06)	 (Not Inserted)
2, , 1,0,20,1,S, 	(30-MAY-2025 15:48:06)	 (Not Inserted)
2, , 1,0,20,1,S, 	(30-MAY-2025 15:48:06)	 (Not Inserted)
2, , 1,0,20,1,S, 	(30-MAY-2025 15:48:06)	 (Not Inserted)
2, , 1,0,20,1,S, 	(30-MAY-2025 15:48:06)	 (Not Inserted)
2, , 1,0,20,1,S, 	(30-MAY-2025 15:48:06)	 (Not Inserted)
2, , 1,0,20,1,S, 	(30-MAY-2025 15:48:06)	 (Not Inserted)
2, , 1,0,20,1,S, 	(30-MAY-2025 15:48:06)	 (Not Inserted)
2, , 1,0,20,1,S, 	(30-MAY-2025 15:48:06)	 (Not Inserted)
2, , 1,0,20,1,S, 	(30-MAY-2025 15:48:06)	 (Not Inserted)
2, , 1,0,20,1,S, 	(30-MAY-2025 15:48:06)	 (Not Inserted)
2, , 1,0,20,1,S, 	(30-MAY-2025 15:48:06)	 (Not Inserted)
2, , 1,0,20,1,S, 	(30-MAY-2025 15:48:06)	 (Not Inserted)
2, , 1,0,20,1,S, 	(30-MAY-2025 15:48:06)	 (Not Inserted)
2, , 1,0,20,1,S, 	(30-MAY-2025 15:48:06)	 (Not Inserted)
2, , 1,0,20,1,S, 	(30-MAY-2025 15:48:06)	 (Not Inserted)
2, , 1,0,20,1,S, 	(30-MAY-2025 15:48:06)	 (Not Inserted)
2, , 1,0,20,1,S, 	(30-MAY-2025 15:48:06)	 (Not Inserted)
2, , 1,0,20,1,S, 	(30-MAY-2025 15:48:06)	 (Not Inserted)
2, , 1,0,20,1,S, 	(30-MAY-2025 15:48:06)	 (Not Inserted)
2, , 1,0,20,1,S, 	(30-MAY-2025 15:48:06)	 (Not Inserted)
2, , 1,0,20,1,S, 	(30-MAY-2025 15:48:06)	 (Not Inserted)
2, , 1,0,20,1,S, 	(30-MAY-2025 15:48:06)	 (Not Inserted)
2,21 , 1,0,1,1,S, 	(30-MAY-2025 15:48:06)
2,21 , 1,0,1,1,S, 	(30-MAY-2025 15:48:06)
2,21 , 1,0,1,1,S, 	(30-MAY-2025 15:48:06)
2,21 , 1,0,1,1,S, 	(30-MAY-2025 15:48:06)
2,21 , 1,0,1,1,S, 	(30-MAY-2025 15:48:06)
2,21 , 1,0,1,1,S, 	(30-MAY-2025 15:48:06)
2,21 , 1,0,1,1,S, 	(30-MAY-2025 15:48:06)
2,21 , 1,0,1,1,S, 	(30-MAY-2025 15:48:06)
2,21 , 1,0,1,1,S, 	(30-MAY-2025 15:48:06)
2,21 , 1,0,1,1,S, 	(30-MAY-2025 15:48:06)
2,21 , 1,0,1,1,S, 	(30-MAY-2025 15:48:06)
2,21 , 1,0,1,1,S, 	(30-MAY-2025 15:48:06)
2,21 , 1,0,1,1,S, 	(30-MAY-2025 15:48:06)
2,21 , 1,0,3,0,S, 	(30-MAY-2025 15:48:06)
2,21 , 1,0,3,0,S, 	(30-MAY-2025 15:48:06)
2,21 , 1,0,3,0,S, 	(30-MAY-2025 15:48:06)
2,21 , 1,0,3,0,S, 	(30-MAY-2025 15:48:06)
2,21 , 1,0,3,0,S, 	(30-MAY-2025 15:48:06)
2,21 , 1,0,3,0,S, 	(30-MAY-2025 15:48:06)
2,21 , 1,0,3,0,S, 	(30-MAY-2025 15:48:06)
2,21 , 1,0,3,0,S, 	(30-MAY-2025 15:48:06)
2,21 , 1,0,3,0,S, 	(30-MAY-2025 15:48:06)
2,21 , 1,0,3,0,S, 	(30-MAY-2025 15:48:06)
2,21 , 1,0,3,0,S, 	(30-MAY-2025 15:48:06)
2,21 , 1,0,3,0,S, 	(30-MAY-2025 15:48:06)
2,21 , 1,0,3,0,S, 	(30-MAY-2025 15:48:06)
2,21 , 1,0,3,0,S, 	(30-MAY-2025 15:48:06)
2,21 , 1,0,3,0,S, 	(30-MAY-2025 15:48:06)
2,21 , 1,0,3,0,S, 	(30-MAY-2025 15:48:06)
2,21 , 1,0,3,0,S, 	(30-MAY-2025 15:48:06)
2,21 , 1,0,3,0,S, 	(30-MAY-2025 15:48:06)
2,21 , 1,0,3,0,S, 	(30-MAY-2025 15:48:06)
2,21 , 1,0,3,0,S, 	(30-MAY-2025 15:48:06)
2,21 , 1,0,3,0,S, 	(30-MAY-2025 15:48:06)
2,21 , 1,0,3,0,S, 	(30-MAY-2025 15:48:06)
2,21 , 1,0,3,0,S, 	(30-MAY-2025 15:48:06)
2,21 , 1,0,3,0,S, 	(30-MAY-2025 15:48:06)
2,21 , 1,0,3,0,S, 	(30-MAY-2025 15:48:06)
2,21 , 1,0,3,0,S, 	(30-MAY-2025 15:48:06)
2,21 , 1,0,3,0,S, 	(30-MAY-2025 15:48:06)
2,21 , 1,0,3,0,S, 	(30-MAY-2025 15:48:06)
2,21 , 1,0,3,0,S, 	(30-MAY-2025 15:48:06)
2,21 , 1,0,3,0,S, 	(30-MAY-2025 15:48:06)
2,21 , 1,0,4,0,S, 	(30-MAY-2025 15:48:06)
2,21 , 1,0,4,0,S, 	(30-MAY-2025 15:48:06)
2,21 , 1,0,4,0,S, 	(30-MAY-2025 15:48:06)
2,21 , 1,0,4,0,S, 	(30-MAY-2025 15:48:06)
2,21 , 1,0,4,0,S, 	(30-MAY-2025 15:48:06)
2,21 , 1,0,4,0,S, 	(30-MAY-2025 15:48:06)
2,21 , 1,0,4,0,S, 	(30-MAY-2025 15:48:06)
2,21 , 1,0,4,0,S, 	(30-MAY-2025 15:48:06)
2,21 , 1,0,4,0,S, 	(30-MAY-2025 15:48:06)
2,21 , 1,0,4,0,S, 	(30-MAY-2025 15:48:06)
2,21 , 1,0,4,0,S, 	(30-MAY-2025 15:48:06)
2,21 , 1,0,4,0,S, 	(30-MAY-2025 15:48:06)
2,21 , 1,0,4,0,S, 	(30-MAY-2025 15:48:06)
2,21 , 1,0,4,0,S, 	(30-MAY-2025 15:48:06)
2,21 , 1,0,4,0,S, 	(30-MAY-2025 15:48:06)
2,21 , 1,0,4,0,S, 	(30-MAY-2025 15:48:06)
2,21 , 1,0,4,0,S, 	(30-MAY-2025 15:48:06)
2,21 , 1,0,4,0,S, 	(30-MAY-2025 15:48:06)
2,21 , 1,0,4,0,S, 	(30-MAY-2025 15:48:06)
2,21 , 1,0,4,0,S, 	(30-MAY-2025 15:48:06)
2,21 , 1,0,4,0,S, 	(30-MAY-2025 15:48:06)
2,21 , 1,0,4,0,S, 	(30-MAY-2025 15:48:07)
2,21 , 1,0,4,0,S, 	(30-MAY-2025 15:48:07)
2,21 , 1,0,4,0,S, 	(30-MAY-2025 15:48:07)
2,21 , 1,0,4,0,S, 	(30-MAY-2025 15:48:07)
2,21 , 1,0,4,0,S, 	(30-MAY-2025 15:48:07)
2,21 , 1,0,4,0,S, 	(30-MAY-2025 15:48:07)
2,21 , 1,0,4,0,S, 	(30-MAY-2025 15:48:07)
2,21 , 1,0,4,0,S, 	(30-MAY-2025 15:48:07)
2,21 , 1,0,4,0,S, 	(30-MAY-2025 15:48:07)
2,21 , 1,0,6,0,S, 	(30-MAY-2025 15:48:07)
2,21 , 1,0,6,0,S, 	(30-MAY-2025 15:48:07)
2,21 , 1,0,6,0,S, 	(30-MAY-2025 15:48:07)
2,21 , 1,0,6,0,S, 	(30-MAY-2025 15:48:07)
2,21 , 1,0,6,0,S, 	(30-MAY-2025 15:48:07)
2,21 , 1,0,6,0,S, 	(30-MAY-2025 15:48:07)
2,21 , 1,0,6,0,S, 	(30-MAY-2025 15:48:07)
2,21 , 1,0,6,0,S, 	(30-MAY-2025 15:48:07)
2,21 , 1,0,6,0,S, 	(30-MAY-2025 15:48:07)
2,21 , 1,0,6,0,S, 	(30-MAY-2025 15:48:07)
2,21 , 1,0,6,0,S, 	(30-MAY-2025 15:48:07)
2,21 , 1,0,6,0,S, 	(30-MAY-2025 15:48:07)
2,21 , 1,0,6,0,S, 	(30-MAY-2025 15:48:07)
2,21 , 1,0,6,0,S, 	(30-MAY-2025 15:48:07)
2,21 , 1,0,6,0,S, 	(30-MAY-2025 15:48:07)
2,21 , 1,0,6,0,S, 	(30-MAY-2025 15:48:07)
2,21 , 1,0,6,0,S, 	(30-MAY-2025 15:48:07)
2,21 , 1,0,6,0,S, 	(30-MAY-2025 15:48:07)
2,21 , 1,0,6,0,S, 	(30-MAY-2025 15:48:07)
2,21 , 1,0,6,0,S, 	(30-MAY-2025 15:48:07)
2,21 , 1,0,6,0,S, 	(30-MAY-2025 15:48:07)
2,21 , 1,0,6,0,S, 	(30-MAY-2025 15:48:07)
2,21 , 1,0,6,0,S, 	(30-MAY-2025 15:48:07)
2,21 , 1,0,6,0,S, 	(30-MAY-2025 15:48:07)
2,21 , 1,0,6,0,S, 	(30-MAY-2025 15:48:07)
2,21 , 1,0,6,0,S, 	(30-MAY-2025 15:48:07)
2,21 , 1,0,6,0,S, 	(30-MAY-2025 15:48:07)
2,21 , 1,0,6,0,S, 	(30-MAY-2025 15:48:07)
2,21 , 1,0,6,0,S, 	(30-MAY-2025 15:48:07)
2,21 , 1,0,6,0,S, 	(30-MAY-2025 15:48:07)
2,21 , 1,0,1,0,S, 	(30-MAY-2025 15:48:07)
2,21 , 1,0,1,0,S, 	(30-MAY-2025 15:48:07)
2,21 , 1,0,1,0,S, 	(30-MAY-2025 15:48:07)
2,21 , 1,0,1,0,S, 	(30-MAY-2025 15:48:07)
2,21 , 1,0,1,0,S, 	(30-MAY-2025 15:48:07)
2,21 , 1,0,1,0,S, 	(30-MAY-2025 15:48:07)
2,21 , 1,0,1,0,S, 	(30-MAY-2025 15:48:07)
2,21 , 1,0,1,0,S, 	(30-MAY-2025 15:48:07)
2,21 , 1,0,1,0,S, 	(30-MAY-2025 15:48:07)
2,21 , 1,0,1,0,S, 	(30-MAY-2025 15:48:07)
2,21 , 1,0,1,0,S, 	(30-MAY-2025 15:48:07)
2,21 , 1,0,1,0,S, 	(30-MAY-2025 15:48:07)
2,21 , 1,0,1,0,S, 	(30-MAY-2025 15:48:07)
2,21 , 1,0,1,0,S, 	(30-MAY-2025 15:48:07)
2,21 , 1,0,1,0,S, 	(30-MAY-2025 15:48:07)
2,21 , 1,0,2,1,S, 	(30-MAY-2025 15:48:07)
2,21 , 1,0,2,1,S, 	(30-MAY-2025 15:48:07)
2,21 , 1,0,2,1,S, 	(30-MAY-2025 15:48:07)
2,21 , 1,0,2,1,S, 	(30-MAY-2025 15:48:07)
2,21 , 1,0,2,1,S, 	(30-MAY-2025 15:48:07)
2,21 , 1,0,2,1,S, 	(30-MAY-2025 15:48:07)
2,21 , 1,0,2,1,S, 	(30-MAY-2025 15:48:07)
2,21 , 1,0,2,1,S, 	(30-MAY-2025 15:48:07)
2,21 , 1,0,2,1,S, 	(30-MAY-2025 15:48:07)
2,21 , 1,0,2,1,S, 	(30-MAY-2025 15:48:07)
2,21 , 1,0,2,1,S, 	(30-MAY-2025 15:48:07)
2,21 , 1,0,2,1,S, 	(30-MAY-2025 15:48:07)
2,21 , 1,0,2,1,S, 	(30-MAY-2025 15:48:07)
2,21 , 1,0,2,1,S, 	(30-MAY-2025 15:48:07)
2,21 , 1,0,2,1,S, 	(30-MAY-2025 15:48:07)
2,21 , 1,0,2,1,S, 	(30-MAY-2025 15:48:07)
2,21 , 1,0,2,1,S, 	(30-MAY-2025 15:48:07)
2,21 , 1,0,2,1,S, 	(30-MAY-2025 15:48:07)
2,21 , 1,0,2,1,S, 	(30-MAY-2025 15:48:07)
2,21 , 1,0,2,1,S, 	(30-MAY-2025 15:48:07)
2,21 , 1,0,2,1,S, 	(30-MAY-2025 15:48:07)
2,21 , 1,0,2,1,S, 	(30-MAY-2025 15:48:07)
2,21 , 1,0,2,1,S, 	(30-MAY-2025 15:48:07)
2,21 , 1,0,2,1,S, 	(30-MAY-2025 15:48:07)
2,21 , 1,0,2,1,S, 	(30-MAY-2025 15:48:07)
2,21 , 1,0,2,1,S, 	(30-MAY-2025 15:48:07)
2,21 , 1,0,2,1,S, 	(30-MAY-2025 15:48:07)
2,21 , 1,0,2,1,S, 	(30-MAY-2025 15:48:07)
2,21 , 1,0,2,1,S, 	(30-MAY-2025 15:48:07)
2,21 , 1,0,2,1,S, 	(30-MAY-2025 15:48:07)
2,21 , 1,0,2,1,S, 	(30-MAY-2025 15:48:07)
2,21 , 1,0,2,1,S, 	(30-MAY-2025 15:48:07)
2,21 , 1,0,2,1,S, 	(30-MAY-2025 15:48:07)
2,21 , 1,0,2,1,S, 	(30-MAY-2025 15:48:07)
2,21 , 1,0,2,1,S, 	(30-MAY-2025 15:48:07)
2,21 , 1,0,2,1,S, 	(30-MAY-2025 15:48:07)
2,21 , 1,0,2,1,S, 	(30-MAY-2025 15:48:07)
2,21 , 1,0,2,1,S, 	(30-MAY-2025 15:48:07)
2,21 , 1,0,2,1,S, 	(30-MAY-2025 15:48:07)
2,21 , 1,0,2,1,S, 	(30-MAY-2025 15:48:07)
2,21 , 1,0,2,1,S, 	(30-MAY-2025 15:48:07)
2,21 , 1,0,2,1,S, 	(30-MAY-2025 15:48:07)
2,21 , 1,0,2,1,S, 	(30-MAY-2025 15:48:07)
2,21 , 1,0,2,1,S, 	(30-MAY-2025 15:48:07)
2,21 , 1,0,2,1,S, 	(30-MAY-2025 15:48:07)
2,21 , 1,0,2,1,S, 	(30-MAY-2025 15:48:07)
2,21 , 1,0,2,1,S, 	(30-MAY-2025 15:48:07)
2,21 , 1,0,2,1,S, 	(30-MAY-2025 15:48:07)
2,21 , 1,0,2,1,S, 	(30-MAY-2025 15:48:07)
2,21 , 1,0,2,1,S, 	(30-MAY-2025 15:48:07)
2,21 , 1,0,2,1,S, 	(30-MAY-2025 15:48:07)
2,21 , 1,0,2,1,S, 	(30-MAY-2025 15:48:07)
2,21 , 1,0,2,1,S, 	(30-MAY-2025 15:48:07)
2,21 , 1,0,2,1,S, 	(30-MAY-2025 15:48:07)
2,21 , 1,0,2,1,S, 	(30-MAY-2025 15:48:07)
2,21 , 1,0,2,1,S, 	(30-MAY-2025 15:48:07)
2,21 , 1,0,2,1,S, 	(30-MAY-2025 15:48:07)
2,21 , 1,0,2,1,S, 	(30-MAY-2025 15:48:07)
2,21 , 1,0,2,1,S, 	(30-MAY-2025 15:48:07)
2,21 , 1,0,2,1,S, 	(30-MAY-2025 15:48:07)
2,21 , 1,0,2,1,S, 	(30-MAY-2025 15:48:07)
2,21 , 1,0,2,1,S, 	(30-MAY-2025 15:48:07)
2,21 , 1,0,2,1,S, 	(30-MAY-2025 15:48:07)
2,21 , 1,0,2,1,S, 	(30-MAY-2025 15:48:07)
2,21 , 1,0,2,1,S, 	(30-MAY-2025 15:48:07)
2,21 , 1,0,2,1,S, 	(30-MAY-2025 15:48:07)
2,21 , 1,0,2,1,S, 	(30-MAY-2025 15:48:07)
2,21 , 1,0,2,1,S, 	(30-MAY-2025 15:48:07)
2,21 , 1,0,2,1,S, 	(30-MAY-2025 15:48:07)
2,21 , 1,0,2,1,S, 	(30-MAY-2025 15:48:07)
2,21 , 1,0,2,1,S, 	(30-MAY-2025 15:48:07)
2,21 , 1,0,2,1,S, 	(30-MAY-2025 15:48:07)
2,21 , 1,0,2,1,S, 	(30-MAY-2025 15:48:07)
2,21 , 1,0,2,1,S, 	(30-MAY-2025 15:48:07)
2,21 , 1,0,2,1,S, 	(30-MAY-2025 15:48:07)
2,21 , 1,0,2,1,S, 	(30-MAY-2025 15:48:07)
2,21 , 1,0,2,1,S, 	(30-MAY-2025 15:48:07)
2,21 , 1,0,2,1,S, 	(30-MAY-2025 15:48:07)
2,21 , 1,0,2,1,S, 	(30-MAY-2025 15:48:07)
2,21 , 1,0,2,1,S, 	(30-MAY-2025 15:48:07)
2,21 , 1,0,2,1,S, 	(30-MAY-2025 15:48:07)
2,21 , 1,0,2,1,S, 	(30-MAY-2025 15:48:07)
2,21 , 1,0,2,1,S, 	(30-MAY-2025 15:48:07)
2,21 , 1,0,2,1,S, 	(30-MAY-2025 15:48:07)
2,21 , 1,0,2,1,S, 	(30-MAY-2025 15:48:07)
2,21 , 1,0,2,1,S, 	(30-MAY-2025 15:48:07)
2,21 , 1,0,2,1,S, 	(30-MAY-2025 15:48:07)
2,21 , 1,0,2,1,S, 	(30-MAY-2025 15:48:07)
2,21 , 1,0,2,1,S, 	(30-MAY-2025 15:48:07)
2,21 , 1,0,2,1,S, 	(30-MAY-2025 15:48:07)
2,21 , 1,0,2,1,S, 	(30-MAY-2025 15:48:07)
2,21 , 1,0,2,1,S, 	(30-MAY-2025 15:48:07)
2,21 , 1,0,2,1,S, 	(30-MAY-2025 15:48:07)
2,21 , 1,0,2,1,S, 	(30-MAY-2025 15:48:07)
2,21 , 1,0,2,1,S, 	(30-MAY-2025 15:48:07)
2,21 , 1,0,2,1,S, 	(30-MAY-2025 15:48:07)
2,21 , 1,0,2,1,S, 	(30-MAY-2025 15:48:07)
2,21 , 1,0,2,1,S, 	(30-MAY-2025 15:48:07)
2,21 , 1,0,2,1,S, 	(30-MAY-2025 15:48:07)
2,21 , 1,0,2,1,S, 	(30-MAY-2025 15:48:07)
2,21 , 1,0,2,1,S, 	(30-MAY-2025 15:48:07)
2,21 , 1,0,2,1,S, 	(30-MAY-2025 15:48:07)
2,21 , 1,0,2,1,S, 	(30-MAY-2025 15:48:07)
2,21 , 1,0,2,1,S, 	(30-MAY-2025 15:48:07)
2,21 , 1,0,2,1,S, 	(30-MAY-2025 15:48:07)
2,21 , 1,0,2,1,S, 	(30-MAY-2025 15:48:07)
2,21 , 1,0,2,1,S, 	(30-MAY-2025 15:48:07)
2,21 , 1,0,2,1,S, 	(30-MAY-2025 15:48:07)
2,21 , 1,0,2,1,S, 	(30-MAY-2025 15:48:07)
2,21 , 1,0,2,1,S, 	(30-MAY-2025 15:48:07)
2,21 , 1,0,2,1,S, 	(30-MAY-2025 15:48:07)
2,21 , 1,0,2,1,S, 	(30-MAY-2025 15:48:07)
2,21 , 1,0,2,1,S, 	(30-MAY-2025 15:48:07)
2,21 , 1,0,2,1,S, 	(30-MAY-2025 15:48:07)
2,21 , 1,0,2,1,S, 	(30-MAY-2025 15:48:07)
2,21 , 1,0,2,1,S, 	(30-MAY-2025 15:48:07)
2,21 , 1,0,2,1,S, 	(30-MAY-2025 15:48:07)
2,21 , 1,0,2,1,S, 	(30-MAY-2025 15:48:07)
2,21 , 1,0,2,1,S, 	(30-MAY-2025 15:48:07)
2,21 , 1,0,2,1,S, 	(30-MAY-2025 15:48:07)
2,21 , 1,0,2,1,S, 	(30-MAY-2025 15:48:07)
2,21 , 1,0,2,1,S, 	(30-MAY-2025 15:48:07)
2,21 , 1,0,2,1,S, 	(30-MAY-2025 15:48:07)
2,21 , 1,0,2,1,S, 	(30-MAY-2025 15:48:07)
2,21 , 1,0,2,1,S, 	(30-MAY-2025 15:48:07)
2,21 , 1,0,2,1,S, 	(30-MAY-2025 15:48:07)
2,21 , 1,0,2,1,S, 	(30-MAY-2025 15:48:07)
2,21 , 1,0,2,1,S, 	(30-MAY-2025 15:48:07)
2,21 , 1,0,2,1,S, 	(30-MAY-2025 15:48:07)
2,21 , 1,0,2,1,S, 	(30-MAY-2025 15:48:07)
2,21 , 1,0,2,1,S, 	(30-MAY-2025 15:48:07)
2,21 , 1,0,2,1,S, 	(30-MAY-2025 15:48:07)
2,21 , 1,0,2,1,S, 	(30-MAY-2025 15:48:07)
2,21 , 1,0,2,1,S, 	(30-MAY-2025 15:48:07)
2,21 , 1,0,2,1,S, 	(30-MAY-2025 15:48:07)
2,21 , 1,0,2,1,S, 	(30-MAY-2025 15:48:07)
2,21 , 1,0,2,1,S, 	(30-MAY-2025 15:48:07)
2,21 , 1,0,2,1,S, 	(30-MAY-2025 15:48:07)
2,21 , 1,0,2,1,S, 	(30-MAY-2025 15:48:07)
2,21 , 1,0,2,1,S, 	(30-MAY-2025 15:48:07)
2,21 , 1,0,2,1,S, 	(30-MAY-2025 15:48:07)
2,21 , 1,0,2,1,S, 	(30-MAY-2025 15:48:07)
2,21 , 1,0,2,1,S, 	(30-MAY-2025 15:48:07)
2,21 , 1,0,2,1,S, 	(30-MAY-2025 15:48:07)
2,21 , 1,0,2,1,S, 	(30-MAY-2025 15:48:07)
2,21 , 1,0,2,1,S, 	(30-MAY-2025 15:48:07)
2,21 , 1,0,2,1,S, 	(30-MAY-2025 15:48:07)
2,21 , 1,0,2,1,S, 	(30-MAY-2025 15:48:07)
2,21 , 1,0,2,1,S, 	(30-MAY-2025 15:48:07)
2,21 , 1,0,2,1,S, 	(30-MAY-2025 15:48:07)
2,21 , 1,0,2,1,S, 	(30-MAY-2025 15:48:07)
2,21 , 1,0,2,1,S, 	(30-MAY-2025 15:48:07)
2,21 , 1,0,2,1,S, 	(30-MAY-2025 15:48:07)
2,21 , 1,0,2,1,S, 	(30-MAY-2025 15:48:07)
2,21 , 1,0,2,1,S, 	(30-MAY-2025 15:48:07)
2,21 , 1,0,2,1,S, 	(30-MAY-2025 15:48:07)
2,21 , 1,0,2,1,S, 	(30-MAY-2025 15:48:07)
2,21 , 1,0,2,1,S, 	(30-MAY-2025 15:48:07)
2,21 , 1,0,2,1,S, 	(30-MAY-2025 15:48:07)
2,21 , 1,0,2,1,S, 	(30-MAY-2025 15:48:07)
2,21 , 1,0,2,1,S, 	(30-MAY-2025 15:48:07)
2,21 , 1,0,2,1,S, 	(30-MAY-2025 15:48:07)
2,21 , 1,0,2,1,S, 	(30-MAY-2025 15:48:07)
2,21 , 1,0,2,1,S, 	(30-MAY-2025 15:48:07)
2,21 , 1,0,2,1,S, 	(30-MAY-2025 15:48:07)
2,21 , 1,0,2,1,S, 	(30-MAY-2025 15:48:07)
2,21 , 1,0,2,1,S, 	(30-MAY-2025 15:48:07)
2,21 , 1,0,2,1,S, 	(30-MAY-2025 15:48:07)
2,21 , 1,0,2,1,S, 	(30-MAY-2025 15:48:07)
2,21 , 1,0,2,1,S, 	(30-MAY-2025 15:48:07)
2,21 , 1,0,2,1,S, 	(30-MAY-2025 15:48:07)
2,21 , 1,0,2,1,S, 	(30-MAY-2025 15:48:07)
2,21 , 1,0,2,1,S, 	(30-MAY-2025 15:48:07)
2,21 , 1,0,2,1,S, 	(30-MAY-2025 15:48:07)
2,21 , 1,0,2,1,S, 	(30-MAY-2025 15:48:07)
2,21 , 1,0,2,1,S, 	(30-MAY-2025 15:48:07)
2,21 , 1,0,2,1,S, 	(30-MAY-2025 15:48:07)
2,21 , 1,0,2,1,S, 	(30-MAY-2025 15:48:07)
2,21 , 1,0,2,1,S, 	(30-MAY-2025 15:48:07)
2,21 , 1,0,2,1,S, 	(30-MAY-2025 15:48:07)
2,21 , 1,0,2,1,S, 	(30-MAY-2025 15:48:07)
2,21 , 1,0,2,1,S, 	(30-MAY-2025 15:48:07)
2,21 , 1,0,2,1,S, 	(30-MAY-2025 15:48:07)
2,21 , 1,0,2,1,S, 	(30-MAY-2025 15:48:07)
2,21 , 1,0,2,1,S, 	(30-MAY-2025 15:48:07)
2,21 , 1,0,2,1,S, 	(30-MAY-2025 15:48:07)
2,21 , 1,0,2,1,S, 	(30-MAY-2025 15:48:07)
2,21 , 1,0,2,1,S, 	(30-MAY-2025 15:48:07)
2,21 , 1,0,2,1,S, 	(30-MAY-2025 15:48:07)
2,21 , 1,0,2,1,S, 	(30-MAY-2025 15:48:07)
2,21 , 1,0,2,1,S, 	(30-MAY-2025 15:48:07)
2,21 , 1,0,2,1,S, 	(30-MAY-2025 15:48:07)
2,21 , 1,0,2,1,S, 	(30-MAY-2025 15:48:07)
2,21 , 1,0,2,1,S, 	(30-MAY-2025 15:48:07)
2,21 , 1,0,2,1,S, 	(30-MAY-2025 15:48:07)
2,21 , 1,0,2,1,S, 	(30-MAY-2025 15:48:07)
2,21 , 1,0,2,1,S, 	(30-MAY-2025 15:48:07)
2,21 , 1,0,2,1,S, 	(30-MAY-2025 15:48:07)
2,21 , 1,0,2,1,S, 	(30-MAY-2025 15:48:07)
2,21 , 1,0,2,1,S, 	(30-MAY-2025 15:48:07)
2,21 , 1,0,2,1,S, 	(30-MAY-2025 15:48:07)
2,21 , 1,0,2,1,S, 	(30-MAY-2025 15:48:07)
2,21 , 1,0,2,1,S, 	(30-MAY-2025 15:48:07)
2,21 , 1,0,2,1,S, 	(30-MAY-2025 15:48:07)
2,21 , 1,0,2,1,S, 	(30-MAY-2025 15:48:07)
2,21 , 1,0,2,1,S, 	(30-MAY-2025 15:48:07)
2,21 , 1,0,2,1,S, 	(30-MAY-2025 15:48:07)
2,21 , 1,0,2,1,S, 	(30-MAY-2025 15:48:07)
2,21 , 1,0,2,1,S, 	(30-MAY-2025 15:48:07)
2,21 , 1,0,2,1,S, 	(30-MAY-2025 15:48:07)
2,21 , 1,0,2,1,S, 	(30-MAY-2025 15:48:07)
2,21 , 1,0,2,1,S, 	(30-MAY-2025 15:48:07)
2,21 , 1,0,2,1,S, 	(30-MAY-2025 15:48:07)
2,21 , 1,0,2,1,S, 	(30-MAY-2025 15:48:07)
2,21 , 1,0,2,1,S, 	(30-MAY-2025 15:48:07)
2,21 , 1,0,2,1,S, 	(30-MAY-2025 15:48:07)
2,21 , 1,0,2,1,S, 	(30-MAY-2025 15:48:07)
2,21 , 1,0,2,1,S, 	(30-MAY-2025 15:48:07)
2,21 , 1,0,2,1,S, 	(30-MAY-2025 15:48:07)
2,21 , 1,0,2,1,S, 	(30-MAY-2025 15:48:07)
2,21 , 1,0,2,1,S, 	(30-MAY-2025 15:48:07)
2,21 , 1,0,2,1,S, 	(30-MAY-2025 15:48:07)
2,21 , 1,0,2,1,S, 	(30-MAY-2025 15:48:07)
2,21 , 1,0,2,1,S, 	(30-MAY-2025 15:48:07)
2,21 , 1,0,2,1,S, 	(30-MAY-2025 15:48:07)
2,21 , 1,0,2,1,S, 	(30-MAY-2025 15:48:07)
2,21 , 1,0,2,1,S, 	(30-MAY-2025 15:48:07)
2,21 , 1,0,2,1,S, 	(30-MAY-2025 15:48:07)
2,21 , 1,0,2,1,S, 	(30-MAY-2025 15:48:07)
2,21 , 1,0,2,1,S, 	(30-MAY-2025 15:48:07)
2,21 , 1,0,2,1,S, 	(30-MAY-2025 15:48:07)
2,21 , 1,0,2,1,S, 	(30-MAY-2025 15:48:07)
2,21 , 1,0,2,1,S, 	(30-MAY-2025 15:48:07)
2,21 , 1,0,2,1,S, 	(30-MAY-2025 15:48:07)
2,21 , 1,0,2,1,S, 	(30-MAY-2025 15:48:07)
2,21 , 1,0,2,1,S, 	(30-MAY-2025 15:48:07)
2,21 , 1,0,2,1,S, 	(30-MAY-2025 15:48:07)
2,21 , 1,0,2,1,S, 	(30-MAY-2025 15:48:07)
2,21 , 1,0,2,1,S, 	(30-MAY-2025 15:48:07)
2,21 , 1,0,2,1,S, 	(30-MAY-2025 15:48:07)
2,21 , 1,0,2,1,S, 	(30-MAY-2025 15:48:07)
2,21 , 1,0,2,1,S, 	(30-MAY-2025 15:48:07)
2,21 , 1,0,2,1,S, 	(30-MAY-2025 15:48:07)
2,21 , 1,0,2,1,S, 	(30-MAY-2025 15:48:07)
2,21 , 1,0,2,1,S, 	(30-MAY-2025 15:48:07)
2,21 , 1,0,2,1,S, 	(30-MAY-2025 15:48:07)
2,21 , 1,0,2,1,S, 	(30-MAY-2025 15:48:07)
2,21 , 1,0,2,1,S, 	(30-MAY-2025 15:48:07)
2,21 , 1,0,2,1,S, 	(30-MAY-2025 15:48:07)
2,21 , 1,0,2,1,S, 	(30-MAY-2025 15:48:07)
2,21 , 1,0,2,1,S, 	(30-MAY-2025 15:48:07)
2,21 , 1,0,2,1,S, 	(30-MAY-2025 15:48:07)
2,21 , 1,0,2,1,S, 	(30-MAY-2025 15:48:07)
2,21 , 1,0,2,1,S, 	(30-MAY-2025 15:48:07)
2,21 , 1,0,2,1,S, 	(30-MAY-2025 15:48:07)
2,21 , 1,0,2,1,S, 	(30-MAY-2025 15:48:07)
2,21 , 1,0,2,1,S, 	(30-MAY-2025 15:48:07)
2,21 , 1,0,2,1,S, 	(30-MAY-2025 15:48:07)
2,21 , 1,0,2,1,S, 	(30-MAY-2025 15:48:07)
2,21 , 1,0,2,1,S, 	(30-MAY-2025 15:48:07)
2,21 , 1,0,2,1,S, 	(30-MAY-2025 15:48:07)
2,21 , 1,0,2,1,S, 	(30-MAY-2025 15:48:07)
2,21 , 1,0,2,1,S, 	(30-MAY-2025 15:48:07)
2,21 , 1,0,2,1,S, 	(30-MAY-2025 15:48:07)
2,21 , 1,0,2,1,S, 	(30-MAY-2025 15:48:07)
2,21 , 1,0,2,1,S, 	(30-MAY-2025 15:48:07)
2,21 , 1,0,2,1,S, 	(30-MAY-2025 15:48:07)
2,21 , 1,0,2,1,S, 	(30-MAY-2025 15:48:07)
2,21 , 1,0,2,1,S, 	(30-MAY-2025 15:48:07)
2,21 , 1,0,2,1,S, 	(30-MAY-2025 15:48:07)
2,21 , 1,0,2,1,S, 	(30-MAY-2025 15:48:07)
2,21 , 1,0,2,1,S, 	(30-MAY-2025 15:48:07)
2,21 , 1,0,2,1,S, 	(30-MAY-2025 15:48:07)
2,21 , 1,0,2,1,S, 	(30-MAY-2025 15:48:07)
2,21 , 1,0,2,1,S, 	(30-MAY-2025 15:48:07)
2,21 , 1,0,2,1,S, 	(30-MAY-2025 15:48:07)
2,21 , 1,0,2,1,S, 	(30-MAY-2025 15:48:07)
2,21 , 1,0,2,1,S, 	(30-MAY-2025 15:48:07)
2,21 , 1,0,2,1,S, 	(30-MAY-2025 15:48:07)
2,21 , 1,0,2,1,S, 	(30-MAY-2025 15:48:07)
2,21 , 1,0,2,1,S, 	(30-MAY-2025 15:48:07)
2,21 , 1,0,2,1,S, 	(30-MAY-2025 15:48:07)
2,21 , 1,0,2,1,S, 	(30-MAY-2025 15:48:07)
2,21 , 1,0,2,1,S, 	(30-MAY-2025 15:48:07)
2,21 , 1,0,2,1,S, 	(30-MAY-2025 15:48:07)
2,21 , 1,0,2,1,S, 	(30-MAY-2025 15:48:07)
2,21 , 1,0,2,1,S, 	(30-MAY-2025 15:48:07)
2,21 , 1,0,2,1,S, 	(30-MAY-2025 15:48:07)
2,21 , 1,0,2,1,S, 	(30-MAY-2025 15:48:07)
2,21 , 1,0,2,1,S, 	(30-MAY-2025 15:48:07)
2,21 , 1,0,2,1,S, 	(30-MAY-2025 15:48:07)
2,21 , 1,0,2,1,S, 	(30-MAY-2025 15:48:07)
2,21 , 1,0,2,1,S, 	(30-MAY-2025 15:48:07)
2,21 , 1,0,2,1,S, 	(30-MAY-2025 15:48:07)
2,21 , 1,0,2,1,S, 	(30-MAY-2025 15:48:07)
2,21 , 1,0,2,1,S, 	(30-MAY-2025 15:48:07)
2,21 , 1,0,2,1,S, 	(30-MAY-2025 15:48:07)
2,21 , 1,0,2,1,S, 	(30-MAY-2025 15:48:07)
2,21 , 1,0,2,1,S, 	(30-MAY-2025 15:48:07)
2,21 , 1,0,2,1,S, 	(30-MAY-2025 15:48:07)
2,21 , 1,0,2,1,S, 	(30-MAY-2025 15:48:07)
2,21 , 1,0,2,1,S, 	(30-MAY-2025 15:48:07)
2,21 , 1,0,2,1,S, 	(30-MAY-2025 15:48:07)
2,21 , 1,0,2,1,S, 	(30-MAY-2025 15:48:07)
2,21 , 1,0,2,1,S, 	(30-MAY-2025 15:48:07)
2,21 , 1,0,2,1,S, 	(30-MAY-2025 15:48:07)
2,21 , 1,0,2,1,S, 	(30-MAY-2025 15:48:07)
2,21 , 1,0,2,1,S, 	(30-MAY-2025 15:48:07)
2,21 , 1,0,2,1,S, 	(30-MAY-2025 15:48:07)
2,21 , 1,0,2,1,S, 	(30-MAY-2025 15:48:07)
2,21 , 1,0,2,1,S, 	(30-MAY-2025 15:48:07)
2,21 , 1,0,2,1,S, 	(30-MAY-2025 15:48:07)
2,21 , 1,0,2,1,S, 	(30-MAY-2025 15:48:07)
2,21 , 1,0,2,1,S, 	(30-MAY-2025 15:48:07)
2,21 , 1,0,2,1,S, 	(30-MAY-2025 15:48:07)
2,21 , 1,0,2,1,S, 	(30-MAY-2025 15:48:07)
2,21 , 1,0,2,1,S, 	(30-MAY-2025 15:48:07)
2,21 , 1,0,2,1,S, 	(30-MAY-2025 15:48:07)
2,21 , 1,0,2,1,S, 	(30-MAY-2025 15:48:07)
2,21 , 1,0,2,1,S, 	(30-MAY-2025 15:48:07)
2,21 , 1,0,2,1,S, 	(30-MAY-2025 15:48:07)
2,21 , 1,0,2,1,S, 	(30-MAY-2025 15:48:07)
2,21 , 1,0,2,1,S, 	(30-MAY-2025 15:48:07)
2,21 , 1,0,2,1,S, 	(30-MAY-2025 15:48:07)
2,21 , 1,0,2,1,S, 	(30-MAY-2025 15:48:07)
2,21 , 1,0,2,1,S, 	(30-MAY-2025 15:48:07)
2,21 , 1,0,2,1,S, 	(30-MAY-2025 15:48:07)
2,21 , 1,0,2,1,S, 	(30-MAY-2025 15:48:07)
2,21 , 1,0,2,1,S, 	(30-MAY-2025 15:48:07)
2,21 , 1,0,2,1,S, 	(30-MAY-2025 15:48:07)
2,21 , 1,0,2,1,S, 	(30-MAY-2025 15:48:07)
2,21 , 1,0,2,1,S, 	(30-MAY-2025 15:48:07)
2,21 , 1,0,2,1,S, 	(30-MAY-2025 15:48:07)
2,21 , 1,0,2,1,S, 	(30-MAY-2025 15:48:07)
2,21 , 1,0,2,1,S, 	(30-MAY-2025 15:48:07)
2,21 , 1,0,2,1,S, 	(30-MAY-2025 15:48:07)
2,21 , 1,0,2,1,S, 	(30-MAY-2025 15:48:07)
2,21 , 1,0,2,1,S, 	(30-MAY-2025 15:48:07)
2,21 , 1,0,2,1,S, 	(30-MAY-2025 15:48:07)
2,21 , 1,0,2,1,S, 	(30-MAY-2025 15:48:07)
2,21 , 1,0,2,1,S, 	(30-MAY-2025 15:48:07)
2,21 , 1,0,2,1,S, 	(30-MAY-2025 15:48:07)
2,21 , 1,0,2,1,S, 	(30-MAY-2025 15:48:07)
2,21 , 1,0,2,1,S, 	(30-MAY-2025 15:48:07)
2,21 , 1,0,2,1,S, 	(30-MAY-2025 15:48:07)
2,21 , 1,0,2,1,S, 	(30-MAY-2025 15:48:07)
2,21 , 1,0,2,1,S, 	(30-MAY-2025 15:48:07)
2,21 , 1,0,2,1,S, 	(30-MAY-2025 15:48:07)
2,21 , 1,0,2,1,S, 	(30-MAY-2025 15:48:07)
2,21 , 1,0,2,1,S, 	(30-MAY-2025 15:48:07)
2,21 , 1,0,2,1,S, 	(30-MAY-2025 15:48:07)
2,21 , 1,0,2,1,S, 	(30-MAY-2025 15:48:07)
2,21 , 1,0,2,1,S, 	(30-MAY-2025 15:48:07)
2,21 , 1,0,2,1,S, 	(30-MAY-2025 15:48:07)
2,21 , 1,0,2,1,S, 	(30-MAY-2025 15:48:07)
2,21 , 1,0,2,1,S, 	(30-MAY-2025 15:48:07)
2,21 , 1,0,2,1,S, 	(30-MAY-2025 15:48:07)
2,21 , 1,0,2,1,S, 	(30-MAY-2025 15:48:07)
2,21 , 1,0,2,1,S, 	(30-MAY-2025 15:48:07)
2,21 , 1,0,2,1,S, 	(30-MAY-2025 15:48:07)
2,21 , 1,0,2,1,S, 	(30-MAY-2025 15:48:07)
2,21 , 1,0,2,1,S, 	(30-MAY-2025 15:48:07)
2,21 , 1,0,2,1,S, 	(30-MAY-2025 15:48:07)
2,21 , 1,0,2,1,S, 	(30-MAY-2025 15:48:07)
2,21 , 1,0,2,1,S, 	(30-MAY-2025 15:48:07)
2,21 , 1,0,2,1,S, 	(30-MAY-2025 15:48:07)
2,21 , 1,0,2,1,S, 	(30-MAY-2025 15:48:07)
2,21 , 1,0,2,1,S, 	(30-MAY-2025 15:48:07)
2,21 , 1,0,2,1,S, 	(30-MAY-2025 15:48:07)
2,21 , 1,0,2,1,S, 	(30-MAY-2025 15:48:07)
2,21 , 1,0,2,1,S, 	(30-MAY-2025 15:48:07)
2,21 , 1,0,2,1,S, 	(30-MAY-2025 15:48:07)
2,21 , 1,0,2,1,S, 	(30-MAY-2025 15:48:07)
2,21 , 1,0,2,1,S, 	(30-MAY-2025 15:48:07)
2,21 , 1,0,2,1,S, 	(30-MAY-2025 15:48:07)
2,21 , 1,0,2,1,S, 	(30-MAY-2025 15:48:07)
2,21 , 1,0,2,1,S, 	(30-MAY-2025 15:48:07)
2,21 , 1,0,2,1,S, 	(30-MAY-2025 15:48:07)
2,21 , 1,0,2,1,S, 	(30-MAY-2025 15:48:07)
2,21 , 1,0,2,1,S, 	(30-MAY-2025 15:48:07)
2,21 , 1,0,2,1,S, 	(30-MAY-2025 15:48:07)
2,21 , 1,0,2,1,S, 	(30-MAY-2025 15:48:07)
2,21 , 1,0,2,1,S, 	(30-MAY-2025 15:48:07)
2,21 , 1,0,2,1,S, 	(30-MAY-2025 15:48:07)
2,21 , 1,0,2,1,S, 	(30-MAY-2025 15:48:07)
2,21 , 1,0,2,1,S, 	(30-MAY-2025 15:48:07)
2,21 , 1,0,2,1,S, 	(30-MAY-2025 15:48:07)
2,21 , 1,0,2,1,S, 	(30-MAY-2025 15:48:07)
2,21 , 1,0,2,1,S, 	(30-MAY-2025 15:48:07)
2,21 , 1,0,2,1,S, 	(30-MAY-2025 15:48:07)
2,21 , 1,0,2,1,S, 	(30-MAY-2025 15:48:07)
2,21 , 1,0,2,1,S, 	(30-MAY-2025 15:48:07)
2,21 , 1,0,2,1,S, 	(30-MAY-2025 15:48:07)
2,21 , 1,0,2,1,S, 	(30-MAY-2025 15:48:07)
2,21 , 1,0,2,1,S, 	(30-MAY-2025 15:48:07)
2,21 , 1,0,2,1,S, 	(30-MAY-2025 15:48:07)
2,21 , 1,0,2,1,S, 	(30-MAY-2025 15:48:07)
2,21 , 1,0,2,1,S, 	(30-MAY-2025 15:48:07)
2,21 , 1,0,2,1,S, 	(30-MAY-2025 15:48:07)
2,21 , 1,0,2,1,S, 	(30-MAY-2025 15:48:07)
2,21 , 1,0,2,1,S, 	(30-MAY-2025 15:48:07)
2,21 , 1,0,2,1,S, 	(30-MAY-2025 15:48:07)
2,21 , 1,0,2,1,S, 	(30-MAY-2025 15:48:07)
2,21 , 1,0,2,1,S, 	(30-MAY-2025 15:48:07)
2,21 , 1,0,2,1,S, 	(30-MAY-2025 15:48:07)
2,21 , 1,0,2,1,S, 	(30-MAY-2025 15:48:07)
2,21 , 1,0,2,1,S, 	(30-MAY-2025 15:48:07)
2,21 , 1,0,2,1,S, 	(30-MAY-2025 15:48:07)
2,21 , 1,0,2,1,S, 	(30-MAY-2025 15:48:07)
2,21 , 1,0,2,1,S, 	(30-MAY-2025 15:48:07)
2,21 , 1,0,2,1,S, 	(30-MAY-2025 15:48:07)
2,21 , 1,0,2,1,S, 	(30-MAY-2025 15:48:07)
2,21 , 1,0,2,1,S, 	(30-MAY-2025 15:48:07)
2,21 , 1,0,2,1,S, 	(30-MAY-2025 15:48:07)
2,21 , 1,0,2,1,S, 	(30-MAY-2025 15:48:07)
2,21 , 1,0,2,1,S, 	(30-MAY-2025 15:48:07)
2,21 , 1,0,2,1,S, 	(30-MAY-2025 15:48:07)
2,21 , 1,0,2,1,S, 	(30-MAY-2025 15:48:07)
2,21 , 1,0,2,1,S, 	(30-MAY-2025 15:48:07)
2,21 , 1,0,2,1,S, 	(30-MAY-2025 15:48:07)
2,21 , 1,0,2,1,S, 	(30-MAY-2025 15:48:07)
2,21 , 1,0,2,1,S, 	(30-MAY-2025 15:48:07)
2,21 , 1,0,2,1,S, 	(30-MAY-2025 15:48:07)
2,21 , 1,0,2,1,S, 	(30-MAY-2025 15:48:07)
2,21 , 1,0,2,1,S, 	(30-MAY-2025 15:48:07)
2,21 , 1,0,2,1,S, 	(30-MAY-2025 15:48:07)
2,21 , 1,0,2,1,S, 	(30-MAY-2025 15:48:07)
2,21 , 1,0,2,1,S, 	(30-MAY-2025 15:48:07)
2,21 , 1,0,2,1,S, 	(30-MAY-2025 15:48:07)
2,21 , 1,0,2,1,S, 	(30-MAY-2025 15:48:07)
2,21 , 1,0,2,1,S, 	(30-MAY-2025 15:48:07)
2,21 , 1,0,2,1,S, 	(30-MAY-2025 15:48:07)
2,21 , 1,0,2,1,S, 	(30-MAY-2025 15:48:07)
2,21 , 1,0,2,1,S, 	(30-MAY-2025 15:48:07)
2,21 , 1,0,2,1,S, 	(30-MAY-2025 15:48:07)
2,21 , 1,0,2,1,S, 	(30-MAY-2025 15:48:07)
2,21 , 1,0,2,1,S, 	(30-MAY-2025 15:48:07)
2,21 , 1,0,2,1,S, 	(30-MAY-2025 15:48:07)
2,21 , 1,0,2,1,S, 	(30-MAY-2025 15:48:07)
2,21 , 1,0,2,1,S, 	(30-MAY-2025 15:48:07)
2,21 , 1,0,2,1,S, 	(30-MAY-2025 15:48:07)
2,21 , 1,0,2,1,S, 	(30-MAY-2025 15:48:07)
2,21 , 1,0,2,1,S, 	(30-MAY-2025 15:48:07)
2,21 , 1,0,2,1,S, 	(30-MAY-2025 15:48:07)
2,21 , 1,0,2,1,S, 	(30-MAY-2025 15:48:07)
2,21 , 1,0,2,1,S, 	(30-MAY-2025 15:48:07)
2,21 , 1,0,2,1,S, 	(30-MAY-2025 15:48:07)
2,21 , 1,0,2,1,S, 	(30-MAY-2025 15:48:07)
2,21 , 1,0,2,1,S, 	(30-MAY-2025 15:48:07)
2,21 , 1,0,2,1,S, 	(30-MAY-2025 15:48:07)
2,21 , 1,0,2,1,S, 	(30-MAY-2025 15:48:07)
2,21 , 1,0,2,1,S, 	(30-MAY-2025 15:48:07)
2,21 , 1,0,2,1,S, 	(30-MAY-2025 15:48:07)
2,21 , 1,0,2,1,S, 	(30-MAY-2025 15:48:07)
2,21 , 1,0,2,1,S, 	(30-MAY-2025 15:48:07)
2,21 , 1,0,2,1,S, 	(30-MAY-2025 15:48:07)
2,21 , 1,0,2,1,S, 	(30-MAY-2025 15:48:07)
2,21 , 1,0,2,1,S, 	(30-MAY-2025 15:48:07)
2,21 , 1,0,2,1,S, 	(30-MAY-2025 15:48:07)
2,21 , 1,0,2,1,S, 	(30-MAY-2025 15:48:07)
2,21 , 1,0,2,1,S, 	(30-MAY-2025 15:48:07)
2,21 , 1,0,2,1,S, 	(30-MAY-2025 15:48:07)
2,21 , 1,0,2,1,S, 	(30-MAY-2025 15:48:07)
2,21 , 1,0,2,1,S, 	(30-MAY-2025 15:48:07)
2,21 , 1,0,2,1,S, 	(30-MAY-2025 15:48:07)
2,21 , 1,0,2,1,S, 	(30-MAY-2025 15:48:07)
2,21 , 1,0,2,1,S, 	(30-MAY-2025 15:48:07)
2,21 , 1,0,2,1,S, 	(30-MAY-2025 15:48:07)
2,21 , 1,0,2,1,S, 	(30-MAY-2025 15:48:07)
2,21 , 1,0,2,1,S, 	(30-MAY-2025 15:48:07)
2,21 , 1,0,2,1,S, 	(30-MAY-2025 15:48:07)
2,21 , 1,0,2,1,S, 	(30-MAY-2025 15:48:07)
2,21 , 1,0,2,1,S, 	(30-MAY-2025 15:48:07)
2,21 , 1,0,2,1,S, 	(30-MAY-2025 15:48:07)
2,21 , 1,0,2,1,S, 	(30-MAY-2025 15:48:07)
2,21 , 1,0,2,1,S, 	(30-MAY-2025 15:48:07)
2,21 , 1,0,2,1,S, 	(30-MAY-2025 15:48:07)
2,21 , 1,0,2,1,S, 	(30-MAY-2025 15:48:07)
2,21 , 1,0,2,1,S, 	(30-MAY-2025 15:48:07)
2,21 , 1,0,2,1,S, 	(30-MAY-2025 15:48:07)
2,21 , 1,0,2,1,S, 	(30-MAY-2025 15:48:07)
2,21 , 1,0,2,1,S, 	(30-MAY-2025 15:48:07)
2,21 , 1,0,2,1,S, 	(30-MAY-2025 15:48:07)
2,21 , 1,0,2,1,S, 	(30-MAY-2025 15:48:07)
2,21 , 1,0,2,1,S, 	(30-MAY-2025 15:48:07)
2,21 , 1,0,2,1,S, 	(30-MAY-2025 15:48:07)
2,21 , 1,0,2,1,S, 	(30-MAY-2025 15:48:07)
2,21 , 1,0,2,1,S, 	(30-MAY-2025 15:48:07)
2,21 , 1,0,2,1,S, 	(30-MAY-2025 15:48:07)
2,21 , 1,0,2,1,S, 	(30-MAY-2025 15:48:07)
2,21 , 1,0,2,1,S, 	(30-MAY-2025 15:48:07)
2,21 , 1,0,2,1,S, 	(30-MAY-2025 15:48:07)
2,21 , 1,0,2,1,S, 	(30-MAY-2025 15:48:07)
2,21 , 1,0,2,1,S, 	(30-MAY-2025 15:48:07)
2,21 , 1,0,2,1,S, 	(30-MAY-2025 15:48:07)
2,21 , 1,0,2,1,S, 	(30-MAY-2025 15:48:07)
2,21 , 1,0,2,1,S, 	(30-MAY-2025 15:48:07)
2,21 , 1,0,2,1,S, 	(30-MAY-2025 15:48:07)
2,21 , 1,0,2,1,S, 	(30-MAY-2025 15:48:07)
2,21 , 1,0,2,1,S, 	(30-MAY-2025 15:48:07)
2,21 , 1,0,2,1,S, 	(30-MAY-2025 15:48:07)
2,21 , 1,0,2,1,S, 	(30-MAY-2025 15:48:07)
2,21 , 1,0,2,1,S, 	(30-MAY-2025 15:48:07)
2,21 , 1,0,2,1,S, 	(30-MAY-2025 15:48:07)
2,21 , 1,0,2,1,S, 	(30-MAY-2025 15:48:07)
2,21 , 1,0,2,1,S, 	(30-MAY-2025 15:48:07)
2,21 , 1,0,2,1,S, 	(30-MAY-2025 15:48:07)
2,21 , 1,0,2,1,S, 	(30-MAY-2025 15:48:07)
2,21 , 1,0,2,1,S, 	(30-MAY-2025 15:48:07)
2,21 , 1,0,2,1,S, 	(30-MAY-2025 15:48:07)
2,21 , 1,0,2,1,S, 	(30-MAY-2025 15:48:07)
2,21 , 1,0,2,1,S, 	(30-MAY-2025 15:48:07)
2,21 , 1,0,2,1,S, 	(30-MAY-2025 15:48:07)
2,21 , 1,0,2,1,S, 	(30-MAY-2025 15:48:07)
2,21 , 1,0,2,1,S, 	(30-MAY-2025 15:48:07)
2,21 , 1,0,2,1,S, 	(30-MAY-2025 15:48:07)
2,21 , 1,0,2,1,S, 	(30-MAY-2025 15:48:07)
2,21 , 1,0,2,1,S, 	(30-MAY-2025 15:48:07)
2,21 , 1,0,2,1,S, 	(30-MAY-2025 15:48:07)
2,21 , 1,0,2,1,S, 	(30-MAY-2025 15:48:07)
2,21 , 1,0,2,1,S, 	(30-MAY-2025 15:48:07)
2,21 , 1,0,2,1,S, 	(30-MAY-2025 15:48:07)
2,21 , 1,0,2,1,S, 	(30-MAY-2025 15:48:07)
2,21 , 1,0,2,1,S, 	(30-MAY-2025 15:48:07)
2,21 , 1,0,2,1,S, 	(30-MAY-2025 15:48:07)
2,21 , 1,0,2,1,S, 	(30-MAY-2025 15:48:07)
2,21 , 1,0,2,1,S, 	(30-MAY-2025 15:48:07)
2,21 , 1,0,2,1,S, 	(30-MAY-2025 15:48:07)
2,21 , 1,0,2,1,S, 	(30-MAY-2025 15:48:07)
2,21 , 1,0,2,1,S, 	(30-MAY-2025 15:48:07)
2,21 , 1,0,2,1,S, 	(30-MAY-2025 15:48:07)
2,21 , 1,0,2,1,S, 	(30-MAY-2025 15:48:07)
2,21 , 1,0,2,1,S, 	(30-MAY-2025 15:48:07)
2,21 , 1,0,2,1,S, 	(30-MAY-2025 15:48:07)
2,21 , 1,0,2,1,S, 	(30-MAY-2025 15:48:07)
2,21 , 1,0,2,1,S, 	(30-MAY-2025 15:48:07)
2,21 , 1,0,2,1,S, 	(30-MAY-2025 15:48:07)
2,21 , 1,0,2,1,S, 	(30-MAY-2025 15:48:07)
2,21 , 1,0,2,1,S, 	(30-MAY-2025 15:48:07)
2,21 , 1,0,2,1,S, 	(30-MAY-2025 15:48:07)
2,21 , 1,0,2,1,S, 	(30-MAY-2025 15:48:07)
2,21 , 1,0,2,1,S, 	(30-MAY-2025 15:48:07)
2,21 , 1,0,2,1,S, 	(30-MAY-2025 15:48:07)
2,21 , 1,0,2,1,S, 	(30-MAY-2025 15:48:07)
2,21 , 1,0,2,1,S, 	(30-MAY-2025 15:48:07)
2,21 , 1,0,2,1,S, 	(30-MAY-2025 15:48:07)
2,21 , 1,0,2,1,S, 	(30-MAY-2025 15:48:07)
2,21 , 1,0,2,1,S, 	(30-MAY-2025 15:48:07)
2,21 , 1,0,2,1,S, 	(30-MAY-2025 15:48:07)
2,21 , 1,0,2,1,S, 	(30-MAY-2025 15:48:07)
2,21 , 1,0,2,1,S, 	(30-MAY-2025 15:48:07)
2,21 , 1,0,2,1,S, 	(30-MAY-2025 15:48:07)
2,21 , 1,0,2,1,S, 	(30-MAY-2025 15:48:07)
2,21 , 1,0,2,1,S, 	(30-MAY-2025 15:48:07)
2,21 , 1,0,2,1,S, 	(30-MAY-2025 15:48:07)
2,21 , 1,0,2,1,S, 	(30-MAY-2025 15:48:07)
2,21 , 1,0,2,1,S, 	(30-MAY-2025 15:48:07)
2,21 , 1,0,2,1,S, 	(30-MAY-2025 15:48:07)
2,21 , 1,0,2,1,S, 	(30-MAY-2025 15:48:07)
2,21 , 1,0,2,1,S, 	(30-MAY-2025 15:48:07)
2,21 , 1,0,2,1,S, 	(30-MAY-2025 15:48:07)
2,21 , 1,0,2,1,S, 	(30-MAY-2025 15:48:07)
2,21 , 1,0,2,1,S, 	(30-MAY-2025 15:48:07)
2,21 , 1,0,2,1,S, 	(30-MAY-2025 15:48:07)
2,21 , 1,0,2,1,S, 	(30-MAY-2025 15:48:07)
2,21 , 1,0,2,1,S, 	(30-MAY-2025 15:48:07)
2,21 , 1,0,2,1,S, 	(30-MAY-2025 15:48:07)
2,21 , 1,0,2,1,S, 	(30-MAY-2025 15:48:07)
2,21 , 1,0,2,1,S, 	(30-MAY-2025 15:48:07)
2,21 , 1,0,2,1,S, 	(30-MAY-2025 15:48:07)
2,21 , 1,0,2,1,S, 	(30-MAY-2025 15:48:07)
2,21 , 1,0,2,1,S, 	(30-MAY-2025 15:48:07)
2,21 , 1,0,2,1,S, 	(30-MAY-2025 15:48:07)
2,21 , 1,0,2,1,S, 	(30-MAY-2025 15:48:07)
2,21 , 1,0,2,1,S, 	(30-MAY-2025 15:48:07)
2,21 , 1,0,2,1,S, 	(30-MAY-2025 15:48:07)
2,21 , 1,0,2,1,S, 	(30-MAY-2025 15:48:07)
2,21 , 1,0,2,1,S, 	(30-MAY-2025 15:48:07)
2,21 , 1,0,2,1,S, 	(30-MAY-2025 15:48:07)
2,21 , 1,0,2,1,S, 	(30-MAY-2025 15:48:07)
2,21 , 1,0,2,1,S, 	(30-MAY-2025 15:48:07)
2,21 , 1,0,2,1,S, 	(30-MAY-2025 15:48:07)
2,21 , 1,0,2,1,S, 	(30-MAY-2025 15:48:07)
2,21 , 1,0,2,1,S, 	(30-MAY-2025 15:48:07)
2,21 , 1,0,2,1,S, 	(30-MAY-2025 15:48:07)
2,21 , 1,0,2,1,S, 	(30-MAY-2025 15:48:07)
2,21 , 1,0,2,1,S, 	(30-MAY-2025 15:48:07)
2,21 , 1,0,2,1,S, 	(30-MAY-2025 15:48:07)
2,21 , 1,0,2,1,S, 	(30-MAY-2025 15:48:07)
2,21 , 1,0,2,1,S, 	(30-MAY-2025 15:48:07)
2,21 , 1,0,2,1,S, 	(30-MAY-2025 15:48:07)
2,21 , 1,0,2,1,S, 	(30-MAY-2025 15:48:07)
2,21 , 1,0,2,1,S, 	(30-MAY-2025 15:48:07)
2,21 , 1,0,2,1,S, 	(30-MAY-2025 15:48:07)
2,21 , 1,0,2,1,S, 	(30-MAY-2025 15:48:07)
2,21 , 1,0,2,1,S, 	(30-MAY-2025 15:48:07)
2,21 , 1,0,2,1,S, 	(30-MAY-2025 15:48:07)
2,21 , 1,0,2,1,S, 	(30-MAY-2025 15:48:07)
2,21 , 1,0,2,1,S, 	(30-MAY-2025 15:48:07)
2,21 , 1,0,2,1,S, 	(30-MAY-2025 15:48:07)
2,21 , 1,0,2,1,S, 	(30-MAY-2025 15:48:07)
2,21 , 1,0,2,1,S, 	(30-MAY-2025 15:48:07)
2,21 , 1,0,2,1,S, 	(30-MAY-2025 15:48:07)
2,21 , 1,0,2,1,S, 	(30-MAY-2025 15:48:07)
2,21 , 1,0,2,1,S, 	(30-MAY-2025 15:48:07)
2,21 , 1,0,2,1,S, 	(30-MAY-2025 15:48:07)
2,21 , 1,0,2,1,S, 	(30-MAY-2025 15:48:07)
2,21 , 1,0,2,1,S, 	(30-MAY-2025 15:48:07)
2,21 , 1,0,2,1,S, 	(30-MAY-2025 15:48:07)
2,21 , 1,0,2,1,S, 	(30-MAY-2025 15:48:07)
2,21 , 1,0,2,1,S, 	(30-MAY-2025 15:48:07)
2,21 , 1,0,2,1,S, 	(30-MAY-2025 15:48:07)
2,21 , 1,0,2,1,S, 	(30-MAY-2025 15:48:07)
2,21 , 1,0,2,1,S, 	(30-MAY-2025 15:48:07)
2,21 , 1,0,2,1,S, 	(30-MAY-2025 15:48:07)
2,21 , 1,0,2,1,S, 	(30-MAY-2025 15:48:07)
2,21 , 1,0,2,1,S, 	(30-MAY-2025 15:48:07)
2,21 , 1,0,2,1,S, 	(30-MAY-2025 15:48:07)
2,21 , 1,0,2,1,S, 	(30-MAY-2025 15:48:07)
2,21 , 1,0,2,1,S, 	(30-MAY-2025 15:48:07)
2,21 , 1,0,2,1,S, 	(30-MAY-2025 15:48:07)
2,21 , 1,0,2,1,S, 	(30-MAY-2025 15:48:07)
2,21 , 1,0,2,1,S, 	(30-MAY-2025 15:48:07)
2,21 , 1,0,2,1,S, 	(30-MAY-2025 15:48:07)
2,21 , 1,0,2,1,S, 	(30-MAY-2025 15:48:07)
2,21 , 1,0,2,1,S, 	(30-MAY-2025 15:48:07)
2,21 , 1,0,5,0,S, 	(30-MAY-2025 15:48:07)
2,21 , 1,0,5,0,S, 	(30-MAY-2025 15:48:07)
2,21 , 1,0,5,0,S, 	(30-MAY-2025 15:48:07)
2,21 , 1,0,5,0,S, 	(30-MAY-2025 15:48:07)
2,21 , 1,0,5,0,S, 	(30-MAY-2025 15:48:07)
2,21 , 1,0,5,0,S, 	(30-MAY-2025 15:48:07)
2,21 , 1,0,5,0,S, 	(30-MAY-2025 15:48:07)
2,21 , 1,0,5,0,S, 	(30-MAY-2025 15:48:07)
2,21 , 1,0,5,0,S, 	(30-MAY-2025 15:48:07)
2,21 , 1,0,5,0,S, 	(30-MAY-2025 15:48:07)
2,21 , 1,0,5,0,S, 	(30-MAY-2025 15:48:07)
2,21 , 1,0,5,0,S, 	(30-MAY-2025 15:48:07)
2,21 , 1,0,5,0,S, 	(30-MAY-2025 15:48:07)
2,21 , 1,0,5,0,S, 	(30-MAY-2025 15:48:07)
2,21 , 1,0,5,0,S, 	(30-MAY-2025 15:48:07)
2,21 , 1,0,5,0,S, 	(30-MAY-2025 15:48:07)
2,21 , 1,0,5,0,S, 	(30-MAY-2025 15:48:07)
2,21 , 1,0,5,0,S, 	(30-MAY-2025 15:48:08)
2,21 , 1,0,5,0,S, 	(30-MAY-2025 15:48:08)
2,21 , 1,0,5,0,S, 	(30-MAY-2025 15:48:08)
2,21 , 1,0,5,0,S, 	(30-MAY-2025 15:48:08)
2,21 , 1,0,5,0,S, 	(30-MAY-2025 15:48:08)
2,21 , 1,0,5,0,S, 	(30-MAY-2025 15:48:08)
2,21 , 1,0,5,0,S, 	(30-MAY-2025 15:48:08)
2,21 , 1,0,5,0,S, 	(30-MAY-2025 15:48:08)
2,21 , 1,0,5,0,S, 	(30-MAY-2025 15:48:08)
2,21 , 1,0,5,0,S, 	(30-MAY-2025 15:48:08)
2,21 , 1,0,5,0,S, 	(30-MAY-2025 15:48:08)
2,21 , 1,0,5,0,S, 	(30-MAY-2025 15:48:08)
2,21 , 1,0,5,0,S, 	(30-MAY-2025 15:48:08)
2,21 , 1,0,5,0,S, 	(30-MAY-2025 15:48:08)
2,21 , 1,0,9,0,S, 	(30-MAY-2025 15:48:08)
2,21 , 1,0,9,0,S, 	(30-MAY-2025 15:48:08)
2,21 , 1,0,9,0,S, 	(30-MAY-2025 15:48:08)
2,21 , 1,0,9,0,S, 	(30-MAY-2025 15:48:08)
2,21 , 1,0,9,0,S, 	(30-MAY-2025 15:48:08)
2,21 , 1,0,9,0,S, 	(30-MAY-2025 15:48:08)
2,21 , 1,0,9,0,S, 	(30-MAY-2025 15:48:08)
2,21 , 1,0,9,0,S, 	(30-MAY-2025 15:48:08)
2,21 , 1,0,9,0,S, 	(30-MAY-2025 15:48:08)
2,21 , 1,0,9,0,S, 	(30-MAY-2025 15:48:08)
2,21 , 1,0,9,0,S, 	(30-MAY-2025 15:48:08)
2,21 , 1,0,9,0,S, 	(30-MAY-2025 15:48:08)
2,21 , 1,0,9,0,S, 	(30-MAY-2025 15:48:08)
2,21 , 1,0,9,0,S, 	(30-MAY-2025 15:48:08)
2,21 , 1,0,9,0,S, 	(30-MAY-2025 15:48:08)
2,21 , 1,0,9,0,S, 	(30-MAY-2025 15:48:08)
2,21 , 1,0,9,0,S, 	(30-MAY-2025 15:48:08)
2,21 , 1,0,9,0,S, 	(30-MAY-2025 15:48:08)
2,21 , 1,0,9,0,S, 	(30-MAY-2025 15:48:08)
2,21 , 1,0,9,0,S, 	(30-MAY-2025 15:48:08)
2,21 , 1,0,9,0,S, 	(30-MAY-2025 15:48:08)
2,21 , 1,0,9,0,S, 	(30-MAY-2025 15:48:08)
2,21 , 1,0,9,0,S, 	(30-MAY-2025 15:48:08)
2,21 , 1,0,9,0,S, 	(30-MAY-2025 15:48:08)
2,21 , 1,0,9,0,S, 	(30-MAY-2025 15:48:08)
2,21 , 1,0,9,0,S, 	(30-MAY-2025 15:48:08)
2,21 , 1,0,9,0,S, 	(30-MAY-2025 15:48:08)
2,21 , 1,0,9,0,S, 	(30-MAY-2025 15:48:08)
2,21 , 1,0,9,0,S, 	(30-MAY-2025 15:48:08)
2,21 , 1,0,9,0,S, 	(30-MAY-2025 15:48:08)
2,21 , 1,0,7,0,S, 	(30-MAY-2025 15:48:08)
2,21 , 1,0,7,0,S, 	(30-MAY-2025 15:48:08)
2,21 , 1,0,7,0,S, 	(30-MAY-2025 15:48:08)
2,21 , 1,0,7,0,S, 	(30-MAY-2025 15:48:08)
2,21 , 1,0,7,0,S, 	(30-MAY-2025 15:48:08)
2,21 , 1,0,7,0,S, 	(30-MAY-2025 15:48:08)
2,21 , 1,0,7,0,S, 	(30-MAY-2025 15:48:08)
2,21 , 1,0,7,0,S, 	(30-MAY-2025 15:48:08)
2,21 , 1,0,7,0,S, 	(30-MAY-2025 15:48:08)
2,21 , 1,0,7,0,S, 	(30-MAY-2025 15:48:08)
2,21 , 1,0,7,0,S, 	(30-MAY-2025 15:48:08)
2,21 , 1,0,7,0,S, 	(30-MAY-2025 15:48:08)
2,21 , 1,0,7,0,S, 	(30-MAY-2025 15:48:08)
2,21 , 1,0,7,0,S, 	(30-MAY-2025 15:48:08)
2,21 , 1,0,7,0,S, 	(30-MAY-2025 15:48:08)
2,21 , 1,0,7,0,S, 	(30-MAY-2025 15:48:08)
2,21 , 1,0,7,0,S, 	(30-MAY-2025 15:48:08)
2,21 , 1,0,7,0,S, 	(30-MAY-2025 15:48:08)
2,21 , 1,0,7,0,S, 	(30-MAY-2025 15:48:08)
2,21 , 1,0,7,0,S, 	(30-MAY-2025 15:48:08)
2,21 , 1,0,7,0,S, 	(30-MAY-2025 15:48:08)
2,21 , 1,0,7,0,S, 	(30-MAY-2025 15:48:08)
2,21 , 1,0,7,0,S, 	(30-MAY-2025 15:48:08)
2,21 , 1,0,7,0,S, 	(30-MAY-2025 15:48:08)
2,21 , 1,0,7,0,S, 	(30-MAY-2025 15:48:08)
2,21 , 1,0,7,0,S, 	(30-MAY-2025 15:48:08)
2,21 , 1,0,7,0,S, 	(30-MAY-2025 15:48:08)
2,21 , 1,0,7,0,S, 	(30-MAY-2025 15:48:08)
2,21 , 1,0,7,0,S, 	(30-MAY-2025 15:48:08)
2,21 , 1,0,7,0,S, 	(30-MAY-2025 15:48:08)
2,21 , 1,0,7,0,S, 	(30-MAY-2025 15:48:08)
2,21 , 1,0,8,0,S, 	(30-MAY-2025 15:48:08)
2,21 , 1,0,8,0,S, 	(30-MAY-2025 15:48:08)
2,21 , 1,0,8,0,S, 	(30-MAY-2025 15:48:08)
2,21 , 1,0,8,0,S, 	(30-MAY-2025 15:48:08)
2,21 , 1,0,8,0,S, 	(30-MAY-2025 15:48:08)
2,21 , 1,0,8,0,S, 	(30-MAY-2025 15:48:08)
2,21 , 1,0,8,0,S, 	(30-MAY-2025 15:48:08)
2,21 , 1,0,8,0,S, 	(30-MAY-2025 15:48:08)
2,21 , 1,0,8,0,S, 	(30-MAY-2025 15:48:08)
2,21 , 1,0,8,0,S, 	(30-MAY-2025 15:48:08)
2,21 , 1,0,8,0,S, 	(30-MAY-2025 15:48:08)
2,21 , 1,0,8,0,S, 	(30-MAY-2025 15:48:08)
2,21 , 1,0,8,0,S, 	(30-MAY-2025 15:48:08)
2,21 , 1,0,8,0,S, 	(30-MAY-2025 15:48:08)
2,21 , 1,0,8,0,S, 	(30-MAY-2025 15:48:08)
2,21 , 1,0,8,0,S, 	(30-MAY-2025 15:48:08)
2,21 , 1,0,8,0,S, 	(30-MAY-2025 15:48:08)
2,21 , 1,0,8,0,S, 	(30-MAY-2025 15:48:08)
2,21 , 1,0,8,0,S, 	(30-MAY-2025 15:48:08)
2,21 , 1,0,8,0,S, 	(30-MAY-2025 15:48:08)
2,21 , 1,0,8,0,S, 	(30-MAY-2025 15:48:08)
2,21 , 1,0,8,0,S, 	(30-MAY-2025 15:48:08)
2,21 , 1,0,8,0,S, 	(30-MAY-2025 15:48:08)
2,21 , 1,0,8,0,S, 	(30-MAY-2025 15:48:08)
2,21 , 1,0,8,0,S, 	(30-MAY-2025 15:48:08)
2,21 , 1,0,8,0,S, 	(30-MAY-2025 15:48:08)
2,21 , 1,0,8,0,S, 	(30-MAY-2025 15:48:08)
2,21 , 1,0,8,0,S, 	(30-MAY-2025 15:48:08)
2,21 , 1,0,8,0,S, 	(30-MAY-2025 15:48:08)
2,21 , 1,0,8,0,S, 	(30-MAY-2025 15:48:08)
2,21 , 1,0,8,0,S, 	(30-MAY-2025 15:48:08)
2,21 , 1,0,10,0,S, 	(30-MAY-2025 15:48:08)
2,21 , 1,0,10,0,S, 	(30-MAY-2025 15:48:08)
2,21 , 1,0,10,0,S, 	(30-MAY-2025 15:48:08)
2,21 , 1,0,10,0,S, 	(30-MAY-2025 15:48:08)
2,21 , 1,0,10,0,S, 	(30-MAY-2025 15:48:08)
2,21 , 1,0,10,0,S, 	(30-MAY-2025 15:48:08)
2,21 , 1,0,10,0,S, 	(30-MAY-2025 15:48:08)
2,21 , 1,0,10,0,S, 	(30-MAY-2025 15:48:08)
2,21 , 1,0,10,0,S, 	(30-MAY-2025 15:48:08)
2,21 , 1,0,10,0,S, 	(30-MAY-2025 15:48:08)
2,21 , 1,0,10,0,S, 	(30-MAY-2025 15:48:08)
2,21 , 1,0,10,0,S, 	(30-MAY-2025 15:48:08)
2,21 , 1,0,10,0,S, 	(30-MAY-2025 15:48:08)
2,21 , 1,0,10,0,S, 	(30-MAY-2025 15:48:08)
2,21 , 1,0,10,0,S, 	(30-MAY-2025 15:48:08)
2,21 , 1,0,10,0,S, 	(30-MAY-2025 15:48:08)
2,21 , 1,0,10,0,S, 	(30-MAY-2025 15:48:08)
2,21 , 1,0,10,0,S, 	(30-MAY-2025 15:48:08)
2,21 , 1,0,10,0,S, 	(30-MAY-2025 15:48:08)
2,21 , 1,0,10,0,S, 	(30-MAY-2025 15:48:08)
2,21 , 1,0,10,0,S, 	(30-MAY-2025 15:48:08)
2,21 , 1,0,10,0,S, 	(30-MAY-2025 15:48:08)
2,21 , 1,0,10,0,S, 	(30-MAY-2025 15:48:08)
2,21 , 1,0,10,0,S, 	(30-MAY-2025 15:48:08)
2,21 , 1,0,10,0,S, 	(30-MAY-2025 15:48:08)
2,21 , 1,0,10,0,S, 	(30-MAY-2025 15:48:08)
2,21 , 1,0,10,0,S, 	(30-MAY-2025 15:48:08)
2,21 , 1,0,10,0,S, 	(30-MAY-2025 15:48:08)
2,21 , 1,0,10,0,S, 	(30-MAY-2025 15:48:08)
2,21 , 1,0,10,0,S, 	(30-MAY-2025 15:48:08)
2,21 , 1,0,10,0,S, 	(30-MAY-2025 15:48:08)
2,21 , 1,0,13,0,S, 	(30-MAY-2025 15:48:08)
2,21 , 1,0,13,0,S, 	(30-MAY-2025 15:48:08)
2,21 , 1,0,13,0,S, 	(30-MAY-2025 15:48:08)
2,21 , 1,0,13,0,S, 	(30-MAY-2025 15:48:08)
2,21 , 1,0,13,0,S, 	(30-MAY-2025 15:48:08)
2,21 , 1,0,13,0,S, 	(30-MAY-2025 15:48:08)
2,21 , 1,0,13,0,S, 	(30-MAY-2025 15:48:08)
2,21 , 1,0,13,0,S, 	(30-MAY-2025 15:48:08)
2,21 , 1,0,13,0,S, 	(30-MAY-2025 15:48:08)
2,21 , 1,0,13,0,S, 	(30-MAY-2025 15:48:08)
2,21 , 1,0,13,0,S, 	(30-MAY-2025 15:48:08)
2,21 , 1,0,13,0,S, 	(30-MAY-2025 15:48:08)
2,21 , 1,0,13,0,S, 	(30-MAY-2025 15:48:08)
2,21 , 1,0,13,0,S, 	(30-MAY-2025 15:48:08)
2,21 , 1,0,13,0,S, 	(30-MAY-2025 15:48:08)
2,21 , 1,0,13,0,S, 	(30-MAY-2025 15:48:08)
2,21 , 1,0,13,0,S, 	(30-MAY-2025 15:48:08)
2,21 , 1,0,13,0,S, 	(30-MAY-2025 15:48:08)
2,21 , 1,0,13,0,S, 	(30-MAY-2025 15:48:08)
2,21 , 1,0,13,0,S, 	(30-MAY-2025 15:48:08)
2,21 , 1,0,13,0,S, 	(30-MAY-2025 15:48:08)
2,21 , 1,0,13,0,S, 	(30-MAY-2025 15:48:08)
2,21 , 1,0,13,0,S, 	(30-MAY-2025 15:48:08)
2,21 , 1,0,13,0,S, 	(30-MAY-2025 15:48:08)
2,21 , 1,0,13,0,S, 	(30-MAY-2025 15:48:08)
2,21 , 1,0,13,0,S, 	(30-MAY-2025 15:48:08)
2,21 , 1,0,13,0,S, 	(30-MAY-2025 15:48:08)
2,21 , 1,0,13,0,S, 	(30-MAY-2025 15:48:08)
2,21 , 1,0,13,0,S, 	(30-MAY-2025 15:48:08)
2,21 , 1,0,13,0,S, 	(30-MAY-2025 15:48:08)
2,21 , 1,0,13,0,S, 	(30-MAY-2025 15:48:08)
2,21 , 1,0,13,0,S, 	(30-MAY-2025 15:48:08)
2,21 , 1,0,13,0,S, 	(30-MAY-2025 15:48:08)
2,21 , 1,0,13,0,S, 	(30-MAY-2025 15:48:08)
2,21 , 1,0,13,0,S, 	(30-MAY-2025 15:48:08)
2,21 , 1,0,13,0,S, 	(30-MAY-2025 15:48:08)
2,21 , 1,0,13,0,S, 	(30-MAY-2025 15:48:08)
2,21 , 1,0,13,0,S, 	(30-MAY-2025 15:48:08)
2,21 , 1,0,13,0,S, 	(30-MAY-2025 15:48:08)
2,21 , 1,0,13,0,S, 	(30-MAY-2025 15:48:08)
2,21 , 1,0,13,0,S, 	(30-MAY-2025 15:48:08)
2,21 , 1,0,13,0,S, 	(30-MAY-2025 15:48:08)
2,21 , 1,0,13,0,S, 	(30-MAY-2025 15:48:08)
2,21 , 1,0,13,0,S, 	(30-MAY-2025 15:48:08)
2,21 , 1,0,13,0,S, 	(30-MAY-2025 15:48:08)
2,21 , 1,0,13,0,S, 	(30-MAY-2025 15:48:08)
2,21 , 1,0,13,0,S, 	(30-MAY-2025 15:48:08)
2,21 , 1,0,13,0,S, 	(30-MAY-2025 15:48:08)
2,21 , 1,0,13,0,S, 	(30-MAY-2025 15:48:08)
2,21 , 1,0,13,0,S, 	(30-MAY-2025 15:48:08)
2,21 , 1,0,13,0,S, 	(30-MAY-2025 15:48:08)
2,21 , 1,0,13,0,S, 	(30-MAY-2025 15:48:08)
2,21 , 1,0,13,0,S, 	(30-MAY-2025 15:48:08)
2,21 , 1,0,13,0,S, 	(30-MAY-2025 15:48:08)
2,21 , 1,0,13,0,S, 	(30-MAY-2025 15:48:08)
2,21 , 1,0,13,0,S, 	(30-MAY-2025 15:48:08)
2,21 , 1,0,13,0,S, 	(30-MAY-2025 15:48:08)
2,21 , 1,0,13,0,S, 	(30-MAY-2025 15:48:08)
2,21 , 1,0,13,0,S, 	(30-MAY-2025 15:48:08)
2,21 , 1,0,13,0,S, 	(30-MAY-2025 15:48:08)
2,21 , 1,0,13,0,S, 	(30-MAY-2025 15:48:08)
2,21 , 1,0,13,0,S, 	(30-MAY-2025 15:48:08)
2,21 , 1,0,13,0,S, 	(30-MAY-2025 15:48:08)
2,21 , 1,0,13,0,S, 	(30-MAY-2025 15:48:08)
2,21 , 1,0,13,0,S, 	(30-MAY-2025 15:48:08)
2,21 , 1,0,13,0,S, 	(30-MAY-2025 15:48:08)
2,21 , 1,0,13,0,S, 	(30-MAY-2025 15:48:08)
2,21 , 1,0,13,0,S, 	(30-MAY-2025 15:48:08)
2,21 , 1,0,13,0,S, 	(30-MAY-2025 15:48:08)
2,21 , 1,0,13,0,S, 	(30-MAY-2025 15:48:08)
2,21 , 1,0,13,0,S, 	(30-MAY-2025 15:48:08)
2,21 , 1,0,13,0,S, 	(30-MAY-2025 15:48:08)
2,21 , 1,0,13,0,S, 	(30-MAY-2025 15:48:08)
2,21 , 1,0,13,0,S, 	(30-MAY-2025 15:48:08)
2,21 , 1,0,13,0,S, 	(30-MAY-2025 15:48:08)
2,21 , 1,0,13,0,S, 	(30-MAY-2025 15:48:08)
2,21 , 1,0,13,0,S, 	(30-MAY-2025 15:48:08)
2,21 , 1,0,13,0,S, 	(30-MAY-2025 15:48:08)
2,21 , 1,0,13,0,S, 	(30-MAY-2025 15:48:08)
2,21 , 1,0,13,0,S, 	(30-MAY-2025 15:48:08)
2,21 , 1,0,13,0,S, 	(30-MAY-2025 15:48:08)
2,21 , 1,0,13,0,S, 	(30-MAY-2025 15:48:08)
2,21 , 1,0,13,0,S, 	(30-MAY-2025 15:48:08)
2,21 , 1,0,13,0,S, 	(30-MAY-2025 15:48:08)
2,21 , 1,0,13,0,S, 	(30-MAY-2025 15:48:08)
2,21 , 1,0,13,0,S, 	(30-MAY-2025 15:48:08)
2,21 , 1,0,13,0,S, 	(30-MAY-2025 15:48:08)
2,21 , 1,0,13,0,S, 	(30-MAY-2025 15:48:08)
2,21 , 1,0,13,0,S, 	(30-MAY-2025 15:48:08)
2,21 , 1,0,13,0,S, 	(30-MAY-2025 15:48:08)
2,21 , 1,0,13,0,S, 	(30-MAY-2025 15:48:08)
2,21 , 1,0,13,0,S, 	(30-MAY-2025 15:48:08)
2,21 , 1,0,13,0,S, 	(30-MAY-2025 15:48:08)
2,21 , 1,0,13,0,S, 	(30-MAY-2025 15:48:08)
2,21 , 1,0,13,0,S, 	(30-MAY-2025 15:48:08)
2,21 , 1,0,13,0,S, 	(30-MAY-2025 15:48:08)
2,21 , 1,0,13,0,S, 	(30-MAY-2025 15:48:08)
2,21 , 1,0,13,0,S, 	(30-MAY-2025 15:48:08)
2,21 , 1,0,13,0,S, 	(30-MAY-2025 15:48:08)
2,21 , 1,0,13,0,S, 	(30-MAY-2025 15:48:08)
2,21 , 1,0,13,0,S, 	(30-MAY-2025 15:48:08)
2,21 , 1,0,13,0,S, 	(30-MAY-2025 15:48:08)
2,21 , 1,0,13,0,S, 	(30-MAY-2025 15:48:08)
2,21 , 1,0,13,0,S, 	(30-MAY-2025 15:48:08)
2,21 , 1,0,13,0,S, 	(30-MAY-2025 15:48:08)
2,21 , 1,0,13,0,S, 	(30-MAY-2025 15:48:08)
2,21 , 1,0,13,0,S, 	(30-MAY-2025 15:48:08)
2,21 , 1,0,13,0,S, 	(30-MAY-2025 15:48:08)
2,21 , 1,0,13,0,S, 	(30-MAY-2025 15:48:08)
2,21 , 1,0,13,0,S, 	(30-MAY-2025 15:48:08)
2,21 , 1,0,13,0,S, 	(30-MAY-2025 15:48:08)
2,21 , 1,0,13,0,S, 	(30-MAY-2025 15:48:08)
2,21 , 1,0,13,0,S, 	(30-MAY-2025 15:48:08)
2,21 , 1,0,13,0,S, 	(30-MAY-2025 15:48:08)
2,21 , 1,0,13,0,S, 	(30-MAY-2025 15:48:08)
2,21 , 1,0,13,0,S, 	(30-MAY-2025 15:48:08)
2,21 , 1,0,13,0,S, 	(30-MAY-2025 15:48:08)
2,21 , 1,0,13,0,S, 	(30-MAY-2025 15:48:08)
2,21 , 1,0,13,0,S, 	(30-MAY-2025 15:48:08)
2,21 , 1,0,13,0,S, 	(30-MAY-2025 15:48:08)
2,21 , 1,0,13,0,S, 	(30-MAY-2025 15:48:08)
2,21 , 1,0,13,0,S, 	(30-MAY-2025 15:48:08)
2,21 , 1,0,13,0,S, 	(30-MAY-2025 15:48:08)
2,21 , 1,0,13,0,S, 	(30-MAY-2025 15:48:08)
2,21 , 1,0,13,0,S, 	(30-MAY-2025 15:48:08)
2,21 , 1,0,13,0,S, 	(30-MAY-2025 15:48:08)
2,21 , 1,0,13,0,S, 	(30-MAY-2025 15:48:08)
2,21 , 1,0,13,0,S, 	(30-MAY-2025 15:48:08)
2,21 , 1,0,13,0,S, 	(30-MAY-2025 15:48:08)
2,21 , 1,0,13,0,S, 	(30-MAY-2025 15:48:08)
2,21 , 1,0,13,0,S, 	(30-MAY-2025 15:48:08)
2,21 , 1,0,13,0,S, 	(30-MAY-2025 15:48:08)
2,21 , 1,0,13,0,S, 	(30-MAY-2025 15:48:08)
2,21 , 1,0,13,0,S, 	(30-MAY-2025 15:48:08)
2,21 , 1,0,13,0,S, 	(30-MAY-2025 15:48:08)
2,21 , 1,0,13,0,S, 	(30-MAY-2025 15:48:08)
2,21 , 1,0,13,0,S, 	(30-MAY-2025 15:48:08)
2,21 , 1,0,13,0,S, 	(30-MAY-2025 15:48:08)
2,21 , 1,0,13,0,S, 	(30-MAY-2025 15:48:08)
2,21 , 1,0,13,0,S, 	(30-MAY-2025 15:48:08)
2,21 , 1,0,13,0,S, 	(30-MAY-2025 15:48:08)
2,21 , 1,0,13,0,S, 	(30-MAY-2025 15:48:08)
2,21 , 1,0,13,0,S, 	(30-MAY-2025 15:48:08)
2,21 , 1,0,13,0,S, 	(30-MAY-2025 15:48:08)
2,21 , 1,0,13,0,S, 	(30-MAY-2025 15:48:08)
2,21 , 1,0,13,0,S, 	(30-MAY-2025 15:48:08)
2,21 , 1,0,13,0,S, 	(30-MAY-2025 15:48:08)
2,21 , 1,0,13,0,S, 	(30-MAY-2025 15:48:08)
2,21 , 1,0,13,0,S, 	(30-MAY-2025 15:48:08)
2,21 , 1,0,13,0,S, 	(30-MAY-2025 15:48:08)
2,21 , 1,0,13,0,S, 	(30-MAY-2025 15:48:08)
2,21 , 1,0,13,0,S, 	(30-MAY-2025 15:48:08)
2,21 , 1,0,13,0,S, 	(30-MAY-2025 15:48:08)
2,21 , 1,0,13,0,S, 	(30-MAY-2025 15:48:08)
2,21 , 1,0,13,0,S, 	(30-MAY-2025 15:48:08)
2,21 , 1,0,13,0,S, 	(30-MAY-2025 15:48:08)
2,21 , 1,0,13,0,S, 	(30-MAY-2025 15:48:08)
2,21 , 1,0,13,0,S, 	(30-MAY-2025 15:48:08)
2,21 , 1,0,13,0,S, 	(30-MAY-2025 15:48:08)
2,21 , 1,0,13,0,S, 	(30-MAY-2025 15:48:08)
2,21 , 1,0,13,0,S, 	(30-MAY-2025 15:48:08)
2,21 , 1,0,13,0,S, 	(30-MAY-2025 15:48:08)
2,21 , 1,0,13,0,S, 	(30-MAY-2025 15:48:08)
2,21 , 1,0,13,0,S, 	(30-MAY-2025 15:48:08)
2,21 , 1,0,13,0,S, 	(30-MAY-2025 15:48:08)
2,21 , 1,0,13,0,S, 	(30-MAY-2025 15:48:08)
2,21 , 1,0,13,0,S, 	(30-MAY-2025 15:48:08)
2,21 , 1,0,13,0,S, 	(30-MAY-2025 15:48:08)
2,21 , 1,0,13,0,S, 	(30-MAY-2025 15:48:08)
2,21 , 1,0,13,0,S, 	(30-MAY-2025 15:48:08)
2,21 , 1,0,13,0,S, 	(30-MAY-2025 15:48:08)
2,21 , 1,0,13,0,S, 	(30-MAY-2025 15:48:08)
2,21 , 1,0,13,0,S, 	(30-MAY-2025 15:48:08)
2,21 , 1,0,13,0,S, 	(30-MAY-2025 15:48:08)
2,21 , 1,0,13,0,S, 	(30-MAY-2025 15:48:08)
2,21 , 1,0,13,0,S, 	(30-MAY-2025 15:48:08)
2,21 , 1,0,13,0,S, 	(30-MAY-2025 15:48:08)
2,21 , 1,0,13,0,S, 	(30-MAY-2025 15:48:08)
2,21 , 1,0,13,0,S, 	(30-MAY-2025 15:48:08)
2,21 , 1,0,13,0,S, 	(30-MAY-2025 15:48:08)
2,21 , 1,0,13,0,S, 	(30-MAY-2025 15:48:08)
2,21 , 1,0,13,0,S, 	(30-MAY-2025 15:48:08)
2,21 , 1,0,13,0,S, 	(30-MAY-2025 15:48:08)
2,21 , 1,0,13,0,S, 	(30-MAY-2025 15:48:08)
2,21 , 1,0,13,0,S, 	(30-MAY-2025 15:48:08)
2,21 , 1,0,13,0,S, 	(30-MAY-2025 15:48:08)
2,21 , 1,0,13,0,S, 	(30-MAY-2025 15:48:08)
2,21 , 1,0,13,0,S, 	(30-MAY-2025 15:48:08)
2,21 , 1,0,13,0,S, 	(30-MAY-2025 15:48:08)
2,21 , 1,0,13,0,S, 	(30-MAY-2025 15:48:08)
2,21 , 1,0,13,0,S, 	(30-MAY-2025 15:48:08)
2,21 , 1,0,13,0,S, 	(30-MAY-2025 15:48:08)
2,21 , 1,0,13,0,S, 	(30-MAY-2025 15:48:08)
2,21 , 1,0,13,0,S, 	(30-MAY-2025 15:48:08)
2,21 , 1,0,13,0,S, 	(30-MAY-2025 15:48:08)
2,21 , 1,0,13,0,S, 	(30-MAY-2025 15:48:08)
2,21 , 1,0,13,0,S, 	(30-MAY-2025 15:48:08)
2,21 , 1,0,13,0,S, 	(30-MAY-2025 15:48:08)
2,21 , 1,0,13,0,S, 	(30-MAY-2025 15:48:08)
2,21 , 1,0,13,0,S, 	(30-MAY-2025 15:48:08)
2,21 , 1,0,13,0,S, 	(30-MAY-2025 15:48:08)
2,21 , 1,0,13,0,S, 	(30-MAY-2025 15:48:08)
2,21 , 1,0,13,0,S, 	(30-MAY-2025 15:48:08)
2,21 , 1,0,13,0,S, 	(30-MAY-2025 15:48:08)
2,21 , 1,0,13,0,S, 	(30-MAY-2025 15:48:08)
2,21 , 1,0,13,0,S, 	(30-MAY-2025 15:48:08)
2,21 , 1,0,13,0,S, 	(30-MAY-2025 15:48:08)
2,21 , 1,0,13,0,S, 	(30-MAY-2025 15:48:08)
2,21 , 1,0,13,0,S, 	(30-MAY-2025 15:48:08)
2,21 , 1,0,13,0,S, 	(30-MAY-2025 15:48:08)
2,21 , 1,0,13,0,S, 	(30-MAY-2025 15:48:08)
2,21 , 1,0,13,0,S, 	(30-MAY-2025 15:48:08)
2,21 , 1,0,13,0,S, 	(30-MAY-2025 15:48:08)
2,21 , 1,0,13,0,S, 	(30-MAY-2025 15:48:08)
2,21 , 1,0,13,0,S, 	(30-MAY-2025 15:48:08)
2,21 , 1,0,13,0,S, 	(30-MAY-2025 15:48:08)
2,21 , 1,0,13,0,S, 	(30-MAY-2025 15:48:08)
2,21 , 1,0,13,0,S, 	(30-MAY-2025 15:48:08)
2,21 , 1,0,13,0,S, 	(30-MAY-2025 15:48:08)
2,21 , 1,0,13,0,S, 	(30-MAY-2025 15:48:08)
2,21 , 1,0,13,0,S, 	(30-MAY-2025 15:48:08)
2,21 , 1,0,13,0,S, 	(30-MAY-2025 15:48:08)
2,21 , 1,0,13,0,S, 	(30-MAY-2025 15:48:08)
2,21 , 1,0,13,0,S, 	(30-MAY-2025 15:48:08)
2,21 , 1,0,13,0,S, 	(30-MAY-2025 15:48:08)
2,21 , 1,0,13,0,S, 	(30-MAY-2025 15:48:08)
2,21 , 1,0,13,0,S, 	(30-MAY-2025 15:48:08)
2,21 , 1,0,13,0,S, 	(30-MAY-2025 15:48:08)
2,21 , 1,0,13,0,S, 	(30-MAY-2025 15:48:08)
2,21 , 1,0,13,0,S, 	(30-MAY-2025 15:48:08)
2,21 , 1,0,13,0,S, 	(30-MAY-2025 15:48:08)
2,21 , 1,0,13,0,S, 	(30-MAY-2025 15:48:08)
2,21 , 1,0,13,0,S, 	(30-MAY-2025 15:48:08)
2,21 , 1,0,13,0,S, 	(30-MAY-2025 15:48:08)
2,21 , 1,0,13,0,S, 	(30-MAY-2025 15:48:08)
2,21 , 1,0,13,0,S, 	(30-MAY-2025 15:48:08)
2,21 , 1,0,13,0,S, 	(30-MAY-2025 15:48:08)
2,21 , 1,0,13,0,S, 	(30-MAY-2025 15:48:08)
2,21 , 1,0,13,0,S, 	(30-MAY-2025 15:48:08)
2,21 , 1,0,13,0,S, 	(30-MAY-2025 15:48:08)
2,21 , 1,0,13,0,S, 	(30-MAY-2025 15:48:08)
2,21 , 1,0,13,0,S, 	(30-MAY-2025 15:48:08)
2,21 , 1,0,13,0,S, 	(30-MAY-2025 15:48:08)
2,21 , 1,0,13,0,S, 	(30-MAY-2025 15:48:08)
2,21 , 1,0,13,0,S, 	(30-MAY-2025 15:48:08)
2,21 , 1,0,13,0,S, 	(30-MAY-2025 15:48:08)
2,21 , 1,0,13,0,S, 	(30-MAY-2025 15:48:08)
2,21 , 1,0,13,0,S, 	(30-MAY-2025 15:48:08)
2,21 , 1,0,13,0,S, 	(30-MAY-2025 15:48:08)
2,21 , 1,0,13,0,S, 	(30-MAY-2025 15:48:08)
2,21 , 1,0,13,0,S, 	(30-MAY-2025 15:48:08)
2,21 , 1,0,13,0,S, 	(30-MAY-2025 15:48:08)
2,21 , 1,0,13,0,S, 	(30-MAY-2025 15:48:08)
2,21 , 1,0,13,0,S, 	(30-MAY-2025 15:48:08)
2,21 , 1,0,13,0,S, 	(30-MAY-2025 15:48:08)
2,21 , 1,0,13,0,S, 	(30-MAY-2025 15:48:08)
2,21 , 1,0,13,0,S, 	(30-MAY-2025 15:48:08)
2,21 , 1,0,13,0,S, 	(30-MAY-2025 15:48:08)
2,21 , 1,0,13,0,S, 	(30-MAY-2025 15:48:08)
2,21 , 1,0,13,0,S, 	(30-MAY-2025 15:48:08)
2,21 , 1,0,13,0,S, 	(30-MAY-2025 15:48:08)
2,21 , 1,0,13,0,S, 	(30-MAY-2025 15:48:08)
2,21 , 1,0,13,0,S, 	(30-MAY-2025 15:48:08)
2,21 , 1,0,13,0,S, 	(30-MAY-2025 15:48:08)
2,21 , 1,0,13,0,S, 	(30-MAY-2025 15:48:08)
2,21 , 1,0,13,0,S, 	(30-MAY-2025 15:48:08)
2,21 , 1,0,13,0,S, 	(30-MAY-2025 15:48:08)
2,21 , 1,0,13,0,S, 	(30-MAY-2025 15:48:08)
2,21 , 1,0,13,0,S, 	(30-MAY-2025 15:48:08)
2,21 , 1,0,13,0,S, 	(30-MAY-2025 15:48:08)
2,21 , 1,0,13,0,S, 	(30-MAY-2025 15:48:08)
2,21 , 1,0,13,0,S, 	(30-MAY-2025 15:48:08)
2,21 , 1,0,13,0,S, 	(30-MAY-2025 15:48:08)
2,21 , 1,0,13,0,S, 	(30-MAY-2025 15:48:08)
2,21 , 1,0,13,0,S, 	(30-MAY-2025 15:48:08)
2,21 , 1,0,13,0,S, 	(30-MAY-2025 15:48:08)
2,21 , 1,0,13,0,S, 	(30-MAY-2025 15:48:08)
2,21 , 1,0,13,0,S, 	(30-MAY-2025 15:48:08)
2,21 , 1,0,13,0,S, 	(30-MAY-2025 15:48:08)
2,21 , 1,0,13,0,S, 	(30-MAY-2025 15:48:08)
2,21 , 1,0,13,0,S, 	(30-MAY-2025 15:48:08)
2,21 , 1,0,13,0,S, 	(30-MAY-2025 15:48:08)
2,21 , 1,0,13,0,S, 	(30-MAY-2025 15:48:08)
2,21 , 1,0,13,0,S, 	(30-MAY-2025 15:48:08)
2,21 , 1,0,13,0,S, 	(30-MAY-2025 15:48:08)
2,21 , 1,0,13,0,S, 	(30-MAY-2025 15:48:08)
2,21 , 1,0,13,0,S, 	(30-MAY-2025 15:48:08)
2,21 , 1,0,13,0,S, 	(30-MAY-2025 15:48:08)
2,21 , 1,0,13,0,S, 	(30-MAY-2025 15:48:08)
2,21 , 1,0,13,0,S, 	(30-MAY-2025 15:48:08)
2,21 , 1,0,13,0,S, 	(30-MAY-2025 15:48:08)
2,21 , 1,0,13,0,S, 	(30-MAY-2025 15:48:08)
2,21 , 1,0,13,0,S, 	(30-MAY-2025 15:48:08)
2,21 , 1,0,13,0,S, 	(30-MAY-2025 15:48:08)
2,21 , 1,0,13,0,S, 	(30-MAY-2025 15:48:08)
2,21 , 1,0,13,0,S, 	(30-MAY-2025 15:48:08)
2,21 , 1,0,13,0,S, 	(30-MAY-2025 15:48:08)
2,21 , 1,0,13,0,S, 	(30-MAY-2025 15:48:08)
2,21 , 1,0,13,0,S, 	(30-MAY-2025 15:48:08)
2,21 , 1,0,13,0,S, 	(30-MAY-2025 15:48:08)
2,21 , 1,0,13,0,S, 	(30-MAY-2025 15:48:08)
2,21 , 1,0,13,0,S, 	(30-MAY-2025 15:48:08)
2,21 , 1,0,13,0,S, 	(30-MAY-2025 15:48:08)
2,21 , 1,0,13,0,S, 	(30-MAY-2025 15:48:08)
2,21 , 1,0,13,0,S, 	(30-MAY-2025 15:48:08)
2,21 , 1,0,13,0,S, 	(30-MAY-2025 15:48:08)
2,21 , 1,0,13,0,S, 	(30-MAY-2025 15:48:08)
2,21 , 1,0,13,0,S, 	(30-MAY-2025 15:48:08)
2,21 , 1,0,13,0,S, 	(30-MAY-2025 15:48:08)
2,21 , 1,0,13,0,S, 	(30-MAY-2025 15:48:08)
2,21 , 1,0,13,0,S, 	(30-MAY-2025 15:48:08)
2,21 , 1,0,13,0,S, 	(30-MAY-2025 15:48:08)
2,21 , 1,0,13,0,S, 	(30-MAY-2025 15:48:08)
2,21 , 1,0,13,0,S, 	(30-MAY-2025 15:48:08)
2,21 , 1,0,13,0,S, 	(30-MAY-2025 15:48:08)
2,21 , 1,0,13,0,S, 	(30-MAY-2025 15:48:08)
2,21 , 1,0,13,0,S, 	(30-MAY-2025 15:48:08)
2,21 , 1,0,13,0,S, 	(30-MAY-2025 15:48:08)
2,21 , 1,0,13,0,S, 	(30-MAY-2025 15:48:08)
2,21 , 1,0,13,0,S, 	(30-MAY-2025 15:48:08)
2,21 , 1,0,13,0,S, 	(30-MAY-2025 15:48:08)
2,21 , 1,0,13,0,S, 	(30-MAY-2025 15:48:08)
2,21 , 1,0,13,0,S, 	(30-MAY-2025 15:48:08)
2,21 , 1,0,13,0,S, 	(30-MAY-2025 15:48:08)
2,21 , 1,0,13,0,S, 	(30-MAY-2025 15:48:08)
2,21 , 1,0,13,0,S, 	(30-MAY-2025 15:48:08)
2,21 , 1,0,13,0,S, 	(30-MAY-2025 15:48:08)
2,21 , 1,0,13,0,S, 	(30-MAY-2025 15:48:08)
2,21 , 1,0,13,0,S, 	(30-MAY-2025 15:48:08)
2,21 , 1,0,13,0,S, 	(30-MAY-2025 15:48:08)
2,21 , 1,0,13,0,S, 	(30-MAY-2025 15:48:08)
2,21 , 1,0,13,0,S, 	(30-MAY-2025 15:48:08)
2,21 , 1,0,13,0,S, 	(30-MAY-2025 15:48:08)
2,21 , 1,0,13,0,S, 	(30-MAY-2025 15:48:08)
2,21 , 1,0,13,0,S, 	(30-MAY-2025 15:48:08)
2,21 , 1,0,13,0,S, 	(30-MAY-2025 15:48:08)
2,21 , 1,0,13,0,S, 	(30-MAY-2025 15:48:08)
2,21 , 1,0,13,0,S, 	(30-MAY-2025 15:48:08)
2,21 , 1,0,13,0,S, 	(30-MAY-2025 15:48:08)
2,21 , 1,0,13,0,S, 	(30-MAY-2025 15:48:08)
2,21 , 1,0,13,0,S, 	(30-MAY-2025 15:48:08)
2,21 , 1,0,13,0,S, 	(30-MAY-2025 15:48:08)
2,21 , 1,0,13,0,S, 	(30-MAY-2025 15:48:08)
2,21 , 1,0,13,0,S, 	(30-MAY-2025 15:48:08)
2,21 , 1,0,13,0,S, 	(30-MAY-2025 15:48:08)
2,21 , 1,0,13,0,S, 	(30-MAY-2025 15:48:08)
2,21 , 1,0,13,0,S, 	(30-MAY-2025 15:48:08)
2,21 , 1,0,13,0,S, 	(30-MAY-2025 15:48:08)
2,21 , 1,0,13,0,S, 	(30-MAY-2025 15:48:08)
2,21 , 1,0,13,0,S, 	(30-MAY-2025 15:48:08)
2,21 , 1,0,13,0,S, 	(30-MAY-2025 15:48:08)
2,21 , 1,0,13,0,S, 	(30-MAY-2025 15:48:08)
2,21 , 1,0,13,0,S, 	(30-MAY-2025 15:48:08)
2,21 , 1,0,13,0,S, 	(30-MAY-2025 15:48:08)
2,21 , 1,0,13,0,S, 	(30-MAY-2025 15:48:08)
2,21 , 1,0,13,0,S, 	(30-MAY-2025 15:48:08)
2,21 , 1,0,13,0,S, 	(30-MAY-2025 15:48:08)
2,21 , 1,0,13,0,S, 	(30-MAY-2025 15:48:08)
2,21 , 1,0,13,0,S, 	(30-MAY-2025 15:48:08)
2,21 , 1,0,13,0,S, 	(30-MAY-2025 15:48:08)
2,21 , 1,0,13,0,S, 	(30-MAY-2025 15:48:08)
2,21 , 1,0,13,0,S, 	(30-MAY-2025 15:48:08)
2,21 , 1,0,13,0,S, 	(30-MAY-2025 15:48:08)
2,21 , 1,0,13,0,S, 	(30-MAY-2025 15:48:08)
2,21 , 1,0,13,0,S, 	(30-MAY-2025 15:48:08)
2,21 , 1,0,13,0,S, 	(30-MAY-2025 15:48:08)
2,21 , 1,0,13,0,S, 	(30-MAY-2025 15:48:08)
2,21 , 1,0,13,0,S, 	(30-MAY-2025 15:48:08)
2,21 , 1,0,13,0,S, 	(30-MAY-2025 15:48:08)
2,21 , 1,0,13,0,S, 	(30-MAY-2025 15:48:08)
2,21 , 1,0,13,0,S, 	(30-MAY-2025 15:48:08)
2,21 , 1,0,13,0,S, 	(30-MAY-2025 15:48:08)
2,21 , 1,0,13,0,S, 	(30-MAY-2025 15:48:08)
2,21 , 1,0,13,0,S, 	(30-MAY-2025 15:48:08)
2,21 , 1,0,13,0,S, 	(30-MAY-2025 15:48:08)
2,21 , 1,0,13,0,S, 	(30-MAY-2025 15:48:08)
2,21 , 1,0,13,0,S, 	(30-MAY-2025 15:48:08)
2,21 , 1,0,13,0,S, 	(30-MAY-2025 15:48:08)
2,21 , 1,0,13,0,S, 	(30-MAY-2025 15:48:08)
2,21 , 1,0,13,0,S, 	(30-MAY-2025 15:48:08)
2,21 , 1,0,13,0,S, 	(30-MAY-2025 15:48:08)
2,21 , 1,0,13,0,S, 	(30-MAY-2025 15:48:08)
2,21 , 1,0,13,0,S, 	(30-MAY-2025 15:48:08)
2,21 , 1,0,13,0,S, 	(30-MAY-2025 15:48:08)
2,21 , 1,0,13,0,S, 	(30-MAY-2025 15:48:08)
2,21 , 1,0,13,0,S, 	(30-MAY-2025 15:48:08)
2,21 , 1,0,13,0,S, 	(30-MAY-2025 15:48:08)
2,21 , 1,0,13,0,S, 	(30-MAY-2025 15:48:08)
2,21 , 1,0,13,0,S, 	(30-MAY-2025 15:48:08)
2,21 , 1,0,13,0,S, 	(30-MAY-2025 15:48:08)
2,21 , 1,0,13,0,S, 	(30-MAY-2025 15:48:08)
2,21 , 1,0,13,0,S, 	(30-MAY-2025 15:48:08)
2,21 , 1,0,13,0,S, 	(30-MAY-2025 15:48:08)
2,21 , 1,0,13,0,S, 	(30-MAY-2025 15:48:08)
2,21 , 1,0,13,0,S, 	(30-MAY-2025 15:48:08)
2,21 , 1,0,13,0,S, 	(30-MAY-2025 15:48:08)
2,21 , 1,0,13,0,S, 	(30-MAY-2025 15:48:08)
2,21 , 1,0,13,0,S, 	(30-MAY-2025 15:48:08)
2,21 , 1,0,13,0,S, 	(30-MAY-2025 15:48:08)
2,21 , 1,0,13,0,S, 	(30-MAY-2025 15:48:08)
2,21 , 1,0,13,0,S, 	(30-MAY-2025 15:48:08)
2,21 , 1,0,13,0,S, 	(30-MAY-2025 15:48:08)
2,21 , 1,0,13,0,S, 	(30-MAY-2025 15:48:08)
2,21 , 1,0,13,0,S, 	(30-MAY-2025 15:48:08)
2,21 , 1,0,13,0,S, 	(30-MAY-2025 15:48:08)
2,21 , 1,0,13,0,S, 	(30-MAY-2025 15:48:08)
2,21 , 1,0,13,0,S, 	(30-MAY-2025 15:48:08)
2,21 , 1,0,13,0,S, 	(30-MAY-2025 15:48:08)
2,21 , 1,0,13,0,S, 	(30-MAY-2025 15:48:08)
2,21 , 1,0,13,0,S, 	(30-MAY-2025 15:48:08)
2,21 , 1,0,13,0,S, 	(30-MAY-2025 15:48:08)
2,21 , 1,0,13,0,S, 	(30-MAY-2025 15:48:08)
2,21 , 1,0,13,0,S, 	(30-MAY-2025 15:48:08)
2,21 , 1,0,13,0,S, 	(30-MAY-2025 15:48:08)
2,21 , 1,0,13,0,S, 	(30-MAY-2025 15:48:08)
2,21 , 1,0,13,0,S, 	(30-MAY-2025 15:48:08)
2,21 , 1,0,13,0,S, 	(30-MAY-2025 15:48:08)
2,21 , 1,0,13,0,S, 	(30-MAY-2025 15:48:08)
2,21 , 1,0,13,0,S, 	(30-MAY-2025 15:48:08)
2,21 , 1,0,13,0,S, 	(30-MAY-2025 15:48:08)
2,21 , 1,0,13,0,S, 	(30-MAY-2025 15:48:08)
2,21 , 1,0,13,0,S, 	(30-MAY-2025 15:48:08)
2,21 , 1,0,13,0,S, 	(30-MAY-2025 15:48:08)
2,21 , 1,0,13,0,S, 	(30-MAY-2025 15:48:08)
2,21 , 1,0,13,0,S, 	(30-MAY-2025 15:48:08)
2,21 , 1,0,13,0,S, 	(30-MAY-2025 15:48:08)
2,21 , 1,0,13,0,S, 	(30-MAY-2025 15:48:08)
2,21 , 1,0,13,0,S, 	(30-MAY-2025 15:48:08)
2,21 , 1,0,13,0,S, 	(30-MAY-2025 15:48:08)
2,21 , 1,0,13,0,S, 	(30-MAY-2025 15:48:08)
2,21 , 1,0,13,0,S, 	(30-MAY-2025 15:48:08)
2,21 , 1,0,13,0,S, 	(30-MAY-2025 15:48:08)
2,21 , 1,0,13,0,S, 	(30-MAY-2025 15:48:08)
2,21 , 1,0,13,0,S, 	(30-MAY-2025 15:48:08)
2,21 , 1,0,13,0,S, 	(30-MAY-2025 15:48:08)
2,21 , 1,0,13,0,S, 	(30-MAY-2025 15:48:08)
2,21 , 1,0,13,0,S, 	(30-MAY-2025 15:48:08)
2,21 , 1,0,13,0,S, 	(30-MAY-2025 15:48:08)
2,21 , 1,0,13,0,S, 	(30-MAY-2025 15:48:08)
2,21 , 1,0,13,0,S, 	(30-MAY-2025 15:48:08)
2,21 , 1,0,13,0,S, 	(30-MAY-2025 15:48:08)
2,21 , 1,0,13,0,S, 	(30-MAY-2025 15:48:08)
2,21 , 1,0,13,0,S, 	(30-MAY-2025 15:48:08)
2,21 , 1,0,13,0,S, 	(30-MAY-2025 15:48:08)
2,21 , 1,0,13,0,S, 	(30-MAY-2025 15:48:08)
2,21 , 1,0,13,0,S, 	(30-MAY-2025 15:48:08)
2,21 , 1,0,13,0,S, 	(30-MAY-2025 15:48:08)
2,21 , 1,0,13,0,S, 	(30-MAY-2025 15:48:08)
2,21 , 1,0,13,0,S, 	(30-MAY-2025 15:48:08)
2,21 , 1,0,13,0,S, 	(30-MAY-2025 15:48:08)
2,21 , 1,0,13,0,S, 	(30-MAY-2025 15:48:08)
2,21 , 1,0,13,0,S, 	(30-MAY-2025 15:48:08)
2,21 , 1,0,13,0,S, 	(30-MAY-2025 15:48:08)
2,21 , 1,0,13,0,S, 	(30-MAY-2025 15:48:08)
2,21 , 1,0,13,0,S, 	(30-MAY-2025 15:48:08)
2,21 , 1,0,13,0,S, 	(30-MAY-2025 15:48:08)
2,21 , 1,0,13,0,S, 	(30-MAY-2025 15:48:08)
2,21 , 1,0,13,0,S, 	(30-MAY-2025 15:48:08)
2,21 , 1,0,13,0,S, 	(30-MAY-2025 15:48:08)
2,21 , 1,0,13,0,S, 	(30-MAY-2025 15:48:08)
2,21 , 1,0,13,0,S, 	(30-MAY-2025 15:48:08)
2,21 , 1,0,13,0,S, 	(30-MAY-2025 15:48:08)
2,21 , 1,0,13,0,S, 	(30-MAY-2025 15:48:08)
2,21 , 1,0,13,0,S, 	(30-MAY-2025 15:48:08)
2,21 , 1,0,13,0,S, 	(30-MAY-2025 15:48:08)
2,21 , 1,0,13,0,S, 	(30-MAY-2025 15:48:08)
2,21 , 1,0,13,0,S, 	(30-MAY-2025 15:48:08)
2,21 , 1,0,13,0,S, 	(30-MAY-2025 15:48:08)
2,21 , 1,0,13,0,S, 	(30-MAY-2025 15:48:08)
2,21 , 1,0,13,0,S, 	(30-MAY-2025 15:48:08)
2,21 , 1,0,13,0,S, 	(30-MAY-2025 15:48:08)
2,21 , 1,0,13,0,S, 	(30-MAY-2025 15:48:08)
2,21 , 1,0,13,0,S, 	(30-MAY-2025 15:48:08)
2,21 , 1,0,13,0,S, 	(30-MAY-2025 15:48:08)
2,21 , 1,0,13,0,S, 	(30-MAY-2025 15:48:08)
2,21 , 1,0,13,0,S, 	(30-MAY-2025 15:48:08)
2,21 , 1,0,13,0,S, 	(30-MAY-2025 15:48:08)
2,21 , 1,0,13,0,S, 	(30-MAY-2025 15:48:08)
2,21 , 1,0,13,0,S, 	(30-MAY-2025 15:48:08)
2,21 , 1,0,13,0,S, 	(30-MAY-2025 15:48:08)
2,21 , 1,0,13,0,S, 	(30-MAY-2025 15:48:08)
2,21 , 1,0,13,0,S, 	(30-MAY-2025 15:48:08)
2,21 , 1,0,13,0,S, 	(30-MAY-2025 15:48:08)
2,21 , 1,0,13,0,S, 	(30-MAY-2025 15:48:08)
2,21 , 1,0,13,0,S, 	(30-MAY-2025 15:48:08)
2,21 , 1,0,13,0,S, 	(30-MAY-2025 15:48:08)
2,21 , 1,0,13,0,S, 	(30-MAY-2025 15:48:08)
2,21 , 1,0,13,0,S, 	(30-MAY-2025 15:48:08)
2,21 , 1,0,13,0,S, 	(30-MAY-2025 15:48:08)
2,21 , 1,0,13,0,S, 	(30-MAY-2025 15:48:08)
2,21 , 1,0,13,0,S, 	(30-MAY-2025 15:48:08)
2,21 , 1,0,13,0,S, 	(30-MAY-2025 15:48:08)
2,21 , 1,0,13,0,S, 	(30-MAY-2025 15:48:08)
2,21 , 1,0,13,0,S, 	(30-MAY-2025 15:48:08)
2,21 , 1,0,13,0,S, 	(30-MAY-2025 15:48:08)
2,21 , 1,0,13,0,S, 	(30-MAY-2025 15:48:08)
2,21 , 1,0,13,0,S, 	(30-MAY-2025 15:48:08)
2,21 , 1,0,13,0,S, 	(30-MAY-2025 15:48:08)
2,21 , 1,0,13,0,S, 	(30-MAY-2025 15:48:08)
2,21 , 1,0,13,0,S, 	(30-MAY-2025 15:48:08)
2,21 , 1,0,13,0,S, 	(30-MAY-2025 15:48:08)
2,21 , 1,0,13,0,S, 	(30-MAY-2025 15:48:08)
2,21 , 1,0,13,0,S, 	(30-MAY-2025 15:48:08)
2,21 , 1,0,13,0,S, 	(30-MAY-2025 15:48:08)
2,21 , 1,0,13,0,S, 	(30-MAY-2025 15:48:08)
2,21 , 1,0,15,0,S, 	(30-MAY-2025 15:48:08)
2,21 , 1,0,15,0,S, 	(30-MAY-2025 15:48:08)
2,21 , 1,0,15,0,S, 	(30-MAY-2025 15:48:08)
2,21 , 1,0,15,0,S, 	(30-MAY-2025 15:48:08)
2,21 , 1,0,15,0,S, 	(30-MAY-2025 15:48:08)
2,21 , 1,0,15,0,S, 	(30-MAY-2025 15:48:08)
2,21 , 1,0,15,0,S, 	(30-MAY-2025 15:48:08)
2,21 , 1,0,15,0,S, 	(30-MAY-2025 15:48:08)
2,21 , 1,0,15,0,S, 	(30-MAY-2025 15:48:08)
2,21 , 1,0,15,0,S, 	(30-MAY-2025 15:48:08)
2,21 , 1,0,15,0,S, 	(30-MAY-2025 15:48:08)
2,21 , 1,0,15,0,S, 	(30-MAY-2025 15:48:08)
2,21 , 1,0,15,0,S, 	(30-MAY-2025 15:48:08)
2,21 , 1,0,15,0,S, 	(30-MAY-2025 15:48:08)
2,21 , 1,0,15,0,S, 	(30-MAY-2025 15:48:08)
2,21 , 1,0,14,0,S, 	(30-MAY-2025 15:48:08)
2,21 , 1,0,14,0,S, 	(30-MAY-2025 15:48:08)
2,21 , 1,0,14,0,S, 	(30-MAY-2025 15:48:08)
2,21 , 1,0,14,0,S, 	(30-MAY-2025 15:48:08)
2,21 , 1,0,14,0,S, 	(30-MAY-2025 15:48:08)
2,21 , 1,0,14,0,S, 	(30-MAY-2025 15:48:08)
2,21 , 1,0,14,0,S, 	(30-MAY-2025 15:48:08)
2,21 , 1,0,14,0,S, 	(30-MAY-2025 15:48:08)
2,21 , 1,0,14,0,S, 	(30-MAY-2025 15:48:08)
2,21 , 1,0,14,0,S, 	(30-MAY-2025 15:48:08)
2,21 , 1,0,14,0,S, 	(30-MAY-2025 15:48:08)
2,21 , 1,0,14,0,S, 	(30-MAY-2025 15:48:08)
2,21 , 1,0,14,0,S, 	(30-MAY-2025 15:48:08)
2,21 , 1,0,14,0,S, 	(30-MAY-2025 15:48:08)
2,21 , 1,0,14,0,S, 	(30-MAY-2025 15:48:08)
2,21 , 1,0,14,0,S, 	(30-MAY-2025 15:48:08)
2,21 , 1,0,14,0,S, 	(30-MAY-2025 15:48:08)
2,21 , 1,0,14,0,S, 	(30-MAY-2025 15:48:08)
2,21 , 1,0,14,0,S, 	(30-MAY-2025 15:48:08)
2,21 , 1,0,14,0,S, 	(30-MAY-2025 15:48:08)
2,21 , 1,0,14,0,S, 	(30-MAY-2025 15:48:08)
2,21 , 1,0,14,0,S, 	(30-MAY-2025 15:48:08)
2,21 , 1,0,14,0,S, 	(30-MAY-2025 15:48:08)
2,21 , 1,0,14,0,S, 	(30-MAY-2025 15:48:09)
2,21 , 1,0,14,0,S, 	(30-MAY-2025 15:48:09)
2,21 , 1,0,14,0,S, 	(30-MAY-2025 15:48:09)
2,21 , 1,0,14,0,S, 	(30-MAY-2025 15:48:09)
2,21 , 1,0,14,0,S, 	(30-MAY-2025 15:48:09)
2,21 , 1,0,14,0,S, 	(30-MAY-2025 15:48:09)
2,21 , 1,0,14,0,S, 	(30-MAY-2025 15:48:09)
2,21 , 1,0,14,0,S, 	(30-MAY-2025 15:48:09)
2,21 , 1,0,17,0,S, 	(30-MAY-2025 15:48:09)
2,21 , 1,0,17,0,S, 	(30-MAY-2025 15:48:09)
2,21 , 1,0,17,0,S, 	(30-MAY-2025 15:48:09)
2,21 , 1,0,17,0,S, 	(30-MAY-2025 15:48:09)
2,21 , 1,0,17,0,S, 	(30-MAY-2025 15:48:09)
2,21 , 1,0,17,0,S, 	(30-MAY-2025 15:48:09)
2,21 , 1,0,17,0,S, 	(30-MAY-2025 15:48:09)
2,21 , 1,0,17,0,S, 	(30-MAY-2025 15:48:09)
2,21 , 1,0,17,0,S, 	(30-MAY-2025 15:48:09)
2,21 , 1,0,17,0,S, 	(30-MAY-2025 15:48:09)
2,21 , 1,0,17,0,S, 	(30-MAY-2025 15:48:09)
2,21 , 1,0,17,0,S, 	(30-MAY-2025 15:48:09)
2,21 , 1,0,17,0,S, 	(30-MAY-2025 15:48:09)
2,21 , 1,0,17,0,S, 	(30-MAY-2025 15:48:09)
2,21 , 1,0,17,0,S, 	(30-MAY-2025 15:48:09)
2,21 , 1,0,17,0,S, 	(30-MAY-2025 15:48:09)
2,21 , 1,0,17,0,S, 	(30-MAY-2025 15:48:09)
2,21 , 1,0,17,0,S, 	(30-MAY-2025 15:48:09)
2,21 , 1,0,17,0,S, 	(30-MAY-2025 15:48:09)
2,21 , 1,0,17,0,S, 	(30-MAY-2025 15:48:09)
2,21 , 1,0,17,0,S, 	(30-MAY-2025 15:48:09)
2,21 , 1,0,17,0,S, 	(30-MAY-2025 15:48:09)
2,21 , 1,0,17,0,S, 	(30-MAY-2025 15:48:09)
2,21 , 1,0,17,0,S, 	(30-MAY-2025 15:48:09)
2,21 , 1,0,17,0,S, 	(30-MAY-2025 15:48:09)
2,21 , 1,0,17,0,S, 	(30-MAY-2025 15:48:09)
2,21 , 1,0,17,0,S, 	(30-MAY-2025 15:48:09)
2,21 , 1,0,17,0,S, 	(30-MAY-2025 15:48:09)
2,21 , 1,0,17,0,S, 	(30-MAY-2025 15:48:09)
2,21 , 1,0,17,0,S, 	(30-MAY-2025 15:48:09)
2,21 , 1,0,17,0,S, 	(30-MAY-2025 15:48:09)
2,21 , 1,0,11,0,S, 	(30-MAY-2025 15:48:09)
2,21 , 1,0,11,0,S, 	(30-MAY-2025 15:48:09)
2,21 , 1,0,11,0,S, 	(30-MAY-2025 15:48:09)
2,21 , 1,0,11,0,S, 	(30-MAY-2025 15:48:09)
2,21 , 1,0,11,0,S, 	(30-MAY-2025 15:48:09)
2,21 , 1,0,11,0,S, 	(30-MAY-2025 15:48:09)
2,21 , 1,0,11,0,S, 	(30-MAY-2025 15:48:09)
2,21 , 1,0,11,0,S, 	(30-MAY-2025 15:48:09)
2,21 , 1,0,11,0,S, 	(30-MAY-2025 15:48:09)
2,21 , 1,0,11,0,S, 	(30-MAY-2025 15:48:09)
2,21 , 1,0,11,0,S, 	(30-MAY-2025 15:48:09)
2,21 , 1,0,11,0,S, 	(30-MAY-2025 15:48:09)
2,21 , 1,0,11,0,S, 	(30-MAY-2025 15:48:09)
2,21 , 1,0,11,0,S, 	(30-MAY-2025 15:48:09)
2,21 , 1,0,11,0,S, 	(30-MAY-2025 15:48:09)
2,21 , 1,0,11,0,S, 	(30-MAY-2025 15:48:09)
2,21 , 1,0,11,0,S, 	(30-MAY-2025 15:48:09)
2,21 , 1,0,11,0,S, 	(30-MAY-2025 15:48:09)
2,21 , 1,0,11,0,S, 	(30-MAY-2025 15:48:09)
2,21 , 1,0,11,0,S, 	(30-MAY-2025 15:48:09)
2,21 , 1,0,11,0,S, 	(30-MAY-2025 15:48:09)
2,21 , 1,0,11,0,S, 	(30-MAY-2025 15:48:09)
2,21 , 1,0,11,0,S, 	(30-MAY-2025 15:48:09)
2,21 , 1,0,11,0,S, 	(30-MAY-2025 15:48:09)
2,21 , 1,0,11,0,S, 	(30-MAY-2025 15:48:09)
2,21 , 1,0,11,0,S, 	(30-MAY-2025 15:48:09)
2,21 , 1,0,11,0,S, 	(30-MAY-2025 15:48:09)
2,21 , 1,0,11,0,S, 	(30-MAY-2025 15:48:09)
2,21 , 1,0,11,0,S, 	(30-MAY-2025 15:48:09)
2,21 , 1,0,11,0,S, 	(30-MAY-2025 15:48:09)
2,21 , 1,0,11,0,S, 	(30-MAY-2025 15:48:09)
2,21 , 1,0,12,0,S, 	(30-MAY-2025 15:48:09)
2,21 , 1,0,12,0,S, 	(30-MAY-2025 15:48:09)
2,21 , 1,0,12,0,S, 	(30-MAY-2025 15:48:09)
2,21 , 1,0,12,0,S, 	(30-MAY-2025 15:48:09)
2,21 , 1,0,12,0,S, 	(30-MAY-2025 15:48:09)
2,21 , 1,0,12,0,S, 	(30-MAY-2025 15:48:09)
2,21 , 1,0,12,0,S, 	(30-MAY-2025 15:48:09)
2,21 , 1,0,12,0,S, 	(30-MAY-2025 15:48:09)
2,21 , 1,0,12,0,S, 	(30-MAY-2025 15:48:09)
2,21 , 1,0,12,0,S, 	(30-MAY-2025 15:48:09)
2,21 , 1,0,12,0,S, 	(30-MAY-2025 15:48:09)
2,21 , 1,0,12,0,S, 	(30-MAY-2025 15:48:09)
2,21 , 1,0,12,0,S, 	(30-MAY-2025 15:48:09)
2,21 , 1,0,12,0,S, 	(30-MAY-2025 15:48:09)
2,21 , 1,0,12,0,S, 	(30-MAY-2025 15:48:09)
2,21 , 1,0,12,0,S, 	(30-MAY-2025 15:48:09)
2,21 , 1,0,12,0,S, 	(30-MAY-2025 15:48:09)
2,21 , 1,0,12,0,S, 	(30-MAY-2025 15:48:09)
2,21 , 1,0,12,0,S, 	(30-MAY-2025 15:48:09)
2,21 , 1,0,12,0,S, 	(30-MAY-2025 15:48:09)
2,21 , 1,0,12,0,S, 	(30-MAY-2025 15:48:09)
2,21 , 1,0,12,0,S, 	(30-MAY-2025 15:48:09)
2,21 , 1,0,12,0,S, 	(30-MAY-2025 15:48:09)
2,21 , 1,0,12,0,S, 	(30-MAY-2025 15:48:09)
2,21 , 1,0,12,0,S, 	(30-MAY-2025 15:48:09)
2,21 , 1,0,12,0,S, 	(30-MAY-2025 15:48:09)
2,21 , 1,0,12,0,S, 	(30-MAY-2025 15:48:09)
2,21 , 1,0,12,0,S, 	(30-MAY-2025 15:48:09)
2,21 , 1,0,12,0,S, 	(30-MAY-2025 15:48:09)
2,21 , 1,0,15,1,S, 	(30-MAY-2025 15:48:09)
2,21 , 1,0,15,1,S, 	(30-MAY-2025 15:48:09)
2,21 , 1,0,15,1,S, 	(30-MAY-2025 15:48:09)
2,21 , 1,0,15,1,S, 	(30-MAY-2025 15:48:09)
2,21 , 1,0,15,1,S, 	(30-MAY-2025 15:48:09)
2,21 , 1,0,15,1,S, 	(30-MAY-2025 15:48:09)
2,21 , 1,0,15,1,S, 	(30-MAY-2025 15:48:09)
2,21 , 1,0,15,1,S, 	(30-MAY-2025 15:48:09)
2,21 , 1,0,15,1,S, 	(30-MAY-2025 15:48:09)
2,21 , 1,0,15,1,S, 	(30-MAY-2025 15:48:09)
2,21 , 1,0,15,1,S, 	(30-MAY-2025 15:48:09)
2,21 , 1,0,15,1,S, 	(30-MAY-2025 15:48:09)
2,21 , 1,0,15,1,S, 	(30-MAY-2025 15:48:09)
2,21 , 1,0,15,1,S, 	(30-MAY-2025 15:48:09)
2,21 , 1,0,15,1,S, 	(30-MAY-2025 15:48:09)
2,21 , 1,0,15,1,S, 	(30-MAY-2025 15:48:09)
2,21 , 1,0,15,1,S, 	(30-MAY-2025 15:48:09)
2,21 , 1,0,15,1,S, 	(30-MAY-2025 15:48:09)
2,21 , 1,0,15,1,S, 	(30-MAY-2025 15:48:09)
2,21 , 1,0,15,1,S, 	(30-MAY-2025 15:48:09)
2,21 , 1,0,15,1,S, 	(30-MAY-2025 15:48:09)
2,21 , 1,0,15,1,S, 	(30-MAY-2025 15:48:09)
2,21 , 1,0,15,1,S, 	(30-MAY-2025 15:48:09)
2,21 , 1,0,15,1,S, 	(30-MAY-2025 15:48:09)
2,21 , 1,0,15,1,S, 	(30-MAY-2025 15:48:09)
2,21 , 1,0,15,1,S, 	(30-MAY-2025 15:48:09)
2,21 , 1,0,15,1,S, 	(30-MAY-2025 15:48:09)
2,21 , 1,0,15,1,S, 	(30-MAY-2025 15:48:09)
2,21 , 1,0,15,1,S, 	(30-MAY-2025 15:48:09)
2,21 , 1,0,15,1,S, 	(30-MAY-2025 15:48:09)
2,21 , 1,0,15,1,S, 	(30-MAY-2025 15:48:09)
2,21 , 1,0,15,1,S, 	(30-MAY-2025 15:48:09)
2,21 , 1,0,16,0,S, 	(30-MAY-2025 15:48:09)
2,21 , 1,0,16,0,S, 	(30-MAY-2025 15:48:09)
2,21 , 1,0,16,0,S, 	(30-MAY-2025 15:48:09)
2,21 , 1,0,16,0,S, 	(30-MAY-2025 15:48:09)
2,21 , 1,0,16,0,S, 	(30-MAY-2025 15:48:09)
2,21 , 1,0,16,0,S, 	(30-MAY-2025 15:48:09)
2,21 , 1,0,16,0,S, 	(30-MAY-2025 15:48:09)
2,21 , 1,0,16,0,S, 	(30-MAY-2025 15:48:09)
2,21 , 1,0,16,0,S, 	(30-MAY-2025 15:48:09)
2,21 , 1,0,16,0,S, 	(30-MAY-2025 15:48:09)
2,21 , 1,0,16,0,S, 	(30-MAY-2025 15:48:09)
2,21 , 1,0,16,0,S, 	(30-MAY-2025 15:48:09)
2,21 , 1,0,16,0,S, 	(30-MAY-2025 15:48:09)
2,21 , 1,0,16,0,S, 	(30-MAY-2025 15:48:09)
2,21 , 1,0,16,0,S, 	(30-MAY-2025 15:48:09)
2,21 , 1,0,16,0,S, 	(30-MAY-2025 15:48:09)
2,21 , 1,0,16,0,S, 	(30-MAY-2025 15:48:09)
2,21 , 1,0,16,0,S, 	(30-MAY-2025 15:48:09)
2,21 , 1,0,16,0,S, 	(30-MAY-2025 15:48:09)
2,21 , 1,0,16,0,S, 	(30-MAY-2025 15:48:09)
2,21 , 1,0,16,0,S, 	(30-MAY-2025 15:48:09)
2,21 , 1,0,16,0,S, 	(30-MAY-2025 15:48:09)
2,21 , 1,0,16,0,S, 	(30-MAY-2025 15:48:09)
2,21 , 1,0,16,0,S, 	(30-MAY-2025 15:48:09)
2,21 , 1,0,16,0,S, 	(30-MAY-2025 15:48:09)
2,21 , 1,0,16,0,S, 	(30-MAY-2025 15:48:09)
2,21 , 1,0,16,0,S, 	(30-MAY-2025 15:48:09)
2,21 , 1,0,16,0,S, 	(30-MAY-2025 15:48:09)
2,21 , 1,0,16,0,S, 	(30-MAY-2025 15:48:09)
2,21 , 1,0,16,0,S, 	(30-MAY-2025 15:48:09)
2,21 , 0,0,124050,0,X, 	(30-MAY-2025 15:48:09)
2,21 , 0,0,124050,0,X, 	(30-MAY-2025 15:48:09)
2,21 , 0,0,124050,0,X, 	(30-MAY-2025 15:48:09)
2,21 , 0,0,124050,0,X, 	(30-MAY-2025 15:48:09)
2,21 , 0,0,124050,0,X, 	(30-MAY-2025 15:48:09)
2,21 , 0,0,124050,0,X, 	(30-MAY-2025 15:48:09)
2,21 , 0,0,124050,0,X, 	(30-MAY-2025 15:48:09)
2,21 , 0,0,124050,0,X, 	(30-MAY-2025 15:48:09)
2,21 , 0,0,124050,0,X, 	(30-MAY-2025 15:48:09)
2,21 , 0,0,124050,0,X, 	(30-MAY-2025 15:48:09)
2,21 , 0,0,124050,0,X, 	(30-MAY-2025 15:48:09)
2,21 , 0,0,124050,0,X, 	(30-MAY-2025 15:48:09)
2,21 , 0,0,124050,0,X, 	(30-MAY-2025 15:48:09)
2,21 , 0,0,124050,0,X, 	(30-MAY-2025 15:48:09)
2,21 , 0,0,124050,0,X, 	(30-MAY-2025 15:48:09)
2,21 , 0,0,124050,0,X, 	(30-MAY-2025 15:48:09)
2,21 , 0,0,124050,0,X, 	(30-MAY-2025 15:48:09)
2,21 , 0,0,124050,0,X, 	(30-MAY-2025 15:48:09)
2,21 , 0,0,124050,0,X, 	(30-MAY-2025 15:48:09)
2,21 , 0,0,124050,0,X, 	(30-MAY-2025 15:48:09)
2,21 , 0,0,124050,0,X, 	(30-MAY-2025 15:48:09)
2,21 , 0,0,124050,0,X, 	(30-MAY-2025 15:48:09)
2,21 , 0,0,124050,0,X, 	(30-MAY-2025 15:48:09)
2,21 , 0,0,124050,0,X, 	(30-MAY-2025 15:48:09)
2,21 , 0,0,124050,0,X, 	(30-MAY-2025 15:48:09)
2,21 , 0,0,124050,0,X, 	(30-MAY-2025 15:48:09)
2,21 , 0,0,124050,0,X, 	(30-MAY-2025 15:48:09)
2,21 , 0,0,124050,0,X, 	(30-MAY-2025 15:48:09)
2,21 , 0,0,124050,0,X, 	(30-MAY-2025 15:48:09)
2,21 , 0,0,124050,0,X, 	(30-MAY-2025 15:48:09)
2,21 , 0,0,124051,0,X, 	(30-MAY-2025 15:48:09)
2,21 , 0,0,124051,0,X, 	(30-MAY-2025 15:48:09)
2,21 , 0,0,124051,0,X, 	(30-MAY-2025 15:48:09)
2,21 , 0,0,124051,0,X, 	(30-MAY-2025 15:48:09)
2,21 , 0,0,124051,0,X, 	(30-MAY-2025 15:48:09)
2,21 , 0,0,124051,0,X, 	(30-MAY-2025 15:48:09)
2,21 , 0,0,124051,0,X, 	(30-MAY-2025 15:48:09)
2,21 , 0,0,124051,0,X, 	(30-MAY-2025 15:48:09)
2,21 , 0,0,124051,0,X, 	(30-MAY-2025 15:48:09)
2,21 , 0,0,124051,0,X, 	(30-MAY-2025 15:48:09)
2,21 , 0,0,124051,0,X, 	(30-MAY-2025 15:48:09)
2,21 , 0,0,124051,0,X, 	(30-MAY-2025 15:48:09)
2,21 , 0,0,124051,0,X, 	(30-MAY-2025 15:48:09)
2,21 , 0,0,124051,0,X, 	(30-MAY-2025 15:48:09)
2,21 , 0,0,124051,0,X, 	(30-MAY-2025 15:48:09)
2,22 , 1,0,1,0,S, 	(30-MAY-2025 15:48:09)
2,22 , 1,0,1,0,S, 	(30-MAY-2025 15:48:09)
2,22 , 1,0,1,0,S, 	(30-MAY-2025 15:48:09)
2,22 , 1,0,1,0,S, 	(30-MAY-2025 15:48:09)
2,22 , 1,0,1,0,S, 	(30-MAY-2025 15:48:09)
2,22 , 1,0,1,0,S, 	(30-MAY-2025 15:48:09)
2,22 , 1,0,1,0,S, 	(30-MAY-2025 15:48:09)
2,22 , 1,0,1,0,S, 	(30-MAY-2025 15:48:09)
2,22 , 1,0,1,0,S, 	(30-MAY-2025 15:48:09)
2,22 , 1,0,1,0,S, 	(30-MAY-2025 15:48:09)
2,22 , 1,0,1,0,S, 	(30-MAY-2025 15:48:09)
2,22 , 1,0,1,0,S, 	(30-MAY-2025 15:48:09)
2,22 , 1,0,1,0,S, 	(30-MAY-2025 15:48:09)
2,22 , 1,0,1,0,S, 	(30-MAY-2025 15:48:09)
2,22 , 1,0,1,0,S, 	(30-MAY-2025 15:48:09)
2,22 , 1,0,1,0,S, 	(30-MAY-2025 15:48:09)
2,22 , 1,0,1,0,S, 	(30-MAY-2025 15:48:09)
2,22 , 1,0,1,0,S, 	(30-MAY-2025 15:48:09)
2,22 , 1,0,1,0,S, 	(30-MAY-2025 15:48:09)
2,22 , 1,0,1,0,S, 	(30-MAY-2025 15:48:09)
2,22 , 1,0,1,0,S, 	(30-MAY-2025 15:48:09)
2,22 , 1,0,1,0,S, 	(30-MAY-2025 15:48:09)
2,22 , 1,0,1,0,S, 	(30-MAY-2025 15:48:09)
2,22 , 1,0,1,0,S, 	(30-MAY-2025 15:48:09)
2,22 , 1,0,1,0,S, 	(30-MAY-2025 15:48:09)
2,22 , 1,0,1,0,S, 	(30-MAY-2025 15:48:09)
2,22 , 1,0,1,0,S, 	(30-MAY-2025 15:48:09)
2,22 , 1,0,1,0,S, 	(30-MAY-2025 15:48:09)
2,22 , 1,0,1,0,S, 	(30-MAY-2025 15:48:09)
2,22 , 1,0,1,0,S, 	(30-MAY-2025 15:48:09)
2,22 , 1,0,1,0,S, 	(30-MAY-2025 15:48:09)
2,22 , 1,0,1,0,S, 	(30-MAY-2025 15:48:09)
2,22 , 1,0,1,0,S, 	(30-MAY-2025 15:48:09)
2,22 , 1,0,1,0,S, 	(30-MAY-2025 15:48:09)
2,22 , 1,0,1,0,S, 	(30-MAY-2025 15:48:09)
2,22 , 1,0,1,0,S, 	(30-MAY-2025 15:48:09)
2,22 , 1,0,1,0,S, 	(30-MAY-2025 15:48:09)
2,22 , 1,0,1,0,S, 	(30-MAY-2025 15:48:09)
2,22 , 1,0,1,0,S, 	(30-MAY-2025 15:48:09)
2,22 , 1,0,1,0,S, 	(30-MAY-2025 15:48:09)
2,22 , 1,0,1,0,S, 	(30-MAY-2025 15:48:09)
2,22 , 1,0,1,0,S, 	(30-MAY-2025 15:48:09)
2,22 , 1,0,1,0,S, 	(30-MAY-2025 15:48:09)
2,22 , 1,0,1,0,S, 	(30-MAY-2025 15:48:09)
2,22 , 1,0,1,0,S, 	(30-MAY-2025 15:48:09)
2,22 , 1,0,1,0,S, 	(30-MAY-2025 15:48:09)
2,22 , 1,0,1,0,S, 	(30-MAY-2025 15:48:09)
2,22 , 1,0,1,0,S, 	(30-MAY-2025 15:48:09)
2,22 , 1,0,1,0,S, 	(30-MAY-2025 15:48:09)
2,22 , 1,0,1,0,S, 	(30-MAY-2025 15:48:09)
2,22 , 1,0,1,0,S, 	(30-MAY-2025 15:48:09)
2,22 , 1,0,1,0,S, 	(30-MAY-2025 15:48:09)
2,22 , 1,0,1,0,S, 	(30-MAY-2025 15:48:09)
2,22 , 1,0,1,0,S, 	(30-MAY-2025 15:48:09)
2,22 , 1,0,1,0,S, 	(30-MAY-2025 15:48:09)
2,22 , 1,0,1,0,S, 	(30-MAY-2025 15:48:09)
2,22 , 1,0,1,0,S, 	(30-MAY-2025 15:48:09)
2,22 , 1,0,1,0,S, 	(30-MAY-2025 15:48:09)
2,22 , 1,0,1,0,S, 	(30-MAY-2025 15:48:09)
2,22 , 1,0,1,0,S, 	(30-MAY-2025 15:48:09)
2,22 , 0,0,123027,0,X, 	(30-MAY-2025 15:48:09)
2,22 , 0,0,123027,0,X, 	(30-MAY-2025 15:48:09)
2,22 , 0,0,123027,0,X, 	(30-MAY-2025 15:48:09)
2,22 , 0,0,123027,0,X, 	(30-MAY-2025 15:48:09)
2,22 , 0,0,123027,0,X, 	(30-MAY-2025 15:48:09)
2,22 , 0,0,123027,0,X, 	(30-MAY-2025 15:48:09)
2,22 , 0,0,123027,0,X, 	(30-MAY-2025 15:48:09)
2,22 , 0,0,123027,0,X, 	(30-MAY-2025 15:48:09)
2,22 , 0,0,123027,0,X, 	(30-MAY-2025 15:48:09)
2,22 , 0,0,123027,0,X, 	(30-MAY-2025 15:48:09)
2,22 , 0,0,123027,0,X, 	(30-MAY-2025 15:48:09)
2,22 , 0,0,123027,0,X, 	(30-MAY-2025 15:48:09)
2,22 , 0,0,123027,0,X, 	(30-MAY-2025 15:48:09)
2,22 , 0,0,123027,0,X, 	(30-MAY-2025 15:48:09)
2,22 , 0,0,123027,0,X, 	(30-MAY-2025 15:48:09)
2,22 , 0,0,123027,0,X, 	(30-MAY-2025 15:48:09)
2,22 , 0,0,123027,0,X, 	(30-MAY-2025 15:48:09)
2,22 , 0,0,123027,0,X, 	(30-MAY-2025 15:48:09)
2,22 , 0,0,123027,0,X, 	(30-MAY-2025 15:48:09)
2,22 , 0,0,123027,0,X, 	(30-MAY-2025 15:48:09)
2,22 , 0,0,123027,0,X, 	(30-MAY-2025 15:48:09)
2,22 , 0,0,123027,0,X, 	(30-MAY-2025 15:48:09)
2,22 , 0,0,123027,0,X, 	(30-MAY-2025 15:48:09)
2,22 , 0,0,123027,0,X, 	(30-MAY-2025 15:48:09)
2,22 , 0,0,123027,0,X, 	(30-MAY-2025 15:48:09)
2,22 , 0,0,123027,0,X, 	(30-MAY-2025 15:48:09)
2,22 , 0,0,123027,0,X, 	(30-MAY-2025 15:48:09)
2,22 , 0,0,123027,0,X, 	(30-MAY-2025 15:48:09)
2,22 , 0,0,123027,0,X, 	(30-MAY-2025 15:48:09)
2,22 , 0,0,123027,0,X, 	(30-MAY-2025 15:48:09)
2,22 , 0,0,123027,0,X, 	(30-MAY-2025 15:48:09)
2,22 , 0,0,124052,0,X, 	(30-MAY-2025 15:48:09)
2,22 , 0,0,124052,0,X, 	(30-MAY-2025 15:48:09)
2,22 , 0,0,124052,0,X, 	(30-MAY-2025 15:48:09)
2,22 , 0,0,124052,0,X, 	(30-MAY-2025 15:48:09)
2,22 , 0,0,124052,0,X, 	(30-MAY-2025 15:48:09)
2,22 , 0,0,124052,0,X, 	(30-MAY-2025 15:48:09)
2,22 , 0,0,124052,0,X, 	(30-MAY-2025 15:48:09)
2,22 , 0,0,124052,0,X, 	(30-MAY-2025 15:48:09)
2,22 , 0,0,124052,0,X, 	(30-MAY-2025 15:48:09)
2,22 , 0,0,124052,0,X, 	(30-MAY-2025 15:48:09)
2,22 , 0,0,124052,0,X, 	(30-MAY-2025 15:48:09)
2,22 , 0,0,124052,0,X, 	(30-MAY-2025 15:48:09)
2,22 , 0,0,124052,0,X, 	(30-MAY-2025 15:48:09)
2,22 , 0,0,124052,0,X, 	(30-MAY-2025 15:48:09)
2,22 , 0,0,124052,0,X, 	(30-MAY-2025 15:48:09)
2,22 , 0,0,124052,0,X, 	(30-MAY-2025 15:48:09)
2,22 , 0,0,124052,0,X, 	(30-MAY-2025 15:48:09)
2,22 , 0,0,124052,0,X, 	(30-MAY-2025 15:48:09)
2,22 , 0,0,124052,0,X, 	(30-MAY-2025 15:48:09)
2,22 , 0,0,124052,0,X, 	(30-MAY-2025 15:48:09)
2,22 , 0,0,124052,0,X, 	(30-MAY-2025 15:48:09)
2,22 , 0,0,124052,0,X, 	(30-MAY-2025 15:48:09)
2,22 , 0,0,124052,0,X, 	(30-MAY-2025 15:48:09)
2,22 , 0,0,124052,0,X, 	(30-MAY-2025 15:48:09)
2,22 , 0,0,124052,0,X, 	(30-MAY-2025 15:48:09)
2,22 , 0,0,124052,0,X, 	(30-MAY-2025 15:48:09)
2,22 , 0,0,124052,0,X, 	(30-MAY-2025 15:48:09)
2,22 , 0,0,124052,0,X, 	(30-MAY-2025 15:48:09)
2,22 , 0,0,124052,0,X, 	(30-MAY-2025 15:48:09)
2,22 , 0,0,124052,0,X, 	(30-MAY-2025 15:48:09)
2,22 , 0,0,124052,0,X, 	(30-MAY-2025 15:48:09)
2,23 , 1,0,6,0,S, 	(30-MAY-2025 15:48:09)
2,23 , 1,0,6,0,S, 	(30-MAY-2025 15:48:09)
2,23 , 1,0,6,0,S, 	(30-MAY-2025 15:48:09)
2,23 , 1,0,6,0,S, 	(30-MAY-2025 15:48:09)
2,23 , 1,0,6,0,S, 	(30-MAY-2025 15:48:09)
2,23 , 1,0,6,0,S, 	(30-MAY-2025 15:48:09)
2,23 , 1,0,6,0,S, 	(30-MAY-2025 15:48:09)
2,23 , 1,0,6,0,S, 	(30-MAY-2025 15:48:09)
2,23 , 1,0,6,0,S, 	(30-MAY-2025 15:48:09)
2,23 , 1,0,6,0,S, 	(30-MAY-2025 15:48:09)
2,23 , 1,0,6,0,S, 	(30-MAY-2025 15:48:09)
2,23 , 1,0,6,0,S, 	(30-MAY-2025 15:48:09)
2,23 , 1,0,6,0,S, 	(30-MAY-2025 15:48:09)
2,23 , 1,0,6,0,S, 	(30-MAY-2025 15:48:09)
2,23 , 1,0,6,0,S, 	(30-MAY-2025 15:48:09)
2,23 , 1,0,6,0,S, 	(30-MAY-2025 15:48:09)
2,23 , 1,0,6,0,S, 	(30-MAY-2025 15:48:09)
2,23 , 1,0,6,0,S, 	(30-MAY-2025 15:48:09)
2,23 , 1,0,6,0,S, 	(30-MAY-2025 15:48:09)
2,23 , 1,0,6,0,S, 	(30-MAY-2025 15:48:09)
2,23 , 1,0,6,0,S, 	(30-MAY-2025 15:48:09)
2,23 , 1,0,6,0,S, 	(30-MAY-2025 15:48:09)
2,23 , 1,0,6,0,S, 	(30-MAY-2025 15:48:09)
2,23 , 1,0,6,0,S, 	(30-MAY-2025 15:48:09)
2,23 , 1,0,6,0,S, 	(30-MAY-2025 15:48:09)
2,23 , 1,0,6,0,S, 	(30-MAY-2025 15:48:09)
2,23 , 1,0,6,0,S, 	(30-MAY-2025 15:48:09)
2,23 , 1,0,6,0,S, 	(30-MAY-2025 15:48:09)
2,23 , 1,0,6,0,S, 	(30-MAY-2025 15:48:09)
2,23 , 1,0,6,0,S, 	(30-MAY-2025 15:48:09)
2,23 , 1,0,6,0,S, 	(30-MAY-2025 15:48:09)
2,23 , 1,0,6,0,S, 	(30-MAY-2025 15:48:09)
2,23 , 1,0,6,0,S, 	(30-MAY-2025 15:48:09)
2,23 , 1,0,6,0,S, 	(30-MAY-2025 15:48:09)
2,23 , 1,0,6,0,S, 	(30-MAY-2025 15:48:09)
2,23 , 1,0,6,0,S, 	(30-MAY-2025 15:48:09)
2,23 , 1,0,6,0,S, 	(30-MAY-2025 15:48:09)
2,23 , 1,0,6,0,S, 	(30-MAY-2025 15:48:09)
2,23 , 1,0,6,0,S, 	(30-MAY-2025 15:48:09)
2,23 , 1,0,6,0,S, 	(30-MAY-2025 15:48:09)
2,23 , 1,0,6,0,S, 	(30-MAY-2025 15:48:09)
2,23 , 1,0,6,0,S, 	(30-MAY-2025 15:48:09)
2,23 , 1,0,6,0,S, 	(30-MAY-2025 15:48:09)
2,23 , 1,0,6,0,S, 	(30-MAY-2025 15:48:09)
2,23 , 1,0,6,0,S, 	(30-MAY-2025 15:48:09)
2,23 , 1,0,6,0,S, 	(30-MAY-2025 15:48:09)
2,23 , 1,0,6,0,S, 	(30-MAY-2025 15:48:09)
2,23 , 1,0,6,0,S, 	(30-MAY-2025 15:48:09)
2,23 , 1,0,6,0,S, 	(30-MAY-2025 15:48:09)
2,23 , 1,0,6,0,S, 	(30-MAY-2025 15:48:09)
2,23 , 1,0,6,0,S, 	(30-MAY-2025 15:48:09)
2,23 , 1,0,6,0,S, 	(30-MAY-2025 15:48:09)
2,23 , 1,0,6,0,S, 	(30-MAY-2025 15:48:09)
2,23 , 1,0,6,0,S, 	(30-MAY-2025 15:48:09)
2,23 , 1,0,6,0,S, 	(30-MAY-2025 15:48:09)
2,23 , 1,0,6,0,S, 	(30-MAY-2025 15:48:09)
2,23 , 1,0,6,0,S, 	(30-MAY-2025 15:48:09)
2,23 , 1,0,6,0,S, 	(30-MAY-2025 15:48:09)
2,23 , 1,0,6,0,S, 	(30-MAY-2025 15:48:09)
2,23 , 1,0,6,0,S, 	(30-MAY-2025 15:48:09)
2,23 , 1,0,6,0,S, 	(30-MAY-2025 15:48:09)
2,23 , 1,0,6,0,S, 	(30-MAY-2025 15:48:09)
2,23 , 1,0,6,0,S, 	(30-MAY-2025 15:48:09)	 (Not Inserted)
2,23 , 1,0,6,0,S, 	(30-MAY-2025 15:48:09)	 (Not Inserted)
2,23 , 1,0,6,0,S, 	(30-MAY-2025 15:48:09)	 (Not Inserted)
2,23 , 1,0,6,0,S, 	(30-MAY-2025 15:48:09)	 (Not Inserted)
2,23 , 1,0,6,0,S, 	(30-MAY-2025 15:48:09)	 (Not Inserted)
2,23 , 1,0,6,0,S, 	(30-MAY-2025 15:48:09)	 (Not Inserted)
2,23 , 1,0,6,0,S, 	(30-MAY-2025 15:48:09)	 (Not Inserted)
2,23 , 1,0,6,0,S, 	(30-MAY-2025 15:48:09)	 (Not Inserted)
2,23 , 1,0,6,0,S, 	(30-MAY-2025 15:48:09)	 (Not Inserted)
2,23 , 1,0,6,0,S, 	(30-MAY-2025 15:48:09)	 (Not Inserted)
2,23 , 1,0,6,0,S, 	(30-MAY-2025 15:48:09)	 (Not Inserted)
2,23 , 1,0,6,0,S, 	(30-MAY-2025 15:48:09)	 (Not Inserted)
2,23 , 1,0,6,0,S, 	(30-MAY-2025 15:48:09)	 (Not Inserted)
2,23 , 1,0,6,0,S, 	(30-MAY-2025 15:48:09)	 (Not Inserted)
2,23 , 1,0,6,0,S, 	(30-MAY-2025 15:48:09)	 (Not Inserted)
2,23 , 1,0,6,0,S, 	(30-MAY-2025 15:48:09)	 (Not Inserted)
2,23 , 1,0,6,0,S, 	(30-MAY-2025 15:48:09)	 (Not Inserted)
2,23 , 1,0,6,0,S, 	(30-MAY-2025 15:48:09)	 (Not Inserted)
2,23 , 1,0,6,0,S, 	(30-MAY-2025 15:48:09)	 (Not Inserted)
2,23 , 1,0,6,0,S, 	(30-MAY-2025 15:48:09)	 (Not Inserted)
2,23 , 1,0,6,0,S, 	(30-MAY-2025 15:48:09)	 (Not Inserted)
2,23 , 1,0,6,0,S, 	(30-MAY-2025 15:48:09)	 (Not Inserted)
2,23 , 1,0,6,0,S, 	(30-MAY-2025 15:48:09)	 (Not Inserted)
2,23 , 1,0,6,0,S, 	(30-MAY-2025 15:48:09)	 (Not Inserted)
2,23 , 1,0,6,0,S, 	(30-MAY-2025 15:48:09)	 (Not Inserted)
2,23 , 1,0,6,0,S, 	(30-MAY-2025 15:48:09)	 (Not Inserted)
2,23 , 1,0,6,0,S, 	(30-MAY-2025 15:48:09)	 (Not Inserted)
2,23 , 1,0,6,0,S, 	(30-MAY-2025 15:48:09)	 (Not Inserted)
2,23 , 1,0,6,0,S, 	(30-MAY-2025 15:48:09)	 (Not Inserted)
2,23 , 1,0,6,0,S, 	(30-MAY-2025 15:48:09)	 (Not Inserted)
2,23 , 1,0,6,0,S, 	(30-MAY-2025 15:48:09)	 (Not Inserted)
2,23 , 1,0,6,0,S, 	(30-MAY-2025 15:48:09)	 (Not Inserted)
2,23 , 1,0,6,0,S, 	(30-MAY-2025 15:48:09)	 (Not Inserted)
2,23 , 1,0,6,0,S, 	(30-MAY-2025 15:48:09)	 (Not Inserted)
2,23 , 1,0,6,0,S, 	(30-MAY-2025 15:48:09)	 (Not Inserted)
2,23 , 1,0,6,0,S, 	(30-MAY-2025 15:48:09)	 (Not Inserted)
2,23 , 1,0,6,0,S, 	(30-MAY-2025 15:48:09)	 (Not Inserted)
2,23 , 1,0,6,0,S, 	(30-MAY-2025 15:48:09)	 (Not Inserted)
2,23 , 1,0,6,0,S, 	(30-MAY-2025 15:48:09)	 (Not Inserted)
2,23 , 1,0,6,0,S, 	(30-MAY-2025 15:48:09)	 (Not Inserted)
2,23 , 1,0,6,0,S, 	(30-MAY-2025 15:48:09)	 (Not Inserted)
2,23 , 1,0,6,0,S, 	(30-MAY-2025 15:48:09)	 (Not Inserted)
2,23 , 1,0,6,0,S, 	(30-MAY-2025 15:48:09)	 (Not Inserted)
2,23 , 1,0,6,0,S, 	(30-MAY-2025 15:48:09)	 (Not Inserted)
2,23 , 1,0,6,0,S, 	(30-MAY-2025 15:48:09)	 (Not Inserted)
2,23 , 1,0,6,0,S, 	(30-MAY-2025 15:48:09)	 (Not Inserted)
2,23 , 1,0,6,0,S, 	(30-MAY-2025 15:48:09)	 (Not Inserted)
2,23 , 1,0,6,0,S, 	(30-MAY-2025 15:48:09)	 (Not Inserted)
2,23 , 1,0,6,0,S, 	(30-MAY-2025 15:48:09)	 (Not Inserted)
2,23 , 1,0,6,0,S, 	(30-MAY-2025 15:48:09)	 (Not Inserted)
2,23 , 1,0,6,0,S, 	(30-MAY-2025 15:48:09)	 (Not Inserted)
2,23 , 1,0,6,0,S, 	(30-MAY-2025 15:48:09)	 (Not Inserted)
2,23 , 1,0,6,0,S, 	(30-MAY-2025 15:48:09)	 (Not Inserted)
2,23 , 1,0,6,0,S, 	(30-MAY-2025 15:48:09)	 (Not Inserted)
2,23 , 1,0,6,0,S, 	(30-MAY-2025 15:48:09)	 (Not Inserted)
2,23 , 1,0,6,0,S, 	(30-MAY-2025 15:48:09)	 (Not Inserted)
2,23 , 1,0,6,0,S, 	(30-MAY-2025 15:48:09)	 (Not Inserted)
2,23 , 1,0,6,0,S, 	(30-MAY-2025 15:48:09)	 (Not Inserted)
2,23 , 1,0,6,0,S, 	(30-MAY-2025 15:48:09)	 (Not Inserted)
2,23 , 1,0,6,0,S, 	(30-MAY-2025 15:48:09)	 (Not Inserted)
2,23 , 1,0,6,0,S, 	(30-MAY-2025 15:48:09)	 (Not Inserted)
2,23 , 1,0,6,0,S, 	(30-MAY-2025 15:48:09)	 (Not Inserted)
2,23 , 1,0,6,0,S, 	(30-MAY-2025 15:48:09)	 (Not Inserted)
2,23 , 1,0,6,0,S, 	(30-MAY-2025 15:48:09)	 (Not Inserted)
2,23 , 1,0,6,0,S, 	(30-MAY-2025 15:48:09)	 (Not Inserted)
2,23 , 1,0,6,0,S, 	(30-MAY-2025 15:48:09)	 (Not Inserted)
2,23 , 1,0,6,0,S, 	(30-MAY-2025 15:48:09)	 (Not Inserted)
2,23 , 1,0,6,0,S, 	(30-MAY-2025 15:48:09)	 (Not Inserted)
2,23 , 1,0,6,0,S, 	(30-MAY-2025 15:48:09)	 (Not Inserted)
2,23 , 1,0,6,0,S, 	(30-MAY-2025 15:48:09)	 (Not Inserted)
2,23 , 1,0,6,0,S, 	(30-MAY-2025 15:48:09)	 (Not Inserted)
2,23 , 1,0,6,0,S, 	(30-MAY-2025 15:48:09)	 (Not Inserted)
2,23 , 1,0,6,0,S, 	(30-MAY-2025 15:48:09)	 (Not Inserted)
2,23 , 1,0,6,0,S, 	(30-MAY-2025 15:48:09)	 (Not Inserted)
2,23 , 1,0,6,0,S, 	(30-MAY-2025 15:48:09)	 (Not Inserted)
2,23 , 1,0,6,0,S, 	(30-MAY-2025 15:48:09)	 (Not Inserted)
2,23 , 1,0,6,0,S, 	(30-MAY-2025 15:48:09)	 (Not Inserted)
2,23 , 1,0,6,0,S, 	(30-MAY-2025 15:48:09)	 (Not Inserted)
2,23 , 1,0,6,0,S, 	(30-MAY-2025 15:48:09)	 (Not Inserted)
2,23 , 1,0,6,0,S, 	(30-MAY-2025 15:48:09)	 (Not Inserted)
2,23 , 1,0,6,0,S, 	(30-MAY-2025 15:48:09)	 (Not Inserted)
2,23 , 1,0,6,0,S, 	(30-MAY-2025 15:48:09)	 (Not Inserted)
2,23 , 1,0,6,0,S, 	(30-MAY-2025 15:48:09)	 (Not Inserted)
2,23 , 1,0,6,0,S, 	(30-MAY-2025 15:48:09)	 (Not Inserted)
2,23 , 1,0,6,0,S, 	(30-MAY-2025 15:48:09)	 (Not Inserted)
2,23 , 1,0,6,0,S, 	(30-MAY-2025 15:48:09)	 (Not Inserted)
2,23 , 1,0,6,0,S, 	(30-MAY-2025 15:48:09)	 (Not Inserted)
2,23 , 1,0,6,0,S, 	(30-MAY-2025 15:48:09)	 (Not Inserted)
2,23 , 1,0,6,0,S, 	(30-MAY-2025 15:48:09)	 (Not Inserted)
2,23 , 1,0,6,0,S, 	(30-MAY-2025 15:48:09)	 (Not Inserted)
2,23 , 1,0,6,0,S, 	(30-MAY-2025 15:48:09)	 (Not Inserted)
2,23 , 1,0,6,0,S, 	(30-MAY-2025 15:48:09)	 (Not Inserted)
2,23 , 1,0,6,0,S, 	(30-MAY-2025 15:48:09)	 (Not Inserted)
2,23 , 1,0,6,0,S, 	(30-MAY-2025 15:48:09)	 (Not Inserted)
2,23 , 1,0,6,0,S, 	(30-MAY-2025 15:48:09)	 (Not Inserted)
2,23 , 1,0,6,0,S, 	(30-MAY-2025 15:48:09)	 (Not Inserted)
2,23 , 1,0,6,0,S, 	(30-MAY-2025 15:48:09)	 (Not Inserted)
2,23 , 1,0,6,0,S, 	(30-MAY-2025 15:48:09)	 (Not Inserted)
2,23 , 1,0,6,0,S, 	(30-MAY-2025 15:48:09)	 (Not Inserted)
2,23 , 1,0,6,0,S, 	(30-MAY-2025 15:48:09)	 (Not Inserted)
2,23 , 1,0,6,0,S, 	(30-MAY-2025 15:48:09)	 (Not Inserted)
2,23 , 1,0,6,0,S, 	(30-MAY-2025 15:48:09)	 (Not Inserted)
2,23 , 1,0,6,0,S, 	(30-MAY-2025 15:48:09)	 (Not Inserted)
2,23 , 1,0,6,0,S, 	(30-MAY-2025 15:48:09)	 (Not Inserted)
2,23 , 1,0,6,0,S, 	(30-MAY-2025 15:48:09)	 (Not Inserted)
2,23 , 1,0,6,0,S, 	(30-MAY-2025 15:48:09)	 (Not Inserted)
2,23 , 1,0,6,0,S, 	(30-MAY-2025 15:48:09)	 (Not Inserted)
2,23 , 1,0,6,0,S, 	(30-MAY-2025 15:48:09)	 (Not Inserted)
2,23 , 1,0,6,0,S, 	(30-MAY-2025 15:48:09)	 (Not Inserted)
2,23 , 1,0,6,0,S, 	(30-MAY-2025 15:48:09)	 (Not Inserted)
2,23 , 1,0,6,0,S, 	(30-MAY-2025 15:48:09)	 (Not Inserted)
2,23 , 1,0,6,0,S, 	(30-MAY-2025 15:48:09)	 (Not Inserted)
2,23 , 1,0,6,0,S, 	(30-MAY-2025 15:48:09)	 (Not Inserted)
2,23 , 1,0,6,0,S, 	(30-MAY-2025 15:48:09)	 (Not Inserted)
2,23 , 1,0,6,0,S, 	(30-MAY-2025 15:48:09)	 (Not Inserted)
2,23 , 1,0,6,0,S, 	(30-MAY-2025 15:48:09)	 (Not Inserted)
2,23 , 1,0,6,0,S, 	(30-MAY-2025 15:48:09)	 (Not Inserted)
2,23 , 1,0,6,0,S, 	(30-MAY-2025 15:48:09)	 (Not Inserted)
2,23 , 1,0,6,0,S, 	(30-MAY-2025 15:48:09)	 (Not Inserted)
2,23 , 1,0,6,0,S, 	(30-MAY-2025 15:48:09)	 (Not Inserted)
2,23 , 1,0,6,0,S, 	(30-MAY-2025 15:48:09)	 (Not Inserted)
2,23 , 1,0,6,0,S, 	(30-MAY-2025 15:48:09)	 (Not Inserted)
2,23 , 1,0,6,0,S, 	(30-MAY-2025 15:48:09)	 (Not Inserted)
2,23 , 1,0,6,0,S, 	(30-MAY-2025 15:48:09)	 (Not Inserted)
2,23 , 1,0,4,0,S, 	(30-MAY-2025 15:48:09)
2,23 , 1,0,4,0,S, 	(30-MAY-2025 15:48:09)
2,23 , 1,0,4,0,S, 	(30-MAY-2025 15:48:09)
2,23 , 1,0,4,0,S, 	(30-MAY-2025 15:48:09)
2,23 , 1,0,4,0,S, 	(30-MAY-2025 15:48:09)
2,23 , 1,0,4,0,S, 	(30-MAY-2025 15:48:09)
2,23 , 1,0,4,0,S, 	(30-MAY-2025 15:48:09)
2,23 , 1,0,4,0,S, 	(30-MAY-2025 15:48:09)
2,23 , 1,0,4,0,S, 	(30-MAY-2025 15:48:09)
2,23 , 1,0,4,0,S, 	(30-MAY-2025 15:48:09)
2,23 , 1,0,4,0,S, 	(30-MAY-2025 15:48:09)
2,23 , 1,0,4,0,S, 	(30-MAY-2025 15:48:09)
2,23 , 1,0,4,0,S, 	(30-MAY-2025 15:48:09)
2,23 , 1,0,4,0,S, 	(30-MAY-2025 15:48:09)
2,23 , 1,0,4,0,S, 	(30-MAY-2025 15:48:09)
2,23 , 1,0,4,0,S, 	(30-MAY-2025 15:48:09)
2,23 , 1,0,4,0,S, 	(30-MAY-2025 15:48:09)
2,23 , 1,0,4,0,S, 	(30-MAY-2025 15:48:09)
2,23 , 1,0,4,0,S, 	(30-MAY-2025 15:48:09)
2,23 , 1,0,4,0,S, 	(30-MAY-2025 15:48:09)
2,23 , 1,0,4,0,S, 	(30-MAY-2025 15:48:09)
2,23 , 1,0,4,0,S, 	(30-MAY-2025 15:48:09)
2,23 , 1,0,4,0,S, 	(30-MAY-2025 15:48:09)
2,23 , 1,0,4,0,S, 	(30-MAY-2025 15:48:09)
2,23 , 1,0,4,0,S, 	(30-MAY-2025 15:48:09)
2,23 , 1,0,4,0,S, 	(30-MAY-2025 15:48:09)
2,23 , 1,0,4,0,S, 	(30-MAY-2025 15:48:09)
2,23 , 1,0,4,0,S, 	(30-MAY-2025 15:48:09)
2,23 , 1,0,4,0,S, 	(30-MAY-2025 15:48:09)
2,23 , 1,0,4,0,S, 	(30-MAY-2025 15:48:09)
2,23 , 1,0,4,0,S, 	(30-MAY-2025 15:48:09)	 (Not Inserted)
2,23 , 1,0,4,0,S, 	(30-MAY-2025 15:48:09)	 (Not Inserted)
2,23 , 1,0,4,0,S, 	(30-MAY-2025 15:48:09)	 (Not Inserted)
2,23 , 1,0,4,0,S, 	(30-MAY-2025 15:48:09)	 (Not Inserted)
2,23 , 1,0,4,0,S, 	(30-MAY-2025 15:48:09)	 (Not Inserted)
2,23 , 1,0,4,0,S, 	(30-MAY-2025 15:48:09)	 (Not Inserted)
2,23 , 1,0,4,0,S, 	(30-MAY-2025 15:48:09)	 (Not Inserted)
2,23 , 1,0,4,0,S, 	(30-MAY-2025 15:48:09)	 (Not Inserted)
2,23 , 1,0,4,0,S, 	(30-MAY-2025 15:48:09)	 (Not Inserted)
2,23 , 1,0,4,0,S, 	(30-MAY-2025 15:48:09)	 (Not Inserted)
2,23 , 1,0,4,0,S, 	(30-MAY-2025 15:48:09)	 (Not Inserted)
2,23 , 1,0,4,0,S, 	(30-MAY-2025 15:48:09)	 (Not Inserted)
2,23 , 1,0,4,0,S, 	(30-MAY-2025 15:48:09)	 (Not Inserted)
2,23 , 1,0,4,0,S, 	(30-MAY-2025 15:48:09)	 (Not Inserted)
2,23 , 1,0,4,0,S, 	(30-MAY-2025 15:48:09)	 (Not Inserted)
2,23 , 1,0,4,0,S, 	(30-MAY-2025 15:48:09)	 (Not Inserted)
2,23 , 1,0,4,0,S, 	(30-MAY-2025 15:48:09)	 (Not Inserted)
2,23 , 1,0,4,0,S, 	(30-MAY-2025 15:48:09)	 (Not Inserted)
2,23 , 1,0,4,0,S, 	(30-MAY-2025 15:48:09)	 (Not Inserted)
2,23 , 1,0,4,0,S, 	(30-MAY-2025 15:48:09)	 (Not Inserted)
2,23 , 1,0,4,0,S, 	(30-MAY-2025 15:48:09)	 (Not Inserted)
2,23 , 1,0,4,0,S, 	(30-MAY-2025 15:48:09)	 (Not Inserted)
2,23 , 1,0,4,0,S, 	(30-MAY-2025 15:48:09)	 (Not Inserted)
2,23 , 1,0,4,0,S, 	(30-MAY-2025 15:48:09)	 (Not Inserted)
2,23 , 1,0,4,0,S, 	(30-MAY-2025 15:48:09)	 (Not Inserted)
2,23 , 1,0,4,0,S, 	(30-MAY-2025 15:48:09)	 (Not Inserted)
2,23 , 1,0,4,0,S, 	(30-MAY-2025 15:48:09)	 (Not Inserted)
2,23 , 1,0,4,0,S, 	(30-MAY-2025 15:48:09)	 (Not Inserted)
2,23 , 1,0,4,0,S, 	(30-MAY-2025 15:48:09)	 (Not Inserted)
2,23 , 1,0,4,0,S, 	(30-MAY-2025 15:48:09)	 (Not Inserted)
2,23 , 1,0,4,0,S, 	(30-MAY-2025 15:48:09)	 (Not Inserted)
2,23 , 1,0,4,0,S, 	(30-MAY-2025 15:48:09)	 (Not Inserted)
2,23 , 1,0,4,0,S, 	(30-MAY-2025 15:48:09)	 (Not Inserted)
2,23 , 1,0,4,0,S, 	(30-MAY-2025 15:48:09)	 (Not Inserted)
2,23 , 1,0,4,0,S, 	(30-MAY-2025 15:48:09)	 (Not Inserted)
2,23 , 1,0,4,0,S, 	(30-MAY-2025 15:48:09)	 (Not Inserted)
2,23 , 1,0,4,0,S, 	(30-MAY-2025 15:48:09)	 (Not Inserted)
2,23 , 1,0,4,0,S, 	(30-MAY-2025 15:48:09)	 (Not Inserted)
2,23 , 1,0,4,0,S, 	(30-MAY-2025 15:48:09)	 (Not Inserted)
2,23 , 1,0,4,0,S, 	(30-MAY-2025 15:48:09)	 (Not Inserted)
2,23 , 1,0,4,0,S, 	(30-MAY-2025 15:48:09)	 (Not Inserted)
2,23 , 1,0,4,0,S, 	(30-MAY-2025 15:48:09)	 (Not Inserted)
2,23 , 1,0,4,0,S, 	(30-MAY-2025 15:48:09)	 (Not Inserted)
2,23 , 1,0,4,0,S, 	(30-MAY-2025 15:48:09)	 (Not Inserted)
2,23 , 1,0,4,0,S, 	(30-MAY-2025 15:48:09)	 (Not Inserted)
2,23 , 1,0,4,0,S, 	(30-MAY-2025 15:48:09)	 (Not Inserted)
2,23 , 1,0,4,0,S, 	(30-MAY-2025 15:48:09)	 (Not Inserted)
2,23 , 1,0,4,0,S, 	(30-MAY-2025 15:48:09)	 (Not Inserted)
2,23 , 1,0,4,0,S, 	(30-MAY-2025 15:48:09)	 (Not Inserted)
2,23 , 1,0,4,0,S, 	(30-MAY-2025 15:48:09)	 (Not Inserted)
2,23 , 1,0,4,0,S, 	(30-MAY-2025 15:48:09)	 (Not Inserted)
2,23 , 1,0,4,0,S, 	(30-MAY-2025 15:48:09)	 (Not Inserted)
2,23 , 1,0,4,0,S, 	(30-MAY-2025 15:48:09)	 (Not Inserted)
2,23 , 1,0,4,0,S, 	(30-MAY-2025 15:48:09)	 (Not Inserted)
2,23 , 1,0,4,0,S, 	(30-MAY-2025 15:48:09)	 (Not Inserted)
2,23 , 1,0,4,0,S, 	(30-MAY-2025 15:48:09)	 (Not Inserted)
2,23 , 1,0,4,0,S, 	(30-MAY-2025 15:48:09)	 (Not Inserted)
2,23 , 1,0,4,0,S, 	(30-MAY-2025 15:48:09)	 (Not Inserted)
2,23 , 1,0,4,0,S, 	(30-MAY-2025 15:48:09)	 (Not Inserted)
2,23 , 1,0,4,0,S, 	(30-MAY-2025 15:48:09)	 (Not Inserted)
2,23 , 1,0,5,0,S, 	(30-MAY-2025 15:48:09)
2,23 , 1,0,5,0,S, 	(30-MAY-2025 15:48:09)
2,23 , 1,0,5,0,S, 	(30-MAY-2025 15:48:09)
2,23 , 1,0,5,0,S, 	(30-MAY-2025 15:48:09)
2,23 , 1,0,5,0,S, 	(30-MAY-2025 15:48:09)
2,23 , 1,0,5,0,S, 	(30-MAY-2025 15:48:09)
2,23 , 1,0,5,0,S, 	(30-MAY-2025 15:48:09)
2,23 , 1,0,5,0,S, 	(30-MAY-2025 15:48:09)
2,23 , 1,0,5,0,S, 	(30-MAY-2025 15:48:09)
2,23 , 1,0,5,0,S, 	(30-MAY-2025 15:48:09)
2,23 , 1,0,5,0,S, 	(30-MAY-2025 15:48:09)
2,23 , 1,0,5,0,S, 	(30-MAY-2025 15:48:09)
2,23 , 1,0,5,0,S, 	(30-MAY-2025 15:48:09)
2,23 , 1,0,5,0,S, 	(30-MAY-2025 15:48:09)
2,23 , 1,0,5,0,S, 	(30-MAY-2025 15:48:09)
2,23 , 1,0,5,0,S, 	(30-MAY-2025 15:48:09)
2,23 , 1,0,5,0,S, 	(30-MAY-2025 15:48:09)
2,23 , 1,0,5,0,S, 	(30-MAY-2025 15:48:09)
2,23 , 1,0,5,0,S, 	(30-MAY-2025 15:48:10)
2,23 , 1,0,5,0,S, 	(30-MAY-2025 15:48:10)
2,23 , 1,0,5,0,S, 	(30-MAY-2025 15:48:10)
2,23 , 1,0,5,0,S, 	(30-MAY-2025 15:48:10)
2,23 , 1,0,5,0,S, 	(30-MAY-2025 15:48:10)
2,23 , 1,0,5,0,S, 	(30-MAY-2025 15:48:10)
2,23 , 1,0,5,0,S, 	(30-MAY-2025 15:48:10)
2,23 , 1,0,5,0,S, 	(30-MAY-2025 15:48:10)
2,23 , 1,0,5,0,S, 	(30-MAY-2025 15:48:10)
2,23 , 1,0,5,0,S, 	(30-MAY-2025 15:48:10)
2,23 , 1,0,5,0,S, 	(30-MAY-2025 15:48:10)
2,23 , 1,0,5,0,S, 	(30-MAY-2025 15:48:10)
2,23 , 1,0,5,0,S, 	(30-MAY-2025 15:48:10)
2,23 , 1,0,5,0,S, 	(30-MAY-2025 15:48:10)
2,23 , 1,0,5,0,S, 	(30-MAY-2025 15:48:10)
2,23 , 1,0,5,0,S, 	(30-MAY-2025 15:48:10)
2,23 , 1,0,5,0,S, 	(30-MAY-2025 15:48:10)
2,23 , 1,0,5,0,S, 	(30-MAY-2025 15:48:10)
2,23 , 1,0,5,0,S, 	(30-MAY-2025 15:48:10)
2,23 , 1,0,5,0,S, 	(30-MAY-2025 15:48:10)
2,23 , 1,0,5,0,S, 	(30-MAY-2025 15:48:10)
2,23 , 1,0,5,0,S, 	(30-MAY-2025 15:48:10)
2,23 , 1,0,5,0,S, 	(30-MAY-2025 15:48:10)
2,23 , 1,0,5,0,S, 	(30-MAY-2025 15:48:10)
2,23 , 1,0,5,0,S, 	(30-MAY-2025 15:48:10)
2,23 , 1,0,5,0,S, 	(30-MAY-2025 15:48:10)
2,23 , 1,0,5,0,S, 	(30-MAY-2025 15:48:10)
2,23 , 1,0,5,0,S, 	(30-MAY-2025 15:48:10)
2,23 , 1,0,5,0,S, 	(30-MAY-2025 15:48:10)
2,23 , 1,0,5,0,S, 	(30-MAY-2025 15:48:10)
2,23 , 1,0,5,0,S, 	(30-MAY-2025 15:48:10)
2,23 , 1,0,5,0,S, 	(30-MAY-2025 15:48:10)
2,23 , 1,0,5,0,S, 	(30-MAY-2025 15:48:10)
2,23 , 1,0,5,0,S, 	(30-MAY-2025 15:48:10)
2,23 , 1,0,5,0,S, 	(30-MAY-2025 15:48:10)
2,23 , 1,0,5,0,S, 	(30-MAY-2025 15:48:10)
2,23 , 1,0,5,0,S, 	(30-MAY-2025 15:48:10)
2,23 , 1,0,5,0,S, 	(30-MAY-2025 15:48:10)
2,23 , 1,0,5,0,S, 	(30-MAY-2025 15:48:10)
2,23 , 1,0,5,0,S, 	(30-MAY-2025 15:48:10)
2,23 , 1,0,5,0,S, 	(30-MAY-2025 15:48:10)
2,23 , 1,0,5,0,S, 	(30-MAY-2025 15:48:10)
2,23 , 1,0,5,0,S, 	(30-MAY-2025 15:48:10)	 (Not Inserted)
2,23 , 1,0,5,0,S, 	(30-MAY-2025 15:48:10)	 (Not Inserted)
2,23 , 1,0,5,0,S, 	(30-MAY-2025 15:48:10)	 (Not Inserted)
2,23 , 1,0,5,0,S, 	(30-MAY-2025 15:48:10)	 (Not Inserted)
2,23 , 1,0,5,0,S, 	(30-MAY-2025 15:48:10)	 (Not Inserted)
2,23 , 1,0,5,0,S, 	(30-MAY-2025 15:48:10)	 (Not Inserted)
2,23 , 1,0,5,0,S, 	(30-MAY-2025 15:48:10)	 (Not Inserted)
2,23 , 1,0,5,0,S, 	(30-MAY-2025 15:48:10)	 (Not Inserted)
2,23 , 1,0,5,0,S, 	(30-MAY-2025 15:48:10)	 (Not Inserted)
2,23 , 1,0,5,0,S, 	(30-MAY-2025 15:48:10)	 (Not Inserted)
2,23 , 1,0,5,0,S, 	(30-MAY-2025 15:48:10)	 (Not Inserted)
2,23 , 1,0,5,0,S, 	(30-MAY-2025 15:48:10)	 (Not Inserted)
2,23 , 1,0,5,0,S, 	(30-MAY-2025 15:48:10)	 (Not Inserted)
2,23 , 1,0,5,0,S, 	(30-MAY-2025 15:48:10)	 (Not Inserted)
2,23 , 1,0,5,0,S, 	(30-MAY-2025 15:48:10)	 (Not Inserted)
2,23 , 1,0,5,0,S, 	(30-MAY-2025 15:48:10)	 (Not Inserted)
2,23 , 1,0,5,0,S, 	(30-MAY-2025 15:48:10)	 (Not Inserted)
2,23 , 1,0,5,0,S, 	(30-MAY-2025 15:48:10)	 (Not Inserted)
2,23 , 1,0,5,0,S, 	(30-MAY-2025 15:48:10)	 (Not Inserted)
2,23 , 1,0,5,0,S, 	(30-MAY-2025 15:48:10)	 (Not Inserted)
2,23 , 1,0,5,0,S, 	(30-MAY-2025 15:48:10)	 (Not Inserted)
2,23 , 1,0,5,0,S, 	(30-MAY-2025 15:48:10)	 (Not Inserted)
2,23 , 1,0,5,0,S, 	(30-MAY-2025 15:48:10)	 (Not Inserted)
2,23 , 1,0,5,0,S, 	(30-MAY-2025 15:48:10)	 (Not Inserted)
2,23 , 1,0,5,0,S, 	(30-MAY-2025 15:48:10)	 (Not Inserted)
2,23 , 1,0,5,0,S, 	(30-MAY-2025 15:48:10)	 (Not Inserted)
2,23 , 1,0,5,0,S, 	(30-MAY-2025 15:48:10)	 (Not Inserted)
2,23 , 1,0,5,0,S, 	(30-MAY-2025 15:48:10)	 (Not Inserted)
2,23 , 1,0,5,0,S, 	(30-MAY-2025 15:48:10)	 (Not Inserted)
2,23 , 1,0,5,0,S, 	(30-MAY-2025 15:48:10)	 (Not Inserted)
2,23 , 1,0,5,0,S, 	(30-MAY-2025 15:48:10)	 (Not Inserted)
2,23 , 1,0,5,0,S, 	(30-MAY-2025 15:48:10)	 (Not Inserted)
2,23 , 1,0,5,0,S, 	(30-MAY-2025 15:48:10)	 (Not Inserted)
2,23 , 1,0,5,0,S, 	(30-MAY-2025 15:48:10)	 (Not Inserted)
2,23 , 1,0,5,0,S, 	(30-MAY-2025 15:48:10)	 (Not Inserted)
2,23 , 1,0,5,0,S, 	(30-MAY-2025 15:48:10)	 (Not Inserted)
2,23 , 1,0,5,0,S, 	(30-MAY-2025 15:48:10)	 (Not Inserted)
2,23 , 1,0,5,0,S, 	(30-MAY-2025 15:48:10)	 (Not Inserted)
2,23 , 1,0,5,0,S, 	(30-MAY-2025 15:48:10)	 (Not Inserted)
2,23 , 1,0,5,0,S, 	(30-MAY-2025 15:48:10)	 (Not Inserted)
2,23 , 1,0,5,0,S, 	(30-MAY-2025 15:48:10)	 (Not Inserted)
2,23 , 1,0,5,0,S, 	(30-MAY-2025 15:48:10)	 (Not Inserted)
2,23 , 1,0,5,0,S, 	(30-MAY-2025 15:48:10)	 (Not Inserted)
2,23 , 1,0,5,0,S, 	(30-MAY-2025 15:48:10)	 (Not Inserted)
2,23 , 1,0,5,0,S, 	(30-MAY-2025 15:48:10)	 (Not Inserted)
2,23 , 1,0,5,0,S, 	(30-MAY-2025 15:48:10)	 (Not Inserted)
2,23 , 1,0,5,0,S, 	(30-MAY-2025 15:48:10)	 (Not Inserted)
2,23 , 1,0,5,0,S, 	(30-MAY-2025 15:48:10)	 (Not Inserted)
2,23 , 1,0,5,0,S, 	(30-MAY-2025 15:48:10)	 (Not Inserted)
2,23 , 1,0,5,0,S, 	(30-MAY-2025 15:48:10)	 (Not Inserted)
2,23 , 1,0,5,0,S, 	(30-MAY-2025 15:48:10)	 (Not Inserted)
2,23 , 1,0,5,0,S, 	(30-MAY-2025 15:48:10)	 (Not Inserted)
2,23 , 1,0,5,0,S, 	(30-MAY-2025 15:48:10)	 (Not Inserted)
2,23 , 1,0,5,0,S, 	(30-MAY-2025 15:48:10)	 (Not Inserted)
2,23 , 1,0,5,0,S, 	(30-MAY-2025 15:48:10)	 (Not Inserted)
2,23 , 1,0,5,0,S, 	(30-MAY-2025 15:48:10)	 (Not Inserted)
2,23 , 1,0,5,0,S, 	(30-MAY-2025 15:48:10)	 (Not Inserted)
2,23 , 1,0,5,0,S, 	(30-MAY-2025 15:48:10)	 (Not Inserted)
2,23 , 1,0,5,0,S, 	(30-MAY-2025 15:48:10)	 (Not Inserted)
2,23 , 1,0,5,0,S, 	(30-MAY-2025 15:48:10)	 (Not Inserted)
2,23 , 1,0,5,0,S, 	(30-MAY-2025 15:48:10)	 (Not Inserted)
2,23 , 1,0,5,0,S, 	(30-MAY-2025 15:48:10)	 (Not Inserted)
2,23 , 1,0,5,0,S, 	(30-MAY-2025 15:48:10)	 (Not Inserted)
2,23 , 1,0,5,0,S, 	(30-MAY-2025 15:48:10)	 (Not Inserted)
2,23 , 1,0,5,0,S, 	(30-MAY-2025 15:48:10)	 (Not Inserted)
2,23 , 1,0,5,0,S, 	(30-MAY-2025 15:48:10)	 (Not Inserted)
2,23 , 1,0,5,0,S, 	(30-MAY-2025 15:48:10)	 (Not Inserted)
2,23 , 1,0,5,0,S, 	(30-MAY-2025 15:48:10)	 (Not Inserted)
2,23 , 1,0,5,0,S, 	(30-MAY-2025 15:48:10)	 (Not Inserted)
2,23 , 1,0,5,0,S, 	(30-MAY-2025 15:48:10)	 (Not Inserted)
2,23 , 1,0,5,0,S, 	(30-MAY-2025 15:48:10)	 (Not Inserted)
2,23 , 1,0,5,0,S, 	(30-MAY-2025 15:48:10)	 (Not Inserted)
2,23 , 1,0,5,0,S, 	(30-MAY-2025 15:48:10)	 (Not Inserted)
2,23 , 1,0,5,0,S, 	(30-MAY-2025 15:48:10)	 (Not Inserted)
2,23 , 1,0,5,0,S, 	(30-MAY-2025 15:48:10)	 (Not Inserted)
2,23 , 1,0,5,0,S, 	(30-MAY-2025 15:48:10)	 (Not Inserted)
2,23 , 1,0,5,0,S, 	(30-MAY-2025 15:48:10)	 (Not Inserted)
2,23 , 1,0,5,0,S, 	(30-MAY-2025 15:48:10)	 (Not Inserted)
2,23 , 1,0,5,0,S, 	(30-MAY-2025 15:48:10)	 (Not Inserted)
2,23 , 1,0,5,0,S, 	(30-MAY-2025 15:48:10)	 (Not Inserted)
2,23 , 1,0,5,0,S, 	(30-MAY-2025 15:48:10)	 (Not Inserted)
2,23 , 1,0,5,0,S, 	(30-MAY-2025 15:48:10)	 (Not Inserted)
2,23 , 1,0,5,0,S, 	(30-MAY-2025 15:48:10)	 (Not Inserted)
2,23 , 1,0,5,0,S, 	(30-MAY-2025 15:48:10)	 (Not Inserted)
2,23 , 1,0,5,0,S, 	(30-MAY-2025 15:48:10)	 (Not Inserted)
2,23 , 1,0,5,0,S, 	(30-MAY-2025 15:48:10)	 (Not Inserted)
2,23 , 1,0,5,0,S, 	(30-MAY-2025 15:48:10)	 (Not Inserted)
2,23 , 1,0,5,0,S, 	(30-MAY-2025 15:48:10)	 (Not Inserted)
2,23 , 1,0,5,0,S, 	(30-MAY-2025 15:48:10)	 (Not Inserted)
2,23 , 1,0,5,0,S, 	(30-MAY-2025 15:48:10)	 (Not Inserted)
2,23 , 1,0,5,0,S, 	(30-MAY-2025 15:48:10)	 (Not Inserted)
2,23 , 1,0,5,0,S, 	(30-MAY-2025 15:48:10)	 (Not Inserted)
2,23 , 1,0,5,0,S, 	(30-MAY-2025 15:48:10)	 (Not Inserted)
2,23 , 1,0,5,0,S, 	(30-MAY-2025 15:48:10)	 (Not Inserted)
2,23 , 1,0,5,0,S, 	(30-MAY-2025 15:48:10)	 (Not Inserted)
2,23 , 1,0,5,0,S, 	(30-MAY-2025 15:48:10)	 (Not Inserted)
2,23 , 1,0,5,0,S, 	(30-MAY-2025 15:48:10)	 (Not Inserted)
2,23 , 1,0,5,0,S, 	(30-MAY-2025 15:48:10)	 (Not Inserted)
2,23 , 1,0,5,0,S, 	(30-MAY-2025 15:48:10)	 (Not Inserted)
2,23 , 1,0,5,0,S, 	(30-MAY-2025 15:48:10)	 (Not Inserted)
2,23 , 1,0,5,0,S, 	(30-MAY-2025 15:48:10)	 (Not Inserted)
2,23 , 1,0,5,0,S, 	(30-MAY-2025 15:48:10)	 (Not Inserted)
2,23 , 1,0,5,0,S, 	(30-MAY-2025 15:48:10)	 (Not Inserted)
2,23 , 1,0,5,0,S, 	(30-MAY-2025 15:48:10)	 (Not Inserted)
2,23 , 1,0,5,0,S, 	(30-MAY-2025 15:48:10)	 (Not Inserted)
2,23 , 1,0,5,0,S, 	(30-MAY-2025 15:48:10)	 (Not Inserted)
2,23 , 1,0,5,0,S, 	(30-MAY-2025 15:48:10)	 (Not Inserted)
2,23 , 1,0,5,0,S, 	(30-MAY-2025 15:48:10)	 (Not Inserted)
2,23 , 1,0,5,0,S, 	(30-MAY-2025 15:48:10)	 (Not Inserted)
2,23 , 1,0,5,0,S, 	(30-MAY-2025 15:48:10)	 (Not Inserted)
2,23 , 1,0,5,0,S, 	(30-MAY-2025 15:48:10)	 (Not Inserted)
2,23 , 1,0,5,0,S, 	(30-MAY-2025 15:48:10)	 (Not Inserted)
2,23 , 1,0,5,0,S, 	(30-MAY-2025 15:48:10)	 (Not Inserted)
2,23 , 1,0,5,0,S, 	(30-MAY-2025 15:48:10)	 (Not Inserted)
2,23 , 1,0,5,0,S, 	(30-MAY-2025 15:48:10)	 (Not Inserted)
2,23 , 1,0,5,0,S, 	(30-MAY-2025 15:48:10)	 (Not Inserted)
2,23 , 1,0,5,0,S, 	(30-MAY-2025 15:48:10)	 (Not Inserted)
2,23 , 1,0,5,0,S, 	(30-MAY-2025 15:48:10)	 (Not Inserted)
2,23 , 1,0,5,0,S, 	(30-MAY-2025 15:48:10)	 (Not Inserted)
2,23 , 1,0,5,0,S, 	(30-MAY-2025 15:48:10)	 (Not Inserted)
2,23 , 1,0,7,0,S, 	(30-MAY-2025 15:48:10)
2,23 , 1,0,7,0,S, 	(30-MAY-2025 15:48:10)
2,23 , 1,0,7,0,S, 	(30-MAY-2025 15:48:10)
2,23 , 1,0,7,0,S, 	(30-MAY-2025 15:48:10)
2,23 , 1,0,7,0,S, 	(30-MAY-2025 15:48:10)
2,23 , 1,0,7,0,S, 	(30-MAY-2025 15:48:10)
2,23 , 1,0,7,0,S, 	(30-MAY-2025 15:48:10)
2,23 , 1,0,7,0,S, 	(30-MAY-2025 15:48:10)
2,23 , 1,0,7,0,S, 	(30-MAY-2025 15:48:10)
2,23 , 1,0,7,0,S, 	(30-MAY-2025 15:48:10)
2,23 , 1,0,7,0,S, 	(30-MAY-2025 15:48:10)
2,23 , 1,0,7,0,S, 	(30-MAY-2025 15:48:10)
2,23 , 1,0,7,0,S, 	(30-MAY-2025 15:48:10)
2,23 , 1,0,7,0,S, 	(30-MAY-2025 15:48:10)
2,23 , 1,0,7,0,S, 	(30-MAY-2025 15:48:10)
2,23 , 1,0,7,0,S, 	(30-MAY-2025 15:48:10)
2,23 , 1,0,7,0,S, 	(30-MAY-2025 15:48:10)
2,23 , 1,0,7,0,S, 	(30-MAY-2025 15:48:10)
2,23 , 1,0,7,0,S, 	(30-MAY-2025 15:48:10)
2,23 , 1,0,7,0,S, 	(30-MAY-2025 15:48:10)
2,23 , 1,0,7,0,S, 	(30-MAY-2025 15:48:10)
2,23 , 1,0,7,0,S, 	(30-MAY-2025 15:48:10)
2,23 , 1,0,7,0,S, 	(30-MAY-2025 15:48:10)
2,23 , 1,0,7,0,S, 	(30-MAY-2025 15:48:10)
2,23 , 1,0,7,0,S, 	(30-MAY-2025 15:48:10)
2,23 , 1,0,7,0,S, 	(30-MAY-2025 15:48:10)
2,23 , 1,0,7,0,S, 	(30-MAY-2025 15:48:10)
2,23 , 1,0,7,0,S, 	(30-MAY-2025 15:48:10)
2,23 , 1,0,7,0,S, 	(30-MAY-2025 15:48:10)	 (Not Inserted)
2,23 , 1,0,7,0,S, 	(30-MAY-2025 15:48:10)	 (Not Inserted)
2,23 , 1,0,7,0,S, 	(30-MAY-2025 15:48:10)	 (Not Inserted)
2,23 , 1,0,7,0,S, 	(30-MAY-2025 15:48:10)	 (Not Inserted)
2,23 , 1,0,7,0,S, 	(30-MAY-2025 15:48:10)	 (Not Inserted)
2,23 , 1,0,7,0,S, 	(30-MAY-2025 15:48:10)	 (Not Inserted)
2,23 , 1,0,7,0,S, 	(30-MAY-2025 15:48:10)	 (Not Inserted)
2,23 , 1,0,7,0,S, 	(30-MAY-2025 15:48:10)	 (Not Inserted)
2,23 , 1,0,7,0,S, 	(30-MAY-2025 15:48:10)	 (Not Inserted)
2,23 , 1,0,7,0,S, 	(30-MAY-2025 15:48:10)	 (Not Inserted)
2,23 , 1,0,7,0,S, 	(30-MAY-2025 15:48:10)	 (Not Inserted)
2,23 , 1,0,7,0,S, 	(30-MAY-2025 15:48:10)	 (Not Inserted)
2,23 , 1,0,7,0,S, 	(30-MAY-2025 15:48:10)	 (Not Inserted)
2,23 , 1,0,7,0,S, 	(30-MAY-2025 15:48:10)	 (Not Inserted)
2,23 , 1,0,7,0,S, 	(30-MAY-2025 15:48:10)	 (Not Inserted)
2,23 , 1,0,7,0,S, 	(30-MAY-2025 15:48:10)	 (Not Inserted)
2,23 , 1,0,7,0,S, 	(30-MAY-2025 15:48:10)	 (Not Inserted)
2,23 , 1,0,7,0,S, 	(30-MAY-2025 15:48:10)	 (Not Inserted)
2,23 , 1,0,7,0,S, 	(30-MAY-2025 15:48:10)	 (Not Inserted)
2,23 , 1,0,7,0,S, 	(30-MAY-2025 15:48:10)	 (Not Inserted)
2,23 , 1,0,7,0,S, 	(30-MAY-2025 15:48:10)	 (Not Inserted)
2,23 , 1,0,7,0,S, 	(30-MAY-2025 15:48:10)	 (Not Inserted)
2,23 , 1,0,7,0,S, 	(30-MAY-2025 15:48:10)	 (Not Inserted)
2,23 , 1,0,7,0,S, 	(30-MAY-2025 15:48:10)	 (Not Inserted)
2,23 , 1,0,7,0,S, 	(30-MAY-2025 15:48:10)	 (Not Inserted)
2,23 , 1,0,7,0,S, 	(30-MAY-2025 15:48:10)	 (Not Inserted)
2,23 , 1,0,7,0,S, 	(30-MAY-2025 15:48:10)	 (Not Inserted)
2,23 , 1,0,7,0,S, 	(30-MAY-2025 15:48:10)	 (Not Inserted)
2,23 , 1,0,7,0,S, 	(30-MAY-2025 15:48:10)	 (Not Inserted)
2,23 , 1,0,7,0,S, 	(30-MAY-2025 15:48:10)	 (Not Inserted)
2,23 , 1,0,7,0,S, 	(30-MAY-2025 15:48:10)	 (Not Inserted)
2,23 , 1,0,7,0,S, 	(30-MAY-2025 15:48:10)	 (Not Inserted)
2,23 , 1,0,7,0,S, 	(30-MAY-2025 15:48:10)	 (Not Inserted)
2,23 , 1,0,7,0,S, 	(30-MAY-2025 15:48:10)	 (Not Inserted)
2,23 , 1,0,7,0,S, 	(30-MAY-2025 15:48:10)	 (Not Inserted)
2,23 , 1,0,7,0,S, 	(30-MAY-2025 15:48:10)	 (Not Inserted)
2,23 , 1,0,7,0,S, 	(30-MAY-2025 15:48:10)	 (Not Inserted)
2,23 , 1,0,7,0,S, 	(30-MAY-2025 15:48:10)	 (Not Inserted)
2,23 , 1,0,7,0,S, 	(30-MAY-2025 15:48:10)	 (Not Inserted)
2,23 , 1,0,7,0,S, 	(30-MAY-2025 15:48:10)	 (Not Inserted)
2,23 , 1,0,7,0,S, 	(30-MAY-2025 15:48:10)	 (Not Inserted)
2,23 , 1,0,7,0,S, 	(30-MAY-2025 15:48:10)	 (Not Inserted)
2,23 , 1,0,7,0,S, 	(30-MAY-2025 15:48:10)	 (Not Inserted)
2,23 , 1,0,7,0,S, 	(30-MAY-2025 15:48:10)	 (Not Inserted)
2,23 , 1,0,7,0,S, 	(30-MAY-2025 15:48:10)	 (Not Inserted)
2,23 , 1,0,7,0,S, 	(30-MAY-2025 15:48:10)	 (Not Inserted)
2,23 , 1,0,7,0,S, 	(30-MAY-2025 15:48:10)	 (Not Inserted)
2,23 , 1,0,7,0,S, 	(30-MAY-2025 15:48:10)	 (Not Inserted)
2,23 , 1,0,7,0,S, 	(30-MAY-2025 15:48:10)	 (Not Inserted)
2,23 , 1,0,7,0,S, 	(30-MAY-2025 15:48:10)	 (Not Inserted)
2,23 , 1,0,7,0,S, 	(30-MAY-2025 15:48:10)	 (Not Inserted)
2,23 , 1,0,7,0,S, 	(30-MAY-2025 15:48:10)	 (Not Inserted)
2,23 , 1,0,7,0,S, 	(30-MAY-2025 15:48:10)	 (Not Inserted)
2,23 , 1,0,7,0,S, 	(30-MAY-2025 15:48:10)	 (Not Inserted)
2,23 , 1,0,7,0,S, 	(30-MAY-2025 15:48:10)	 (Not Inserted)
2,23 , 1,0,7,0,S, 	(30-MAY-2025 15:48:10)	 (Not Inserted)
2,23 , 1,0,10,0,S, 	(30-MAY-2025 15:48:10)
2,23 , 1,0,10,0,S, 	(30-MAY-2025 15:48:10)
2,23 , 1,0,10,0,S, 	(30-MAY-2025 15:48:10)
2,23 , 1,0,10,0,S, 	(30-MAY-2025 15:48:10)
2,23 , 1,0,10,0,S, 	(30-MAY-2025 15:48:10)
2,23 , 1,0,10,0,S, 	(30-MAY-2025 15:48:10)
2,23 , 1,0,10,0,S, 	(30-MAY-2025 15:48:10)
2,23 , 1,0,10,0,S, 	(30-MAY-2025 15:48:10)
2,23 , 1,0,10,0,S, 	(30-MAY-2025 15:48:10)
2,23 , 1,0,10,0,S, 	(30-MAY-2025 15:48:10)
2,23 , 1,0,10,0,S, 	(30-MAY-2025 15:48:10)
2,23 , 1,0,10,0,S, 	(30-MAY-2025 15:48:10)
2,23 , 1,0,10,0,S, 	(30-MAY-2025 15:48:10)
2,23 , 1,0,10,0,S, 	(30-MAY-2025 15:48:10)
2,23 , 1,0,10,0,S, 	(30-MAY-2025 15:48:10)
2,23 , 1,0,10,0,S, 	(30-MAY-2025 15:48:10)
2,23 , 1,0,10,0,S, 	(30-MAY-2025 15:48:10)
2,23 , 1,0,10,0,S, 	(30-MAY-2025 15:48:10)
2,23 , 1,0,10,0,S, 	(30-MAY-2025 15:48:10)
2,23 , 1,0,10,0,S, 	(30-MAY-2025 15:48:10)
2,23 , 1,0,10,0,S, 	(30-MAY-2025 15:48:10)
2,23 , 1,0,10,0,S, 	(30-MAY-2025 15:48:10)
2,23 , 1,0,10,0,S, 	(30-MAY-2025 15:48:10)
2,23 , 1,0,10,0,S, 	(30-MAY-2025 15:48:10)
2,23 , 1,0,10,0,S, 	(30-MAY-2025 15:48:10)
2,23 , 1,0,10,0,S, 	(30-MAY-2025 15:48:10)
2,23 , 1,0,10,0,S, 	(30-MAY-2025 15:48:10)
2,23 , 1,0,10,0,S, 	(30-MAY-2025 15:48:10)
2,23 , 1,0,10,0,S, 	(30-MAY-2025 15:48:10)
2,23 , 1,0,10,0,S, 	(30-MAY-2025 15:48:10)
2,23 , 1,0,10,0,S, 	(30-MAY-2025 15:48:10)	 (Not Inserted)
2,23 , 1,0,10,0,S, 	(30-MAY-2025 15:48:10)	 (Not Inserted)
2,23 , 1,0,10,0,S, 	(30-MAY-2025 15:48:10)	 (Not Inserted)
2,23 , 1,0,10,0,S, 	(30-MAY-2025 15:48:10)	 (Not Inserted)
2,23 , 1,0,10,0,S, 	(30-MAY-2025 15:48:10)	 (Not Inserted)
2,23 , 1,0,10,0,S, 	(30-MAY-2025 15:48:10)	 (Not Inserted)
2,23 , 1,0,10,0,S, 	(30-MAY-2025 15:48:10)	 (Not Inserted)
2,23 , 1,0,10,0,S, 	(30-MAY-2025 15:48:10)	 (Not Inserted)
2,23 , 1,0,10,0,S, 	(30-MAY-2025 15:48:10)	 (Not Inserted)
2,23 , 1,0,10,0,S, 	(30-MAY-2025 15:48:10)	 (Not Inserted)
2,23 , 1,0,10,0,S, 	(30-MAY-2025 15:48:10)	 (Not Inserted)
2,23 , 1,0,10,0,S, 	(30-MAY-2025 15:48:10)	 (Not Inserted)
2,23 , 1,0,10,0,S, 	(30-MAY-2025 15:48:10)	 (Not Inserted)
2,23 , 1,0,10,0,S, 	(30-MAY-2025 15:48:10)	 (Not Inserted)
2,23 , 1,0,10,0,S, 	(30-MAY-2025 15:48:10)	 (Not Inserted)
2,23 , 1,0,10,0,S, 	(30-MAY-2025 15:48:10)	 (Not Inserted)
2,23 , 1,0,10,0,S, 	(30-MAY-2025 15:48:10)	 (Not Inserted)
2,23 , 1,0,10,0,S, 	(30-MAY-2025 15:48:10)	 (Not Inserted)
2,23 , 1,0,10,0,S, 	(30-MAY-2025 15:48:10)	 (Not Inserted)
2,23 , 1,0,10,0,S, 	(30-MAY-2025 15:48:10)	 (Not Inserted)
2,23 , 1,0,10,0,S, 	(30-MAY-2025 15:48:10)	 (Not Inserted)
2,23 , 1,0,10,0,S, 	(30-MAY-2025 15:48:10)	 (Not Inserted)
2,23 , 1,0,10,0,S, 	(30-MAY-2025 15:48:10)	 (Not Inserted)
2,23 , 1,0,10,0,S, 	(30-MAY-2025 15:48:10)	 (Not Inserted)
2,23 , 1,0,10,0,S, 	(30-MAY-2025 15:48:10)	 (Not Inserted)
2,23 , 1,0,10,0,S, 	(30-MAY-2025 15:48:10)	 (Not Inserted)
2,23 , 1,0,10,0,S, 	(30-MAY-2025 15:48:10)	 (Not Inserted)
2,23 , 1,0,10,0,S, 	(30-MAY-2025 15:48:10)	 (Not Inserted)
2,23 , 1,0,10,0,S, 	(30-MAY-2025 15:48:10)	 (Not Inserted)
2,23 , 1,0,10,0,S, 	(30-MAY-2025 15:48:10)	 (Not Inserted)
2,23 , 1,0,10,0,S, 	(30-MAY-2025 15:48:10)	 (Not Inserted)
2,23 , 1,0,10,0,S, 	(30-MAY-2025 15:48:10)	 (Not Inserted)
2,23 , 1,0,10,0,S, 	(30-MAY-2025 15:48:10)	 (Not Inserted)
2,23 , 1,0,10,0,S, 	(30-MAY-2025 15:48:10)	 (Not Inserted)
2,23 , 1,0,10,0,S, 	(30-MAY-2025 15:48:10)	 (Not Inserted)
2,23 , 1,0,10,0,S, 	(30-MAY-2025 15:48:10)	 (Not Inserted)
2,23 , 1,0,10,0,S, 	(30-MAY-2025 15:48:10)	 (Not Inserted)
2,23 , 1,0,10,0,S, 	(30-MAY-2025 15:48:10)	 (Not Inserted)
2,23 , 1,0,10,0,S, 	(30-MAY-2025 15:48:10)	 (Not Inserted)
2,23 , 1,0,10,0,S, 	(30-MAY-2025 15:48:10)	 (Not Inserted)
2,23 , 1,0,10,0,S, 	(30-MAY-2025 15:48:10)	 (Not Inserted)
2,23 , 1,0,10,0,S, 	(30-MAY-2025 15:48:10)	 (Not Inserted)
2,23 , 1,0,10,0,S, 	(30-MAY-2025 15:48:10)	 (Not Inserted)
2,23 , 1,0,10,0,S, 	(30-MAY-2025 15:48:10)	 (Not Inserted)
2,23 , 1,0,10,0,S, 	(30-MAY-2025 15:48:10)	 (Not Inserted)
2,23 , 1,0,10,0,S, 	(30-MAY-2025 15:48:10)	 (Not Inserted)
2,23 , 1,0,10,0,S, 	(30-MAY-2025 15:48:10)	 (Not Inserted)
2,23 , 1,0,10,0,S, 	(30-MAY-2025 15:48:10)	 (Not Inserted)
2,23 , 1,0,10,0,S, 	(30-MAY-2025 15:48:10)	 (Not Inserted)
2,23 , 1,0,10,0,S, 	(30-MAY-2025 15:48:10)	 (Not Inserted)
2,23 , 1,0,10,0,S, 	(30-MAY-2025 15:48:10)	 (Not Inserted)
2,23 , 1,0,10,0,S, 	(30-MAY-2025 15:48:10)	 (Not Inserted)
2,23 , 1,0,10,0,S, 	(30-MAY-2025 15:48:10)	 (Not Inserted)
2,23 , 1,0,10,0,S, 	(30-MAY-2025 15:48:10)	 (Not Inserted)
2,23 , 1,0,10,0,S, 	(30-MAY-2025 15:48:10)	 (Not Inserted)
2,23 , 1,0,10,0,S, 	(30-MAY-2025 15:48:10)	 (Not Inserted)
2,23 , 1,0,10,0,S, 	(30-MAY-2025 15:48:10)	 (Not Inserted)
2,23 , 1,0,10,0,S, 	(30-MAY-2025 15:48:10)	 (Not Inserted)
2,23 , 1,0,10,0,S, 	(30-MAY-2025 15:48:10)	 (Not Inserted)
2,23 , 1,0,10,0,S, 	(30-MAY-2025 15:48:10)	 (Not Inserted)
2,23 , 1,0,3,0,S, 	(30-MAY-2025 15:48:10)
2,23 , 1,0,3,0,S, 	(30-MAY-2025 15:48:10)
2,23 , 1,0,3,0,S, 	(30-MAY-2025 15:48:10)
2,23 , 1,0,3,0,S, 	(30-MAY-2025 15:48:10)
2,23 , 1,0,3,0,S, 	(30-MAY-2025 15:48:10)
2,23 , 1,0,3,0,S, 	(30-MAY-2025 15:48:10)
2,23 , 1,0,3,0,S, 	(30-MAY-2025 15:48:10)
2,23 , 1,0,3,0,S, 	(30-MAY-2025 15:48:10)
2,23 , 1,0,3,0,S, 	(30-MAY-2025 15:48:10)
2,23 , 1,0,3,0,S, 	(30-MAY-2025 15:48:10)
2,23 , 1,0,3,0,S, 	(30-MAY-2025 15:48:10)
2,23 , 1,0,3,0,S, 	(30-MAY-2025 15:48:10)
2,23 , 1,0,3,0,S, 	(30-MAY-2025 15:48:10)
2,23 , 1,0,3,0,S, 	(30-MAY-2025 15:48:10)
2,23 , 1,0,3,0,S, 	(30-MAY-2025 15:48:10)
2,23 , 1,0,3,0,S, 	(30-MAY-2025 15:48:10)
2,23 , 1,0,3,0,S, 	(30-MAY-2025 15:48:10)
2,23 , 1,0,3,0,S, 	(30-MAY-2025 15:48:10)
2,23 , 1,0,3,0,S, 	(30-MAY-2025 15:48:10)
2,23 , 1,0,3,0,S, 	(30-MAY-2025 15:48:10)
2,23 , 1,0,3,0,S, 	(30-MAY-2025 15:48:10)
2,23 , 1,0,3,0,S, 	(30-MAY-2025 15:48:10)
2,23 , 1,0,3,0,S, 	(30-MAY-2025 15:48:10)
2,23 , 1,0,3,0,S, 	(30-MAY-2025 15:48:10)
2,23 , 1,0,3,0,S, 	(30-MAY-2025 15:48:10)
2,23 , 1,0,3,0,S, 	(30-MAY-2025 15:48:10)
2,23 , 1,0,3,0,S, 	(30-MAY-2025 15:48:10)
2,23 , 1,0,3,0,S, 	(30-MAY-2025 15:48:10)
2,23 , 1,0,3,0,S, 	(30-MAY-2025 15:48:10)
2,23 , 1,0,3,0,S, 	(30-MAY-2025 15:48:10)
2,23 , 1,0,3,0,S, 	(30-MAY-2025 15:48:10)
2,23 , 1,0,3,0,S, 	(30-MAY-2025 15:48:10)	 (Not Inserted)
2,23 , 1,0,3,0,S, 	(30-MAY-2025 15:48:10)	 (Not Inserted)
2,23 , 1,0,3,0,S, 	(30-MAY-2025 15:48:10)	 (Not Inserted)
2,23 , 1,0,3,0,S, 	(30-MAY-2025 15:48:10)	 (Not Inserted)
2,23 , 1,0,3,0,S, 	(30-MAY-2025 15:48:10)	 (Not Inserted)
2,23 , 1,0,3,0,S, 	(30-MAY-2025 15:48:10)	 (Not Inserted)
2,23 , 1,0,3,0,S, 	(30-MAY-2025 15:48:10)	 (Not Inserted)
2,23 , 1,0,3,0,S, 	(30-MAY-2025 15:48:10)	 (Not Inserted)
2,23 , 1,0,3,0,S, 	(30-MAY-2025 15:48:10)	 (Not Inserted)
2,23 , 1,0,3,0,S, 	(30-MAY-2025 15:48:10)	 (Not Inserted)
2,23 , 1,0,3,0,S, 	(30-MAY-2025 15:48:10)	 (Not Inserted)
2,23 , 1,0,3,0,S, 	(30-MAY-2025 15:48:10)	 (Not Inserted)
2,23 , 1,0,3,0,S, 	(30-MAY-2025 15:48:10)	 (Not Inserted)
2,23 , 1,0,3,0,S, 	(30-MAY-2025 15:48:10)	 (Not Inserted)
2,23 , 1,0,3,0,S, 	(30-MAY-2025 15:48:10)	 (Not Inserted)
2,23 , 1,0,3,0,S, 	(30-MAY-2025 15:48:10)	 (Not Inserted)
2,23 , 1,0,3,0,S, 	(30-MAY-2025 15:48:10)	 (Not Inserted)
2,23 , 1,0,3,0,S, 	(30-MAY-2025 15:48:10)	 (Not Inserted)
2,23 , 1,0,3,0,S, 	(30-MAY-2025 15:48:10)	 (Not Inserted)
2,23 , 1,0,3,0,S, 	(30-MAY-2025 15:48:10)	 (Not Inserted)
2,23 , 1,0,3,0,S, 	(30-MAY-2025 15:48:10)	 (Not Inserted)
2,23 , 1,0,3,0,S, 	(30-MAY-2025 15:48:10)	 (Not Inserted)
2,23 , 1,0,3,0,S, 	(30-MAY-2025 15:48:10)	 (Not Inserted)
2,23 , 1,0,3,0,S, 	(30-MAY-2025 15:48:10)	 (Not Inserted)
2,23 , 1,0,3,0,S, 	(30-MAY-2025 15:48:10)	 (Not Inserted)
2,23 , 1,0,3,0,S, 	(30-MAY-2025 15:48:10)	 (Not Inserted)
2,23 , 1,0,3,0,S, 	(30-MAY-2025 15:48:10)	 (Not Inserted)
2,23 , 1,0,3,0,S, 	(30-MAY-2025 15:48:10)	 (Not Inserted)
2,23 , 1,0,3,0,S, 	(30-MAY-2025 15:48:10)	 (Not Inserted)
2,23 , 1,0,3,0,S, 	(30-MAY-2025 15:48:10)	 (Not Inserted)
2,23 , 1,0,3,0,S, 	(30-MAY-2025 15:48:10)	 (Not Inserted)
2,23 , 1,0,3,0,S, 	(30-MAY-2025 15:48:10)	 (Not Inserted)
2,23 , 1,0,3,0,S, 	(30-MAY-2025 15:48:10)	 (Not Inserted)
2,23 , 1,0,3,0,S, 	(30-MAY-2025 15:48:10)	 (Not Inserted)
2,23 , 1,0,3,0,S, 	(30-MAY-2025 15:48:10)	 (Not Inserted)
2,23 , 1,0,3,0,S, 	(30-MAY-2025 15:48:10)	 (Not Inserted)
2,23 , 1,0,3,0,S, 	(30-MAY-2025 15:48:10)	 (Not Inserted)
2,23 , 1,0,3,0,S, 	(30-MAY-2025 15:48:10)	 (Not Inserted)
2,23 , 1,0,3,0,S, 	(30-MAY-2025 15:48:10)	 (Not Inserted)
2,23 , 1,0,3,0,S, 	(30-MAY-2025 15:48:10)	 (Not Inserted)
2,23 , 1,0,3,0,S, 	(30-MAY-2025 15:48:10)	 (Not Inserted)
2,23 , 1,0,3,0,S, 	(30-MAY-2025 15:48:10)	 (Not Inserted)
2,23 , 1,0,3,0,S, 	(30-MAY-2025 15:48:10)	 (Not Inserted)
2,23 , 1,0,3,0,S, 	(30-MAY-2025 15:48:10)	 (Not Inserted)
2,23 , 1,0,3,0,S, 	(30-MAY-2025 15:48:10)	 (Not Inserted)
2,23 , 1,0,3,0,S, 	(30-MAY-2025 15:48:10)	 (Not Inserted)
2,23 , 1,0,3,0,S, 	(30-MAY-2025 15:48:10)	 (Not Inserted)
2,23 , 1,0,3,0,S, 	(30-MAY-2025 15:48:10)	 (Not Inserted)
2,23 , 1,0,3,0,S, 	(30-MAY-2025 15:48:10)	 (Not Inserted)
2,23 , 1,0,3,0,S, 	(30-MAY-2025 15:48:10)	 (Not Inserted)
2,23 , 1,0,3,0,S, 	(30-MAY-2025 15:48:10)	 (Not Inserted)
2,23 , 1,0,3,0,S, 	(30-MAY-2025 15:48:10)	 (Not Inserted)
2,23 , 1,0,3,0,S, 	(30-MAY-2025 15:48:10)	 (Not Inserted)
2,23 , 1,0,3,0,S, 	(30-MAY-2025 15:48:10)	 (Not Inserted)
2,23 , 1,0,3,0,S, 	(30-MAY-2025 15:48:10)	 (Not Inserted)
2,23 , 1,0,3,0,S, 	(30-MAY-2025 15:48:10)	 (Not Inserted)
2,23 , 1,0,3,0,S, 	(30-MAY-2025 15:48:10)	 (Not Inserted)
2,23 , 1,0,3,0,S, 	(30-MAY-2025 15:48:10)	 (Not Inserted)
2,23 , 1,0,3,0,S, 	(30-MAY-2025 15:48:10)	 (Not Inserted)
2,23 , 1,0,3,0,S, 	(30-MAY-2025 15:48:10)	 (Not Inserted)
2,23 , 1,0,3,0,S, 	(30-MAY-2025 15:48:10)	 (Not Inserted)
2,23 , 1,0,3,0,S, 	(30-MAY-2025 15:48:10)	 (Not Inserted)
2,23 , 1,0,1,0,S, 	(30-MAY-2025 15:48:10)
2,23 , 1,0,1,0,S, 	(30-MAY-2025 15:48:10)
2,23 , 1,0,1,0,S, 	(30-MAY-2025 15:48:10)
2,23 , 1,0,1,0,S, 	(30-MAY-2025 15:48:10)
2,23 , 1,0,1,0,S, 	(30-MAY-2025 15:48:10)
2,23 , 1,0,1,0,S, 	(30-MAY-2025 15:48:10)
2,23 , 1,0,1,0,S, 	(30-MAY-2025 15:48:10)
2,23 , 1,0,1,0,S, 	(30-MAY-2025 15:48:10)
2,23 , 1,0,1,0,S, 	(30-MAY-2025 15:48:10)
2,23 , 1,0,1,0,S, 	(30-MAY-2025 15:48:10)
2,23 , 1,0,1,0,S, 	(30-MAY-2025 15:48:10)
2,23 , 1,0,1,0,S, 	(30-MAY-2025 15:48:10)
2,23 , 1,0,1,0,S, 	(30-MAY-2025 15:48:10)
2,23 , 1,0,1,0,S, 	(30-MAY-2025 15:48:10)
2,23 , 1,0,1,0,S, 	(30-MAY-2025 15:48:10)
2,23 , 1,0,1,0,S, 	(30-MAY-2025 15:48:10)
2,23 , 1,0,1,0,S, 	(30-MAY-2025 15:48:10)
2,23 , 1,0,1,0,S, 	(30-MAY-2025 15:48:10)
2,23 , 1,0,1,0,S, 	(30-MAY-2025 15:48:10)
2,23 , 1,0,1,0,S, 	(30-MAY-2025 15:48:10)
2,23 , 1,0,1,0,S, 	(30-MAY-2025 15:48:10)
2,23 , 1,0,1,0,S, 	(30-MAY-2025 15:48:10)
2,23 , 1,0,1,0,S, 	(30-MAY-2025 15:48:10)
2,23 , 1,0,1,0,S, 	(30-MAY-2025 15:48:10)
2,23 , 1,0,1,0,S, 	(30-MAY-2025 15:48:10)
2,23 , 1,0,1,0,S, 	(30-MAY-2025 15:48:10)
2,23 , 1,0,1,0,S, 	(30-MAY-2025 15:48:10)
2,23 , 1,0,1,0,S, 	(30-MAY-2025 15:48:10)
2,23 , 1,0,1,0,S, 	(30-MAY-2025 15:48:10)
2,23 , 1,0,1,0,S, 	(30-MAY-2025 15:48:10)
2,23 , 1,0,1,0,S, 	(30-MAY-2025 15:48:10)
2,23 , 1,0,1,0,S, 	(30-MAY-2025 15:48:10)
2,23 , 1,0,1,0,S, 	(30-MAY-2025 15:48:10)
2,23 , 1,0,1,0,S, 	(30-MAY-2025 15:48:10)
2,23 , 1,0,1,0,S, 	(30-MAY-2025 15:48:10)
2,23 , 1,0,1,0,S, 	(30-MAY-2025 15:48:10)
2,23 , 1,0,1,0,S, 	(30-MAY-2025 15:48:10)
2,23 , 1,0,1,0,S, 	(30-MAY-2025 15:48:10)
2,23 , 1,0,1,0,S, 	(30-MAY-2025 15:48:10)
2,23 , 1,0,1,0,S, 	(30-MAY-2025 15:48:10)
2,23 , 1,0,1,0,S, 	(30-MAY-2025 15:48:10)
2,23 , 1,0,1,0,S, 	(30-MAY-2025 15:48:10)
2,23 , 1,0,1,0,S, 	(30-MAY-2025 15:48:10)
2,23 , 1,0,1,0,S, 	(30-MAY-2025 15:48:10)
2,23 , 1,0,1,0,S, 	(30-MAY-2025 15:48:10)
2,23 , 1,0,1,0,S, 	(30-MAY-2025 15:48:10)
2,23 , 1,0,1,0,S, 	(30-MAY-2025 15:48:10)
2,23 , 1,0,1,0,S, 	(30-MAY-2025 15:48:10)
2,23 , 1,0,1,0,S, 	(30-MAY-2025 15:48:10)
2,23 , 1,0,1,0,S, 	(30-MAY-2025 15:48:10)
2,23 , 1,0,1,0,S, 	(30-MAY-2025 15:48:10)
2,23 , 1,0,1,0,S, 	(30-MAY-2025 15:48:10)
2,23 , 1,0,1,0,S, 	(30-MAY-2025 15:48:10)
2,23 , 1,0,1,0,S, 	(30-MAY-2025 15:48:10)
2,23 , 1,0,1,0,S, 	(30-MAY-2025 15:48:10)
2,23 , 1,0,1,0,S, 	(30-MAY-2025 15:48:10)
2,23 , 1,0,1,0,S, 	(30-MAY-2025 15:48:10)
2,23 , 1,0,1,0,S, 	(30-MAY-2025 15:48:10)
2,23 , 1,0,1,0,S, 	(30-MAY-2025 15:48:10)
2,23 , 1,0,1,0,S, 	(30-MAY-2025 15:48:10)
2,23 , 1,0,1,0,S, 	(30-MAY-2025 15:48:10)
2,23 , 1,0,1,0,S, 	(30-MAY-2025 15:48:10)
2,23 , 1,0,1,0,S, 	(30-MAY-2025 15:48:10)
2,23 , 1,0,1,0,S, 	(30-MAY-2025 15:48:10)
2,23 , 1,0,1,0,S, 	(30-MAY-2025 15:48:10)
2,23 , 1,0,1,0,S, 	(30-MAY-2025 15:48:10)
2,23 , 1,0,1,0,S, 	(30-MAY-2025 15:48:10)
2,23 , 1,0,1,0,S, 	(30-MAY-2025 15:48:10)
2,23 , 1,0,1,0,S, 	(30-MAY-2025 15:48:10)
2,23 , 1,0,1,0,S, 	(30-MAY-2025 15:48:10)
2,23 , 1,0,1,0,S, 	(30-MAY-2025 15:48:10)
2,23 , 1,0,1,0,S, 	(30-MAY-2025 15:48:10)
2,23 , 1,0,1,0,S, 	(30-MAY-2025 15:48:10)
2,23 , 1,0,1,0,S, 	(30-MAY-2025 15:48:10)
2,23 , 1,0,1,0,S, 	(30-MAY-2025 15:48:10)
2,23 , 1,0,1,0,S, 	(30-MAY-2025 15:48:10)
2,23 , 1,0,1,0,S, 	(30-MAY-2025 15:48:10)
2,23 , 1,0,1,0,S, 	(30-MAY-2025 15:48:10)
2,23 , 1,0,1,0,S, 	(30-MAY-2025 15:48:10)
2,23 , 1,0,1,0,S, 	(30-MAY-2025 15:48:10)
2,23 , 1,0,1,0,S, 	(30-MAY-2025 15:48:10)
2,23 , 1,0,1,0,S, 	(30-MAY-2025 15:48:10)
2,23 , 1,0,1,0,S, 	(30-MAY-2025 15:48:10)
2,23 , 1,0,1,0,S, 	(30-MAY-2025 15:48:10)
2,23 , 1,0,1,0,S, 	(30-MAY-2025 15:48:10)
2,23 , 1,0,1,0,S, 	(30-MAY-2025 15:48:10)
2,23 , 1,0,1,0,S, 	(30-MAY-2025 15:48:10)
2,23 , 1,0,1,0,S, 	(30-MAY-2025 15:48:10)
2,23 , 1,0,1,0,S, 	(30-MAY-2025 15:48:10)
2,23 , 1,0,1,0,S, 	(30-MAY-2025 15:48:10)
2,23 , 1,0,1,0,S, 	(30-MAY-2025 15:48:10)
2,23 , 1,0,1,0,S, 	(30-MAY-2025 15:48:10)
2,23 , 1,0,1,0,S, 	(30-MAY-2025 15:48:10)
2,23 , 1,0,1,0,S, 	(30-MAY-2025 15:48:10)
2,23 , 1,0,1,0,S, 	(30-MAY-2025 15:48:10)
2,23 , 1,0,1,0,S, 	(30-MAY-2025 15:48:10)
2,23 , 1,0,1,0,S, 	(30-MAY-2025 15:48:10)
2,23 , 1,0,1,0,S, 	(30-MAY-2025 15:48:10)
2,23 , 1,0,1,0,S, 	(30-MAY-2025 15:48:10)
2,23 , 1,0,1,0,S, 	(30-MAY-2025 15:48:10)
2,23 , 1,0,1,0,S, 	(30-MAY-2025 15:48:10)
2,23 , 1,0,1,0,S, 	(30-MAY-2025 15:48:10)
2,23 , 1,0,1,0,S, 	(30-MAY-2025 15:48:10)
2,23 , 1,0,1,0,S, 	(30-MAY-2025 15:48:10)
2,23 , 1,0,1,0,S, 	(30-MAY-2025 15:48:10)
2,23 , 1,0,1,0,S, 	(30-MAY-2025 15:48:10)
2,23 , 1,0,1,0,S, 	(30-MAY-2025 15:48:10)
2,23 , 1,0,1,0,S, 	(30-MAY-2025 15:48:10)
2,23 , 1,0,1,0,S, 	(30-MAY-2025 15:48:10)
2,23 , 1,0,1,0,S, 	(30-MAY-2025 15:48:10)
2,23 , 1,0,1,0,S, 	(30-MAY-2025 15:48:10)
2,23 , 1,0,1,0,S, 	(30-MAY-2025 15:48:10)
2,23 , 1,0,1,0,S, 	(30-MAY-2025 15:48:10)
2,23 , 1,0,1,0,S, 	(30-MAY-2025 15:48:10)
2,23 , 1,0,1,0,S, 	(30-MAY-2025 15:48:10)
2,23 , 1,0,1,0,S, 	(30-MAY-2025 15:48:10)
2,23 , 1,0,1,0,S, 	(30-MAY-2025 15:48:10)
2,23 , 1,0,1,0,S, 	(30-MAY-2025 15:48:10)
2,23 , 1,0,1,0,S, 	(30-MAY-2025 15:48:10)
2,23 , 1,0,1,0,S, 	(30-MAY-2025 15:48:10)
2,23 , 1,0,1,0,S, 	(30-MAY-2025 15:48:10)
2,23 , 1,0,1,0,S, 	(30-MAY-2025 15:48:10)
2,23 , 1,0,1,0,S, 	(30-MAY-2025 15:48:10)	 (Not Inserted)
2,23 , 1,0,1,0,S, 	(30-MAY-2025 15:48:10)	 (Not Inserted)
2,23 , 1,0,1,0,S, 	(30-MAY-2025 15:48:10)	 (Not Inserted)
2,23 , 1,0,1,0,S, 	(30-MAY-2025 15:48:10)	 (Not Inserted)
2,23 , 1,0,1,0,S, 	(30-MAY-2025 15:48:10)	 (Not Inserted)
2,23 , 1,0,1,0,S, 	(30-MAY-2025 15:48:10)	 (Not Inserted)
2,23 , 1,0,1,0,S, 	(30-MAY-2025 15:48:10)	 (Not Inserted)
2,23 , 1,0,1,0,S, 	(30-MAY-2025 15:48:10)	 (Not Inserted)
2,23 , 1,0,1,0,S, 	(30-MAY-2025 15:48:10)	 (Not Inserted)
2,23 , 1,0,1,0,S, 	(30-MAY-2025 15:48:10)	 (Not Inserted)
2,23 , 1,0,1,0,S, 	(30-MAY-2025 15:48:10)	 (Not Inserted)
2,23 , 1,0,1,0,S, 	(30-MAY-2025 15:48:10)	 (Not Inserted)
2,23 , 1,0,1,0,S, 	(30-MAY-2025 15:48:10)	 (Not Inserted)
2,23 , 1,0,1,0,S, 	(30-MAY-2025 15:48:10)	 (Not Inserted)
2,23 , 1,0,1,0,S, 	(30-MAY-2025 15:48:10)	 (Not Inserted)
2,23 , 1,0,1,0,S, 	(30-MAY-2025 15:48:10)	 (Not Inserted)
2,23 , 1,0,1,0,S, 	(30-MAY-2025 15:48:10)	 (Not Inserted)
2,23 , 1,0,1,0,S, 	(30-MAY-2025 15:48:10)	 (Not Inserted)
2,23 , 1,0,1,0,S, 	(30-MAY-2025 15:48:10)	 (Not Inserted)
2,23 , 1,0,1,0,S, 	(30-MAY-2025 15:48:10)	 (Not Inserted)
2,23 , 1,0,1,0,S, 	(30-MAY-2025 15:48:10)	 (Not Inserted)
2,23 , 1,0,1,0,S, 	(30-MAY-2025 15:48:10)	 (Not Inserted)
2,23 , 1,0,1,0,S, 	(30-MAY-2025 15:48:10)	 (Not Inserted)
2,23 , 1,0,1,0,S, 	(30-MAY-2025 15:48:10)	 (Not Inserted)
2,23 , 1,0,1,0,S, 	(30-MAY-2025 15:48:10)	 (Not Inserted)
2,23 , 1,0,1,0,S, 	(30-MAY-2025 15:48:10)	 (Not Inserted)
2,23 , 1,0,1,0,S, 	(30-MAY-2025 15:48:10)	 (Not Inserted)
2,23 , 1,0,1,0,S, 	(30-MAY-2025 15:48:10)	 (Not Inserted)
2,23 , 1,0,1,0,S, 	(30-MAY-2025 15:48:10)	 (Not Inserted)
2,23 , 1,0,1,0,S, 	(30-MAY-2025 15:48:10)	 (Not Inserted)
2,23 , 1,0,1,0,S, 	(30-MAY-2025 15:48:10)	 (Not Inserted)
2,23 , 1,0,1,0,S, 	(30-MAY-2025 15:48:10)	 (Not Inserted)
2,23 , 1,0,1,0,S, 	(30-MAY-2025 15:48:10)	 (Not Inserted)
2,23 , 1,0,1,0,S, 	(30-MAY-2025 15:48:10)	 (Not Inserted)
2,23 , 1,0,1,0,S, 	(30-MAY-2025 15:48:10)	 (Not Inserted)
2,23 , 1,0,1,0,S, 	(30-MAY-2025 15:48:10)	 (Not Inserted)
2,23 , 1,0,1,0,S, 	(30-MAY-2025 15:48:10)	 (Not Inserted)
2,23 , 1,0,1,0,S, 	(30-MAY-2025 15:48:10)	 (Not Inserted)
2,23 , 1,0,1,0,S, 	(30-MAY-2025 15:48:10)	 (Not Inserted)
2,23 , 1,0,1,0,S, 	(30-MAY-2025 15:48:10)	 (Not Inserted)
2,23 , 1,0,1,0,S, 	(30-MAY-2025 15:48:10)	 (Not Inserted)
2,23 , 1,0,1,0,S, 	(30-MAY-2025 15:48:10)	 (Not Inserted)
2,23 , 1,0,1,0,S, 	(30-MAY-2025 15:48:10)	 (Not Inserted)
2,23 , 1,0,1,0,S, 	(30-MAY-2025 15:48:10)	 (Not Inserted)
2,23 , 1,0,1,0,S, 	(30-MAY-2025 15:48:10)	 (Not Inserted)
2,23 , 1,0,1,0,S, 	(30-MAY-2025 15:48:10)	 (Not Inserted)
2,23 , 1,0,1,0,S, 	(30-MAY-2025 15:48:10)	 (Not Inserted)
2,23 , 1,0,1,0,S, 	(30-MAY-2025 15:48:10)	 (Not Inserted)
2,23 , 1,0,1,0,S, 	(30-MAY-2025 15:48:10)	 (Not Inserted)
2,23 , 1,0,1,0,S, 	(30-MAY-2025 15:48:10)	 (Not Inserted)
2,23 , 1,0,1,0,S, 	(30-MAY-2025 15:48:10)	 (Not Inserted)
2,23 , 1,0,1,0,S, 	(30-MAY-2025 15:48:10)	 (Not Inserted)
2,23 , 1,0,1,0,S, 	(30-MAY-2025 15:48:10)	 (Not Inserted)
2,23 , 1,0,1,0,S, 	(30-MAY-2025 15:48:10)	 (Not Inserted)
2,23 , 1,0,1,0,S, 	(30-MAY-2025 15:48:10)	 (Not Inserted)
2,23 , 1,0,1,0,S, 	(30-MAY-2025 15:48:10)	 (Not Inserted)
2,23 , 1,0,1,0,S, 	(30-MAY-2025 15:48:10)	 (Not Inserted)
2,23 , 1,0,1,0,S, 	(30-MAY-2025 15:48:10)	 (Not Inserted)
2,23 , 1,0,1,0,S, 	(30-MAY-2025 15:48:10)	 (Not Inserted)
2,23 , 1,0,1,0,S, 	(30-MAY-2025 15:48:10)	 (Not Inserted)
2,23 , 1,0,1,0,S, 	(30-MAY-2025 15:48:10)	 (Not Inserted)
2,23 , 1,0,1,0,S, 	(30-MAY-2025 15:48:10)	 (Not Inserted)
2,23 , 1,0,1,0,S, 	(30-MAY-2025 15:48:10)	 (Not Inserted)
2,23 , 1,0,1,0,S, 	(30-MAY-2025 15:48:10)	 (Not Inserted)
2,23 , 1,0,1,0,S, 	(30-MAY-2025 15:48:10)	 (Not Inserted)
2,23 , 1,0,1,0,S, 	(30-MAY-2025 15:48:10)	 (Not Inserted)
2,23 , 1,0,1,0,S, 	(30-MAY-2025 15:48:10)	 (Not Inserted)
2,23 , 1,0,1,0,S, 	(30-MAY-2025 15:48:10)	 (Not Inserted)
2,23 , 1,0,1,0,S, 	(30-MAY-2025 15:48:10)	 (Not Inserted)
2,23 , 1,0,1,0,S, 	(30-MAY-2025 15:48:10)	 (Not Inserted)
2,23 , 1,0,1,0,S, 	(30-MAY-2025 15:48:10)	 (Not Inserted)
2,23 , 1,0,1,0,S, 	(30-MAY-2025 15:48:10)	 (Not Inserted)
2,23 , 1,0,1,0,S, 	(30-MAY-2025 15:48:10)	 (Not Inserted)
2,23 , 1,0,1,0,S, 	(30-MAY-2025 15:48:10)	 (Not Inserted)
2,23 , 1,0,1,0,S, 	(30-MAY-2025 15:48:10)	 (Not Inserted)
2,23 , 1,0,1,0,S, 	(30-MAY-2025 15:48:10)	 (Not Inserted)
2,23 , 1,0,1,0,S, 	(30-MAY-2025 15:48:10)	 (Not Inserted)
2,23 , 1,0,1,0,S, 	(30-MAY-2025 15:48:10)	 (Not Inserted)
2,23 , 1,0,1,0,S, 	(30-MAY-2025 15:48:10)	 (Not Inserted)
2,23 , 1,0,1,0,S, 	(30-MAY-2025 15:48:10)	 (Not Inserted)
2,23 , 1,0,1,0,S, 	(30-MAY-2025 15:48:10)	 (Not Inserted)
2,23 , 1,0,1,0,S, 	(30-MAY-2025 15:48:10)	 (Not Inserted)
2,23 , 1,0,1,0,S, 	(30-MAY-2025 15:48:10)	 (Not Inserted)
2,23 , 1,0,1,0,S, 	(30-MAY-2025 15:48:10)	 (Not Inserted)
2,23 , 1,0,1,0,S, 	(30-MAY-2025 15:48:10)	 (Not Inserted)
2,23 , 1,0,1,0,S, 	(30-MAY-2025 15:48:11)	 (Not Inserted)
2,23 , 1,0,1,0,S, 	(30-MAY-2025 15:48:11)	 (Not Inserted)
2,23 , 1,0,1,0,S, 	(30-MAY-2025 15:48:11)	 (Not Inserted)
2,23 , 1,0,1,0,S, 	(30-MAY-2025 15:48:11)	 (Not Inserted)
2,23 , 1,0,1,0,S, 	(30-MAY-2025 15:48:11)	 (Not Inserted)
2,23 , 1,0,1,0,S, 	(30-MAY-2025 15:48:11)	 (Not Inserted)
2,23 , 1,0,1,0,S, 	(30-MAY-2025 15:48:11)	 (Not Inserted)
2,23 , 1,0,1,0,S, 	(30-MAY-2025 15:48:11)	 (Not Inserted)
2,23 , 1,0,1,0,S, 	(30-MAY-2025 15:48:11)	 (Not Inserted)
2,23 , 1,0,1,0,S, 	(30-MAY-2025 15:48:11)	 (Not Inserted)
2,23 , 1,0,1,0,S, 	(30-MAY-2025 15:48:11)	 (Not Inserted)
2,23 , 1,0,1,0,S, 	(30-MAY-2025 15:48:11)	 (Not Inserted)
2,23 , 1,0,1,0,S, 	(30-MAY-2025 15:48:11)	 (Not Inserted)
2,23 , 1,0,1,0,S, 	(30-MAY-2025 15:48:11)	 (Not Inserted)
2,23 , 1,0,1,0,S, 	(30-MAY-2025 15:48:11)	 (Not Inserted)
2,23 , 1,0,1,0,S, 	(30-MAY-2025 15:48:11)	 (Not Inserted)
2,23 , 1,0,1,0,S, 	(30-MAY-2025 15:48:11)	 (Not Inserted)
2,23 , 1,0,1,0,S, 	(30-MAY-2025 15:48:11)	 (Not Inserted)
2,23 , 1,0,1,0,S, 	(30-MAY-2025 15:48:11)	 (Not Inserted)
2,23 , 1,0,1,0,S, 	(30-MAY-2025 15:48:11)	 (Not Inserted)
2,23 , 1,0,1,0,S, 	(30-MAY-2025 15:48:11)	 (Not Inserted)
2,23 , 1,0,1,0,S, 	(30-MAY-2025 15:48:11)	 (Not Inserted)
2,23 , 1,0,1,0,S, 	(30-MAY-2025 15:48:11)	 (Not Inserted)
2,23 , 1,0,1,0,S, 	(30-MAY-2025 15:48:11)	 (Not Inserted)
2,23 , 1,0,1,0,S, 	(30-MAY-2025 15:48:11)	 (Not Inserted)
2,23 , 1,0,1,0,S, 	(30-MAY-2025 15:48:11)	 (Not Inserted)
2,23 , 1,0,1,0,S, 	(30-MAY-2025 15:48:11)	 (Not Inserted)
2,23 , 1,0,1,0,S, 	(30-MAY-2025 15:48:11)	 (Not Inserted)
2,23 , 1,0,1,0,S, 	(30-MAY-2025 15:48:11)	 (Not Inserted)
2,23 , 1,0,1,0,S, 	(30-MAY-2025 15:48:11)	 (Not Inserted)
2,23 , 1,0,1,0,S, 	(30-MAY-2025 15:48:11)	 (Not Inserted)
2,23 , 1,0,1,0,S, 	(30-MAY-2025 15:48:11)	 (Not Inserted)
2,23 , 1,0,1,0,S, 	(30-MAY-2025 15:48:11)	 (Not Inserted)
2,23 , 1,0,1,0,S, 	(30-MAY-2025 15:48:11)	 (Not Inserted)
2,23 , 1,0,1,0,S, 	(30-MAY-2025 15:48:11)	 (Not Inserted)
2,23 , 1,0,1,0,S, 	(30-MAY-2025 15:48:11)	 (Not Inserted)
2,23 , 1,0,1,0,S, 	(30-MAY-2025 15:48:11)	 (Not Inserted)
2,23 , 1,0,1,0,S, 	(30-MAY-2025 15:48:11)	 (Not Inserted)
2,23 , 1,0,1,0,S, 	(30-MAY-2025 15:48:11)	 (Not Inserted)
2,23 , 1,0,1,0,S, 	(30-MAY-2025 15:48:11)	 (Not Inserted)
2,23 , 1,0,1,0,S, 	(30-MAY-2025 15:48:11)	 (Not Inserted)
2,23 , 1,0,1,0,S, 	(30-MAY-2025 15:48:11)	 (Not Inserted)
2,23 , 1,0,1,0,S, 	(30-MAY-2025 15:48:11)	 (Not Inserted)
2,23 , 1,0,1,0,S, 	(30-MAY-2025 15:48:11)	 (Not Inserted)
2,23 , 1,0,1,0,S, 	(30-MAY-2025 15:48:11)	 (Not Inserted)
2,23 , 1,0,1,0,S, 	(30-MAY-2025 15:48:11)	 (Not Inserted)
2,23 , 1,0,1,0,S, 	(30-MAY-2025 15:48:11)	 (Not Inserted)
2,23 , 1,0,1,0,S, 	(30-MAY-2025 15:48:11)	 (Not Inserted)
2,23 , 1,0,1,0,S, 	(30-MAY-2025 15:48:11)	 (Not Inserted)
2,23 , 1,0,1,0,S, 	(30-MAY-2025 15:48:11)	 (Not Inserted)
2,23 , 1,0,1,0,S, 	(30-MAY-2025 15:48:11)	 (Not Inserted)
2,23 , 1,0,1,0,S, 	(30-MAY-2025 15:48:11)	 (Not Inserted)
2,23 , 1,0,1,0,S, 	(30-MAY-2025 15:48:11)	 (Not Inserted)
2,23 , 1,0,1,0,S, 	(30-MAY-2025 15:48:11)	 (Not Inserted)
2,23 , 1,0,1,0,S, 	(30-MAY-2025 15:48:11)	 (Not Inserted)
2,23 , 1,0,1,0,S, 	(30-MAY-2025 15:48:11)	 (Not Inserted)
2,23 , 1,0,1,0,S, 	(30-MAY-2025 15:48:11)	 (Not Inserted)
2,23 , 1,0,1,0,S, 	(30-MAY-2025 15:48:11)	 (Not Inserted)
2,23 , 1,0,1,0,S, 	(30-MAY-2025 15:48:11)	 (Not Inserted)
2,23 , 1,0,1,0,S, 	(30-MAY-2025 15:48:11)	 (Not Inserted)
2,23 , 1,0,1,0,S, 	(30-MAY-2025 15:48:11)	 (Not Inserted)
2,23 , 1,0,1,0,S, 	(30-MAY-2025 15:48:11)	 (Not Inserted)
2,23 , 1,0,1,0,S, 	(30-MAY-2025 15:48:11)	 (Not Inserted)
2,23 , 1,0,1,0,S, 	(30-MAY-2025 15:48:11)	 (Not Inserted)
2,23 , 1,0,1,0,S, 	(30-MAY-2025 15:48:11)	 (Not Inserted)
2,23 , 1,0,1,0,S, 	(30-MAY-2025 15:48:11)	 (Not Inserted)
2,23 , 1,0,1,0,S, 	(30-MAY-2025 15:48:11)	 (Not Inserted)
2,23 , 1,0,1,0,S, 	(30-MAY-2025 15:48:11)	 (Not Inserted)
2,23 , 1,0,1,0,S, 	(30-MAY-2025 15:48:11)	 (Not Inserted)
2,23 , 1,0,1,0,S, 	(30-MAY-2025 15:48:11)	 (Not Inserted)
2,23 , 1,0,1,0,S, 	(30-MAY-2025 15:48:11)	 (Not Inserted)
2,23 , 1,0,1,0,S, 	(30-MAY-2025 15:48:11)	 (Not Inserted)
2,23 , 1,0,1,0,S, 	(30-MAY-2025 15:48:11)	 (Not Inserted)
2,23 , 1,0,1,0,S, 	(30-MAY-2025 15:48:11)	 (Not Inserted)
2,23 , 1,0,1,0,S, 	(30-MAY-2025 15:48:11)	 (Not Inserted)
2,23 , 1,0,1,0,S, 	(30-MAY-2025 15:48:11)	 (Not Inserted)
2,23 , 1,0,1,0,S, 	(30-MAY-2025 15:48:11)	 (Not Inserted)
2,23 , 1,0,1,0,S, 	(30-MAY-2025 15:48:11)	 (Not Inserted)
2,23 , 1,0,1,0,S, 	(30-MAY-2025 15:48:11)	 (Not Inserted)
2,23 , 1,0,1,0,S, 	(30-MAY-2025 15:48:11)	 (Not Inserted)
2,23 , 1,0,1,0,S, 	(30-MAY-2025 15:48:11)	 (Not Inserted)
2,23 , 1,0,1,0,S, 	(30-MAY-2025 15:48:11)	 (Not Inserted)
2,23 , 1,0,1,0,S, 	(30-MAY-2025 15:48:11)	 (Not Inserted)
2,23 , 1,0,1,0,S, 	(30-MAY-2025 15:48:11)	 (Not Inserted)
2,23 , 1,0,1,0,S, 	(30-MAY-2025 15:48:11)	 (Not Inserted)
2,23 , 1,0,1,0,S, 	(30-MAY-2025 15:48:11)	 (Not Inserted)
2,23 , 1,0,1,0,S, 	(30-MAY-2025 15:48:11)	 (Not Inserted)
2,23 , 1,0,1,0,S, 	(30-MAY-2025 15:48:11)	 (Not Inserted)
2,23 , 1,0,1,0,S, 	(30-MAY-2025 15:48:11)	 (Not Inserted)
2,23 , 1,0,1,0,S, 	(30-MAY-2025 15:48:11)	 (Not Inserted)
2,23 , 1,0,1,0,S, 	(30-MAY-2025 15:48:11)	 (Not Inserted)
2,23 , 1,0,1,0,S, 	(30-MAY-2025 15:48:11)	 (Not Inserted)
2,23 , 1,0,1,0,S, 	(30-MAY-2025 15:48:11)	 (Not Inserted)
2,23 , 1,0,1,0,S, 	(30-MAY-2025 15:48:11)	 (Not Inserted)
2,23 , 1,0,1,0,S, 	(30-MAY-2025 15:48:11)	 (Not Inserted)
2,23 , 1,0,1,0,S, 	(30-MAY-2025 15:48:11)	 (Not Inserted)
2,23 , 1,0,1,0,S, 	(30-MAY-2025 15:48:11)	 (Not Inserted)
2,23 , 1,0,1,0,S, 	(30-MAY-2025 15:48:11)	 (Not Inserted)
2,23 , 1,0,1,0,S, 	(30-MAY-2025 15:48:11)	 (Not Inserted)
2,23 , 1,0,1,0,S, 	(30-MAY-2025 15:48:11)	 (Not Inserted)
2,23 , 1,0,1,0,S, 	(30-MAY-2025 15:48:11)	 (Not Inserted)
2,23 , 1,0,1,0,S, 	(30-MAY-2025 15:48:11)	 (Not Inserted)
2,23 , 1,0,1,0,S, 	(30-MAY-2025 15:48:11)	 (Not Inserted)
2,23 , 1,0,1,0,S, 	(30-MAY-2025 15:48:11)	 (Not Inserted)
2,23 , 1,0,1,0,S, 	(30-MAY-2025 15:48:11)	 (Not Inserted)
2,23 , 1,0,1,0,S, 	(30-MAY-2025 15:48:11)	 (Not Inserted)
2,23 , 1,0,1,0,S, 	(30-MAY-2025 15:48:11)	 (Not Inserted)
2,23 , 1,0,1,0,S, 	(30-MAY-2025 15:48:11)	 (Not Inserted)
2,23 , 1,0,1,0,S, 	(30-MAY-2025 15:48:11)	 (Not Inserted)
2,23 , 1,0,1,0,S, 	(30-MAY-2025 15:48:11)	 (Not Inserted)
2,23 , 1,0,1,0,S, 	(30-MAY-2025 15:48:11)	 (Not Inserted)
2,23 , 1,0,1,0,S, 	(30-MAY-2025 15:48:11)	 (Not Inserted)
2,23 , 1,0,1,0,S, 	(30-MAY-2025 15:48:11)	 (Not Inserted)
2,23 , 1,0,1,0,S, 	(30-MAY-2025 15:48:11)	 (Not Inserted)
2,23 , 1,0,1,0,S, 	(30-MAY-2025 15:48:11)	 (Not Inserted)
2,23 , 1,0,1,0,S, 	(30-MAY-2025 15:48:11)	 (Not Inserted)
2,23 , 1,0,1,0,S, 	(30-MAY-2025 15:48:11)	 (Not Inserted)
2,23 , 1,0,1,0,S, 	(30-MAY-2025 15:48:11)	 (Not Inserted)
2,23 , 1,0,1,0,S, 	(30-MAY-2025 15:48:11)	 (Not Inserted)
2,23 , 1,0,1,0,S, 	(30-MAY-2025 15:48:11)	 (Not Inserted)
2,23 , 1,0,1,0,S, 	(30-MAY-2025 15:48:11)	 (Not Inserted)
2,23 , 1,0,1,0,S, 	(30-MAY-2025 15:48:11)	 (Not Inserted)
2,23 , 1,0,1,0,S, 	(30-MAY-2025 15:48:11)	 (Not Inserted)
2,23 , 1,0,1,0,S, 	(30-MAY-2025 15:48:11)	 (Not Inserted)
2,23 , 1,0,1,0,S, 	(30-MAY-2025 15:48:11)	 (Not Inserted)
2,23 , 1,0,1,0,S, 	(30-MAY-2025 15:48:11)	 (Not Inserted)
2,23 , 1,0,1,0,S, 	(30-MAY-2025 15:48:11)	 (Not Inserted)
2,23 , 1,0,1,0,S, 	(30-MAY-2025 15:48:11)	 (Not Inserted)
2,23 , 1,0,1,0,S, 	(30-MAY-2025 15:48:11)	 (Not Inserted)
2,23 , 1,0,1,0,S, 	(30-MAY-2025 15:48:11)	 (Not Inserted)
2,23 , 1,0,1,0,S, 	(30-MAY-2025 15:48:11)	 (Not Inserted)
2,23 , 1,0,1,0,S, 	(30-MAY-2025 15:48:11)	 (Not Inserted)
2,23 , 1,0,1,0,S, 	(30-MAY-2025 15:48:11)	 (Not Inserted)
2,23 , 1,0,1,0,S, 	(30-MAY-2025 15:48:11)	 (Not Inserted)
2,23 , 1,0,1,0,S, 	(30-MAY-2025 15:48:11)	 (Not Inserted)
2,23 , 1,0,1,0,S, 	(30-MAY-2025 15:48:11)	 (Not Inserted)
2,23 , 1,0,1,0,S, 	(30-MAY-2025 15:48:11)	 (Not Inserted)
2,23 , 1,0,1,0,S, 	(30-MAY-2025 15:48:11)	 (Not Inserted)
2,23 , 1,0,1,0,S, 	(30-MAY-2025 15:48:11)	 (Not Inserted)
2,23 , 1,0,1,0,S, 	(30-MAY-2025 15:48:11)	 (Not Inserted)
2,23 , 1,0,1,0,S, 	(30-MAY-2025 15:48:11)	 (Not Inserted)
2,23 , 1,0,1,0,S, 	(30-MAY-2025 15:48:11)	 (Not Inserted)
2,23 , 1,0,1,0,S, 	(30-MAY-2025 15:48:11)	 (Not Inserted)
2,23 , 1,0,1,0,S, 	(30-MAY-2025 15:48:11)	 (Not Inserted)
2,23 , 1,0,1,0,S, 	(30-MAY-2025 15:48:11)	 (Not Inserted)
2,23 , 1,0,1,0,S, 	(30-MAY-2025 15:48:11)	 (Not Inserted)
2,23 , 1,0,1,0,S, 	(30-MAY-2025 15:48:11)	 (Not Inserted)
2,23 , 1,0,1,0,S, 	(30-MAY-2025 15:48:11)	 (Not Inserted)
2,23 , 1,0,1,0,S, 	(30-MAY-2025 15:48:11)	 (Not Inserted)
2,23 , 1,0,1,0,S, 	(30-MAY-2025 15:48:11)	 (Not Inserted)
2,23 , 1,0,1,0,S, 	(30-MAY-2025 15:48:11)	 (Not Inserted)
2,23 , 1,0,1,0,S, 	(30-MAY-2025 15:48:11)	 (Not Inserted)
2,23 , 1,0,1,0,S, 	(30-MAY-2025 15:48:11)	 (Not Inserted)
2,23 , 1,0,1,0,S, 	(30-MAY-2025 15:48:11)	 (Not Inserted)
2,23 , 1,0,1,0,S, 	(30-MAY-2025 15:48:11)	 (Not Inserted)
2,23 , 1,0,1,0,S, 	(30-MAY-2025 15:48:11)	 (Not Inserted)
2,23 , 1,0,1,0,S, 	(30-MAY-2025 15:48:11)	 (Not Inserted)
2,23 , 1,0,1,0,S, 	(30-MAY-2025 15:48:11)	 (Not Inserted)
2,23 , 1,0,1,0,S, 	(30-MAY-2025 15:48:11)	 (Not Inserted)
2,23 , 1,0,9,0,S, 	(30-MAY-2025 15:48:11)
2,23 , 1,0,9,0,S, 	(30-MAY-2025 15:48:11)
2,23 , 1,0,9,0,S, 	(30-MAY-2025 15:48:11)
2,23 , 1,0,9,0,S, 	(30-MAY-2025 15:48:11)
2,23 , 1,0,9,0,S, 	(30-MAY-2025 15:48:11)
2,23 , 1,0,9,0,S, 	(30-MAY-2025 15:48:11)
2,23 , 1,0,9,0,S, 	(30-MAY-2025 15:48:11)
2,23 , 1,0,9,0,S, 	(30-MAY-2025 15:48:11)
2,23 , 1,0,9,0,S, 	(30-MAY-2025 15:48:11)
2,23 , 1,0,9,0,S, 	(30-MAY-2025 15:48:11)
2,23 , 1,0,9,0,S, 	(30-MAY-2025 15:48:11)
2,23 , 1,0,9,0,S, 	(30-MAY-2025 15:48:11)
2,23 , 1,0,9,0,S, 	(30-MAY-2025 15:48:11)
2,23 , 1,0,9,0,S, 	(30-MAY-2025 15:48:11)	 (Not Inserted)
2,23 , 1,0,9,0,S, 	(30-MAY-2025 15:48:11)	 (Not Inserted)
2,23 , 1,0,9,0,S, 	(30-MAY-2025 15:48:11)	 (Not Inserted)
2,23 , 1,0,9,0,S, 	(30-MAY-2025 15:48:11)	 (Not Inserted)
2,23 , 1,0,9,0,S, 	(30-MAY-2025 15:48:11)	 (Not Inserted)
2,23 , 1,0,9,0,S, 	(30-MAY-2025 15:48:11)	 (Not Inserted)
2,23 , 1,0,9,0,S, 	(30-MAY-2025 15:48:11)	 (Not Inserted)
2,23 , 1,0,9,0,S, 	(30-MAY-2025 15:48:11)	 (Not Inserted)
2,23 , 1,0,9,0,S, 	(30-MAY-2025 15:48:11)	 (Not Inserted)
2,23 , 1,0,9,0,S, 	(30-MAY-2025 15:48:11)	 (Not Inserted)
2,23 , 1,0,9,0,S, 	(30-MAY-2025 15:48:11)	 (Not Inserted)
2,23 , 1,0,9,0,S, 	(30-MAY-2025 15:48:11)	 (Not Inserted)
2,23 , 1,0,9,0,S, 	(30-MAY-2025 15:48:11)	 (Not Inserted)
2,23 , 1,0,9,0,S, 	(30-MAY-2025 15:48:11)	 (Not Inserted)
2,23 , 1,0,9,0,S, 	(30-MAY-2025 15:48:11)	 (Not Inserted)
2,23 , 1,0,9,0,S, 	(30-MAY-2025 15:48:11)	 (Not Inserted)
2,23 , 1,0,9,0,S, 	(30-MAY-2025 15:48:11)	 (Not Inserted)
2,23 , 1,0,9,0,S, 	(30-MAY-2025 15:48:11)	 (Not Inserted)
2,23 , 1,0,9,0,S, 	(30-MAY-2025 15:48:11)	 (Not Inserted)
2,23 , 1,0,9,0,S, 	(30-MAY-2025 15:48:11)	 (Not Inserted)
2,23 , 1,0,9,0,S, 	(30-MAY-2025 15:48:11)	 (Not Inserted)
2,23 , 1,0,9,0,S, 	(30-MAY-2025 15:48:11)	 (Not Inserted)
2,23 , 1,0,9,0,S, 	(30-MAY-2025 15:48:11)	 (Not Inserted)
2,23 , 1,0,9,0,S, 	(30-MAY-2025 15:48:11)	 (Not Inserted)
2,23 , 1,0,9,0,S, 	(30-MAY-2025 15:48:11)	 (Not Inserted)
2,23 , 1,0,9,0,S, 	(30-MAY-2025 15:48:11)	 (Not Inserted)
2,23 , 1,0,2,0,S, 	(30-MAY-2025 15:48:11)
2,23 , 1,0,2,0,S, 	(30-MAY-2025 15:48:11)
2,23 , 1,0,2,0,S, 	(30-MAY-2025 15:48:11)
2,23 , 1,0,2,0,S, 	(30-MAY-2025 15:48:11)
2,23 , 1,0,2,0,S, 	(30-MAY-2025 15:48:11)
2,23 , 1,0,2,0,S, 	(30-MAY-2025 15:48:11)
2,23 , 1,0,2,0,S, 	(30-MAY-2025 15:48:11)
2,23 , 1,0,2,0,S, 	(30-MAY-2025 15:48:11)
2,23 , 1,0,2,0,S, 	(30-MAY-2025 15:48:11)
2,23 , 1,0,2,0,S, 	(30-MAY-2025 15:48:11)
2,23 , 1,0,2,0,S, 	(30-MAY-2025 15:48:11)
2,23 , 1,0,2,0,S, 	(30-MAY-2025 15:48:11)
2,23 , 1,0,2,0,S, 	(30-MAY-2025 15:48:11)
2,23 , 1,0,2,0,S, 	(30-MAY-2025 15:48:11)
2,23 , 1,0,2,0,S, 	(30-MAY-2025 15:48:11)
2,23 , 1,0,2,0,S, 	(30-MAY-2025 15:48:11)
2,23 , 1,0,2,0,S, 	(30-MAY-2025 15:48:11)
2,23 , 1,0,2,0,S, 	(30-MAY-2025 15:48:11)
2,23 , 1,0,2,0,S, 	(30-MAY-2025 15:48:11)
2,23 , 1,0,2,0,S, 	(30-MAY-2025 15:48:11)
2,23 , 1,0,2,0,S, 	(30-MAY-2025 15:48:11)
2,23 , 1,0,2,0,S, 	(30-MAY-2025 15:48:11)
2,23 , 1,0,2,0,S, 	(30-MAY-2025 15:48:11)
2,23 , 1,0,2,0,S, 	(30-MAY-2025 15:48:11)
2,23 , 1,0,2,0,S, 	(30-MAY-2025 15:48:11)
2,23 , 1,0,2,0,S, 	(30-MAY-2025 15:48:11)
2,23 , 1,0,2,0,S, 	(30-MAY-2025 15:48:11)
2,23 , 1,0,2,0,S, 	(30-MAY-2025 15:48:11)
2,23 , 1,0,2,0,S, 	(30-MAY-2025 15:48:11)
2,23 , 1,0,2,0,S, 	(30-MAY-2025 15:48:11)
2,23 , 1,0,2,0,S, 	(30-MAY-2025 15:48:11)
2,23 , 1,0,2,0,S, 	(30-MAY-2025 15:48:11)
2,23 , 1,0,2,0,S, 	(30-MAY-2025 15:48:11)
2,23 , 1,0,2,0,S, 	(30-MAY-2025 15:48:11)
2,23 , 1,0,2,0,S, 	(30-MAY-2025 15:48:11)
2,23 , 1,0,2,0,S, 	(30-MAY-2025 15:48:11)
2,23 , 1,0,2,0,S, 	(30-MAY-2025 15:48:11)
2,23 , 1,0,2,0,S, 	(30-MAY-2025 15:48:11)
2,23 , 1,0,2,0,S, 	(30-MAY-2025 15:48:11)
2,23 , 1,0,2,0,S, 	(30-MAY-2025 15:48:11)
2,23 , 1,0,2,0,S, 	(30-MAY-2025 15:48:11)
2,23 , 1,0,2,0,S, 	(30-MAY-2025 15:48:11)
2,23 , 1,0,2,0,S, 	(30-MAY-2025 15:48:11)
2,23 , 1,0,2,0,S, 	(30-MAY-2025 15:48:11)
2,23 , 1,0,2,0,S, 	(30-MAY-2025 15:48:11)
2,23 , 1,0,2,0,S, 	(30-MAY-2025 15:48:11)
2,23 , 1,0,2,0,S, 	(30-MAY-2025 15:48:11)
2,23 , 1,0,2,0,S, 	(30-MAY-2025 15:48:11)
2,23 , 1,0,2,0,S, 	(30-MAY-2025 15:48:11)
2,23 , 1,0,2,0,S, 	(30-MAY-2025 15:48:11)
2,23 , 1,0,2,0,S, 	(30-MAY-2025 15:48:11)
2,23 , 1,0,2,0,S, 	(30-MAY-2025 15:48:11)
2,23 , 1,0,2,0,S, 	(30-MAY-2025 15:48:11)
2,23 , 1,0,2,0,S, 	(30-MAY-2025 15:48:11)
2,23 , 1,0,2,0,S, 	(30-MAY-2025 15:48:11)
2,23 , 1,0,2,0,S, 	(30-MAY-2025 15:48:11)
2,23 , 1,0,2,0,S, 	(30-MAY-2025 15:48:11)
2,23 , 1,0,2,0,S, 	(30-MAY-2025 15:48:11)
2,23 , 1,0,2,0,S, 	(30-MAY-2025 15:48:11)
2,23 , 1,0,2,0,S, 	(30-MAY-2025 15:48:11)
2,23 , 1,0,2,0,S, 	(30-MAY-2025 15:48:11)
2,23 , 1,0,2,0,S, 	(30-MAY-2025 15:48:11)
2,23 , 1,0,2,0,S, 	(30-MAY-2025 15:48:11)
2,23 , 1,0,2,0,S, 	(30-MAY-2025 15:48:11)
2,23 , 1,0,2,0,S, 	(30-MAY-2025 15:48:11)
2,23 , 1,0,2,0,S, 	(30-MAY-2025 15:48:11)
2,23 , 1,0,2,0,S, 	(30-MAY-2025 15:48:11)
2,23 , 1,0,2,0,S, 	(30-MAY-2025 15:48:11)
2,23 , 1,0,2,0,S, 	(30-MAY-2025 15:48:11)
2,23 , 1,0,2,0,S, 	(30-MAY-2025 15:48:11)
2,23 , 1,0,2,0,S, 	(30-MAY-2025 15:48:11)
2,23 , 1,0,2,0,S, 	(30-MAY-2025 15:48:11)
2,23 , 1,0,2,0,S, 	(30-MAY-2025 15:48:11)
2,23 , 1,0,2,0,S, 	(30-MAY-2025 15:48:11)
2,23 , 1,0,2,0,S, 	(30-MAY-2025 15:48:11)
2,23 , 1,0,2,0,S, 	(30-MAY-2025 15:48:11)
2,23 , 1,0,2,0,S, 	(30-MAY-2025 15:48:11)
2,23 , 1,0,2,0,S, 	(30-MAY-2025 15:48:11)
2,23 , 1,0,2,0,S, 	(30-MAY-2025 15:48:11)
2,23 , 1,0,2,0,S, 	(30-MAY-2025 15:48:11)
2,23 , 1,0,2,0,S, 	(30-MAY-2025 15:48:11)
2,23 , 1,0,2,0,S, 	(30-MAY-2025 15:48:11)
2,23 , 1,0,2,0,S, 	(30-MAY-2025 15:48:11)
2,23 , 1,0,2,0,S, 	(30-MAY-2025 15:48:11)
2,23 , 1,0,2,0,S, 	(30-MAY-2025 15:48:11)
2,23 , 1,0,2,0,S, 	(30-MAY-2025 15:48:11)
2,23 , 1,0,2,0,S, 	(30-MAY-2025 15:48:11)
2,23 , 1,0,2,0,S, 	(30-MAY-2025 15:48:11)
2,23 , 1,0,2,0,S, 	(30-MAY-2025 15:48:11)
2,23 , 1,0,2,0,S, 	(30-MAY-2025 15:48:11)
2,23 , 1,0,2,0,S, 	(30-MAY-2025 15:48:11)
2,23 , 1,0,2,0,S, 	(30-MAY-2025 15:48:11)
2,23 , 1,0,2,0,S, 	(30-MAY-2025 15:48:11)
2,23 , 1,0,2,0,S, 	(30-MAY-2025 15:48:11)
2,23 , 1,0,2,0,S, 	(30-MAY-2025 15:48:11)
2,23 , 1,0,2,0,S, 	(30-MAY-2025 15:48:11)
2,23 , 1,0,2,0,S, 	(30-MAY-2025 15:48:11)
2,23 , 1,0,2,0,S, 	(30-MAY-2025 15:48:11)
2,23 , 1,0,2,0,S, 	(30-MAY-2025 15:48:11)
2,23 , 1,0,2,0,S, 	(30-MAY-2025 15:48:11)
2,23 , 1,0,2,0,S, 	(30-MAY-2025 15:48:11)
2,23 , 1,0,2,0,S, 	(30-MAY-2025 15:48:11)
2,23 , 1,0,2,0,S, 	(30-MAY-2025 15:48:11)
2,23 , 1,0,2,0,S, 	(30-MAY-2025 15:48:11)
2,23 , 1,0,2,0,S, 	(30-MAY-2025 15:48:11)
2,23 , 1,0,2,0,S, 	(30-MAY-2025 15:48:11)
2,23 , 1,0,2,0,S, 	(30-MAY-2025 15:48:11)
2,23 , 1,0,2,0,S, 	(30-MAY-2025 15:48:11)
2,23 , 1,0,2,0,S, 	(30-MAY-2025 15:48:11)
2,23 , 1,0,2,0,S, 	(30-MAY-2025 15:48:11)
2,23 , 1,0,2,0,S, 	(30-MAY-2025 15:48:11)
2,23 , 1,0,2,0,S, 	(30-MAY-2025 15:48:11)
2,23 , 1,0,2,0,S, 	(30-MAY-2025 15:48:11)
2,23 , 1,0,2,0,S, 	(30-MAY-2025 15:48:11)
2,23 , 1,0,2,0,S, 	(30-MAY-2025 15:48:11)
2,23 , 1,0,2,0,S, 	(30-MAY-2025 15:48:11)
2,23 , 1,0,2,0,S, 	(30-MAY-2025 15:48:11)
2,23 , 1,0,2,0,S, 	(30-MAY-2025 15:48:11)
2,23 , 1,0,2,0,S, 	(30-MAY-2025 15:48:11)
2,23 , 1,0,2,0,S, 	(30-MAY-2025 15:48:11)
2,23 , 1,0,2,0,S, 	(30-MAY-2025 15:48:11)
2,23 , 1,0,2,0,S, 	(30-MAY-2025 15:48:11)
2,23 , 1,0,2,0,S, 	(30-MAY-2025 15:48:11)
2,23 , 1,0,2,0,S, 	(30-MAY-2025 15:48:11)
2,23 , 1,0,2,0,S, 	(30-MAY-2025 15:48:11)
2,23 , 1,0,2,0,S, 	(30-MAY-2025 15:48:11)
2,23 , 1,0,2,0,S, 	(30-MAY-2025 15:48:11)
2,23 , 1,0,2,0,S, 	(30-MAY-2025 15:48:11)
2,23 , 1,0,2,0,S, 	(30-MAY-2025 15:48:11)
2,23 , 1,0,2,0,S, 	(30-MAY-2025 15:48:11)
2,23 , 1,0,2,0,S, 	(30-MAY-2025 15:48:11)
2,23 , 1,0,2,0,S, 	(30-MAY-2025 15:48:11)
2,23 , 1,0,2,0,S, 	(30-MAY-2025 15:48:11)
2,23 , 1,0,2,0,S, 	(30-MAY-2025 15:48:11)
2,23 , 1,0,2,0,S, 	(30-MAY-2025 15:48:11)
2,23 , 1,0,2,0,S, 	(30-MAY-2025 15:48:11)
2,23 , 1,0,2,0,S, 	(30-MAY-2025 15:48:11)
2,23 , 1,0,2,0,S, 	(30-MAY-2025 15:48:11)
2,23 , 1,0,2,0,S, 	(30-MAY-2025 15:48:11)
2,23 , 1,0,2,0,S, 	(30-MAY-2025 15:48:11)
2,23 , 1,0,2,0,S, 	(30-MAY-2025 15:48:11)
2,23 , 1,0,2,0,S, 	(30-MAY-2025 15:48:11)
2,23 , 1,0,2,0,S, 	(30-MAY-2025 15:48:11)
2,23 , 1,0,2,0,S, 	(30-MAY-2025 15:48:11)
2,23 , 1,0,2,0,S, 	(30-MAY-2025 15:48:11)
2,23 , 1,0,2,0,S, 	(30-MAY-2025 15:48:11)
2,23 , 1,0,2,0,S, 	(30-MAY-2025 15:48:11)
2,23 , 1,0,2,0,S, 	(30-MAY-2025 15:48:11)
2,23 , 1,0,2,0,S, 	(30-MAY-2025 15:48:11)
2,23 , 1,0,2,0,S, 	(30-MAY-2025 15:48:11)
2,23 , 1,0,2,0,S, 	(30-MAY-2025 15:48:11)
2,23 , 1,0,2,0,S, 	(30-MAY-2025 15:48:11)
2,23 , 1,0,2,0,S, 	(30-MAY-2025 15:48:11)
2,23 , 1,0,2,0,S, 	(30-MAY-2025 15:48:11)
2,23 , 1,0,2,0,S, 	(30-MAY-2025 15:48:11)
2,23 , 1,0,2,0,S, 	(30-MAY-2025 15:48:11)
2,23 , 1,0,2,0,S, 	(30-MAY-2025 15:48:11)
2,23 , 1,0,2,0,S, 	(30-MAY-2025 15:48:11)
2,23 , 1,0,2,0,S, 	(30-MAY-2025 15:48:11)
2,23 , 1,0,2,0,S, 	(30-MAY-2025 15:48:11)
2,23 , 1,0,2,0,S, 	(30-MAY-2025 15:48:11)
2,23 , 1,0,2,0,S, 	(30-MAY-2025 15:48:11)
2,23 , 1,0,2,0,S, 	(30-MAY-2025 15:48:11)
2,23 , 1,0,2,0,S, 	(30-MAY-2025 15:48:11)
2,23 , 1,0,2,0,S, 	(30-MAY-2025 15:48:11)
2,23 , 1,0,2,0,S, 	(30-MAY-2025 15:48:11)
2,23 , 1,0,2,0,S, 	(30-MAY-2025 15:48:11)
2,23 , 1,0,2,0,S, 	(30-MAY-2025 15:48:11)
2,23 , 1,0,2,0,S, 	(30-MAY-2025 15:48:11)
2,23 , 1,0,2,0,S, 	(30-MAY-2025 15:48:11)
2,23 , 1,0,2,0,S, 	(30-MAY-2025 15:48:11)
2,23 , 1,0,2,0,S, 	(30-MAY-2025 15:48:11)
2,23 , 1,0,2,0,S, 	(30-MAY-2025 15:48:11)
2,23 , 1,0,2,0,S, 	(30-MAY-2025 15:48:11)
2,23 , 1,0,2,0,S, 	(30-MAY-2025 15:48:11)
2,23 , 1,0,2,0,S, 	(30-MAY-2025 15:48:11)
2,23 , 1,0,2,0,S, 	(30-MAY-2025 15:48:11)
2,23 , 1,0,2,0,S, 	(30-MAY-2025 15:48:11)
2,23 , 1,0,2,0,S, 	(30-MAY-2025 15:48:11)
2,23 , 1,0,2,0,S, 	(30-MAY-2025 15:48:11)
2,23 , 1,0,2,0,S, 	(30-MAY-2025 15:48:11)
2,23 , 1,0,2,0,S, 	(30-MAY-2025 15:48:11)
2,23 , 1,0,2,0,S, 	(30-MAY-2025 15:48:11)
2,23 , 1,0,2,0,S, 	(30-MAY-2025 15:48:11)
2,23 , 1,0,2,0,S, 	(30-MAY-2025 15:48:11)
2,23 , 1,0,2,0,S, 	(30-MAY-2025 15:48:11)
2,23 , 1,0,2,0,S, 	(30-MAY-2025 15:48:11)
2,23 , 1,0,2,0,S, 	(30-MAY-2025 15:48:11)
2,23 , 1,0,2,0,S, 	(30-MAY-2025 15:48:11)
2,23 , 1,0,2,0,S, 	(30-MAY-2025 15:48:11)
2,23 , 1,0,2,0,S, 	(30-MAY-2025 15:48:11)
2,23 , 1,0,2,0,S, 	(30-MAY-2025 15:48:11)
2,23 , 1,0,2,0,S, 	(30-MAY-2025 15:48:11)
2,23 , 1,0,2,0,S, 	(30-MAY-2025 15:48:11)
2,23 , 1,0,2,0,S, 	(30-MAY-2025 15:48:11)
2,23 , 1,0,2,0,S, 	(30-MAY-2025 15:48:11)
2,23 , 1,0,2,0,S, 	(30-MAY-2025 15:48:11)
2,23 , 1,0,2,0,S, 	(30-MAY-2025 15:48:11)
2,23 , 1,0,2,0,S, 	(30-MAY-2025 15:48:11)
2,23 , 1,0,2,0,S, 	(30-MAY-2025 15:48:11)
2,23 , 1,0,2,0,S, 	(30-MAY-2025 15:48:11)
2,23 , 1,0,2,0,S, 	(30-MAY-2025 15:48:11)
2,23 , 1,0,2,0,S, 	(30-MAY-2025 15:48:11)
2,23 , 1,0,2,0,S, 	(30-MAY-2025 15:48:11)
2,23 , 1,0,2,0,S, 	(30-MAY-2025 15:48:11)
2,23 , 1,0,2,0,S, 	(30-MAY-2025 15:48:11)
2,23 , 1,0,2,0,S, 	(30-MAY-2025 15:48:11)
2,23 , 1,0,2,0,S, 	(30-MAY-2025 15:48:11)
2,23 , 1,0,2,0,S, 	(30-MAY-2025 15:48:11)
2,23 , 1,0,2,0,S, 	(30-MAY-2025 15:48:11)
2,23 , 1,0,2,0,S, 	(30-MAY-2025 15:48:11)
2,23 , 1,0,2,0,S, 	(30-MAY-2025 15:48:11)
2,23 , 1,0,2,0,S, 	(30-MAY-2025 15:48:11)
2,23 , 1,0,2,0,S, 	(30-MAY-2025 15:48:11)
2,23 , 1,0,2,0,S, 	(30-MAY-2025 15:48:11)
2,23 , 1,0,2,0,S, 	(30-MAY-2025 15:48:11)
2,23 , 1,0,2,0,S, 	(30-MAY-2025 15:48:11)
2,23 , 1,0,2,0,S, 	(30-MAY-2025 15:48:11)
2,23 , 1,0,2,0,S, 	(30-MAY-2025 15:48:11)
2,23 , 1,0,2,0,S, 	(30-MAY-2025 15:48:11)
2,23 , 1,0,2,0,S, 	(30-MAY-2025 15:48:11)
2,23 , 1,0,2,0,S, 	(30-MAY-2025 15:48:11)
2,23 , 1,0,2,0,S, 	(30-MAY-2025 15:48:11)
2,23 , 1,0,2,0,S, 	(30-MAY-2025 15:48:11)
2,23 , 1,0,2,0,S, 	(30-MAY-2025 15:48:11)
2,23 , 1,0,2,0,S, 	(30-MAY-2025 15:48:11)
2,23 , 1,0,2,0,S, 	(30-MAY-2025 15:48:11)
2,23 , 1,0,2,0,S, 	(30-MAY-2025 15:48:11)
2,23 , 1,0,2,0,S, 	(30-MAY-2025 15:48:11)
2,23 , 1,0,2,0,S, 	(30-MAY-2025 15:48:11)
2,23 , 1,0,2,0,S, 	(30-MAY-2025 15:48:11)
2,23 , 1,0,2,0,S, 	(30-MAY-2025 15:48:11)
2,23 , 1,0,2,0,S, 	(30-MAY-2025 15:48:11)
2,23 , 1,0,2,0,S, 	(30-MAY-2025 15:48:11)
2,23 , 1,0,2,0,S, 	(30-MAY-2025 15:48:11)
2,23 , 1,0,2,0,S, 	(30-MAY-2025 15:48:11)
2,23 , 1,0,2,0,S, 	(30-MAY-2025 15:48:11)
2,23 , 1,0,2,0,S, 	(30-MAY-2025 15:48:11)
2,23 , 1,0,2,0,S, 	(30-MAY-2025 15:48:11)
2,23 , 1,0,2,0,S, 	(30-MAY-2025 15:48:11)
2,23 , 1,0,2,0,S, 	(30-MAY-2025 15:48:11)
2,23 , 1,0,2,0,S, 	(30-MAY-2025 15:48:11)
2,23 , 1,0,2,0,S, 	(30-MAY-2025 15:48:11)
2,23 , 1,0,2,0,S, 	(30-MAY-2025 15:48:11)
2,23 , 1,0,2,0,S, 	(30-MAY-2025 15:48:11)
2,23 , 1,0,2,0,S, 	(30-MAY-2025 15:48:11)
2,23 , 1,0,2,0,S, 	(30-MAY-2025 15:48:11)
2,23 , 1,0,2,0,S, 	(30-MAY-2025 15:48:11)
2,23 , 1,0,2,0,S, 	(30-MAY-2025 15:48:11)
2,23 , 1,0,2,0,S, 	(30-MAY-2025 15:48:11)
2,23 , 1,0,2,0,S, 	(30-MAY-2025 15:48:11)
2,23 , 1,0,2,0,S, 	(30-MAY-2025 15:48:11)
2,23 , 1,0,2,0,S, 	(30-MAY-2025 15:48:11)
2,23 , 1,0,2,0,S, 	(30-MAY-2025 15:48:11)
2,23 , 1,0,2,0,S, 	(30-MAY-2025 15:48:11)
2,23 , 1,0,2,0,S, 	(30-MAY-2025 15:48:11)
2,23 , 1,0,2,0,S, 	(30-MAY-2025 15:48:11)
2,23 , 1,0,2,0,S, 	(30-MAY-2025 15:48:11)
2,23 , 1,0,2,0,S, 	(30-MAY-2025 15:48:11)
2,23 , 1,0,2,0,S, 	(30-MAY-2025 15:48:11)
2,23 , 1,0,2,0,S, 	(30-MAY-2025 15:48:11)
2,23 , 1,0,2,0,S, 	(30-MAY-2025 15:48:11)
2,23 , 1,0,2,0,S, 	(30-MAY-2025 15:48:11)
2,23 , 1,0,2,0,S, 	(30-MAY-2025 15:48:11)
2,23 , 1,0,2,0,S, 	(30-MAY-2025 15:48:11)
2,23 , 1,0,2,0,S, 	(30-MAY-2025 15:48:11)
2,23 , 1,0,2,0,S, 	(30-MAY-2025 15:48:11)
2,23 , 1,0,2,0,S, 	(30-MAY-2025 15:48:11)
2,23 , 1,0,2,0,S, 	(30-MAY-2025 15:48:11)
2,23 , 1,0,2,0,S, 	(30-MAY-2025 15:48:11)
2,23 , 1,0,2,0,S, 	(30-MAY-2025 15:48:11)
2,23 , 1,0,2,0,S, 	(30-MAY-2025 15:48:11)
2,23 , 1,0,2,0,S, 	(30-MAY-2025 15:48:11)
2,23 , 1,0,2,0,S, 	(30-MAY-2025 15:48:11)
2,23 , 1,0,2,0,S, 	(30-MAY-2025 15:48:11)
2,23 , 1,0,2,0,S, 	(30-MAY-2025 15:48:11)
2,23 , 1,0,2,0,S, 	(30-MAY-2025 15:48:11)
2,23 , 1,0,2,0,S, 	(30-MAY-2025 15:48:11)
2,23 , 1,0,2,0,S, 	(30-MAY-2025 15:48:11)
2,23 , 1,0,2,0,S, 	(30-MAY-2025 15:48:11)
2,23 , 1,0,2,0,S, 	(30-MAY-2025 15:48:11)
2,23 , 1,0,2,0,S, 	(30-MAY-2025 15:48:11)
2,23 , 1,0,2,0,S, 	(30-MAY-2025 15:48:11)
2,23 , 1,0,2,0,S, 	(30-MAY-2025 15:48:11)
2,23 , 1,0,2,0,S, 	(30-MAY-2025 15:48:11)
2,23 , 1,0,2,0,S, 	(30-MAY-2025 15:48:11)
2,23 , 1,0,2,0,S, 	(30-MAY-2025 15:48:11)
2,23 , 1,0,2,0,S, 	(30-MAY-2025 15:48:11)
2,23 , 1,0,2,0,S, 	(30-MAY-2025 15:48:11)
2,23 , 1,0,2,0,S, 	(30-MAY-2025 15:48:11)
2,23 , 1,0,2,0,S, 	(30-MAY-2025 15:48:11)
2,23 , 1,0,2,0,S, 	(30-MAY-2025 15:48:11)
2,23 , 1,0,2,0,S, 	(30-MAY-2025 15:48:11)
2,23 , 1,0,2,0,S, 	(30-MAY-2025 15:48:11)
2,23 , 1,0,2,0,S, 	(30-MAY-2025 15:48:11)
2,23 , 1,0,2,0,S, 	(30-MAY-2025 15:48:11)
2,23 , 1,0,2,0,S, 	(30-MAY-2025 15:48:11)
2,23 , 1,0,2,0,S, 	(30-MAY-2025 15:48:11)
2,23 , 1,0,2,0,S, 	(30-MAY-2025 15:48:11)
2,23 , 1,0,2,0,S, 	(30-MAY-2025 15:48:11)
2,23 , 1,0,2,0,S, 	(30-MAY-2025 15:48:11)
2,23 , 1,0,2,0,S, 	(30-MAY-2025 15:48:11)
2,23 , 1,0,2,0,S, 	(30-MAY-2025 15:48:11)
2,23 , 1,0,2,0,S, 	(30-MAY-2025 15:48:11)
2,23 , 1,0,2,0,S, 	(30-MAY-2025 15:48:11)
2,23 , 1,0,2,0,S, 	(30-MAY-2025 15:48:11)
2,23 , 1,0,2,0,S, 	(30-MAY-2025 15:48:11)
2,23 , 1,0,2,0,S, 	(30-MAY-2025 15:48:11)
2,23 , 1,0,2,0,S, 	(30-MAY-2025 15:48:11)
2,23 , 1,0,2,0,S, 	(30-MAY-2025 15:48:11)
2,23 , 1,0,2,0,S, 	(30-MAY-2025 15:48:11)
2,23 , 1,0,2,0,S, 	(30-MAY-2025 15:48:11)
2,23 , 1,0,2,0,S, 	(30-MAY-2025 15:48:11)
2,23 , 1,0,2,0,S, 	(30-MAY-2025 15:48:11)
2,23 , 1,0,2,0,S, 	(30-MAY-2025 15:48:11)
2,23 , 1,0,2,0,S, 	(30-MAY-2025 15:48:11)
2,23 , 1,0,2,0,S, 	(30-MAY-2025 15:48:11)
2,23 , 1,0,2,0,S, 	(30-MAY-2025 15:48:11)
2,23 , 1,0,2,0,S, 	(30-MAY-2025 15:48:11)
2,23 , 1,0,2,0,S, 	(30-MAY-2025 15:48:11)
2,23 , 1,0,2,0,S, 	(30-MAY-2025 15:48:11)
2,23 , 1,0,2,0,S, 	(30-MAY-2025 15:48:11)
2,23 , 1,0,2,0,S, 	(30-MAY-2025 15:48:11)
2,23 , 1,0,2,0,S, 	(30-MAY-2025 15:48:11)
2,23 , 1,0,2,0,S, 	(30-MAY-2025 15:48:11)
2,23 , 1,0,2,0,S, 	(30-MAY-2025 15:48:11)
2,23 , 1,0,2,0,S, 	(30-MAY-2025 15:48:11)
2,23 , 1,0,2,0,S, 	(30-MAY-2025 15:48:11)
2,23 , 1,0,2,0,S, 	(30-MAY-2025 15:48:11)
2,23 , 1,0,2,0,S, 	(30-MAY-2025 15:48:11)
2,23 , 1,0,2,0,S, 	(30-MAY-2025 15:48:11)
2,23 , 1,0,2,0,S, 	(30-MAY-2025 15:48:11)
2,23 , 1,0,2,0,S, 	(30-MAY-2025 15:48:11)
2,23 , 1,0,2,0,S, 	(30-MAY-2025 15:48:11)
2,23 , 1,0,2,0,S, 	(30-MAY-2025 15:48:11)
2,23 , 1,0,2,0,S, 	(30-MAY-2025 15:48:11)
2,23 , 1,0,2,0,S, 	(30-MAY-2025 15:48:11)
2,23 , 1,0,2,0,S, 	(30-MAY-2025 15:48:11)
2,23 , 1,0,2,0,S, 	(30-MAY-2025 15:48:11)
2,23 , 1,0,2,0,S, 	(30-MAY-2025 15:48:11)
2,23 , 1,0,2,0,S, 	(30-MAY-2025 15:48:11)
2,23 , 1,0,2,0,S, 	(30-MAY-2025 15:48:11)
2,23 , 1,0,2,0,S, 	(30-MAY-2025 15:48:11)
2,23 , 1,0,2,0,S, 	(30-MAY-2025 15:48:11)
2,23 , 1,0,2,0,S, 	(30-MAY-2025 15:48:11)
2,23 , 1,0,2,0,S, 	(30-MAY-2025 15:48:11)
2,23 , 1,0,2,0,S, 	(30-MAY-2025 15:48:11)
2,23 , 1,0,2,0,S, 	(30-MAY-2025 15:48:11)
2,23 , 1,0,2,0,S, 	(30-MAY-2025 15:48:11)
2,23 , 1,0,2,0,S, 	(30-MAY-2025 15:48:11)
2,23 , 1,0,2,0,S, 	(30-MAY-2025 15:48:11)
2,23 , 1,0,2,0,S, 	(30-MAY-2025 15:48:11)
2,23 , 1,0,2,0,S, 	(30-MAY-2025 15:48:11)
2,23 , 1,0,2,0,S, 	(30-MAY-2025 15:48:11)
2,23 , 1,0,2,0,S, 	(30-MAY-2025 15:48:11)
2,23 , 1,0,2,0,S, 	(30-MAY-2025 15:48:11)
2,23 , 1,0,2,0,S, 	(30-MAY-2025 15:48:11)
2,23 , 1,0,2,0,S, 	(30-MAY-2025 15:48:11)
2,23 , 1,0,2,0,S, 	(30-MAY-2025 15:48:11)
2,23 , 1,0,2,0,S, 	(30-MAY-2025 15:48:11)
2,23 , 1,0,2,0,S, 	(30-MAY-2025 15:48:11)
2,23 , 1,0,2,0,S, 	(30-MAY-2025 15:48:11)
2,23 , 1,0,2,0,S, 	(30-MAY-2025 15:48:11)
2,23 , 1,0,2,0,S, 	(30-MAY-2025 15:48:11)
2,23 , 1,0,2,0,S, 	(30-MAY-2025 15:48:11)
2,23 , 1,0,2,0,S, 	(30-MAY-2025 15:48:11)
2,23 , 1,0,2,0,S, 	(30-MAY-2025 15:48:11)
2,23 , 1,0,2,0,S, 	(30-MAY-2025 15:48:11)
2,23 , 1,0,2,0,S, 	(30-MAY-2025 15:48:11)
2,23 , 1,0,2,0,S, 	(30-MAY-2025 15:48:11)
2,23 , 1,0,2,0,S, 	(30-MAY-2025 15:48:11)
2,23 , 1,0,2,0,S, 	(30-MAY-2025 15:48:11)
2,23 , 1,0,2,0,S, 	(30-MAY-2025 15:48:11)
2,23 , 1,0,2,0,S, 	(30-MAY-2025 15:48:11)
2,23 , 1,0,2,0,S, 	(30-MAY-2025 15:48:11)
2,23 , 1,0,2,0,S, 	(30-MAY-2025 15:48:11)
2,23 , 1,0,2,0,S, 	(30-MAY-2025 15:48:11)
2,23 , 1,0,2,0,S, 	(30-MAY-2025 15:48:11)
2,23 , 1,0,2,0,S, 	(30-MAY-2025 15:48:11)
2,23 , 1,0,2,0,S, 	(30-MAY-2025 15:48:11)
2,23 , 1,0,2,0,S, 	(30-MAY-2025 15:48:11)
2,23 , 1,0,2,0,S, 	(30-MAY-2025 15:48:11)
2,23 , 1,0,2,0,S, 	(30-MAY-2025 15:48:11)
2,23 , 1,0,2,0,S, 	(30-MAY-2025 15:48:11)
2,23 , 1,0,2,0,S, 	(30-MAY-2025 15:48:11)
2,23 , 1,0,2,0,S, 	(30-MAY-2025 15:48:11)
2,23 , 1,0,2,0,S, 	(30-MAY-2025 15:48:11)
2,23 , 1,0,2,0,S, 	(30-MAY-2025 15:48:11)
2,23 , 1,0,2,0,S, 	(30-MAY-2025 15:48:11)
2,23 , 1,0,2,0,S, 	(30-MAY-2025 15:48:11)
2,23 , 1,0,2,0,S, 	(30-MAY-2025 15:48:11)
2,23 , 1,0,2,0,S, 	(30-MAY-2025 15:48:11)
2,23 , 1,0,2,0,S, 	(30-MAY-2025 15:48:11)
2,23 , 1,0,2,0,S, 	(30-MAY-2025 15:48:11)
2,23 , 1,0,2,0,S, 	(30-MAY-2025 15:48:11)
2,23 , 1,0,2,0,S, 	(30-MAY-2025 15:48:11)
2,23 , 1,0,2,0,S, 	(30-MAY-2025 15:48:11)
2,23 , 1,0,2,0,S, 	(30-MAY-2025 15:48:11)
2,23 , 1,0,2,0,S, 	(30-MAY-2025 15:48:11)
2,23 , 1,0,2,0,S, 	(30-MAY-2025 15:48:11)
2,23 , 1,0,2,0,S, 	(30-MAY-2025 15:48:11)
2,23 , 1,0,2,0,S, 	(30-MAY-2025 15:48:11)
2,23 , 1,0,2,0,S, 	(30-MAY-2025 15:48:11)
2,23 , 1,0,2,0,S, 	(30-MAY-2025 15:48:11)
2,23 , 1,0,2,0,S, 	(30-MAY-2025 15:48:11)
2,23 , 1,0,2,0,S, 	(30-MAY-2025 15:48:11)
2,23 , 1,0,2,0,S, 	(30-MAY-2025 15:48:11)
2,23 , 1,0,2,0,S, 	(30-MAY-2025 15:48:11)
2,23 , 1,0,2,0,S, 	(30-MAY-2025 15:48:11)
2,23 , 1,0,2,0,S, 	(30-MAY-2025 15:48:11)
2,23 , 1,0,2,0,S, 	(30-MAY-2025 15:48:11)
2,23 , 1,0,2,0,S, 	(30-MAY-2025 15:48:11)
2,23 , 1,0,2,0,S, 	(30-MAY-2025 15:48:11)
2,23 , 1,0,2,0,S, 	(30-MAY-2025 15:48:11)
2,23 , 1,0,2,0,S, 	(30-MAY-2025 15:48:11)
2,23 , 1,0,2,0,S, 	(30-MAY-2025 15:48:11)
2,23 , 1,0,2,0,S, 	(30-MAY-2025 15:48:11)
2,23 , 1,0,2,0,S, 	(30-MAY-2025 15:48:11)
2,23 , 1,0,2,0,S, 	(30-MAY-2025 15:48:11)
2,23 , 1,0,2,0,S, 	(30-MAY-2025 15:48:11)
2,23 , 1,0,2,0,S, 	(30-MAY-2025 15:48:11)
2,23 , 1,0,2,0,S, 	(30-MAY-2025 15:48:11)
2,23 , 1,0,2,0,S, 	(30-MAY-2025 15:48:11)
2,23 , 1,0,2,0,S, 	(30-MAY-2025 15:48:11)
2,23 , 1,0,2,0,S, 	(30-MAY-2025 15:48:11)
2,23 , 1,0,2,0,S, 	(30-MAY-2025 15:48:11)
2,23 , 1,0,2,0,S, 	(30-MAY-2025 15:48:11)
2,23 , 1,0,2,0,S, 	(30-MAY-2025 15:48:11)
2,23 , 1,0,2,0,S, 	(30-MAY-2025 15:48:11)
2,23 , 1,0,2,0,S, 	(30-MAY-2025 15:48:11)
2,23 , 1,0,2,0,S, 	(30-MAY-2025 15:48:11)
2,23 , 1,0,2,0,S, 	(30-MAY-2025 15:48:11)
2,23 , 1,0,2,0,S, 	(30-MAY-2025 15:48:11)
2,23 , 1,0,2,0,S, 	(30-MAY-2025 15:48:11)
2,23 , 1,0,2,0,S, 	(30-MAY-2025 15:48:11)
2,23 , 1,0,2,0,S, 	(30-MAY-2025 15:48:11)
2,23 , 1,0,2,0,S, 	(30-MAY-2025 15:48:11)
2,23 , 1,0,2,0,S, 	(30-MAY-2025 15:48:11)
2,23 , 1,0,2,0,S, 	(30-MAY-2025 15:48:11)
2,23 , 1,0,2,0,S, 	(30-MAY-2025 15:48:11)
2,23 , 1,0,2,0,S, 	(30-MAY-2025 15:48:11)
2,23 , 1,0,2,0,S, 	(30-MAY-2025 15:48:11)
2,23 , 1,0,2,0,S, 	(30-MAY-2025 15:48:11)
2,23 , 1,0,2,0,S, 	(30-MAY-2025 15:48:11)
2,23 , 1,0,2,0,S, 	(30-MAY-2025 15:48:11)
2,23 , 1,0,2,0,S, 	(30-MAY-2025 15:48:11)
2,23 , 1,0,2,0,S, 	(30-MAY-2025 15:48:11)
2,23 , 1,0,2,0,S, 	(30-MAY-2025 15:48:11)
2,23 , 1,0,2,0,S, 	(30-MAY-2025 15:48:11)
2,23 , 1,0,2,0,S, 	(30-MAY-2025 15:48:11)
2,23 , 1,0,2,0,S, 	(30-MAY-2025 15:48:11)
2,23 , 1,0,2,0,S, 	(30-MAY-2025 15:48:11)
2,23 , 1,0,2,0,S, 	(30-MAY-2025 15:48:11)
2,23 , 1,0,2,0,S, 	(30-MAY-2025 15:48:11)
2,23 , 1,0,2,0,S, 	(30-MAY-2025 15:48:11)
2,23 , 1,0,2,0,S, 	(30-MAY-2025 15:48:11)
2,23 , 1,0,2,0,S, 	(30-MAY-2025 15:48:11)
2,23 , 1,0,2,0,S, 	(30-MAY-2025 15:48:11)
2,23 , 1,0,2,0,S, 	(30-MAY-2025 15:48:11)
2,23 , 1,0,2,0,S, 	(30-MAY-2025 15:48:11)
2,23 , 1,0,2,0,S, 	(30-MAY-2025 15:48:11)
2,23 , 1,0,2,0,S, 	(30-MAY-2025 15:48:11)
2,23 , 1,0,2,0,S, 	(30-MAY-2025 15:48:11)
2,23 , 1,0,2,0,S, 	(30-MAY-2025 15:48:11)
2,23 , 1,0,2,0,S, 	(30-MAY-2025 15:48:11)
2,23 , 1,0,2,0,S, 	(30-MAY-2025 15:48:11)
2,23 , 1,0,2,0,S, 	(30-MAY-2025 15:48:11)
2,23 , 1,0,2,0,S, 	(30-MAY-2025 15:48:11)
2,23 , 1,0,2,0,S, 	(30-MAY-2025 15:48:11)
2,23 , 1,0,2,0,S, 	(30-MAY-2025 15:48:11)
2,23 , 1,0,2,0,S, 	(30-MAY-2025 15:48:11)
2,23 , 1,0,2,0,S, 	(30-MAY-2025 15:48:11)
2,23 , 1,0,2,0,S, 	(30-MAY-2025 15:48:11)
2,23 , 1,0,2,0,S, 	(30-MAY-2025 15:48:11)
2,23 , 1,0,2,0,S, 	(30-MAY-2025 15:48:11)
2,23 , 1,0,2,0,S, 	(30-MAY-2025 15:48:11)
2,23 , 1,0,2,0,S, 	(30-MAY-2025 15:48:11)
2,23 , 1,0,2,0,S, 	(30-MAY-2025 15:48:11)
2,23 , 1,0,2,0,S, 	(30-MAY-2025 15:48:11)
2,23 , 1,0,2,0,S, 	(30-MAY-2025 15:48:11)
2,23 , 1,0,2,0,S, 	(30-MAY-2025 15:48:11)
2,23 , 1,0,2,0,S, 	(30-MAY-2025 15:48:11)
2,23 , 1,0,2,0,S, 	(30-MAY-2025 15:48:11)
2,23 , 1,0,2,0,S, 	(30-MAY-2025 15:48:11)
2,23 , 1,0,2,0,S, 	(30-MAY-2025 15:48:11)
2,23 , 1,0,2,0,S, 	(30-MAY-2025 15:48:11)
2,23 , 1,0,2,0,S, 	(30-MAY-2025 15:48:11)
2,23 , 1,0,2,0,S, 	(30-MAY-2025 15:48:11)
2,23 , 1,0,2,0,S, 	(30-MAY-2025 15:48:11)
2,23 , 1,0,2,0,S, 	(30-MAY-2025 15:48:11)
2,23 , 1,0,2,0,S, 	(30-MAY-2025 15:48:11)
2,23 , 1,0,2,0,S, 	(30-MAY-2025 15:48:11)
2,23 , 1,0,2,0,S, 	(30-MAY-2025 15:48:11)
2,23 , 1,0,2,0,S, 	(30-MAY-2025 15:48:11)
2,23 , 1,0,2,0,S, 	(30-MAY-2025 15:48:11)
2,23 , 1,0,2,0,S, 	(30-MAY-2025 15:48:11)
2,23 , 1,0,2,0,S, 	(30-MAY-2025 15:48:11)
2,23 , 1,0,2,0,S, 	(30-MAY-2025 15:48:11)
2,23 , 1,0,2,0,S, 	(30-MAY-2025 15:48:11)
2,23 , 1,0,2,0,S, 	(30-MAY-2025 15:48:11)
2,23 , 1,0,2,0,S, 	(30-MAY-2025 15:48:11)
2,23 , 1,0,2,0,S, 	(30-MAY-2025 15:48:12)
2,23 , 1,0,2,0,S, 	(30-MAY-2025 15:48:12)
2,23 , 1,0,2,0,S, 	(30-MAY-2025 15:48:12)
2,23 , 1,0,2,0,S, 	(30-MAY-2025 15:48:12)
2,23 , 1,0,2,0,S, 	(30-MAY-2025 15:48:12)
2,23 , 1,0,2,0,S, 	(30-MAY-2025 15:48:12)
2,23 , 1,0,2,0,S, 	(30-MAY-2025 15:48:12)
2,23 , 1,0,2,0,S, 	(30-MAY-2025 15:48:12)
2,23 , 1,0,2,0,S, 	(30-MAY-2025 15:48:12)
2,23 , 1,0,2,0,S, 	(30-MAY-2025 15:48:12)
2,23 , 1,0,2,0,S, 	(30-MAY-2025 15:48:12)
2,23 , 1,0,2,0,S, 	(30-MAY-2025 15:48:12)
2,23 , 1,0,2,0,S, 	(30-MAY-2025 15:48:12)
2,23 , 1,0,2,0,S, 	(30-MAY-2025 15:48:12)
2,23 , 1,0,2,0,S, 	(30-MAY-2025 15:48:12)
2,23 , 1,0,2,0,S, 	(30-MAY-2025 15:48:12)
2,23 , 1,0,2,0,S, 	(30-MAY-2025 15:48:12)
2,23 , 1,0,2,0,S, 	(30-MAY-2025 15:48:12)
2,23 , 1,0,2,0,S, 	(30-MAY-2025 15:48:12)
2,23 , 1,0,2,0,S, 	(30-MAY-2025 15:48:12)
2,23 , 1,0,2,0,S, 	(30-MAY-2025 15:48:12)
2,23 , 1,0,2,0,S, 	(30-MAY-2025 15:48:12)
2,23 , 1,0,2,0,S, 	(30-MAY-2025 15:48:12)
2,23 , 1,0,2,0,S, 	(30-MAY-2025 15:48:12)
2,23 , 1,0,2,0,S, 	(30-MAY-2025 15:48:12)
2,23 , 1,0,2,0,S, 	(30-MAY-2025 15:48:12)
2,23 , 1,0,2,0,S, 	(30-MAY-2025 15:48:12)
2,23 , 1,0,2,0,S, 	(30-MAY-2025 15:48:12)
2,23 , 1,0,2,0,S, 	(30-MAY-2025 15:48:12)
2,23 , 1,0,2,0,S, 	(30-MAY-2025 15:48:12)
2,23 , 1,0,2,0,S, 	(30-MAY-2025 15:48:12)
2,23 , 1,0,2,0,S, 	(30-MAY-2025 15:48:12)
2,23 , 1,0,2,0,S, 	(30-MAY-2025 15:48:12)
2,23 , 1,0,2,0,S, 	(30-MAY-2025 15:48:12)
2,23 , 1,0,2,0,S, 	(30-MAY-2025 15:48:12)
2,23 , 1,0,2,0,S, 	(30-MAY-2025 15:48:12)
2,23 , 1,0,2,0,S, 	(30-MAY-2025 15:48:12)
2,23 , 1,0,2,0,S, 	(30-MAY-2025 15:48:12)
2,23 , 1,0,2,0,S, 	(30-MAY-2025 15:48:12)
2,23 , 1,0,2,0,S, 	(30-MAY-2025 15:48:12)
2,23 , 1,0,2,0,S, 	(30-MAY-2025 15:48:12)
2,23 , 1,0,2,0,S, 	(30-MAY-2025 15:48:12)
2,23 , 1,0,2,0,S, 	(30-MAY-2025 15:48:12)
2,23 , 1,0,2,0,S, 	(30-MAY-2025 15:48:12)
2,23 , 1,0,2,0,S, 	(30-MAY-2025 15:48:12)
2,23 , 1,0,2,0,S, 	(30-MAY-2025 15:48:12)
2,23 , 1,0,2,0,S, 	(30-MAY-2025 15:48:12)
2,23 , 1,0,2,0,S, 	(30-MAY-2025 15:48:12)
2,23 , 1,0,2,0,S, 	(30-MAY-2025 15:48:12)
2,23 , 1,0,2,0,S, 	(30-MAY-2025 15:48:12)
2,23 , 1,0,2,0,S, 	(30-MAY-2025 15:48:12)
2,23 , 1,0,2,0,S, 	(30-MAY-2025 15:48:12)
2,23 , 1,0,2,0,S, 	(30-MAY-2025 15:48:12)
2,23 , 1,0,2,0,S, 	(30-MAY-2025 15:48:12)
2,23 , 1,0,2,0,S, 	(30-MAY-2025 15:48:12)
2,23 , 1,0,2,0,S, 	(30-MAY-2025 15:48:12)
2,23 , 1,0,2,0,S, 	(30-MAY-2025 15:48:12)
2,23 , 1,0,2,0,S, 	(30-MAY-2025 15:48:12)
2,23 , 1,0,2,0,S, 	(30-MAY-2025 15:48:12)
2,23 , 1,0,2,0,S, 	(30-MAY-2025 15:48:12)
2,23 , 1,0,2,0,S, 	(30-MAY-2025 15:48:12)
2,23 , 1,0,2,0,S, 	(30-MAY-2025 15:48:12)
2,23 , 1,0,2,0,S, 	(30-MAY-2025 15:48:12)
2,23 , 1,0,2,0,S, 	(30-MAY-2025 15:48:12)
2,23 , 1,0,2,0,S, 	(30-MAY-2025 15:48:12)
2,23 , 1,0,2,0,S, 	(30-MAY-2025 15:48:12)
2,23 , 1,0,2,0,S, 	(30-MAY-2025 15:48:12)
2,23 , 1,0,2,0,S, 	(30-MAY-2025 15:48:12)
2,23 , 1,0,2,0,S, 	(30-MAY-2025 15:48:12)
2,23 , 1,0,2,0,S, 	(30-MAY-2025 15:48:12)
2,23 , 1,0,2,0,S, 	(30-MAY-2025 15:48:12)
2,23 , 1,0,2,0,S, 	(30-MAY-2025 15:48:12)
2,23 , 1,0,2,0,S, 	(30-MAY-2025 15:48:12)
2,23 , 1,0,2,0,S, 	(30-MAY-2025 15:48:12)
2,23 , 1,0,2,0,S, 	(30-MAY-2025 15:48:12)
2,23 , 1,0,2,0,S, 	(30-MAY-2025 15:48:12)
2,23 , 1,0,2,0,S, 	(30-MAY-2025 15:48:12)
2,23 , 1,0,2,0,S, 	(30-MAY-2025 15:48:12)
2,23 , 1,0,2,0,S, 	(30-MAY-2025 15:48:12)
2,23 , 1,0,2,0,S, 	(30-MAY-2025 15:48:12)
2,23 , 1,0,2,0,S, 	(30-MAY-2025 15:48:12)
2,23 , 1,0,2,0,S, 	(30-MAY-2025 15:48:12)
2,23 , 1,0,2,0,S, 	(30-MAY-2025 15:48:12)
2,23 , 1,0,2,0,S, 	(30-MAY-2025 15:48:12)
2,23 , 1,0,2,0,S, 	(30-MAY-2025 15:48:12)
2,23 , 1,0,2,0,S, 	(30-MAY-2025 15:48:12)
2,23 , 1,0,2,0,S, 	(30-MAY-2025 15:48:12)
2,23 , 1,0,2,0,S, 	(30-MAY-2025 15:48:12)
2,23 , 1,0,2,0,S, 	(30-MAY-2025 15:48:12)
2,23 , 1,0,2,0,S, 	(30-MAY-2025 15:48:12)
2,23 , 1,0,2,0,S, 	(30-MAY-2025 15:48:12)
2,23 , 1,0,2,0,S, 	(30-MAY-2025 15:48:12)
2,23 , 1,0,2,0,S, 	(30-MAY-2025 15:48:12)
2,23 , 1,0,2,0,S, 	(30-MAY-2025 15:48:12)
2,23 , 1,0,2,0,S, 	(30-MAY-2025 15:48:12)
2,23 , 1,0,2,0,S, 	(30-MAY-2025 15:48:12)
2,23 , 1,0,2,0,S, 	(30-MAY-2025 15:48:12)
2,23 , 1,0,2,0,S, 	(30-MAY-2025 15:48:12)
2,23 , 1,0,2,0,S, 	(30-MAY-2025 15:48:12)
2,23 , 1,0,2,0,S, 	(30-MAY-2025 15:48:12)
2,23 , 1,0,2,0,S, 	(30-MAY-2025 15:48:12)
2,23 , 1,0,2,0,S, 	(30-MAY-2025 15:48:12)
2,23 , 1,0,2,0,S, 	(30-MAY-2025 15:48:12)
2,23 , 1,0,2,0,S, 	(30-MAY-2025 15:48:12)
2,23 , 1,0,2,0,S, 	(30-MAY-2025 15:48:12)
2,23 , 1,0,2,0,S, 	(30-MAY-2025 15:48:12)
2,23 , 1,0,2,0,S, 	(30-MAY-2025 15:48:12)
2,23 , 1,0,2,0,S, 	(30-MAY-2025 15:48:12)
2,23 , 1,0,2,0,S, 	(30-MAY-2025 15:48:12)
2,23 , 1,0,2,0,S, 	(30-MAY-2025 15:48:12)
2,23 , 1,0,2,0,S, 	(30-MAY-2025 15:48:12)
2,23 , 1,0,2,0,S, 	(30-MAY-2025 15:48:12)
2,23 , 1,0,2,0,S, 	(30-MAY-2025 15:48:12)
2,23 , 1,0,2,0,S, 	(30-MAY-2025 15:48:12)
2,23 , 1,0,2,0,S, 	(30-MAY-2025 15:48:12)
2,23 , 1,0,2,0,S, 	(30-MAY-2025 15:48:12)
2,23 , 1,0,2,0,S, 	(30-MAY-2025 15:48:12)
2,23 , 1,0,2,0,S, 	(30-MAY-2025 15:48:12)
2,23 , 1,0,2,0,S, 	(30-MAY-2025 15:48:12)
2,23 , 1,0,2,0,S, 	(30-MAY-2025 15:48:12)
2,23 , 1,0,2,0,S, 	(30-MAY-2025 15:48:12)
2,23 , 1,0,2,0,S, 	(30-MAY-2025 15:48:12)
2,23 , 1,0,2,0,S, 	(30-MAY-2025 15:48:12)
2,23 , 1,0,2,0,S, 	(30-MAY-2025 15:48:12)
2,23 , 1,0,2,0,S, 	(30-MAY-2025 15:48:12)
2,23 , 1,0,2,0,S, 	(30-MAY-2025 15:48:12)
2,23 , 1,0,2,0,S, 	(30-MAY-2025 15:48:12)
2,23 , 1,0,2,0,S, 	(30-MAY-2025 15:48:12)
2,23 , 1,0,2,0,S, 	(30-MAY-2025 15:48:12)
2,23 , 1,0,2,0,S, 	(30-MAY-2025 15:48:12)
2,23 , 1,0,2,0,S, 	(30-MAY-2025 15:48:12)
2,23 , 1,0,2,0,S, 	(30-MAY-2025 15:48:12)
2,23 , 1,0,2,0,S, 	(30-MAY-2025 15:48:12)
2,23 , 1,0,2,0,S, 	(30-MAY-2025 15:48:12)
2,23 , 1,0,2,0,S, 	(30-MAY-2025 15:48:12)
2,23 , 1,0,2,0,S, 	(30-MAY-2025 15:48:12)
2,23 , 1,0,2,0,S, 	(30-MAY-2025 15:48:12)
2,23 , 1,0,2,0,S, 	(30-MAY-2025 15:48:12)
2,23 , 1,0,2,0,S, 	(30-MAY-2025 15:48:12)
2,23 , 1,0,2,0,S, 	(30-MAY-2025 15:48:12)
2,23 , 1,0,2,0,S, 	(30-MAY-2025 15:48:12)
2,23 , 1,0,2,0,S, 	(30-MAY-2025 15:48:12)
2,23 , 1,0,2,0,S, 	(30-MAY-2025 15:48:12)
2,23 , 1,0,2,0,S, 	(30-MAY-2025 15:48:12)
2,23 , 1,0,2,0,S, 	(30-MAY-2025 15:48:12)
2,23 , 1,0,2,0,S, 	(30-MAY-2025 15:48:12)
2,23 , 1,0,2,0,S, 	(30-MAY-2025 15:48:12)
2,23 , 1,0,2,0,S, 	(30-MAY-2025 15:48:12)
2,23 , 1,0,2,0,S, 	(30-MAY-2025 15:48:12)
2,23 , 1,0,2,0,S, 	(30-MAY-2025 15:48:12)
2,23 , 1,0,2,0,S, 	(30-MAY-2025 15:48:12)
2,23 , 1,0,2,0,S, 	(30-MAY-2025 15:48:12)
2,23 , 1,0,2,0,S, 	(30-MAY-2025 15:48:12)
2,23 , 1,0,2,0,S, 	(30-MAY-2025 15:48:12)
2,23 , 1,0,2,0,S, 	(30-MAY-2025 15:48:12)
2,23 , 1,0,2,0,S, 	(30-MAY-2025 15:48:12)
2,23 , 1,0,2,0,S, 	(30-MAY-2025 15:48:12)
2,23 , 1,0,2,0,S, 	(30-MAY-2025 15:48:12)
2,23 , 1,0,2,0,S, 	(30-MAY-2025 15:48:12)
2,23 , 1,0,2,0,S, 	(30-MAY-2025 15:48:12)
2,23 , 1,0,2,0,S, 	(30-MAY-2025 15:48:12)
2,23 , 1,0,2,0,S, 	(30-MAY-2025 15:48:12)
2,23 , 1,0,2,0,S, 	(30-MAY-2025 15:48:12)
2,23 , 1,0,2,0,S, 	(30-MAY-2025 15:48:12)
2,23 , 1,0,2,0,S, 	(30-MAY-2025 15:48:12)
2,23 , 1,0,2,0,S, 	(30-MAY-2025 15:48:12)
2,23 , 1,0,2,0,S, 	(30-MAY-2025 15:48:12)
2,23 , 1,0,2,0,S, 	(30-MAY-2025 15:48:12)
2,23 , 1,0,2,0,S, 	(30-MAY-2025 15:48:12)
2,23 , 1,0,2,0,S, 	(30-MAY-2025 15:48:12)	 (Not Inserted)
2,23 , 1,0,2,0,S, 	(30-MAY-2025 15:48:12)	 (Not Inserted)
2,23 , 1,0,2,0,S, 	(30-MAY-2025 15:48:12)	 (Not Inserted)
2,23 , 1,0,2,0,S, 	(30-MAY-2025 15:48:12)	 (Not Inserted)
2,23 , 1,0,2,0,S, 	(30-MAY-2025 15:48:12)	 (Not Inserted)
2,23 , 1,0,2,0,S, 	(30-MAY-2025 15:48:12)	 (Not Inserted)
2,23 , 1,0,2,0,S, 	(30-MAY-2025 15:48:12)	 (Not Inserted)
2,23 , 1,0,2,0,S, 	(30-MAY-2025 15:48:12)	 (Not Inserted)
2,23 , 1,0,2,0,S, 	(30-MAY-2025 15:48:12)	 (Not Inserted)
2,23 , 1,0,2,0,S, 	(30-MAY-2025 15:48:12)	 (Not Inserted)
2,23 , 1,0,2,0,S, 	(30-MAY-2025 15:48:12)	 (Not Inserted)
2,23 , 1,0,2,0,S, 	(30-MAY-2025 15:48:12)	 (Not Inserted)
2,23 , 1,0,2,0,S, 	(30-MAY-2025 15:48:12)	 (Not Inserted)
2,23 , 1,0,2,0,S, 	(30-MAY-2025 15:48:12)	 (Not Inserted)
2,23 , 1,0,2,0,S, 	(30-MAY-2025 15:48:12)	 (Not Inserted)
2,23 , 1,0,2,0,S, 	(30-MAY-2025 15:48:12)	 (Not Inserted)
2,23 , 1,0,2,0,S, 	(30-MAY-2025 15:48:12)	 (Not Inserted)
2,23 , 1,0,2,0,S, 	(30-MAY-2025 15:48:12)	 (Not Inserted)
2,23 , 1,0,2,0,S, 	(30-MAY-2025 15:48:12)	 (Not Inserted)
2,23 , 1,0,2,0,S, 	(30-MAY-2025 15:48:12)	 (Not Inserted)
2,23 , 1,0,2,0,S, 	(30-MAY-2025 15:48:12)	 (Not Inserted)
2,23 , 1,0,2,0,S, 	(30-MAY-2025 15:48:12)	 (Not Inserted)
2,23 , 1,0,2,0,S, 	(30-MAY-2025 15:48:12)	 (Not Inserted)
2,23 , 1,0,2,0,S, 	(30-MAY-2025 15:48:12)	 (Not Inserted)
2,23 , 1,0,2,0,S, 	(30-MAY-2025 15:48:12)	 (Not Inserted)
2,23 , 1,0,2,0,S, 	(30-MAY-2025 15:48:12)	 (Not Inserted)
2,23 , 1,0,2,0,S, 	(30-MAY-2025 15:48:12)	 (Not Inserted)
2,23 , 1,0,2,0,S, 	(30-MAY-2025 15:48:12)	 (Not Inserted)
2,23 , 1,0,2,0,S, 	(30-MAY-2025 15:48:12)	 (Not Inserted)
2,23 , 1,0,2,0,S, 	(30-MAY-2025 15:48:12)	 (Not Inserted)
2,23 , 1,0,2,0,S, 	(30-MAY-2025 15:48:12)	 (Not Inserted)
2,23 , 1,0,2,0,S, 	(30-MAY-2025 15:48:12)	 (Not Inserted)
2,23 , 1,0,2,0,S, 	(30-MAY-2025 15:48:12)	 (Not Inserted)
2,23 , 1,0,2,0,S, 	(30-MAY-2025 15:48:12)	 (Not Inserted)
2,23 , 1,0,2,0,S, 	(30-MAY-2025 15:48:12)	 (Not Inserted)
2,23 , 1,0,2,0,S, 	(30-MAY-2025 15:48:12)	 (Not Inserted)
2,23 , 1,0,2,0,S, 	(30-MAY-2025 15:48:12)	 (Not Inserted)
2,23 , 1,0,2,0,S, 	(30-MAY-2025 15:48:12)	 (Not Inserted)
2,23 , 1,0,2,0,S, 	(30-MAY-2025 15:48:12)	 (Not Inserted)
2,23 , 1,0,2,0,S, 	(30-MAY-2025 15:48:12)	 (Not Inserted)
2,23 , 1,0,2,0,S, 	(30-MAY-2025 15:48:12)	 (Not Inserted)
2,23 , 1,0,2,0,S, 	(30-MAY-2025 15:48:12)	 (Not Inserted)
2,23 , 1,0,2,0,S, 	(30-MAY-2025 15:48:12)	 (Not Inserted)
2,23 , 1,0,2,0,S, 	(30-MAY-2025 15:48:12)	 (Not Inserted)
2,23 , 1,0,2,0,S, 	(30-MAY-2025 15:48:12)	 (Not Inserted)
2,23 , 1,0,2,0,S, 	(30-MAY-2025 15:48:12)	 (Not Inserted)
2,23 , 1,0,2,0,S, 	(30-MAY-2025 15:48:12)	 (Not Inserted)
2,23 , 1,0,2,0,S, 	(30-MAY-2025 15:48:12)	 (Not Inserted)
2,23 , 1,0,2,0,S, 	(30-MAY-2025 15:48:12)	 (Not Inserted)
2,23 , 1,0,2,0,S, 	(30-MAY-2025 15:48:12)	 (Not Inserted)
2,23 , 1,0,2,0,S, 	(30-MAY-2025 15:48:12)	 (Not Inserted)
2,23 , 1,0,2,0,S, 	(30-MAY-2025 15:48:12)	 (Not Inserted)
2,23 , 1,0,2,0,S, 	(30-MAY-2025 15:48:12)	 (Not Inserted)
2,23 , 1,0,2,0,S, 	(30-MAY-2025 15:48:12)	 (Not Inserted)
2,23 , 1,0,2,0,S, 	(30-MAY-2025 15:48:12)	 (Not Inserted)
2,23 , 1,0,2,0,S, 	(30-MAY-2025 15:48:12)	 (Not Inserted)
2,23 , 1,0,2,0,S, 	(30-MAY-2025 15:48:12)	 (Not Inserted)
2,23 , 1,0,2,0,S, 	(30-MAY-2025 15:48:12)	 (Not Inserted)
2,23 , 1,0,2,0,S, 	(30-MAY-2025 15:48:12)	 (Not Inserted)
2,23 , 1,0,2,0,S, 	(30-MAY-2025 15:48:12)	 (Not Inserted)
2,23 , 1,0,2,0,S, 	(30-MAY-2025 15:48:12)	 (Not Inserted)
2,23 , 1,0,2,0,S, 	(30-MAY-2025 15:48:12)	 (Not Inserted)
2,23 , 1,0,2,0,S, 	(30-MAY-2025 15:48:12)	 (Not Inserted)
2,23 , 1,0,2,0,S, 	(30-MAY-2025 15:48:12)	 (Not Inserted)
2,23 , 1,0,2,0,S, 	(30-MAY-2025 15:48:12)	 (Not Inserted)
2,23 , 1,0,2,0,S, 	(30-MAY-2025 15:48:12)	 (Not Inserted)
2,23 , 1,0,2,0,S, 	(30-MAY-2025 15:48:12)	 (Not Inserted)
2,23 , 1,0,2,0,S, 	(30-MAY-2025 15:48:12)	 (Not Inserted)
2,23 , 1,0,2,0,S, 	(30-MAY-2025 15:48:12)	 (Not Inserted)
2,23 , 1,0,2,0,S, 	(30-MAY-2025 15:48:12)	 (Not Inserted)
2,23 , 1,0,2,0,S, 	(30-MAY-2025 15:48:12)	 (Not Inserted)
2,23 , 1,0,2,0,S, 	(30-MAY-2025 15:48:12)	 (Not Inserted)
2,23 , 1,0,2,0,S, 	(30-MAY-2025 15:48:12)	 (Not Inserted)
2,23 , 1,0,2,0,S, 	(30-MAY-2025 15:48:12)	 (Not Inserted)
2,23 , 1,0,2,0,S, 	(30-MAY-2025 15:48:12)	 (Not Inserted)
2,23 , 1,0,2,0,S, 	(30-MAY-2025 15:48:12)	 (Not Inserted)
2,23 , 1,0,2,0,S, 	(30-MAY-2025 15:48:12)	 (Not Inserted)
2,23 , 1,0,2,0,S, 	(30-MAY-2025 15:48:12)	 (Not Inserted)
2,23 , 1,0,2,0,S, 	(30-MAY-2025 15:48:12)	 (Not Inserted)
2,23 , 1,0,2,0,S, 	(30-MAY-2025 15:48:12)	 (Not Inserted)
2,23 , 1,0,2,0,S, 	(30-MAY-2025 15:48:12)	 (Not Inserted)
2,23 , 1,0,2,0,S, 	(30-MAY-2025 15:48:12)	 (Not Inserted)
2,23 , 1,0,2,0,S, 	(30-MAY-2025 15:48:12)	 (Not Inserted)
2,23 , 1,0,2,0,S, 	(30-MAY-2025 15:48:12)	 (Not Inserted)
2,23 , 1,0,2,0,S, 	(30-MAY-2025 15:48:12)	 (Not Inserted)
2,23 , 1,0,2,0,S, 	(30-MAY-2025 15:48:12)	 (Not Inserted)
2,23 , 1,0,2,0,S, 	(30-MAY-2025 15:48:12)	 (Not Inserted)
2,23 , 1,0,2,0,S, 	(30-MAY-2025 15:48:12)	 (Not Inserted)
2,23 , 1,0,2,0,S, 	(30-MAY-2025 15:48:12)	 (Not Inserted)
2,23 , 1,0,2,0,S, 	(30-MAY-2025 15:48:12)	 (Not Inserted)
2,23 , 1,0,2,0,S, 	(30-MAY-2025 15:48:12)	 (Not Inserted)
2,23 , 1,0,2,0,S, 	(30-MAY-2025 15:48:12)	 (Not Inserted)
2,23 , 1,0,2,0,S, 	(30-MAY-2025 15:48:12)	 (Not Inserted)
2,23 , 1,0,2,0,S, 	(30-MAY-2025 15:48:12)	 (Not Inserted)
2,23 , 1,0,2,0,S, 	(30-MAY-2025 15:48:12)	 (Not Inserted)
2,23 , 1,0,2,0,S, 	(30-MAY-2025 15:48:12)	 (Not Inserted)
2,23 , 1,0,2,0,S, 	(30-MAY-2025 15:48:12)	 (Not Inserted)
2,23 , 1,0,2,0,S, 	(30-MAY-2025 15:48:12)	 (Not Inserted)
2,23 , 1,0,2,0,S, 	(30-MAY-2025 15:48:12)	 (Not Inserted)
2,23 , 1,0,2,0,S, 	(30-MAY-2025 15:48:12)	 (Not Inserted)
2,23 , 1,0,2,0,S, 	(30-MAY-2025 15:48:12)	 (Not Inserted)
2,23 , 1,0,2,0,S, 	(30-MAY-2025 15:48:12)	 (Not Inserted)
2,23 , 1,0,2,0,S, 	(30-MAY-2025 15:48:12)	 (Not Inserted)
2,23 , 1,0,2,0,S, 	(30-MAY-2025 15:48:12)	 (Not Inserted)
2,23 , 1,0,2,0,S, 	(30-MAY-2025 15:48:12)	 (Not Inserted)
2,23 , 1,0,2,0,S, 	(30-MAY-2025 15:48:12)	 (Not Inserted)
2,23 , 1,0,2,0,S, 	(30-MAY-2025 15:48:12)	 (Not Inserted)
2,23 , 1,0,2,0,S, 	(30-MAY-2025 15:48:12)	 (Not Inserted)
2,23 , 1,0,2,0,S, 	(30-MAY-2025 15:48:12)	 (Not Inserted)
2,23 , 1,0,2,0,S, 	(30-MAY-2025 15:48:12)	 (Not Inserted)
2,23 , 1,0,2,0,S, 	(30-MAY-2025 15:48:12)	 (Not Inserted)
2,23 , 1,0,2,0,S, 	(30-MAY-2025 15:48:12)	 (Not Inserted)
2,23 , 1,0,2,0,S, 	(30-MAY-2025 15:48:12)	 (Not Inserted)
2,23 , 1,0,2,0,S, 	(30-MAY-2025 15:48:12)	 (Not Inserted)
2,23 , 1,0,2,0,S, 	(30-MAY-2025 15:48:12)	 (Not Inserted)
2,23 , 1,0,2,0,S, 	(30-MAY-2025 15:48:12)	 (Not Inserted)
2,23 , 1,0,2,0,S, 	(30-MAY-2025 15:48:12)	 (Not Inserted)
2,23 , 1,0,2,0,S, 	(30-MAY-2025 15:48:12)	 (Not Inserted)
2,23 , 1,0,2,0,S, 	(30-MAY-2025 15:48:12)	 (Not Inserted)
2,23 , 1,0,2,0,S, 	(30-MAY-2025 15:48:12)	 (Not Inserted)
2,23 , 1,0,2,0,S, 	(30-MAY-2025 15:48:12)	 (Not Inserted)
2,23 , 1,0,2,0,S, 	(30-MAY-2025 15:48:12)	 (Not Inserted)
2,23 , 1,0,2,0,S, 	(30-MAY-2025 15:48:12)	 (Not Inserted)
2,23 , 1,0,2,0,S, 	(30-MAY-2025 15:48:12)	 (Not Inserted)
2,23 , 1,0,2,0,S, 	(30-MAY-2025 15:48:12)	 (Not Inserted)
2,23 , 1,0,2,0,S, 	(30-MAY-2025 15:48:12)	 (Not Inserted)
2,23 , 1,0,2,0,S, 	(30-MAY-2025 15:48:12)	 (Not Inserted)
2,23 , 1,0,2,0,S, 	(30-MAY-2025 15:48:12)	 (Not Inserted)
2,23 , 1,0,2,0,S, 	(30-MAY-2025 15:48:12)	 (Not Inserted)
2,23 , 1,0,2,0,S, 	(30-MAY-2025 15:48:12)	 (Not Inserted)
2,23 , 1,0,2,0,S, 	(30-MAY-2025 15:48:12)	 (Not Inserted)
2,23 , 1,0,2,0,S, 	(30-MAY-2025 15:48:12)	 (Not Inserted)
2,23 , 1,0,2,0,S, 	(30-MAY-2025 15:48:12)	 (Not Inserted)
2,23 , 1,0,2,0,S, 	(30-MAY-2025 15:48:12)	 (Not Inserted)
2,23 , 1,0,2,0,S, 	(30-MAY-2025 15:48:12)	 (Not Inserted)
2,23 , 1,0,2,0,S, 	(30-MAY-2025 15:48:12)	 (Not Inserted)
2,23 , 1,0,2,0,S, 	(30-MAY-2025 15:48:12)	 (Not Inserted)
2,23 , 1,0,2,0,S, 	(30-MAY-2025 15:48:12)	 (Not Inserted)
2,23 , 1,0,2,0,S, 	(30-MAY-2025 15:48:12)	 (Not Inserted)
2,23 , 1,0,2,0,S, 	(30-MAY-2025 15:48:12)	 (Not Inserted)
2,23 , 1,0,2,0,S, 	(30-MAY-2025 15:48:12)	 (Not Inserted)
2,23 , 1,0,2,0,S, 	(30-MAY-2025 15:48:12)	 (Not Inserted)
2,23 , 1,0,2,0,S, 	(30-MAY-2025 15:48:12)	 (Not Inserted)
2,23 , 1,0,2,0,S, 	(30-MAY-2025 15:48:12)	 (Not Inserted)
2,23 , 1,0,2,0,S, 	(30-MAY-2025 15:48:12)	 (Not Inserted)
2,23 , 1,0,2,0,S, 	(30-MAY-2025 15:48:12)	 (Not Inserted)
2,23 , 1,0,2,0,S, 	(30-MAY-2025 15:48:12)	 (Not Inserted)
2,23 , 1,0,2,0,S, 	(30-MAY-2025 15:48:12)	 (Not Inserted)
2,23 , 1,0,2,0,S, 	(30-MAY-2025 15:48:12)	 (Not Inserted)
2,23 , 1,0,2,0,S, 	(30-MAY-2025 15:48:12)	 (Not Inserted)
2,23 , 1,0,2,0,S, 	(30-MAY-2025 15:48:12)	 (Not Inserted)
2,23 , 1,0,2,0,S, 	(30-MAY-2025 15:48:12)	 (Not Inserted)
2,23 , 1,0,2,0,S, 	(30-MAY-2025 15:48:12)	 (Not Inserted)
2,23 , 1,0,2,0,S, 	(30-MAY-2025 15:48:12)	 (Not Inserted)
2,23 , 1,0,2,0,S, 	(30-MAY-2025 15:48:12)	 (Not Inserted)
2,23 , 1,0,2,0,S, 	(30-MAY-2025 15:48:12)	 (Not Inserted)
2,23 , 1,0,2,0,S, 	(30-MAY-2025 15:48:12)	 (Not Inserted)
2,23 , 1,0,2,0,S, 	(30-MAY-2025 15:48:12)	 (Not Inserted)
2,23 , 1,0,2,0,S, 	(30-MAY-2025 15:48:12)	 (Not Inserted)
2,23 , 1,0,2,0,S, 	(30-MAY-2025 15:48:12)	 (Not Inserted)
2,23 , 1,0,2,0,S, 	(30-MAY-2025 15:48:12)	 (Not Inserted)
2,23 , 1,0,2,0,S, 	(30-MAY-2025 15:48:12)	 (Not Inserted)
2,23 , 1,0,2,0,S, 	(30-MAY-2025 15:48:12)	 (Not Inserted)
2,23 , 1,0,2,0,S, 	(30-MAY-2025 15:48:12)	 (Not Inserted)
2,23 , 1,0,2,0,S, 	(30-MAY-2025 15:48:12)	 (Not Inserted)
2,23 , 1,0,2,0,S, 	(30-MAY-2025 15:48:12)	 (Not Inserted)
2,23 , 1,0,2,0,S, 	(30-MAY-2025 15:48:12)	 (Not Inserted)
2,23 , 1,0,2,0,S, 	(30-MAY-2025 15:48:12)	 (Not Inserted)
2,23 , 1,0,2,0,S, 	(30-MAY-2025 15:48:12)	 (Not Inserted)
2,23 , 1,0,2,0,S, 	(30-MAY-2025 15:48:12)	 (Not Inserted)
2,23 , 1,0,2,0,S, 	(30-MAY-2025 15:48:12)	 (Not Inserted)
2,23 , 1,0,2,0,S, 	(30-MAY-2025 15:48:12)	 (Not Inserted)
2,23 , 1,0,2,0,S, 	(30-MAY-2025 15:48:12)	 (Not Inserted)
2,23 , 1,0,2,0,S, 	(30-MAY-2025 15:48:12)	 (Not Inserted)
2,23 , 1,0,2,0,S, 	(30-MAY-2025 15:48:12)	 (Not Inserted)
2,23 , 1,0,2,0,S, 	(30-MAY-2025 15:48:12)	 (Not Inserted)
2,23 , 1,0,2,0,S, 	(30-MAY-2025 15:48:12)	 (Not Inserted)
2,23 , 1,0,2,0,S, 	(30-MAY-2025 15:48:12)	 (Not Inserted)
2,23 , 1,0,2,0,S, 	(30-MAY-2025 15:48:12)	 (Not Inserted)
2,23 , 1,0,2,0,S, 	(30-MAY-2025 15:48:12)	 (Not Inserted)
2,23 , 1,0,2,0,S, 	(30-MAY-2025 15:48:12)	 (Not Inserted)
2,23 , 1,0,2,0,S, 	(30-MAY-2025 15:48:12)	 (Not Inserted)
2,23 , 1,0,2,0,S, 	(30-MAY-2025 15:48:12)	 (Not Inserted)
2,23 , 1,0,2,0,S, 	(30-MAY-2025 15:48:12)	 (Not Inserted)
2,23 , 1,0,2,0,S, 	(30-MAY-2025 15:48:12)	 (Not Inserted)
2,23 , 1,0,2,0,S, 	(30-MAY-2025 15:48:12)	 (Not Inserted)
2,23 , 1,0,2,0,S, 	(30-MAY-2025 15:48:12)	 (Not Inserted)
2,23 , 1,0,2,0,S, 	(30-MAY-2025 15:48:12)	 (Not Inserted)
2,23 , 1,0,2,0,S, 	(30-MAY-2025 15:48:12)	 (Not Inserted)
2,23 , 1,0,2,0,S, 	(30-MAY-2025 15:48:12)	 (Not Inserted)
2,23 , 1,0,2,0,S, 	(30-MAY-2025 15:48:12)	 (Not Inserted)
2,23 , 1,0,2,0,S, 	(30-MAY-2025 15:48:12)	 (Not Inserted)
2,23 , 1,0,2,0,S, 	(30-MAY-2025 15:48:12)	 (Not Inserted)
2,23 , 1,0,2,0,S, 	(30-MAY-2025 15:48:12)	 (Not Inserted)
2,23 , 1,0,2,0,S, 	(30-MAY-2025 15:48:12)	 (Not Inserted)
2,23 , 1,0,2,0,S, 	(30-MAY-2025 15:48:12)	 (Not Inserted)
2,23 , 1,0,2,0,S, 	(30-MAY-2025 15:48:12)	 (Not Inserted)
2,23 , 1,0,2,0,S, 	(30-MAY-2025 15:48:12)	 (Not Inserted)
2,23 , 1,0,2,0,S, 	(30-MAY-2025 15:48:12)	 (Not Inserted)
2,23 , 1,0,2,0,S, 	(30-MAY-2025 15:48:12)	 (Not Inserted)
2,23 , 1,0,2,0,S, 	(30-MAY-2025 15:48:12)	 (Not Inserted)
2,23 , 1,0,2,0,S, 	(30-MAY-2025 15:48:12)	 (Not Inserted)
2,23 , 1,0,2,0,S, 	(30-MAY-2025 15:48:12)	 (Not Inserted)
2,23 , 1,0,2,0,S, 	(30-MAY-2025 15:48:12)	 (Not Inserted)
2,23 , 1,0,2,0,S, 	(30-MAY-2025 15:48:12)	 (Not Inserted)
2,23 , 1,0,2,0,S, 	(30-MAY-2025 15:48:12)	 (Not Inserted)
2,23 , 1,0,2,0,S, 	(30-MAY-2025 15:48:12)	 (Not Inserted)
2,23 , 1,0,2,0,S, 	(30-MAY-2025 15:48:12)	 (Not Inserted)
2,23 , 1,0,2,0,S, 	(30-MAY-2025 15:48:12)	 (Not Inserted)
2,23 , 1,0,2,0,S, 	(30-MAY-2025 15:48:12)	 (Not Inserted)
2,23 , 1,0,2,0,S, 	(30-MAY-2025 15:48:12)	 (Not Inserted)
2,23 , 1,0,2,0,S, 	(30-MAY-2025 15:48:12)	 (Not Inserted)
2,23 , 1,0,2,0,S, 	(30-MAY-2025 15:48:12)	 (Not Inserted)
2,23 , 1,0,2,0,S, 	(30-MAY-2025 15:48:12)	 (Not Inserted)
2,23 , 1,0,2,0,S, 	(30-MAY-2025 15:48:12)	 (Not Inserted)
2,23 , 1,0,2,0,S, 	(30-MAY-2025 15:48:12)	 (Not Inserted)
2,23 , 1,0,2,0,S, 	(30-MAY-2025 15:48:12)	 (Not Inserted)
2,23 , 1,0,2,0,S, 	(30-MAY-2025 15:48:12)	 (Not Inserted)
2,23 , 1,0,2,0,S, 	(30-MAY-2025 15:48:12)	 (Not Inserted)
2,23 , 1,0,2,0,S, 	(30-MAY-2025 15:48:12)	 (Not Inserted)
2,23 , 1,0,2,0,S, 	(30-MAY-2025 15:48:12)	 (Not Inserted)
2,23 , 1,0,2,0,S, 	(30-MAY-2025 15:48:12)	 (Not Inserted)
2,23 , 1,0,2,0,S, 	(30-MAY-2025 15:48:12)	 (Not Inserted)
2,23 , 1,0,2,0,S, 	(30-MAY-2025 15:48:12)	 (Not Inserted)
2,23 , 1,0,2,0,S, 	(30-MAY-2025 15:48:12)	 (Not Inserted)
2,23 , 1,0,2,0,S, 	(30-MAY-2025 15:48:12)	 (Not Inserted)
2,23 , 1,0,2,0,S, 	(30-MAY-2025 15:48:12)	 (Not Inserted)
2,23 , 1,0,2,0,S, 	(30-MAY-2025 15:48:12)	 (Not Inserted)
2,23 , 1,0,2,0,S, 	(30-MAY-2025 15:48:12)	 (Not Inserted)
2,23 , 1,0,2,0,S, 	(30-MAY-2025 15:48:12)	 (Not Inserted)
2,23 , 1,0,2,0,S, 	(30-MAY-2025 15:48:12)	 (Not Inserted)
2,23 , 1,0,2,0,S, 	(30-MAY-2025 15:48:12)	 (Not Inserted)
2,23 , 1,0,2,0,S, 	(30-MAY-2025 15:48:12)	 (Not Inserted)
2,23 , 1,0,2,0,S, 	(30-MAY-2025 15:48:12)	 (Not Inserted)
2,23 , 1,0,2,0,S, 	(30-MAY-2025 15:48:12)	 (Not Inserted)
2,23 , 1,0,2,0,S, 	(30-MAY-2025 15:48:12)	 (Not Inserted)
2,23 , 1,0,2,0,S, 	(30-MAY-2025 15:48:12)	 (Not Inserted)
2,23 , 1,0,2,0,S, 	(30-MAY-2025 15:48:12)	 (Not Inserted)
2,23 , 1,0,2,0,S, 	(30-MAY-2025 15:48:12)	 (Not Inserted)
2,23 , 1,0,2,0,S, 	(30-MAY-2025 15:48:12)	 (Not Inserted)
2,23 , 1,0,2,0,S, 	(30-MAY-2025 15:48:12)	 (Not Inserted)
2,23 , 1,0,2,0,S, 	(30-MAY-2025 15:48:12)	 (Not Inserted)
2,23 , 1,0,2,0,S, 	(30-MAY-2025 15:48:12)	 (Not Inserted)
2,23 , 1,0,2,0,S, 	(30-MAY-2025 15:48:12)	 (Not Inserted)
2,23 , 1,0,2,0,S, 	(30-MAY-2025 15:48:12)	 (Not Inserted)
2,23 , 1,0,2,0,S, 	(30-MAY-2025 15:48:12)	 (Not Inserted)
2,23 , 1,0,2,0,S, 	(30-MAY-2025 15:48:12)	 (Not Inserted)
2,23 , 1,0,2,0,S, 	(30-MAY-2025 15:48:12)	 (Not Inserted)
2,23 , 1,0,2,0,S, 	(30-MAY-2025 15:48:12)	 (Not Inserted)
2,23 , 1,0,2,0,S, 	(30-MAY-2025 15:48:12)	 (Not Inserted)
2,23 , 1,0,2,0,S, 	(30-MAY-2025 15:48:12)	 (Not Inserted)
2,23 , 1,0,2,0,S, 	(30-MAY-2025 15:48:12)	 (Not Inserted)
2,23 , 1,0,2,0,S, 	(30-MAY-2025 15:48:12)	 (Not Inserted)
2,23 , 1,0,2,0,S, 	(30-MAY-2025 15:48:12)	 (Not Inserted)
2,23 , 1,0,2,0,S, 	(30-MAY-2025 15:48:12)	 (Not Inserted)
2,23 , 1,0,2,0,S, 	(30-MAY-2025 15:48:12)	 (Not Inserted)
2,23 , 1,0,2,0,S, 	(30-MAY-2025 15:48:12)	 (Not Inserted)
2,23 , 1,0,2,0,S, 	(30-MAY-2025 15:48:12)	 (Not Inserted)
2,23 , 1,0,2,0,S, 	(30-MAY-2025 15:48:12)	 (Not Inserted)
2,23 , 1,0,2,0,S, 	(30-MAY-2025 15:48:12)	 (Not Inserted)
2,23 , 1,0,2,0,S, 	(30-MAY-2025 15:48:12)	 (Not Inserted)
2,23 , 1,0,2,0,S, 	(30-MAY-2025 15:48:12)	 (Not Inserted)
2,23 , 1,0,2,0,S, 	(30-MAY-2025 15:48:12)	 (Not Inserted)
2,23 , 1,0,2,0,S, 	(30-MAY-2025 15:48:12)	 (Not Inserted)
2,23 , 1,0,2,0,S, 	(30-MAY-2025 15:48:12)	 (Not Inserted)
2,23 , 1,0,2,0,S, 	(30-MAY-2025 15:48:12)	 (Not Inserted)
2,23 , 1,0,2,0,S, 	(30-MAY-2025 15:48:12)	 (Not Inserted)
2,23 , 1,0,2,0,S, 	(30-MAY-2025 15:48:12)	 (Not Inserted)
2,23 , 1,0,2,0,S, 	(30-MAY-2025 15:48:12)	 (Not Inserted)
2,23 , 1,0,2,0,S, 	(30-MAY-2025 15:48:12)	 (Not Inserted)
2,23 , 1,0,2,0,S, 	(30-MAY-2025 15:48:12)	 (Not Inserted)
2,23 , 1,0,2,0,S, 	(30-MAY-2025 15:48:12)	 (Not Inserted)
2,23 , 1,0,2,0,S, 	(30-MAY-2025 15:48:12)	 (Not Inserted)
2,23 , 1,0,2,0,S, 	(30-MAY-2025 15:48:12)	 (Not Inserted)
2,23 , 1,0,2,0,S, 	(30-MAY-2025 15:48:12)	 (Not Inserted)
2,23 , 1,0,2,0,S, 	(30-MAY-2025 15:48:12)	 (Not Inserted)
2,23 , 1,0,2,0,S, 	(30-MAY-2025 15:48:12)	 (Not Inserted)
2,23 , 1,0,2,0,S, 	(30-MAY-2025 15:48:12)	 (Not Inserted)
2,23 , 1,0,2,0,S, 	(30-MAY-2025 15:48:12)	 (Not Inserted)
2,23 , 1,0,2,0,S, 	(30-MAY-2025 15:48:12)	 (Not Inserted)
2,23 , 1,0,2,0,S, 	(30-MAY-2025 15:48:12)	 (Not Inserted)
2,23 , 1,0,2,0,S, 	(30-MAY-2025 15:48:12)	 (Not Inserted)
2,23 , 1,0,2,0,S, 	(30-MAY-2025 15:48:12)	 (Not Inserted)
2,23 , 1,0,2,0,S, 	(30-MAY-2025 15:48:12)	 (Not Inserted)
2,23 , 1,0,2,0,S, 	(30-MAY-2025 15:48:12)	 (Not Inserted)
2,23 , 1,0,2,0,S, 	(30-MAY-2025 15:48:12)	 (Not Inserted)
2,23 , 1,0,2,0,S, 	(30-MAY-2025 15:48:12)	 (Not Inserted)
2,23 , 1,0,2,0,S, 	(30-MAY-2025 15:48:12)	 (Not Inserted)
2,23 , 1,0,2,0,S, 	(30-MAY-2025 15:48:12)	 (Not Inserted)
2,23 , 1,0,2,0,S, 	(30-MAY-2025 15:48:12)	 (Not Inserted)
2,23 , 1,0,2,0,S, 	(30-MAY-2025 15:48:12)	 (Not Inserted)
2,23 , 1,0,2,0,S, 	(30-MAY-2025 15:48:12)	 (Not Inserted)
2,23 , 1,0,2,0,S, 	(30-MAY-2025 15:48:12)	 (Not Inserted)
2,23 , 1,0,2,0,S, 	(30-MAY-2025 15:48:12)	 (Not Inserted)
2,23 , 1,0,2,0,S, 	(30-MAY-2025 15:48:12)	 (Not Inserted)
2,23 , 1,0,2,0,S, 	(30-MAY-2025 15:48:12)	 (Not Inserted)
2,23 , 1,0,2,0,S, 	(30-MAY-2025 15:48:12)	 (Not Inserted)
2,23 , 1,0,2,0,S, 	(30-MAY-2025 15:48:12)	 (Not Inserted)
2,23 , 1,0,2,0,S, 	(30-MAY-2025 15:48:12)	 (Not Inserted)
2,23 , 1,0,2,0,S, 	(30-MAY-2025 15:48:12)	 (Not Inserted)
2,23 , 1,0,2,0,S, 	(30-MAY-2025 15:48:12)	 (Not Inserted)
2,23 , 1,0,2,0,S, 	(30-MAY-2025 15:48:12)	 (Not Inserted)
2,23 , 1,0,2,0,S, 	(30-MAY-2025 15:48:12)	 (Not Inserted)
2,23 , 1,0,2,0,S, 	(30-MAY-2025 15:48:12)	 (Not Inserted)
2,23 , 1,0,2,0,S, 	(30-MAY-2025 15:48:12)	 (Not Inserted)
2,23 , 1,0,2,0,S, 	(30-MAY-2025 15:48:12)	 (Not Inserted)
2,23 , 1,0,2,0,S, 	(30-MAY-2025 15:48:12)	 (Not Inserted)
2,23 , 1,0,2,0,S, 	(30-MAY-2025 15:48:12)	 (Not Inserted)
2,23 , 1,0,2,0,S, 	(30-MAY-2025 15:48:12)	 (Not Inserted)
2,23 , 1,0,2,0,S, 	(30-MAY-2025 15:48:12)	 (Not Inserted)
2,23 , 1,0,2,0,S, 	(30-MAY-2025 15:48:12)	 (Not Inserted)
2,23 , 1,0,2,0,S, 	(30-MAY-2025 15:48:12)	 (Not Inserted)
2,23 , 1,0,2,0,S, 	(30-MAY-2025 15:48:12)	 (Not Inserted)
2,23 , 1,0,2,0,S, 	(30-MAY-2025 15:48:12)	 (Not Inserted)
2,23 , 1,0,2,0,S, 	(30-MAY-2025 15:48:12)	 (Not Inserted)
2,23 , 1,0,2,0,S, 	(30-MAY-2025 15:48:12)	 (Not Inserted)
2,23 , 1,0,2,0,S, 	(30-MAY-2025 15:48:12)	 (Not Inserted)
2,23 , 1,0,2,0,S, 	(30-MAY-2025 15:48:12)	 (Not Inserted)
2,23 , 1,0,2,0,S, 	(30-MAY-2025 15:48:12)	 (Not Inserted)
2,23 , 1,0,2,0,S, 	(30-MAY-2025 15:48:12)	 (Not Inserted)
2,23 , 1,0,2,0,S, 	(30-MAY-2025 15:48:12)	 (Not Inserted)
2,23 , 1,0,2,0,S, 	(30-MAY-2025 15:48:12)	 (Not Inserted)
2,23 , 1,0,2,0,S, 	(30-MAY-2025 15:48:12)	 (Not Inserted)
2,23 , 1,0,2,0,S, 	(30-MAY-2025 15:48:12)	 (Not Inserted)
2,23 , 1,0,2,0,S, 	(30-MAY-2025 15:48:12)	 (Not Inserted)
2,23 , 1,0,2,0,S, 	(30-MAY-2025 15:48:12)	 (Not Inserted)
2,23 , 1,0,2,0,S, 	(30-MAY-2025 15:48:12)	 (Not Inserted)
2,23 , 1,0,2,0,S, 	(30-MAY-2025 15:48:12)	 (Not Inserted)
2,23 , 1,0,2,0,S, 	(30-MAY-2025 15:48:12)	 (Not Inserted)
2,23 , 1,0,2,0,S, 	(30-MAY-2025 15:48:12)	 (Not Inserted)
2,23 , 1,0,2,0,S, 	(30-MAY-2025 15:48:12)	 (Not Inserted)
2,23 , 1,0,2,0,S, 	(30-MAY-2025 15:48:12)	 (Not Inserted)
2,23 , 1,0,2,0,S, 	(30-MAY-2025 15:48:12)	 (Not Inserted)
2,23 , 1,0,2,0,S, 	(30-MAY-2025 15:48:12)	 (Not Inserted)
2,23 , 1,0,2,0,S, 	(30-MAY-2025 15:48:12)	 (Not Inserted)
2,23 , 1,0,2,0,S, 	(30-MAY-2025 15:48:12)	 (Not Inserted)
2,23 , 1,0,2,0,S, 	(30-MAY-2025 15:48:12)	 (Not Inserted)
2,23 , 1,0,2,0,S, 	(30-MAY-2025 15:48:12)	 (Not Inserted)
2,23 , 1,0,2,0,S, 	(30-MAY-2025 15:48:12)	 (Not Inserted)
2,23 , 1,0,2,0,S, 	(30-MAY-2025 15:48:12)	 (Not Inserted)
2,23 , 1,0,2,0,S, 	(30-MAY-2025 15:48:12)	 (Not Inserted)
2,23 , 1,0,2,0,S, 	(30-MAY-2025 15:48:12)	 (Not Inserted)
2,23 , 1,0,2,0,S, 	(30-MAY-2025 15:48:12)	 (Not Inserted)
2,23 , 1,0,2,0,S, 	(30-MAY-2025 15:48:12)	 (Not Inserted)
2,23 , 1,0,2,0,S, 	(30-MAY-2025 15:48:12)	 (Not Inserted)
2,23 , 1,0,2,0,S, 	(30-MAY-2025 15:48:12)	 (Not Inserted)
2,23 , 1,0,2,0,S, 	(30-MAY-2025 15:48:12)	 (Not Inserted)
2,23 , 1,0,2,0,S, 	(30-MAY-2025 15:48:12)	 (Not Inserted)
2,23 , 1,0,2,0,S, 	(30-MAY-2025 15:48:12)	 (Not Inserted)
2,23 , 1,0,2,0,S, 	(30-MAY-2025 15:48:12)	 (Not Inserted)
2,23 , 1,0,2,0,S, 	(30-MAY-2025 15:48:12)	 (Not Inserted)
2,23 , 1,0,2,0,S, 	(30-MAY-2025 15:48:12)	 (Not Inserted)
2,23 , 1,0,2,0,S, 	(30-MAY-2025 15:48:12)	 (Not Inserted)
2,23 , 1,0,2,0,S, 	(30-MAY-2025 15:48:12)	 (Not Inserted)
2,23 , 1,0,2,0,S, 	(30-MAY-2025 15:48:12)	 (Not Inserted)
2,23 , 1,0,2,0,S, 	(30-MAY-2025 15:48:12)	 (Not Inserted)
2,23 , 1,0,2,0,S, 	(30-MAY-2025 15:48:12)	 (Not Inserted)
2,23 , 1,0,2,0,S, 	(30-MAY-2025 15:48:12)	 (Not Inserted)
2,23 , 1,0,2,0,S, 	(30-MAY-2025 15:48:12)	 (Not Inserted)
2,23 , 1,0,2,0,S, 	(30-MAY-2025 15:48:12)	 (Not Inserted)
2,23 , 1,0,2,0,S, 	(30-MAY-2025 15:48:12)	 (Not Inserted)
2,23 , 1,0,2,0,S, 	(30-MAY-2025 15:48:12)	 (Not Inserted)
2,23 , 1,0,2,0,S, 	(30-MAY-2025 15:48:12)	 (Not Inserted)
2,23 , 1,0,2,0,S, 	(30-MAY-2025 15:48:12)	 (Not Inserted)
2,23 , 1,0,2,0,S, 	(30-MAY-2025 15:48:12)	 (Not Inserted)
2,23 , 1,0,2,0,S, 	(30-MAY-2025 15:48:12)	 (Not Inserted)
2,23 , 1,0,2,0,S, 	(30-MAY-2025 15:48:12)	 (Not Inserted)
2,23 , 1,0,2,0,S, 	(30-MAY-2025 15:48:12)	 (Not Inserted)
2,23 , 1,0,2,0,S, 	(30-MAY-2025 15:48:12)	 (Not Inserted)
2,23 , 1,0,2,0,S, 	(30-MAY-2025 15:48:12)	 (Not Inserted)
2,23 , 1,0,2,0,S, 	(30-MAY-2025 15:48:12)	 (Not Inserted)
2,23 , 1,0,2,0,S, 	(30-MAY-2025 15:48:12)	 (Not Inserted)
2,23 , 1,0,2,0,S, 	(30-MAY-2025 15:48:12)	 (Not Inserted)
2,23 , 1,0,2,0,S, 	(30-MAY-2025 15:48:12)	 (Not Inserted)
2,23 , 1,0,2,0,S, 	(30-MAY-2025 15:48:12)	 (Not Inserted)
2,23 , 1,0,2,0,S, 	(30-MAY-2025 15:48:12)	 (Not Inserted)
2,23 , 1,0,2,0,S, 	(30-MAY-2025 15:48:12)	 (Not Inserted)
2,23 , 1,0,2,0,S, 	(30-MAY-2025 15:48:12)	 (Not Inserted)
2,23 , 1,0,2,0,S, 	(30-MAY-2025 15:48:12)	 (Not Inserted)
2,23 , 1,0,2,0,S, 	(30-MAY-2025 15:48:12)	 (Not Inserted)
2,23 , 1,0,2,0,S, 	(30-MAY-2025 15:48:12)	 (Not Inserted)
2,23 , 1,0,2,0,S, 	(30-MAY-2025 15:48:12)	 (Not Inserted)
2,23 , 1,0,2,0,S, 	(30-MAY-2025 15:48:12)	 (Not Inserted)
2,23 , 1,0,2,0,S, 	(30-MAY-2025 15:48:12)	 (Not Inserted)
2,23 , 1,0,2,0,S, 	(30-MAY-2025 15:48:12)	 (Not Inserted)
2,23 , 1,0,2,0,S, 	(30-MAY-2025 15:48:12)	 (Not Inserted)
2,23 , 1,0,2,0,S, 	(30-MAY-2025 15:48:12)	 (Not Inserted)
2,23 , 1,0,2,0,S, 	(30-MAY-2025 15:48:12)	 (Not Inserted)
2,23 , 1,0,2,0,S, 	(30-MAY-2025 15:48:12)	 (Not Inserted)
2,23 , 1,0,2,0,S, 	(30-MAY-2025 15:48:12)	 (Not Inserted)
2,23 , 1,0,2,0,S, 	(30-MAY-2025 15:48:12)	 (Not Inserted)
2,23 , 1,0,2,0,S, 	(30-MAY-2025 15:48:12)	 (Not Inserted)
2,23 , 1,0,2,0,S, 	(30-MAY-2025 15:48:12)	 (Not Inserted)
2,23 , 1,0,2,0,S, 	(30-MAY-2025 15:48:12)	 (Not Inserted)
2,23 , 1,0,2,0,S, 	(30-MAY-2025 15:48:12)	 (Not Inserted)
2,23 , 1,0,2,0,S, 	(30-MAY-2025 15:48:12)	 (Not Inserted)
2,23 , 1,0,2,0,S, 	(30-MAY-2025 15:48:12)	 (Not Inserted)
2,23 , 1,0,2,0,S, 	(30-MAY-2025 15:48:12)	 (Not Inserted)
2,23 , 1,0,2,0,S, 	(30-MAY-2025 15:48:12)	 (Not Inserted)
2,23 , 1,0,2,0,S, 	(30-MAY-2025 15:48:12)	 (Not Inserted)
2,23 , 1,0,2,0,S, 	(30-MAY-2025 15:48:12)	 (Not Inserted)
2,23 , 1,0,2,0,S, 	(30-MAY-2025 15:48:12)	 (Not Inserted)
2,23 , 1,0,2,0,S, 	(30-MAY-2025 15:48:12)	 (Not Inserted)
2,23 , 1,0,2,0,S, 	(30-MAY-2025 15:48:12)	 (Not Inserted)
2,23 , 1,0,2,0,S, 	(30-MAY-2025 15:48:12)	 (Not Inserted)
2,23 , 1,0,2,0,S, 	(30-MAY-2025 15:48:12)	 (Not Inserted)
2,23 , 1,0,2,0,S, 	(30-MAY-2025 15:48:12)	 (Not Inserted)
2,23 , 1,0,2,0,S, 	(30-MAY-2025 15:48:12)	 (Not Inserted)
2,23 , 1,0,2,0,S, 	(30-MAY-2025 15:48:12)	 (Not Inserted)
2,23 , 1,0,2,0,S, 	(30-MAY-2025 15:48:12)	 (Not Inserted)
2,23 , 1,0,2,0,S, 	(30-MAY-2025 15:48:12)	 (Not Inserted)
2,23 , 1,0,2,0,S, 	(30-MAY-2025 15:48:12)	 (Not Inserted)
2,23 , 1,0,2,0,S, 	(30-MAY-2025 15:48:12)	 (Not Inserted)
2,23 , 1,0,2,0,S, 	(30-MAY-2025 15:48:12)	 (Not Inserted)
2,23 , 1,0,2,0,S, 	(30-MAY-2025 15:48:12)	 (Not Inserted)
2,23 , 1,0,2,0,S, 	(30-MAY-2025 15:48:12)	 (Not Inserted)
2,23 , 1,0,2,0,S, 	(30-MAY-2025 15:48:12)	 (Not Inserted)
2,23 , 1,0,2,0,S, 	(30-MAY-2025 15:48:12)	 (Not Inserted)
2,23 , 1,0,2,0,S, 	(30-MAY-2025 15:48:12)	 (Not Inserted)
2,23 , 1,0,2,0,S, 	(30-MAY-2025 15:48:12)	 (Not Inserted)
2,23 , 1,0,2,0,S, 	(30-MAY-2025 15:48:12)	 (Not Inserted)
2,23 , 1,0,2,0,S, 	(30-MAY-2025 15:48:12)	 (Not Inserted)
2,23 , 1,0,2,0,S, 	(30-MAY-2025 15:48:12)	 (Not Inserted)
2,23 , 1,0,2,0,S, 	(30-MAY-2025 15:48:12)	 (Not Inserted)
2,23 , 1,0,2,0,S, 	(30-MAY-2025 15:48:12)	 (Not Inserted)
2,23 , 1,0,2,0,S, 	(30-MAY-2025 15:48:12)	 (Not Inserted)
2,23 , 1,0,2,0,S, 	(30-MAY-2025 15:48:12)	 (Not Inserted)
2,23 , 1,0,2,0,S, 	(30-MAY-2025 15:48:12)	 (Not Inserted)
2,23 , 1,0,2,0,S, 	(30-MAY-2025 15:48:12)	 (Not Inserted)
2,23 , 1,0,2,0,S, 	(30-MAY-2025 15:48:12)	 (Not Inserted)
2,23 , 1,0,2,0,S, 	(30-MAY-2025 15:48:12)	 (Not Inserted)
2,23 , 1,0,2,0,S, 	(30-MAY-2025 15:48:12)	 (Not Inserted)
2,23 , 1,0,2,0,S, 	(30-MAY-2025 15:48:12)	 (Not Inserted)
2,23 , 1,0,2,0,S, 	(30-MAY-2025 15:48:12)	 (Not Inserted)
2,23 , 1,0,2,0,S, 	(30-MAY-2025 15:48:12)	 (Not Inserted)
2,23 , 1,0,2,0,S, 	(30-MAY-2025 15:48:12)	 (Not Inserted)
2,23 , 1,0,2,0,S, 	(30-MAY-2025 15:48:12)	 (Not Inserted)
2,23 , 1,0,2,0,S, 	(30-MAY-2025 15:48:12)	 (Not Inserted)
2,23 , 1,0,2,0,S, 	(30-MAY-2025 15:48:12)	 (Not Inserted)
2,23 , 1,0,2,0,S, 	(30-MAY-2025 15:48:12)	 (Not Inserted)
2,23 , 1,0,2,0,S, 	(30-MAY-2025 15:48:12)	 (Not Inserted)
2,23 , 1,0,2,0,S, 	(30-MAY-2025 15:48:12)	 (Not Inserted)
2,23 , 1,0,2,0,S, 	(30-MAY-2025 15:48:12)	 (Not Inserted)
2,23 , 1,0,2,0,S, 	(30-MAY-2025 15:48:12)	 (Not Inserted)
2,23 , 1,0,2,0,S, 	(30-MAY-2025 15:48:12)	 (Not Inserted)
2,23 , 1,0,2,0,S, 	(30-MAY-2025 15:48:12)	 (Not Inserted)
2,23 , 1,0,2,0,S, 	(30-MAY-2025 15:48:12)	 (Not Inserted)
2,23 , 1,0,2,0,S, 	(30-MAY-2025 15:48:12)	 (Not Inserted)
2,23 , 1,0,2,0,S, 	(30-MAY-2025 15:48:12)	 (Not Inserted)
2,23 , 1,0,2,0,S, 	(30-MAY-2025 15:48:12)	 (Not Inserted)
2,23 , 1,0,2,0,S, 	(30-MAY-2025 15:48:12)	 (Not Inserted)
2,23 , 1,0,2,0,S, 	(30-MAY-2025 15:48:12)	 (Not Inserted)
2,23 , 1,0,2,0,S, 	(30-MAY-2025 15:48:12)	 (Not Inserted)
2,23 , 1,0,2,0,S, 	(30-MAY-2025 15:48:12)	 (Not Inserted)
2,23 , 1,0,2,0,S, 	(30-MAY-2025 15:48:12)	 (Not Inserted)
2,23 , 1,0,2,0,S, 	(30-MAY-2025 15:48:12)	 (Not Inserted)
2,23 , 1,0,2,0,S, 	(30-MAY-2025 15:48:12)	 (Not Inserted)
2,23 , 1,0,2,0,S, 	(30-MAY-2025 15:48:12)	 (Not Inserted)
2,23 , 1,0,2,0,S, 	(30-MAY-2025 15:48:12)	 (Not Inserted)
2,23 , 1,0,2,0,S, 	(30-MAY-2025 15:48:12)	 (Not Inserted)
2,23 , 1,0,2,0,S, 	(30-MAY-2025 15:48:12)	 (Not Inserted)
2,23 , 1,0,2,0,S, 	(30-MAY-2025 15:48:12)	 (Not Inserted)
2,23 , 1,0,2,0,S, 	(30-MAY-2025 15:48:12)	 (Not Inserted)
2,23 , 1,0,2,0,S, 	(30-MAY-2025 15:48:12)	 (Not Inserted)
2,23 , 1,0,2,0,S, 	(30-MAY-2025 15:48:12)	 (Not Inserted)
2,23 , 1,0,2,0,S, 	(30-MAY-2025 15:48:12)	 (Not Inserted)
2,23 , 1,0,2,0,S, 	(30-MAY-2025 15:48:12)	 (Not Inserted)
2,23 , 1,0,2,0,S, 	(30-MAY-2025 15:48:12)	 (Not Inserted)
2,23 , 1,0,2,0,S, 	(30-MAY-2025 15:48:12)	 (Not Inserted)
2,23 , 1,0,2,0,S, 	(30-MAY-2025 15:48:12)	 (Not Inserted)
2,23 , 1,0,2,0,S, 	(30-MAY-2025 15:48:12)	 (Not Inserted)
2,23 , 1,0,2,0,S, 	(30-MAY-2025 15:48:12)	 (Not Inserted)
2,23 , 1,0,2,0,S, 	(30-MAY-2025 15:48:12)	 (Not Inserted)
2,23 , 1,0,2,0,S, 	(30-MAY-2025 15:48:12)	 (Not Inserted)
2,23 , 1,0,2,0,S, 	(30-MAY-2025 15:48:12)	 (Not Inserted)
2,23 , 1,0,2,0,S, 	(30-MAY-2025 15:48:12)	 (Not Inserted)
2,23 , 1,0,2,0,S, 	(30-MAY-2025 15:48:12)	 (Not Inserted)
2,23 , 1,0,2,0,S, 	(30-MAY-2025 15:48:12)	 (Not Inserted)
2,23 , 1,0,2,0,S, 	(30-MAY-2025 15:48:12)	 (Not Inserted)
2,23 , 1,0,2,0,S, 	(30-MAY-2025 15:48:12)	 (Not Inserted)
2,23 , 1,0,2,0,S, 	(30-MAY-2025 15:48:12)	 (Not Inserted)
2,23 , 1,0,2,0,S, 	(30-MAY-2025 15:48:12)	 (Not Inserted)
2,23 , 1,0,2,0,S, 	(30-MAY-2025 15:48:12)	 (Not Inserted)
2,23 , 1,0,2,0,S, 	(30-MAY-2025 15:48:12)	 (Not Inserted)
2,23 , 1,0,2,0,S, 	(30-MAY-2025 15:48:12)	 (Not Inserted)
2,23 , 1,0,2,0,S, 	(30-MAY-2025 15:48:12)	 (Not Inserted)
2,23 , 1,0,2,0,S, 	(30-MAY-2025 15:48:12)	 (Not Inserted)
2,23 , 1,0,2,0,S, 	(30-MAY-2025 15:48:12)	 (Not Inserted)
2,23 , 1,0,2,0,S, 	(30-MAY-2025 15:48:12)	 (Not Inserted)
2,23 , 1,0,2,0,S, 	(30-MAY-2025 15:48:12)	 (Not Inserted)
2,23 , 1,0,2,0,S, 	(30-MAY-2025 15:48:12)	 (Not Inserted)
2,23 , 1,0,2,0,S, 	(30-MAY-2025 15:48:12)	 (Not Inserted)
2,23 , 1,0,2,0,S, 	(30-MAY-2025 15:48:12)	 (Not Inserted)
2,23 , 1,0,2,0,S, 	(30-MAY-2025 15:48:12)	 (Not Inserted)
2,23 , 1,0,2,0,S, 	(30-MAY-2025 15:48:12)	 (Not Inserted)
2,23 , 1,0,2,0,S, 	(30-MAY-2025 15:48:12)	 (Not Inserted)
2,23 , 1,0,2,0,S, 	(30-MAY-2025 15:48:12)	 (Not Inserted)
2,23 , 1,0,2,0,S, 	(30-MAY-2025 15:48:12)	 (Not Inserted)
2,23 , 1,0,2,0,S, 	(30-MAY-2025 15:48:12)	 (Not Inserted)
2,23 , 1,0,2,0,S, 	(30-MAY-2025 15:48:12)	 (Not Inserted)
2,23 , 1,0,2,0,S, 	(30-MAY-2025 15:48:12)	 (Not Inserted)
2,23 , 1,0,2,0,S, 	(30-MAY-2025 15:48:12)	 (Not Inserted)
2,23 , 1,0,2,0,S, 	(30-MAY-2025 15:48:12)	 (Not Inserted)
2,23 , 1,0,2,0,S, 	(30-MAY-2025 15:48:12)	 (Not Inserted)
2,23 , 1,0,2,0,S, 	(30-MAY-2025 15:48:12)	 (Not Inserted)
2,23 , 1,0,2,0,S, 	(30-MAY-2025 15:48:12)	 (Not Inserted)
2,23 , 1,0,2,0,S, 	(30-MAY-2025 15:48:12)	 (Not Inserted)
2,23 , 1,0,2,0,S, 	(30-MAY-2025 15:48:12)	 (Not Inserted)
2,23 , 1,0,2,0,S, 	(30-MAY-2025 15:48:12)	 (Not Inserted)
2,23 , 1,0,2,0,S, 	(30-MAY-2025 15:48:12)	 (Not Inserted)
2,23 , 1,0,2,0,S, 	(30-MAY-2025 15:48:12)	 (Not Inserted)
2,23 , 1,0,2,0,S, 	(30-MAY-2025 15:48:12)	 (Not Inserted)
2,23 , 1,0,2,0,S, 	(30-MAY-2025 15:48:12)	 (Not Inserted)
2,23 , 1,0,2,0,S, 	(30-MAY-2025 15:48:12)	 (Not Inserted)
2,23 , 1,0,2,0,S, 	(30-MAY-2025 15:48:12)	 (Not Inserted)
2,23 , 1,0,2,0,S, 	(30-MAY-2025 15:48:12)	 (Not Inserted)
2,23 , 1,0,2,0,S, 	(30-MAY-2025 15:48:12)	 (Not Inserted)
2,23 , 1,0,2,0,S, 	(30-MAY-2025 15:48:12)	 (Not Inserted)
2,23 , 1,0,2,0,S, 	(30-MAY-2025 15:48:12)	 (Not Inserted)
2,23 , 1,0,2,0,S, 	(30-MAY-2025 15:48:12)	 (Not Inserted)
2,23 , 1,0,2,0,S, 	(30-MAY-2025 15:48:12)	 (Not Inserted)
2,23 , 1,0,2,0,S, 	(30-MAY-2025 15:48:12)	 (Not Inserted)
2,23 , 1,0,2,0,S, 	(30-MAY-2025 15:48:12)	 (Not Inserted)
2,23 , 1,0,2,0,S, 	(30-MAY-2025 15:48:12)	 (Not Inserted)
2,23 , 1,0,2,0,S, 	(30-MAY-2025 15:48:12)	 (Not Inserted)
2,23 , 1,0,2,0,S, 	(30-MAY-2025 15:48:12)	 (Not Inserted)
2,23 , 1,0,2,0,S, 	(30-MAY-2025 15:48:12)	 (Not Inserted)
2,23 , 1,0,2,0,S, 	(30-MAY-2025 15:48:12)	 (Not Inserted)
2,23 , 1,0,2,0,S, 	(30-MAY-2025 15:48:12)	 (Not Inserted)
2,23 , 1,0,2,0,S, 	(30-MAY-2025 15:48:12)	 (Not Inserted)
2,23 , 1,0,2,0,S, 	(30-MAY-2025 15:48:12)	 (Not Inserted)
2,23 , 1,0,2,0,S, 	(30-MAY-2025 15:48:12)	 (Not Inserted)
2,23 , 1,0,2,0,S, 	(30-MAY-2025 15:48:12)	 (Not Inserted)
2,23 , 1,0,2,0,S, 	(30-MAY-2025 15:48:12)	 (Not Inserted)
2,23 , 1,0,2,0,S, 	(30-MAY-2025 15:48:12)	 (Not Inserted)
2,23 , 1,0,2,0,S, 	(30-MAY-2025 15:48:12)	 (Not Inserted)
2,23 , 1,0,2,0,S, 	(30-MAY-2025 15:48:12)	 (Not Inserted)
2,23 , 1,0,2,0,S, 	(30-MAY-2025 15:48:12)	 (Not Inserted)
2,23 , 1,0,2,0,S, 	(30-MAY-2025 15:48:12)	 (Not Inserted)
2,23 , 1,0,2,0,S, 	(30-MAY-2025 15:48:12)	 (Not Inserted)
2,23 , 1,0,2,0,S, 	(30-MAY-2025 15:48:12)	 (Not Inserted)
2,23 , 1,0,2,0,S, 	(30-MAY-2025 15:48:12)	 (Not Inserted)
2,23 , 1,0,2,0,S, 	(30-MAY-2025 15:48:12)	 (Not Inserted)
2,23 , 1,0,2,0,S, 	(30-MAY-2025 15:48:12)	 (Not Inserted)
2,23 , 1,0,2,0,S, 	(30-MAY-2025 15:48:12)	 (Not Inserted)
2,23 , 1,0,2,0,S, 	(30-MAY-2025 15:48:12)	 (Not Inserted)
2,23 , 1,0,2,0,S, 	(30-MAY-2025 15:48:12)	 (Not Inserted)
2,23 , 1,0,2,0,S, 	(30-MAY-2025 15:48:12)	 (Not Inserted)
2,23 , 1,0,2,0,S, 	(30-MAY-2025 15:48:12)	 (Not Inserted)
2,23 , 1,0,2,0,S, 	(30-MAY-2025 15:48:12)	 (Not Inserted)
2,23 , 1,0,2,0,S, 	(30-MAY-2025 15:48:12)	 (Not Inserted)
2,23 , 1,0,2,0,S, 	(30-MAY-2025 15:48:12)	 (Not Inserted)
2,23 , 1,0,2,0,S, 	(30-MAY-2025 15:48:12)	 (Not Inserted)
2,23 , 1,0,2,0,S, 	(30-MAY-2025 15:48:12)	 (Not Inserted)
2,23 , 1,0,2,0,S, 	(30-MAY-2025 15:48:12)	 (Not Inserted)
2,23 , 1,0,2,0,S, 	(30-MAY-2025 15:48:12)	 (Not Inserted)
2,23 , 1,0,2,0,S, 	(30-MAY-2025 15:48:12)	 (Not Inserted)
2,23 , 1,0,2,0,S, 	(30-MAY-2025 15:48:12)	 (Not Inserted)
2,23 , 1,0,2,0,S, 	(30-MAY-2025 15:48:12)	 (Not Inserted)
2,23 , 1,0,2,0,S, 	(30-MAY-2025 15:48:12)	 (Not Inserted)
2,23 , 1,0,2,0,S, 	(30-MAY-2025 15:48:12)	 (Not Inserted)
2,23 , 1,0,2,0,S, 	(30-MAY-2025 15:48:12)	 (Not Inserted)
2,23 , 1,0,2,0,S, 	(30-MAY-2025 15:48:12)	 (Not Inserted)
2,23 , 1,0,2,0,S, 	(30-MAY-2025 15:48:12)	 (Not Inserted)
2,23 , 1,0,2,0,S, 	(30-MAY-2025 15:48:12)	 (Not Inserted)
2,23 , 1,0,2,0,S, 	(30-MAY-2025 15:48:12)	 (Not Inserted)
2,23 , 1,0,2,0,S, 	(30-MAY-2025 15:48:12)	 (Not Inserted)
2,23 , 1,0,2,0,S, 	(30-MAY-2025 15:48:12)	 (Not Inserted)
2,23 , 1,0,2,0,S, 	(30-MAY-2025 15:48:12)	 (Not Inserted)
2,23 , 1,0,2,0,S, 	(30-MAY-2025 15:48:12)	 (Not Inserted)
2,23 , 1,0,2,0,S, 	(30-MAY-2025 15:48:12)	 (Not Inserted)
2,23 , 1,0,2,0,S, 	(30-MAY-2025 15:48:12)	 (Not Inserted)
2,23 , 1,0,2,0,S, 	(30-MAY-2025 15:48:12)	 (Not Inserted)
2,23 , 1,0,2,0,S, 	(30-MAY-2025 15:48:12)	 (Not Inserted)
2,23 , 1,0,2,0,S, 	(30-MAY-2025 15:48:12)	 (Not Inserted)
2,23 , 1,0,2,0,S, 	(30-MAY-2025 15:48:12)	 (Not Inserted)
2,23 , 1,0,2,0,S, 	(30-MAY-2025 15:48:12)	 (Not Inserted)
2,23 , 1,0,2,0,S, 	(30-MAY-2025 15:48:12)	 (Not Inserted)
2,23 , 1,0,2,0,S, 	(30-MAY-2025 15:48:12)	 (Not Inserted)
2,23 , 1,0,2,0,S, 	(30-MAY-2025 15:48:12)	 (Not Inserted)
2,23 , 1,0,2,0,S, 	(30-MAY-2025 15:48:12)	 (Not Inserted)
2,23 , 1,0,2,0,S, 	(30-MAY-2025 15:48:12)	 (Not Inserted)
2,23 , 1,0,2,0,S, 	(30-MAY-2025 15:48:12)	 (Not Inserted)
2,23 , 1,0,2,0,S, 	(30-MAY-2025 15:48:12)	 (Not Inserted)
2,23 , 1,0,2,0,S, 	(30-MAY-2025 15:48:12)	 (Not Inserted)
2,23 , 1,0,2,0,S, 	(30-MAY-2025 15:48:12)	 (Not Inserted)
2,23 , 1,0,2,0,S, 	(30-MAY-2025 15:48:12)	 (Not Inserted)
2,23 , 1,0,2,0,S, 	(30-MAY-2025 15:48:12)	 (Not Inserted)
2,23 , 1,0,2,0,S, 	(30-MAY-2025 15:48:12)	 (Not Inserted)
2,23 , 1,0,2,0,S, 	(30-MAY-2025 15:48:12)	 (Not Inserted)
2,23 , 1,0,2,0,S, 	(30-MAY-2025 15:48:12)	 (Not Inserted)
2,23 , 1,0,2,0,S, 	(30-MAY-2025 15:48:12)	 (Not Inserted)
2,23 , 1,0,2,0,S, 	(30-MAY-2025 15:48:12)	 (Not Inserted)
2,23 , 1,0,2,0,S, 	(30-MAY-2025 15:48:12)	 (Not Inserted)
2,23 , 1,0,2,0,S, 	(30-MAY-2025 15:48:12)	 (Not Inserted)
2,23 , 1,0,2,0,S, 	(30-MAY-2025 15:48:12)	 (Not Inserted)
2,23 , 1,0,2,0,S, 	(30-MAY-2025 15:48:12)	 (Not Inserted)
2,23 , 1,0,2,0,S, 	(30-MAY-2025 15:48:12)	 (Not Inserted)
2,23 , 1,0,2,0,S, 	(30-MAY-2025 15:48:12)	 (Not Inserted)
2,23 , 1,0,2,0,S, 	(30-MAY-2025 15:48:12)	 (Not Inserted)
2,23 , 1,0,2,0,S, 	(30-MAY-2025 15:48:12)	 (Not Inserted)
2,23 , 1,0,2,0,S, 	(30-MAY-2025 15:48:12)	 (Not Inserted)
2,23 , 1,0,2,0,S, 	(30-MAY-2025 15:48:12)	 (Not Inserted)
2,23 , 1,0,2,0,S, 	(30-MAY-2025 15:48:12)	 (Not Inserted)
2,23 , 1,0,2,0,S, 	(30-MAY-2025 15:48:12)	 (Not Inserted)
2,23 , 1,0,2,0,S, 	(30-MAY-2025 15:48:12)	 (Not Inserted)
2,23 , 1,0,2,0,S, 	(30-MAY-2025 15:48:12)	 (Not Inserted)
2,23 , 1,0,2,0,S, 	(30-MAY-2025 15:48:12)	 (Not Inserted)
2,23 , 1,0,2,0,S, 	(30-MAY-2025 15:48:12)	 (Not Inserted)
2,23 , 1,0,2,0,S, 	(30-MAY-2025 15:48:12)	 (Not Inserted)
2,23 , 1,0,2,0,S, 	(30-MAY-2025 15:48:12)	 (Not Inserted)
2,23 , 1,0,2,0,S, 	(30-MAY-2025 15:48:12)	 (Not Inserted)
2,23 , 1,0,2,0,S, 	(30-MAY-2025 15:48:12)	 (Not Inserted)
2,23 , 1,0,2,0,S, 	(30-MAY-2025 15:48:12)	 (Not Inserted)
2,23 , 1,0,2,0,S, 	(30-MAY-2025 15:48:12)	 (Not Inserted)
2,23 , 1,0,2,0,S, 	(30-MAY-2025 15:48:13)	 (Not Inserted)
2,23 , 1,0,2,0,S, 	(30-MAY-2025 15:48:13)	 (Not Inserted)
2,23 , 1,0,2,0,S, 	(30-MAY-2025 15:48:13)	 (Not Inserted)
2,23 , 1,0,2,0,S, 	(30-MAY-2025 15:48:13)	 (Not Inserted)
2,23 , 1,0,2,0,S, 	(30-MAY-2025 15:48:13)	 (Not Inserted)
2,23 , 1,0,2,0,S, 	(30-MAY-2025 15:48:13)	 (Not Inserted)
2,23 , 1,0,2,0,S, 	(30-MAY-2025 15:48:13)	 (Not Inserted)
2,23 , 1,0,2,0,S, 	(30-MAY-2025 15:48:13)	 (Not Inserted)
2,23 , 1,0,2,0,S, 	(30-MAY-2025 15:48:13)	 (Not Inserted)
2,23 , 1,0,2,0,S, 	(30-MAY-2025 15:48:13)	 (Not Inserted)
2,23 , 1,0,2,0,S, 	(30-MAY-2025 15:48:13)	 (Not Inserted)
2,23 , 1,0,2,0,S, 	(30-MAY-2025 15:48:13)	 (Not Inserted)
2,23 , 1,0,2,0,S, 	(30-MAY-2025 15:48:13)	 (Not Inserted)
2,23 , 1,0,2,0,S, 	(30-MAY-2025 15:48:13)	 (Not Inserted)
2,23 , 1,0,2,0,S, 	(30-MAY-2025 15:48:13)	 (Not Inserted)
2,23 , 1,0,2,0,S, 	(30-MAY-2025 15:48:13)	 (Not Inserted)
2,23 , 1,0,2,0,S, 	(30-MAY-2025 15:48:13)	 (Not Inserted)
2,23 , 1,0,2,0,S, 	(30-MAY-2025 15:48:13)	 (Not Inserted)
2,23 , 1,0,2,0,S, 	(30-MAY-2025 15:48:13)	 (Not Inserted)
2,23 , 1,0,2,0,S, 	(30-MAY-2025 15:48:13)	 (Not Inserted)
2,23 , 1,0,2,0,S, 	(30-MAY-2025 15:48:13)	 (Not Inserted)
2,23 , 1,0,2,0,S, 	(30-MAY-2025 15:48:13)	 (Not Inserted)
2,23 , 1,0,2,0,S, 	(30-MAY-2025 15:48:13)	 (Not Inserted)
2,23 , 1,0,2,0,S, 	(30-MAY-2025 15:48:13)	 (Not Inserted)
2,23 , 1,0,2,0,S, 	(30-MAY-2025 15:48:13)	 (Not Inserted)
2,23 , 1,0,2,0,S, 	(30-MAY-2025 15:48:13)	 (Not Inserted)
2,23 , 1,0,2,0,S, 	(30-MAY-2025 15:48:13)	 (Not Inserted)
2,23 , 1,0,2,0,S, 	(30-MAY-2025 15:48:13)	 (Not Inserted)
2,23 , 1,0,2,0,S, 	(30-MAY-2025 15:48:13)	 (Not Inserted)
2,23 , 1,0,2,0,S, 	(30-MAY-2025 15:48:13)	 (Not Inserted)
2,23 , 1,0,2,0,S, 	(30-MAY-2025 15:48:13)	 (Not Inserted)
2,23 , 1,0,2,0,S, 	(30-MAY-2025 15:48:13)	 (Not Inserted)
2,23 , 1,0,2,0,S, 	(30-MAY-2025 15:48:13)	 (Not Inserted)
2,23 , 1,0,2,0,S, 	(30-MAY-2025 15:48:13)	 (Not Inserted)
2,23 , 1,0,2,0,S, 	(30-MAY-2025 15:48:13)	 (Not Inserted)
2,23 , 1,0,2,0,S, 	(30-MAY-2025 15:48:13)	 (Not Inserted)
2,23 , 1,0,2,0,S, 	(30-MAY-2025 15:48:13)	 (Not Inserted)
2,23 , 1,0,2,0,S, 	(30-MAY-2025 15:48:13)	 (Not Inserted)
2,23 , 1,0,2,0,S, 	(30-MAY-2025 15:48:13)	 (Not Inserted)
2,23 , 1,0,2,0,S, 	(30-MAY-2025 15:48:13)	 (Not Inserted)
2,23 , 1,0,2,0,S, 	(30-MAY-2025 15:48:13)	 (Not Inserted)
2,23 , 1,0,2,0,S, 	(30-MAY-2025 15:48:13)	 (Not Inserted)
2,23 , 1,0,2,0,S, 	(30-MAY-2025 15:48:13)	 (Not Inserted)
2,23 , 1,0,2,0,S, 	(30-MAY-2025 15:48:13)	 (Not Inserted)
2,23 , 1,0,2,0,S, 	(30-MAY-2025 15:48:13)	 (Not Inserted)
2,23 , 1,0,2,0,S, 	(30-MAY-2025 15:48:13)	 (Not Inserted)
2,23 , 1,0,2,0,S, 	(30-MAY-2025 15:48:13)	 (Not Inserted)
2,23 , 1,0,2,0,S, 	(30-MAY-2025 15:48:13)	 (Not Inserted)
2,23 , 1,0,2,0,S, 	(30-MAY-2025 15:48:13)	 (Not Inserted)
2,23 , 1,0,2,0,S, 	(30-MAY-2025 15:48:13)	 (Not Inserted)
2,23 , 1,0,2,0,S, 	(30-MAY-2025 15:48:13)	 (Not Inserted)
2,23 , 1,0,2,0,S, 	(30-MAY-2025 15:48:13)	 (Not Inserted)
2,23 , 1,0,2,0,S, 	(30-MAY-2025 15:48:13)	 (Not Inserted)
2,23 , 1,0,2,0,S, 	(30-MAY-2025 15:48:13)	 (Not Inserted)
2,23 , 1,0,2,0,S, 	(30-MAY-2025 15:48:13)	 (Not Inserted)
2,23 , 1,0,2,0,S, 	(30-MAY-2025 15:48:13)	 (Not Inserted)
2,23 , 1,0,2,0,S, 	(30-MAY-2025 15:48:13)	 (Not Inserted)
2,23 , 1,0,2,0,S, 	(30-MAY-2025 15:48:13)	 (Not Inserted)
2,23 , 1,0,2,0,S, 	(30-MAY-2025 15:48:13)	 (Not Inserted)
2,23 , 1,0,2,0,S, 	(30-MAY-2025 15:48:13)	 (Not Inserted)
2,23 , 1,0,2,0,S, 	(30-MAY-2025 15:48:13)	 (Not Inserted)
2,23 , 1,0,2,0,S, 	(30-MAY-2025 15:48:13)	 (Not Inserted)
2,23 , 1,0,2,0,S, 	(30-MAY-2025 15:48:13)	 (Not Inserted)
2,23 , 1,0,2,0,S, 	(30-MAY-2025 15:48:13)	 (Not Inserted)
2,23 , 1,0,2,0,S, 	(30-MAY-2025 15:48:13)	 (Not Inserted)
2,23 , 1,0,2,0,S, 	(30-MAY-2025 15:48:13)	 (Not Inserted)
2,23 , 1,0,2,0,S, 	(30-MAY-2025 15:48:13)	 (Not Inserted)
2,23 , 1,0,2,0,S, 	(30-MAY-2025 15:48:13)	 (Not Inserted)
2,23 , 1,0,2,0,S, 	(30-MAY-2025 15:48:13)	 (Not Inserted)
2,23 , 1,0,2,0,S, 	(30-MAY-2025 15:48:13)	 (Not Inserted)
2,23 , 1,0,2,0,S, 	(30-MAY-2025 15:48:13)	 (Not Inserted)
2,23 , 1,0,2,0,S, 	(30-MAY-2025 15:48:13)	 (Not Inserted)
2,23 , 1,0,2,0,S, 	(30-MAY-2025 15:48:13)	 (Not Inserted)
2,23 , 1,0,2,0,S, 	(30-MAY-2025 15:48:13)	 (Not Inserted)
2,23 , 1,0,2,0,S, 	(30-MAY-2025 15:48:13)	 (Not Inserted)
2,23 , 1,0,2,0,S, 	(30-MAY-2025 15:48:13)	 (Not Inserted)
2,23 , 1,0,2,0,S, 	(30-MAY-2025 15:48:13)	 (Not Inserted)
2,23 , 1,0,2,0,S, 	(30-MAY-2025 15:48:13)	 (Not Inserted)
2,23 , 1,0,2,0,S, 	(30-MAY-2025 15:48:13)	 (Not Inserted)
2,23 , 1,0,2,0,S, 	(30-MAY-2025 15:48:13)	 (Not Inserted)
2,23 , 1,0,2,0,S, 	(30-MAY-2025 15:48:13)	 (Not Inserted)
2,23 , 1,0,2,0,S, 	(30-MAY-2025 15:48:13)	 (Not Inserted)
2,23 , 1,0,2,0,S, 	(30-MAY-2025 15:48:13)	 (Not Inserted)
2,23 , 1,0,2,0,S, 	(30-MAY-2025 15:48:13)	 (Not Inserted)
2,23 , 1,0,2,0,S, 	(30-MAY-2025 15:48:13)	 (Not Inserted)
2,23 , 1,0,2,0,S, 	(30-MAY-2025 15:48:13)	 (Not Inserted)
2,23 , 1,0,2,0,S, 	(30-MAY-2025 15:48:13)	 (Not Inserted)
2,23 , 1,0,2,0,S, 	(30-MAY-2025 15:48:13)	 (Not Inserted)
2,23 , 1,0,2,0,S, 	(30-MAY-2025 15:48:13)	 (Not Inserted)
2,23 , 1,0,2,0,S, 	(30-MAY-2025 15:48:13)	 (Not Inserted)
2,23 , 1,0,2,0,S, 	(30-MAY-2025 15:48:13)	 (Not Inserted)
2,23 , 1,0,2,0,S, 	(30-MAY-2025 15:48:13)	 (Not Inserted)
2,23 , 1,0,2,0,S, 	(30-MAY-2025 15:48:13)	 (Not Inserted)
2,23 , 1,0,2,0,S, 	(30-MAY-2025 15:48:13)	 (Not Inserted)
2,23 , 1,0,2,0,S, 	(30-MAY-2025 15:48:13)	 (Not Inserted)
2,23 , 1,0,2,0,S, 	(30-MAY-2025 15:48:13)	 (Not Inserted)
2,23 , 1,0,2,0,S, 	(30-MAY-2025 15:48:13)	 (Not Inserted)
2,23 , 1,0,2,0,S, 	(30-MAY-2025 15:48:13)	 (Not Inserted)
2,23 , 1,0,2,0,S, 	(30-MAY-2025 15:48:13)	 (Not Inserted)
2,23 , 1,0,2,0,S, 	(30-MAY-2025 15:48:13)	 (Not Inserted)
2,23 , 1,0,2,0,S, 	(30-MAY-2025 15:48:13)	 (Not Inserted)
2,23 , 1,0,2,0,S, 	(30-MAY-2025 15:48:13)	 (Not Inserted)
2,23 , 1,0,2,0,S, 	(30-MAY-2025 15:48:13)	 (Not Inserted)
2,23 , 1,0,2,0,S, 	(30-MAY-2025 15:48:13)	 (Not Inserted)
2,23 , 1,0,2,0,S, 	(30-MAY-2025 15:48:13)	 (Not Inserted)
2,23 , 1,0,2,0,S, 	(30-MAY-2025 15:48:13)	 (Not Inserted)
2,23 , 1,0,2,0,S, 	(30-MAY-2025 15:48:13)	 (Not Inserted)
2,23 , 1,0,2,0,S, 	(30-MAY-2025 15:48:13)	 (Not Inserted)
2,23 , 1,0,2,0,S, 	(30-MAY-2025 15:48:13)	 (Not Inserted)
2,23 , 1,0,2,0,S, 	(30-MAY-2025 15:48:13)	 (Not Inserted)
2,23 , 1,0,2,0,S, 	(30-MAY-2025 15:48:13)	 (Not Inserted)
2,23 , 1,0,2,0,S, 	(30-MAY-2025 15:48:13)	 (Not Inserted)
2,23 , 1,0,2,0,S, 	(30-MAY-2025 15:48:13)	 (Not Inserted)
2,23 , 1,0,2,0,S, 	(30-MAY-2025 15:48:13)	 (Not Inserted)
2,23 , 1,0,2,0,S, 	(30-MAY-2025 15:48:13)	 (Not Inserted)
2,23 , 1,0,2,0,S, 	(30-MAY-2025 15:48:13)	 (Not Inserted)
2,23 , 1,0,2,0,S, 	(30-MAY-2025 15:48:13)	 (Not Inserted)
2,23 , 1,0,2,0,S, 	(30-MAY-2025 15:48:13)	 (Not Inserted)
2,23 , 1,0,2,0,S, 	(30-MAY-2025 15:48:13)	 (Not Inserted)
2,23 , 1,0,2,0,S, 	(30-MAY-2025 15:48:13)	 (Not Inserted)
2,23 , 1,0,2,0,S, 	(30-MAY-2025 15:48:13)	 (Not Inserted)
2,23 , 1,0,2,0,S, 	(30-MAY-2025 15:48:13)	 (Not Inserted)
2,23 , 1,0,2,0,S, 	(30-MAY-2025 15:48:13)	 (Not Inserted)
2,23 , 1,0,2,0,S, 	(30-MAY-2025 15:48:13)	 (Not Inserted)
2,23 , 1,0,2,0,S, 	(30-MAY-2025 15:48:13)	 (Not Inserted)
2,23 , 1,0,2,0,S, 	(30-MAY-2025 15:48:13)	 (Not Inserted)
2,23 , 1,0,2,0,S, 	(30-MAY-2025 15:48:13)	 (Not Inserted)
2,23 , 1,0,2,0,S, 	(30-MAY-2025 15:48:13)	 (Not Inserted)
2,23 , 1,0,2,0,S, 	(30-MAY-2025 15:48:13)	 (Not Inserted)
2,23 , 1,0,2,0,S, 	(30-MAY-2025 15:48:13)	 (Not Inserted)
2,23 , 1,0,2,0,S, 	(30-MAY-2025 15:48:13)	 (Not Inserted)
2,23 , 1,0,2,0,S, 	(30-MAY-2025 15:48:13)	 (Not Inserted)
2,23 , 1,0,2,0,S, 	(30-MAY-2025 15:48:13)	 (Not Inserted)
2,23 , 1,0,2,0,S, 	(30-MAY-2025 15:48:13)	 (Not Inserted)
2,23 , 1,0,2,0,S, 	(30-MAY-2025 15:48:13)	 (Not Inserted)
2,23 , 1,0,2,0,S, 	(30-MAY-2025 15:48:13)	 (Not Inserted)
2,23 , 1,0,2,0,S, 	(30-MAY-2025 15:48:13)	 (Not Inserted)
2,23 , 1,0,2,0,S, 	(30-MAY-2025 15:48:13)	 (Not Inserted)
2,23 , 1,0,2,0,S, 	(30-MAY-2025 15:48:13)	 (Not Inserted)
2,23 , 1,0,2,0,S, 	(30-MAY-2025 15:48:13)	 (Not Inserted)
2,23 , 1,0,2,0,S, 	(30-MAY-2025 15:48:13)	 (Not Inserted)
2,23 , 1,0,2,0,S, 	(30-MAY-2025 15:48:13)	 (Not Inserted)
2,23 , 1,0,2,0,S, 	(30-MAY-2025 15:48:13)	 (Not Inserted)
2,23 , 1,0,2,0,S, 	(30-MAY-2025 15:48:13)	 (Not Inserted)
2,23 , 1,0,2,0,S, 	(30-MAY-2025 15:48:13)	 (Not Inserted)
2,23 , 1,0,2,0,S, 	(30-MAY-2025 15:48:13)	 (Not Inserted)
2,23 , 1,0,2,0,S, 	(30-MAY-2025 15:48:13)	 (Not Inserted)
2,23 , 1,0,2,0,S, 	(30-MAY-2025 15:48:13)	 (Not Inserted)
2,23 , 1,0,2,0,S, 	(30-MAY-2025 15:48:13)	 (Not Inserted)
2,23 , 1,0,2,0,S, 	(30-MAY-2025 15:48:13)	 (Not Inserted)
2,23 , 1,0,2,0,S, 	(30-MAY-2025 15:48:13)	 (Not Inserted)
2,23 , 1,0,2,0,S, 	(30-MAY-2025 15:48:13)	 (Not Inserted)
2,23 , 1,0,2,0,S, 	(30-MAY-2025 15:48:13)	 (Not Inserted)
2,23 , 1,0,2,0,S, 	(30-MAY-2025 15:48:13)	 (Not Inserted)
2,23 , 1,0,2,0,S, 	(30-MAY-2025 15:48:13)	 (Not Inserted)
2,23 , 1,0,2,0,S, 	(30-MAY-2025 15:48:13)	 (Not Inserted)
2,23 , 1,0,2,0,S, 	(30-MAY-2025 15:48:13)	 (Not Inserted)
2,23 , 1,0,2,0,S, 	(30-MAY-2025 15:48:13)	 (Not Inserted)
2,23 , 1,0,2,0,S, 	(30-MAY-2025 15:48:13)	 (Not Inserted)
2,23 , 1,0,2,0,S, 	(30-MAY-2025 15:48:13)	 (Not Inserted)
2,23 , 1,0,2,0,S, 	(30-MAY-2025 15:48:13)	 (Not Inserted)
2,23 , 1,0,2,0,S, 	(30-MAY-2025 15:48:13)	 (Not Inserted)
2,23 , 1,0,2,0,S, 	(30-MAY-2025 15:48:13)	 (Not Inserted)
2,23 , 1,0,2,0,S, 	(30-MAY-2025 15:48:13)	 (Not Inserted)
2,23 , 1,0,2,0,S, 	(30-MAY-2025 15:48:13)	 (Not Inserted)
2,23 , 1,0,2,0,S, 	(30-MAY-2025 15:48:13)	 (Not Inserted)
2,23 , 1,0,2,0,S, 	(30-MAY-2025 15:48:13)	 (Not Inserted)
2,23 , 1,0,2,0,S, 	(30-MAY-2025 15:48:13)	 (Not Inserted)
2,23 , 1,0,2,0,S, 	(30-MAY-2025 15:48:13)	 (Not Inserted)
2,23 , 1,0,2,0,S, 	(30-MAY-2025 15:48:13)	 (Not Inserted)
2,23 , 1,0,2,0,S, 	(30-MAY-2025 15:48:13)	 (Not Inserted)
2,23 , 1,0,2,0,S, 	(30-MAY-2025 15:48:13)	 (Not Inserted)
2,23 , 1,0,2,0,S, 	(30-MAY-2025 15:48:13)	 (Not Inserted)
2,23 , 1,0,2,0,S, 	(30-MAY-2025 15:48:13)	 (Not Inserted)
2,23 , 1,0,2,0,S, 	(30-MAY-2025 15:48:13)	 (Not Inserted)
2,23 , 1,0,2,0,S, 	(30-MAY-2025 15:48:13)	 (Not Inserted)
2,23 , 1,0,2,0,S, 	(30-MAY-2025 15:48:13)	 (Not Inserted)
2,23 , 1,0,2,0,S, 	(30-MAY-2025 15:48:13)	 (Not Inserted)
2,23 , 1,0,2,0,S, 	(30-MAY-2025 15:48:13)	 (Not Inserted)
2,23 , 1,0,2,0,S, 	(30-MAY-2025 15:48:13)	 (Not Inserted)
2,23 , 1,0,2,0,S, 	(30-MAY-2025 15:48:13)	 (Not Inserted)
2,23 , 1,0,2,0,S, 	(30-MAY-2025 15:48:13)	 (Not Inserted)
2,23 , 1,0,2,0,S, 	(30-MAY-2025 15:48:13)	 (Not Inserted)
2,23 , 1,0,2,0,S, 	(30-MAY-2025 15:48:13)	 (Not Inserted)
2,23 , 1,0,2,0,S, 	(30-MAY-2025 15:48:13)	 (Not Inserted)
2,23 , 1,0,2,0,S, 	(30-MAY-2025 15:48:13)	 (Not Inserted)
2,23 , 1,0,2,0,S, 	(30-MAY-2025 15:48:13)	 (Not Inserted)
2,23 , 1,0,2,0,S, 	(30-MAY-2025 15:48:13)	 (Not Inserted)
2,23 , 1,0,2,0,S, 	(30-MAY-2025 15:48:13)	 (Not Inserted)
2,23 , 1,0,2,0,S, 	(30-MAY-2025 15:48:13)	 (Not Inserted)
2,23 , 1,0,2,0,S, 	(30-MAY-2025 15:48:13)	 (Not Inserted)
2,23 , 1,0,2,0,S, 	(30-MAY-2025 15:48:13)	 (Not Inserted)
2,23 , 1,0,2,0,S, 	(30-MAY-2025 15:48:13)	 (Not Inserted)
2,23 , 1,0,2,0,S, 	(30-MAY-2025 15:48:13)	 (Not Inserted)
2,23 , 1,0,2,0,S, 	(30-MAY-2025 15:48:13)	 (Not Inserted)
2,23 , 1,0,2,0,S, 	(30-MAY-2025 15:48:13)	 (Not Inserted)
2,23 , 1,0,2,0,S, 	(30-MAY-2025 15:48:13)	 (Not Inserted)
2,23 , 1,0,2,0,S, 	(30-MAY-2025 15:48:13)	 (Not Inserted)
2,23 , 1,0,2,0,S, 	(30-MAY-2025 15:48:13)	 (Not Inserted)
2,23 , 1,0,2,0,S, 	(30-MAY-2025 15:48:13)	 (Not Inserted)
2,23 , 1,0,2,0,S, 	(30-MAY-2025 15:48:13)	 (Not Inserted)
2,23 , 1,0,2,0,S, 	(30-MAY-2025 15:48:13)	 (Not Inserted)
2,23 , 1,0,2,0,S, 	(30-MAY-2025 15:48:13)	 (Not Inserted)
2,23 , 1,0,2,0,S, 	(30-MAY-2025 15:48:13)	 (Not Inserted)
2,23 , 1,0,2,0,S, 	(30-MAY-2025 15:48:13)	 (Not Inserted)
2,23 , 1,0,2,0,S, 	(30-MAY-2025 15:48:13)	 (Not Inserted)
2,23 , 1,0,2,0,S, 	(30-MAY-2025 15:48:13)	 (Not Inserted)
2,23 , 1,0,2,0,S, 	(30-MAY-2025 15:48:13)	 (Not Inserted)
2,23 , 1,0,2,0,S, 	(30-MAY-2025 15:48:13)	 (Not Inserted)
2,23 , 1,0,2,0,S, 	(30-MAY-2025 15:48:13)	 (Not Inserted)
2,23 , 1,0,2,0,S, 	(30-MAY-2025 15:48:13)	 (Not Inserted)
2,23 , 1,0,2,0,S, 	(30-MAY-2025 15:48:13)	 (Not Inserted)
2,23 , 1,0,2,0,S, 	(30-MAY-2025 15:48:13)	 (Not Inserted)
2,23 , 1,0,2,0,S, 	(30-MAY-2025 15:48:13)	 (Not Inserted)
2,23 , 1,0,2,0,S, 	(30-MAY-2025 15:48:13)	 (Not Inserted)
2,23 , 1,0,2,0,S, 	(30-MAY-2025 15:48:13)	 (Not Inserted)
2,23 , 1,0,2,0,S, 	(30-MAY-2025 15:48:13)	 (Not Inserted)
2,23 , 1,0,2,0,S, 	(30-MAY-2025 15:48:13)	 (Not Inserted)
2,23 , 1,0,2,0,S, 	(30-MAY-2025 15:48:13)	 (Not Inserted)
2,23 , 1,0,2,0,S, 	(30-MAY-2025 15:48:13)	 (Not Inserted)
2,23 , 1,0,2,0,S, 	(30-MAY-2025 15:48:13)	 (Not Inserted)
2,23 , 1,0,2,0,S, 	(30-MAY-2025 15:48:13)	 (Not Inserted)
2,23 , 1,0,2,0,S, 	(30-MAY-2025 15:48:13)	 (Not Inserted)
2,23 , 1,0,2,0,S, 	(30-MAY-2025 15:48:13)	 (Not Inserted)
2,23 , 1,0,2,0,S, 	(30-MAY-2025 15:48:13)	 (Not Inserted)
2,23 , 1,0,2,0,S, 	(30-MAY-2025 15:48:13)	 (Not Inserted)
2,23 , 1,0,2,0,S, 	(30-MAY-2025 15:48:13)	 (Not Inserted)
2,23 , 1,0,2,0,S, 	(30-MAY-2025 15:48:13)	 (Not Inserted)
2,23 , 1,0,2,0,S, 	(30-MAY-2025 15:48:13)	 (Not Inserted)
2,23 , 1,0,2,0,S, 	(30-MAY-2025 15:48:13)	 (Not Inserted)
2,23 , 1,0,2,0,S, 	(30-MAY-2025 15:48:13)	 (Not Inserted)
2,23 , 1,0,2,0,S, 	(30-MAY-2025 15:48:13)	 (Not Inserted)
2,23 , 1,0,2,0,S, 	(30-MAY-2025 15:48:13)	 (Not Inserted)
2,23 , 1,0,2,0,S, 	(30-MAY-2025 15:48:13)	 (Not Inserted)
2,23 , 1,0,2,0,S, 	(30-MAY-2025 15:48:13)	 (Not Inserted)
2,23 , 1,0,2,0,S, 	(30-MAY-2025 15:48:13)	 (Not Inserted)
2,23 , 1,0,2,0,S, 	(30-MAY-2025 15:48:13)	 (Not Inserted)
2,23 , 1,0,2,0,S, 	(30-MAY-2025 15:48:13)	 (Not Inserted)
2,23 , 1,0,2,0,S, 	(30-MAY-2025 15:48:13)	 (Not Inserted)
2,23 , 1,0,2,0,S, 	(30-MAY-2025 15:48:13)	 (Not Inserted)
2,23 , 1,0,2,0,S, 	(30-MAY-2025 15:48:13)	 (Not Inserted)
2,23 , 1,0,2,0,S, 	(30-MAY-2025 15:48:13)	 (Not Inserted)
2,23 , 1,0,2,0,S, 	(30-MAY-2025 15:48:13)	 (Not Inserted)
2,23 , 1,0,2,0,S, 	(30-MAY-2025 15:48:13)	 (Not Inserted)
2,23 , 1,0,2,0,S, 	(30-MAY-2025 15:48:13)	 (Not Inserted)
2,23 , 1,0,2,0,S, 	(30-MAY-2025 15:48:13)	 (Not Inserted)
2,23 , 1,0,2,0,S, 	(30-MAY-2025 15:48:13)	 (Not Inserted)
2,23 , 1,0,2,0,S, 	(30-MAY-2025 15:48:13)	 (Not Inserted)
2,23 , 1,0,2,0,S, 	(30-MAY-2025 15:48:13)	 (Not Inserted)
2,23 , 1,0,2,0,S, 	(30-MAY-2025 15:48:13)	 (Not Inserted)
2,23 , 1,0,2,0,S, 	(30-MAY-2025 15:48:13)	 (Not Inserted)
2,23 , 1,0,2,0,S, 	(30-MAY-2025 15:48:13)	 (Not Inserted)
2,23 , 1,0,2,0,S, 	(30-MAY-2025 15:48:13)	 (Not Inserted)
2,23 , 1,0,2,0,S, 	(30-MAY-2025 15:48:13)	 (Not Inserted)
2,23 , 1,0,2,0,S, 	(30-MAY-2025 15:48:13)	 (Not Inserted)
2,23 , 1,0,2,0,S, 	(30-MAY-2025 15:48:13)	 (Not Inserted)
2,23 , 1,0,2,0,S, 	(30-MAY-2025 15:48:13)	 (Not Inserted)
2,23 , 1,0,2,0,S, 	(30-MAY-2025 15:48:13)	 (Not Inserted)
2,23 , 1,0,2,0,S, 	(30-MAY-2025 15:48:13)	 (Not Inserted)
2,23 , 1,0,2,0,S, 	(30-MAY-2025 15:48:13)	 (Not Inserted)
2,23 , 1,0,2,0,S, 	(30-MAY-2025 15:48:13)	 (Not Inserted)
2,23 , 1,0,2,0,S, 	(30-MAY-2025 15:48:13)	 (Not Inserted)
2,23 , 1,0,2,0,S, 	(30-MAY-2025 15:48:13)	 (Not Inserted)
2,23 , 1,0,2,0,S, 	(30-MAY-2025 15:48:13)	 (Not Inserted)
2,23 , 1,0,2,0,S, 	(30-MAY-2025 15:48:13)	 (Not Inserted)
2,23 , 1,0,2,0,S, 	(30-MAY-2025 15:48:13)	 (Not Inserted)
2,23 , 1,0,2,0,S, 	(30-MAY-2025 15:48:13)	 (Not Inserted)
2,23 , 1,0,2,0,S, 	(30-MAY-2025 15:48:13)	 (Not Inserted)
2,23 , 1,0,2,0,S, 	(30-MAY-2025 15:48:13)	 (Not Inserted)
2,23 , 1,0,2,0,S, 	(30-MAY-2025 15:48:13)	 (Not Inserted)
2,23 , 1,0,2,0,S, 	(30-MAY-2025 15:48:13)	 (Not Inserted)
2,23 , 1,0,2,0,S, 	(30-MAY-2025 15:48:13)	 (Not Inserted)
2,23 , 1,0,2,0,S, 	(30-MAY-2025 15:48:13)	 (Not Inserted)
2,23 , 1,0,2,0,S, 	(30-MAY-2025 15:48:13)	 (Not Inserted)
2,23 , 1,0,2,0,S, 	(30-MAY-2025 15:48:13)	 (Not Inserted)
2,23 , 1,0,2,0,S, 	(30-MAY-2025 15:48:13)	 (Not Inserted)
2,23 , 1,0,2,0,S, 	(30-MAY-2025 15:48:13)	 (Not Inserted)
2,23 , 1,0,2,0,S, 	(30-MAY-2025 15:48:13)	 (Not Inserted)
2,23 , 1,0,2,0,S, 	(30-MAY-2025 15:48:13)	 (Not Inserted)
2,23 , 1,0,2,0,S, 	(30-MAY-2025 15:48:13)	 (Not Inserted)
2,23 , 1,0,2,0,S, 	(30-MAY-2025 15:48:13)	 (Not Inserted)
2,23 , 1,0,2,0,S, 	(30-MAY-2025 15:48:13)	 (Not Inserted)
2,23 , 1,0,2,0,S, 	(30-MAY-2025 15:48:13)	 (Not Inserted)
2,23 , 1,0,2,0,S, 	(30-MAY-2025 15:48:13)	 (Not Inserted)
2,23 , 1,0,2,0,S, 	(30-MAY-2025 15:48:13)	 (Not Inserted)
2,23 , 1,0,2,0,S, 	(30-MAY-2025 15:48:13)	 (Not Inserted)
2,23 , 1,0,2,0,S, 	(30-MAY-2025 15:48:13)	 (Not Inserted)
2,23 , 1,0,2,0,S, 	(30-MAY-2025 15:48:13)	 (Not Inserted)
2,23 , 1,0,2,0,S, 	(30-MAY-2025 15:48:13)	 (Not Inserted)
2,23 , 1,0,2,0,S, 	(30-MAY-2025 15:48:13)	 (Not Inserted)
2,23 , 1,0,2,0,S, 	(30-MAY-2025 15:48:13)	 (Not Inserted)
2,23 , 1,0,2,0,S, 	(30-MAY-2025 15:48:13)	 (Not Inserted)
2,23 , 1,0,2,0,S, 	(30-MAY-2025 15:48:13)	 (Not Inserted)
2,23 , 1,0,2,0,S, 	(30-MAY-2025 15:48:13)	 (Not Inserted)
2,23 , 1,0,2,0,S, 	(30-MAY-2025 15:48:13)	 (Not Inserted)
2,23 , 1,0,2,0,S, 	(30-MAY-2025 15:48:13)	 (Not Inserted)
2,23 , 1,0,2,0,S, 	(30-MAY-2025 15:48:13)	 (Not Inserted)
2,23 , 1,0,2,0,S, 	(30-MAY-2025 15:48:13)	 (Not Inserted)
2,23 , 1,0,2,0,S, 	(30-MAY-2025 15:48:13)	 (Not Inserted)
2,23 , 1,0,2,0,S, 	(30-MAY-2025 15:48:13)	 (Not Inserted)
2,23 , 1,0,2,0,S, 	(30-MAY-2025 15:48:13)	 (Not Inserted)
2,23 , 1,0,2,0,S, 	(30-MAY-2025 15:48:13)	 (Not Inserted)
2,23 , 1,0,2,0,S, 	(30-MAY-2025 15:48:13)	 (Not Inserted)
2,23 , 1,0,2,0,S, 	(30-MAY-2025 15:48:13)	 (Not Inserted)
2,23 , 1,0,2,0,S, 	(30-MAY-2025 15:48:13)	 (Not Inserted)
2,23 , 1,0,2,0,S, 	(30-MAY-2025 15:48:13)	 (Not Inserted)
2,23 , 1,0,2,0,S, 	(30-MAY-2025 15:48:13)	 (Not Inserted)
2,23 , 1,0,2,0,S, 	(30-MAY-2025 15:48:13)	 (Not Inserted)
2,23 , 1,0,2,0,S, 	(30-MAY-2025 15:48:13)	 (Not Inserted)
2,23 , 1,0,2,0,S, 	(30-MAY-2025 15:48:13)	 (Not Inserted)
2,23 , 1,0,2,0,S, 	(30-MAY-2025 15:48:13)	 (Not Inserted)
2,23 , 1,0,2,0,S, 	(30-MAY-2025 15:48:13)	 (Not Inserted)
2,23 , 1,0,2,0,S, 	(30-MAY-2025 15:48:13)	 (Not Inserted)
2,23 , 1,0,2,0,S, 	(30-MAY-2025 15:48:13)	 (Not Inserted)
2,23 , 1,0,2,0,S, 	(30-MAY-2025 15:48:13)	 (Not Inserted)
2,23 , 1,0,2,0,S, 	(30-MAY-2025 15:48:13)	 (Not Inserted)
2,23 , 1,0,2,0,S, 	(30-MAY-2025 15:48:13)	 (Not Inserted)
2,23 , 1,0,2,0,S, 	(30-MAY-2025 15:48:13)	 (Not Inserted)
2,23 , 1,0,2,0,S, 	(30-MAY-2025 15:48:13)	 (Not Inserted)
2,23 , 1,0,2,0,S, 	(30-MAY-2025 15:48:13)	 (Not Inserted)
2,23 , 1,0,2,0,S, 	(30-MAY-2025 15:48:13)	 (Not Inserted)
2,23 , 1,0,2,0,S, 	(30-MAY-2025 15:48:13)	 (Not Inserted)
2,23 , 1,0,2,0,S, 	(30-MAY-2025 15:48:13)	 (Not Inserted)
2,23 , 1,0,2,0,S, 	(30-MAY-2025 15:48:13)	 (Not Inserted)
2,23 , 1,0,2,0,S, 	(30-MAY-2025 15:48:13)	 (Not Inserted)
2,23 , 1,0,2,0,S, 	(30-MAY-2025 15:48:13)	 (Not Inserted)
2,23 , 1,0,2,0,S, 	(30-MAY-2025 15:48:13)	 (Not Inserted)
2,23 , 1,0,2,0,S, 	(30-MAY-2025 15:48:13)	 (Not Inserted)
2,23 , 1,0,2,0,S, 	(30-MAY-2025 15:48:13)	 (Not Inserted)
2,23 , 1,0,2,0,S, 	(30-MAY-2025 15:48:13)	 (Not Inserted)
2,23 , 1,0,2,0,S, 	(30-MAY-2025 15:48:13)	 (Not Inserted)
2,23 , 1,0,2,0,S, 	(30-MAY-2025 15:48:13)	 (Not Inserted)
2,23 , 1,0,2,0,S, 	(30-MAY-2025 15:48:13)	 (Not Inserted)
2,23 , 1,0,2,0,S, 	(30-MAY-2025 15:48:13)	 (Not Inserted)
2,23 , 1,0,2,0,S, 	(30-MAY-2025 15:48:13)	 (Not Inserted)
2,23 , 1,0,2,0,S, 	(30-MAY-2025 15:48:13)	 (Not Inserted)
2,23 , 1,0,2,0,S, 	(30-MAY-2025 15:48:13)	 (Not Inserted)
2,23 , 1,0,2,0,S, 	(30-MAY-2025 15:48:13)	 (Not Inserted)
2,23 , 1,0,2,0,S, 	(30-MAY-2025 15:48:13)	 (Not Inserted)
2,23 , 1,0,2,0,S, 	(30-MAY-2025 15:48:13)	 (Not Inserted)
2,23 , 1,0,2,0,S, 	(30-MAY-2025 15:48:13)	 (Not Inserted)
2,23 , 1,0,2,0,S, 	(30-MAY-2025 15:48:13)	 (Not Inserted)
2,23 , 1,0,2,0,S, 	(30-MAY-2025 15:48:13)	 (Not Inserted)
2,23 , 1,0,2,0,S, 	(30-MAY-2025 15:48:13)	 (Not Inserted)
2,23 , 1,0,2,0,S, 	(30-MAY-2025 15:48:13)	 (Not Inserted)
2,23 , 1,0,2,0,S, 	(30-MAY-2025 15:48:13)	 (Not Inserted)
2,23 , 1,0,2,0,S, 	(30-MAY-2025 15:48:13)	 (Not Inserted)
2,23 , 1,0,2,0,S, 	(30-MAY-2025 15:48:13)	 (Not Inserted)
2,23 , 1,0,2,0,S, 	(30-MAY-2025 15:48:13)	 (Not Inserted)
2,23 , 1,0,2,0,S, 	(30-MAY-2025 15:48:13)	 (Not Inserted)
2,23 , 1,0,2,0,S, 	(30-MAY-2025 15:48:13)	 (Not Inserted)
2,23 , 1,0,2,0,S, 	(30-MAY-2025 15:48:13)	 (Not Inserted)
2,23 , 1,0,2,0,S, 	(30-MAY-2025 15:48:13)	 (Not Inserted)
2,23 , 1,0,2,0,S, 	(30-MAY-2025 15:48:13)	 (Not Inserted)
2,23 , 1,0,2,0,S, 	(30-MAY-2025 15:48:13)	 (Not Inserted)
2,23 , 1,0,2,0,S, 	(30-MAY-2025 15:48:13)	 (Not Inserted)
2,23 , 1,0,2,0,S, 	(30-MAY-2025 15:48:13)	 (Not Inserted)
2,23 , 1,0,2,0,S, 	(30-MAY-2025 15:48:13)	 (Not Inserted)
2,23 , 1,0,2,0,S, 	(30-MAY-2025 15:48:13)	 (Not Inserted)
2,23 , 1,0,2,0,S, 	(30-MAY-2025 15:48:13)	 (Not Inserted)
2,23 , 1,0,2,0,S, 	(30-MAY-2025 15:48:13)	 (Not Inserted)
2,23 , 1,0,2,0,S, 	(30-MAY-2025 15:48:13)	 (Not Inserted)
2,23 , 1,0,2,0,S, 	(30-MAY-2025 15:48:13)	 (Not Inserted)
2,23 , 1,0,2,0,S, 	(30-MAY-2025 15:48:13)	 (Not Inserted)
2,23 , 1,0,2,0,S, 	(30-MAY-2025 15:48:13)	 (Not Inserted)
2,23 , 1,0,2,0,S, 	(30-MAY-2025 15:48:13)	 (Not Inserted)
2,23 , 1,0,2,0,S, 	(30-MAY-2025 15:48:13)	 (Not Inserted)
2,23 , 1,0,2,0,S, 	(30-MAY-2025 15:48:13)	 (Not Inserted)
2,23 , 1,0,2,0,S, 	(30-MAY-2025 15:48:13)	 (Not Inserted)
2,23 , 1,0,2,0,S, 	(30-MAY-2025 15:48:13)	 (Not Inserted)
2,23 , 1,0,2,0,S, 	(30-MAY-2025 15:48:13)	 (Not Inserted)
2,23 , 1,0,2,0,S, 	(30-MAY-2025 15:48:13)	 (Not Inserted)
2,23 , 1,0,2,0,S, 	(30-MAY-2025 15:48:13)	 (Not Inserted)
2,23 , 1,0,2,0,S, 	(30-MAY-2025 15:48:13)	 (Not Inserted)
2,23 , 1,0,2,0,S, 	(30-MAY-2025 15:48:13)	 (Not Inserted)
2,23 , 1,0,2,0,S, 	(30-MAY-2025 15:48:13)	 (Not Inserted)
2,23 , 1,0,2,0,S, 	(30-MAY-2025 15:48:13)	 (Not Inserted)
2,23 , 1,0,2,0,S, 	(30-MAY-2025 15:48:13)	 (Not Inserted)
2,23 , 1,0,2,0,S, 	(30-MAY-2025 15:48:13)	 (Not Inserted)
2,23 , 1,0,2,0,S, 	(30-MAY-2025 15:48:13)	 (Not Inserted)
2,23 , 1,0,2,0,S, 	(30-MAY-2025 15:48:13)	 (Not Inserted)
2,23 , 1,0,2,0,S, 	(30-MAY-2025 15:48:13)	 (Not Inserted)
2,23 , 1,0,2,0,S, 	(30-MAY-2025 15:48:13)	 (Not Inserted)
2,23 , 1,0,2,0,S, 	(30-MAY-2025 15:48:13)	 (Not Inserted)
2,23 , 1,0,2,0,S, 	(30-MAY-2025 15:48:13)	 (Not Inserted)
2,23 , 1,0,2,0,S, 	(30-MAY-2025 15:48:13)	 (Not Inserted)
2,23 , 1,0,2,0,S, 	(30-MAY-2025 15:48:13)	 (Not Inserted)
2,23 , 1,0,2,0,S, 	(30-MAY-2025 15:48:13)	 (Not Inserted)
2,23 , 1,0,2,0,S, 	(30-MAY-2025 15:48:13)	 (Not Inserted)
2,23 , 1,0,2,0,S, 	(30-MAY-2025 15:48:13)	 (Not Inserted)
2,23 , 1,0,2,0,S, 	(30-MAY-2025 15:48:13)	 (Not Inserted)
2,23 , 1,0,2,0,S, 	(30-MAY-2025 15:48:13)	 (Not Inserted)
2,23 , 1,0,2,0,S, 	(30-MAY-2025 15:48:13)	 (Not Inserted)
2,23 , 1,0,2,0,S, 	(30-MAY-2025 15:48:13)	 (Not Inserted)
2,23 , 1,0,2,0,S, 	(30-MAY-2025 15:48:13)	 (Not Inserted)
2,23 , 1,0,2,0,S, 	(30-MAY-2025 15:48:13)	 (Not Inserted)
2,23 , 1,0,2,0,S, 	(30-MAY-2025 15:48:13)	 (Not Inserted)
2,23 , 1,0,2,0,S, 	(30-MAY-2025 15:48:13)	 (Not Inserted)
2,23 , 1,0,2,0,S, 	(30-MAY-2025 15:48:13)	 (Not Inserted)
2,23 , 1,0,2,0,S, 	(30-MAY-2025 15:48:13)	 (Not Inserted)
2,23 , 1,0,2,0,S, 	(30-MAY-2025 15:48:13)	 (Not Inserted)
2,23 , 1,0,2,0,S, 	(30-MAY-2025 15:48:13)	 (Not Inserted)
2,23 , 1,0,2,0,S, 	(30-MAY-2025 15:48:13)	 (Not Inserted)
2,23 , 1,0,2,0,S, 	(30-MAY-2025 15:48:13)	 (Not Inserted)
2,23 , 1,0,2,0,S, 	(30-MAY-2025 15:48:13)	 (Not Inserted)
2,23 , 1,0,2,0,S, 	(30-MAY-2025 15:48:13)	 (Not Inserted)
2,23 , 1,0,2,0,S, 	(30-MAY-2025 15:48:13)	 (Not Inserted)
2,23 , 1,0,2,0,S, 	(30-MAY-2025 15:48:13)	 (Not Inserted)
2,23 , 1,0,2,0,S, 	(30-MAY-2025 15:48:13)	 (Not Inserted)
2,23 , 1,0,2,0,S, 	(30-MAY-2025 15:48:13)	 (Not Inserted)
2,23 , 1,0,2,0,S, 	(30-MAY-2025 15:48:13)	 (Not Inserted)
2,23 , 1,0,2,0,S, 	(30-MAY-2025 15:48:13)	 (Not Inserted)
2,23 , 1,0,2,0,S, 	(30-MAY-2025 15:48:13)	 (Not Inserted)
2,23 , 1,0,2,0,S, 	(30-MAY-2025 15:48:13)	 (Not Inserted)
2,23 , 1,0,2,0,S, 	(30-MAY-2025 15:48:13)	 (Not Inserted)
2,23 , 1,0,2,0,S, 	(30-MAY-2025 15:48:13)	 (Not Inserted)
2,23 , 1,0,2,0,S, 	(30-MAY-2025 15:48:13)	 (Not Inserted)
2,23 , 1,0,2,0,S, 	(30-MAY-2025 15:48:13)	 (Not Inserted)
2,23 , 1,0,2,0,S, 	(30-MAY-2025 15:48:13)	 (Not Inserted)
2,23 , 1,0,2,0,S, 	(30-MAY-2025 15:48:13)	 (Not Inserted)
2,23 , 1,0,2,0,S, 	(30-MAY-2025 15:48:13)	 (Not Inserted)
2,23 , 1,0,2,0,S, 	(30-MAY-2025 15:48:13)	 (Not Inserted)
2,23 , 1,0,2,0,S, 	(30-MAY-2025 15:48:13)	 (Not Inserted)
2,23 , 1,0,2,0,S, 	(30-MAY-2025 15:48:13)	 (Not Inserted)
2,23 , 1,0,2,0,S, 	(30-MAY-2025 15:48:13)	 (Not Inserted)
2,23 , 1,0,2,0,S, 	(30-MAY-2025 15:48:13)	 (Not Inserted)
2,23 , 1,0,2,0,S, 	(30-MAY-2025 15:48:13)	 (Not Inserted)
2,23 , 1,0,2,0,S, 	(30-MAY-2025 15:48:13)	 (Not Inserted)
2,23 , 1,0,2,0,S, 	(30-MAY-2025 15:48:13)	 (Not Inserted)
2,23 , 1,0,2,0,S, 	(30-MAY-2025 15:48:13)	 (Not Inserted)
2,23 , 1,0,2,0,S, 	(30-MAY-2025 15:48:13)	 (Not Inserted)
2,23 , 1,0,2,0,S, 	(30-MAY-2025 15:48:13)	 (Not Inserted)
2,23 , 1,0,2,0,S, 	(30-MAY-2025 15:48:13)	 (Not Inserted)
2,23 , 1,0,2,0,S, 	(30-MAY-2025 15:48:13)	 (Not Inserted)
2,23 , 1,0,2,0,S, 	(30-MAY-2025 15:48:13)	 (Not Inserted)
2,23 , 1,0,2,0,S, 	(30-MAY-2025 15:48:13)	 (Not Inserted)
2,23 , 1,0,2,0,S, 	(30-MAY-2025 15:48:13)	 (Not Inserted)
2,23 , 1,0,2,0,S, 	(30-MAY-2025 15:48:13)	 (Not Inserted)
2,23 , 1,0,2,0,S, 	(30-MAY-2025 15:48:13)	 (Not Inserted)
2,23 , 1,0,2,0,S, 	(30-MAY-2025 15:48:13)	 (Not Inserted)
2,23 , 1,0,2,0,S, 	(30-MAY-2025 15:48:13)	 (Not Inserted)
2,23 , 1,0,2,0,S, 	(30-MAY-2025 15:48:13)	 (Not Inserted)
2,23 , 1,0,2,0,S, 	(30-MAY-2025 15:48:13)	 (Not Inserted)
2,23 , 1,0,2,0,S, 	(30-MAY-2025 15:48:13)	 (Not Inserted)
2,23 , 1,0,2,0,S, 	(30-MAY-2025 15:48:13)	 (Not Inserted)
2,23 , 1,0,2,0,S, 	(30-MAY-2025 15:48:13)	 (Not Inserted)
2,23 , 1,0,2,0,S, 	(30-MAY-2025 15:48:13)	 (Not Inserted)
2,23 , 1,0,2,0,S, 	(30-MAY-2025 15:48:13)	 (Not Inserted)
2,23 , 1,0,2,0,S, 	(30-MAY-2025 15:48:13)	 (Not Inserted)
2,23 , 1,0,2,0,S, 	(30-MAY-2025 15:48:13)	 (Not Inserted)
2,23 , 1,0,2,0,S, 	(30-MAY-2025 15:48:13)	 (Not Inserted)
2,23 , 1,0,2,0,S, 	(30-MAY-2025 15:48:13)	 (Not Inserted)
2,23 , 1,0,2,0,S, 	(30-MAY-2025 15:48:13)	 (Not Inserted)
2,23 , 1,0,2,0,S, 	(30-MAY-2025 15:48:13)	 (Not Inserted)
2,23 , 1,0,2,0,S, 	(30-MAY-2025 15:48:13)	 (Not Inserted)
2,23 , 1,0,2,0,S, 	(30-MAY-2025 15:48:13)	 (Not Inserted)
2,23 , 1,0,2,0,S, 	(30-MAY-2025 15:48:13)	 (Not Inserted)
2,23 , 1,0,2,0,S, 	(30-MAY-2025 15:48:13)	 (Not Inserted)
2,23 , 1,0,2,0,S, 	(30-MAY-2025 15:48:13)	 (Not Inserted)
2,23 , 1,0,2,0,S, 	(30-MAY-2025 15:48:13)	 (Not Inserted)
2,23 , 1,0,2,0,S, 	(30-MAY-2025 15:48:13)	 (Not Inserted)
2,23 , 1,0,2,0,S, 	(30-MAY-2025 15:48:13)	 (Not Inserted)
2,23 , 1,0,2,0,S, 	(30-MAY-2025 15:48:13)	 (Not Inserted)
2,23 , 1,0,2,0,S, 	(30-MAY-2025 15:48:13)	 (Not Inserted)
2,23 , 1,0,2,0,S, 	(30-MAY-2025 15:48:13)	 (Not Inserted)
2,23 , 1,0,2,0,S, 	(30-MAY-2025 15:48:13)	 (Not Inserted)
2,23 , 1,0,2,0,S, 	(30-MAY-2025 15:48:13)	 (Not Inserted)
2,23 , 1,0,2,0,S, 	(30-MAY-2025 15:48:13)	 (Not Inserted)
2,23 , 1,0,2,0,S, 	(30-MAY-2025 15:48:13)	 (Not Inserted)
2,23 , 1,0,2,0,S, 	(30-MAY-2025 15:48:13)	 (Not Inserted)
2,23 , 1,0,2,0,S, 	(30-MAY-2025 15:48:13)	 (Not Inserted)
2,23 , 1,0,2,0,S, 	(30-MAY-2025 15:48:13)	 (Not Inserted)
2,23 , 1,0,2,0,S, 	(30-MAY-2025 15:48:13)	 (Not Inserted)
2,23 , 1,0,2,0,S, 	(30-MAY-2025 15:48:13)	 (Not Inserted)
2,23 , 1,0,2,0,S, 	(30-MAY-2025 15:48:13)	 (Not Inserted)
2,23 , 1,0,2,0,S, 	(30-MAY-2025 15:48:13)	 (Not Inserted)
2,23 , 1,0,2,0,S, 	(30-MAY-2025 15:48:13)	 (Not Inserted)
2,23 , 1,0,2,0,S, 	(30-MAY-2025 15:48:13)	 (Not Inserted)
2,23 , 1,0,2,0,S, 	(30-MAY-2025 15:48:13)	 (Not Inserted)
2,23 , 1,0,2,0,S, 	(30-MAY-2025 15:48:13)	 (Not Inserted)
2,23 , 1,0,2,0,S, 	(30-MAY-2025 15:48:13)	 (Not Inserted)
2,23 , 1,0,2,0,S, 	(30-MAY-2025 15:48:13)	 (Not Inserted)
2,23 , 1,0,2,0,S, 	(30-MAY-2025 15:48:13)	 (Not Inserted)
2,23 , 1,0,2,0,S, 	(30-MAY-2025 15:48:13)	 (Not Inserted)
2,23 , 1,0,2,0,S, 	(30-MAY-2025 15:48:13)	 (Not Inserted)
2,23 , 1,0,2,0,S, 	(30-MAY-2025 15:48:13)	 (Not Inserted)
2,23 , 1,0,2,0,S, 	(30-MAY-2025 15:48:13)	 (Not Inserted)
2,23 , 1,0,2,0,S, 	(30-MAY-2025 15:48:13)	 (Not Inserted)
2,23 , 1,0,2,0,S, 	(30-MAY-2025 15:48:13)	 (Not Inserted)
2,23 , 1,0,2,0,S, 	(30-MAY-2025 15:48:13)	 (Not Inserted)
2,23 , 1,0,2,0,S, 	(30-MAY-2025 15:48:13)	 (Not Inserted)
2,23 , 1,0,2,0,S, 	(30-MAY-2025 15:48:13)	 (Not Inserted)
2,23 , 1,0,2,0,S, 	(30-MAY-2025 15:48:13)	 (Not Inserted)
2,23 , 1,0,2,0,S, 	(30-MAY-2025 15:48:13)	 (Not Inserted)
2,23 , 1,0,2,0,S, 	(30-MAY-2025 15:48:13)	 (Not Inserted)
2,23 , 1,0,2,0,S, 	(30-MAY-2025 15:48:13)	 (Not Inserted)
2,23 , 1,0,2,0,S, 	(30-MAY-2025 15:48:13)	 (Not Inserted)
2,23 , 1,0,2,0,S, 	(30-MAY-2025 15:48:13)	 (Not Inserted)
2,23 , 1,0,2,0,S, 	(30-MAY-2025 15:48:13)	 (Not Inserted)
2,23 , 1,0,2,0,S, 	(30-MAY-2025 15:48:13)	 (Not Inserted)
2,23 , 1,0,2,0,S, 	(30-MAY-2025 15:48:13)	 (Not Inserted)
2,23 , 1,0,2,0,S, 	(30-MAY-2025 15:48:13)	 (Not Inserted)
2,23 , 1,0,2,0,S, 	(30-MAY-2025 15:48:13)	 (Not Inserted)
2,23 , 1,0,2,0,S, 	(30-MAY-2025 15:48:13)	 (Not Inserted)
2,23 , 1,0,2,0,S, 	(30-MAY-2025 15:48:13)	 (Not Inserted)
2,23 , 1,0,2,0,S, 	(30-MAY-2025 15:48:13)	 (Not Inserted)
2,23 , 1,0,2,0,S, 	(30-MAY-2025 15:48:13)	 (Not Inserted)
2,23 , 1,0,2,0,S, 	(30-MAY-2025 15:48:13)	 (Not Inserted)
2,23 , 1,0,2,0,S, 	(30-MAY-2025 15:48:13)	 (Not Inserted)
2,23 , 1,0,2,0,S, 	(30-MAY-2025 15:48:13)	 (Not Inserted)
2,23 , 1,0,2,0,S, 	(30-MAY-2025 15:48:13)	 (Not Inserted)
2,23 , 1,0,2,0,S, 	(30-MAY-2025 15:48:13)	 (Not Inserted)
2,23 , 1,0,2,0,S, 	(30-MAY-2025 15:48:13)	 (Not Inserted)
2,23 , 1,0,2,0,S, 	(30-MAY-2025 15:48:13)	 (Not Inserted)
2,23 , 1,0,2,0,S, 	(30-MAY-2025 15:48:13)	 (Not Inserted)
2,23 , 1,0,2,0,S, 	(30-MAY-2025 15:48:13)	 (Not Inserted)
2,23 , 1,0,2,0,S, 	(30-MAY-2025 15:48:13)	 (Not Inserted)
2,23 , 1,0,2,0,S, 	(30-MAY-2025 15:48:13)	 (Not Inserted)
2,23 , 1,0,2,0,S, 	(30-MAY-2025 15:48:13)	 (Not Inserted)
2,23 , 1,0,2,0,S, 	(30-MAY-2025 15:48:13)	 (Not Inserted)
2,23 , 1,0,2,0,S, 	(30-MAY-2025 15:48:13)	 (Not Inserted)
2,23 , 1,0,2,0,S, 	(30-MAY-2025 15:48:13)	 (Not Inserted)
2,23 , 1,0,2,0,S, 	(30-MAY-2025 15:48:13)	 (Not Inserted)
2,23 , 1,0,2,0,S, 	(30-MAY-2025 15:48:13)	 (Not Inserted)
2,23 , 1,0,2,0,S, 	(30-MAY-2025 15:48:13)	 (Not Inserted)
2,23 , 1,0,2,0,S, 	(30-MAY-2025 15:48:13)	 (Not Inserted)
2,23 , 1,0,2,0,S, 	(30-MAY-2025 15:48:13)	 (Not Inserted)
2,23 , 1,0,2,0,S, 	(30-MAY-2025 15:48:13)	 (Not Inserted)
2,23 , 1,0,2,0,S, 	(30-MAY-2025 15:48:13)	 (Not Inserted)
2,23 , 1,0,2,0,S, 	(30-MAY-2025 15:48:13)	 (Not Inserted)
2,23 , 1,0,2,0,S, 	(30-MAY-2025 15:48:13)	 (Not Inserted)
2,23 , 1,0,2,0,S, 	(30-MAY-2025 15:48:13)	 (Not Inserted)
2,23 , 1,0,2,0,S, 	(30-MAY-2025 15:48:13)	 (Not Inserted)
2,23 , 1,0,2,0,S, 	(30-MAY-2025 15:48:13)	 (Not Inserted)
2,23 , 1,0,2,0,S, 	(30-MAY-2025 15:48:13)	 (Not Inserted)
2,23 , 1,0,2,0,S, 	(30-MAY-2025 15:48:13)	 (Not Inserted)
2,23 , 1,0,2,0,S, 	(30-MAY-2025 15:48:13)	 (Not Inserted)
2,23 , 1,0,2,0,S, 	(30-MAY-2025 15:48:13)	 (Not Inserted)
2,23 , 1,0,2,0,S, 	(30-MAY-2025 15:48:13)	 (Not Inserted)
2,23 , 1,0,2,0,S, 	(30-MAY-2025 15:48:13)	 (Not Inserted)
2,23 , 1,0,2,0,S, 	(30-MAY-2025 15:48:13)	 (Not Inserted)
2,23 , 1,0,2,0,S, 	(30-MAY-2025 15:48:13)	 (Not Inserted)
2,23 , 1,0,2,0,S, 	(30-MAY-2025 15:48:13)	 (Not Inserted)
2,23 , 1,0,2,0,S, 	(30-MAY-2025 15:48:13)	 (Not Inserted)
2,23 , 1,0,2,0,S, 	(30-MAY-2025 15:48:13)	 (Not Inserted)
2,23 , 1,0,2,0,S, 	(30-MAY-2025 15:48:13)	 (Not Inserted)
2,23 , 1,0,2,0,S, 	(30-MAY-2025 15:48:13)	 (Not Inserted)
2,23 , 1,0,2,0,S, 	(30-MAY-2025 15:48:13)	 (Not Inserted)
2,23 , 1,0,2,0,S, 	(30-MAY-2025 15:48:13)	 (Not Inserted)
2,23 , 1,0,2,0,S, 	(30-MAY-2025 15:48:13)	 (Not Inserted)
2,23 , 1,0,2,0,S, 	(30-MAY-2025 15:48:13)	 (Not Inserted)
2,23 , 1,0,2,0,S, 	(30-MAY-2025 15:48:13)	 (Not Inserted)
2,23 , 1,0,2,0,S, 	(30-MAY-2025 15:48:13)	 (Not Inserted)
2,23 , 1,0,2,0,S, 	(30-MAY-2025 15:48:13)	 (Not Inserted)
2,23 , 1,0,2,0,S, 	(30-MAY-2025 15:48:13)	 (Not Inserted)
2,23 , 1,0,2,0,S, 	(30-MAY-2025 15:48:13)	 (Not Inserted)
2,23 , 1,0,2,0,S, 	(30-MAY-2025 15:48:13)	 (Not Inserted)
2,23 , 1,0,2,0,S, 	(30-MAY-2025 15:48:13)	 (Not Inserted)
2,23 , 1,0,2,0,S, 	(30-MAY-2025 15:48:13)	 (Not Inserted)
2,23 , 1,0,2,0,S, 	(30-MAY-2025 15:48:13)	 (Not Inserted)
2,23 , 1,0,2,0,S, 	(30-MAY-2025 15:48:13)	 (Not Inserted)
2,23 , 1,0,2,0,S, 	(30-MAY-2025 15:48:13)	 (Not Inserted)
2,23 , 1,0,2,0,S, 	(30-MAY-2025 15:48:13)	 (Not Inserted)
2,23 , 1,0,2,0,S, 	(30-MAY-2025 15:48:13)	 (Not Inserted)
2,23 , 1,0,2,0,S, 	(30-MAY-2025 15:48:13)	 (Not Inserted)
2,23 , 1,0,2,0,S, 	(30-MAY-2025 15:48:13)	 (Not Inserted)
2,23 , 1,0,2,0,S, 	(30-MAY-2025 15:48:13)	 (Not Inserted)
2,23 , 1,0,2,0,S, 	(30-MAY-2025 15:48:13)	 (Not Inserted)
2,23 , 1,0,2,0,S, 	(30-MAY-2025 15:48:13)	 (Not Inserted)
2,23 , 1,0,2,0,S, 	(30-MAY-2025 15:48:13)	 (Not Inserted)
2,23 , 1,0,2,0,S, 	(30-MAY-2025 15:48:13)	 (Not Inserted)
2,23 , 1,0,2,0,S, 	(30-MAY-2025 15:48:13)	 (Not Inserted)
2,23 , 1,0,2,0,S, 	(30-MAY-2025 15:48:13)	 (Not Inserted)
2,23 , 1,0,2,0,S, 	(30-MAY-2025 15:48:13)	 (Not Inserted)
2,23 , 1,0,2,0,S, 	(30-MAY-2025 15:48:13)	 (Not Inserted)
2,23 , 1,0,2,0,S, 	(30-MAY-2025 15:48:13)	 (Not Inserted)
2,23 , 1,0,2,0,S, 	(30-MAY-2025 15:48:13)	 (Not Inserted)
2,23 , 1,0,2,0,S, 	(30-MAY-2025 15:48:13)	 (Not Inserted)
2,23 , 1,0,2,0,S, 	(30-MAY-2025 15:48:13)	 (Not Inserted)
2,23 , 1,0,2,0,S, 	(30-MAY-2025 15:48:13)	 (Not Inserted)
2,23 , 1,0,2,0,S, 	(30-MAY-2025 15:48:13)	 (Not Inserted)
2,23 , 1,0,2,0,S, 	(30-MAY-2025 15:48:13)	 (Not Inserted)
2,23 , 1,0,2,0,S, 	(30-MAY-2025 15:48:13)	 (Not Inserted)
2,23 , 1,0,2,0,S, 	(30-MAY-2025 15:48:13)	 (Not Inserted)
2,23 , 1,0,2,0,S, 	(30-MAY-2025 15:48:13)	 (Not Inserted)
2,23 , 1,0,2,0,S, 	(30-MAY-2025 15:48:13)	 (Not Inserted)
2,23 , 1,0,2,0,S, 	(30-MAY-2025 15:48:13)	 (Not Inserted)
2,23 , 1,0,2,0,S, 	(30-MAY-2025 15:48:13)	 (Not Inserted)
2,23 , 1,0,2,0,S, 	(30-MAY-2025 15:48:13)	 (Not Inserted)
2,23 , 1,0,2,0,S, 	(30-MAY-2025 15:48:13)	 (Not Inserted)
2,23 , 1,0,2,0,S, 	(30-MAY-2025 15:48:13)	 (Not Inserted)
2,23 , 1,0,2,0,S, 	(30-MAY-2025 15:48:13)	 (Not Inserted)
2,23 , 1,0,2,0,S, 	(30-MAY-2025 15:48:13)	 (Not Inserted)
2,23 , 1,0,2,0,S, 	(30-MAY-2025 15:48:13)	 (Not Inserted)
2,23 , 1,0,2,0,S, 	(30-MAY-2025 15:48:13)	 (Not Inserted)
2,23 , 1,0,2,0,S, 	(30-MAY-2025 15:48:13)	 (Not Inserted)
2,23 , 1,0,2,0,S, 	(30-MAY-2025 15:48:13)	 (Not Inserted)
2,23 , 1,0,2,0,S, 	(30-MAY-2025 15:48:13)	 (Not Inserted)
2,23 , 1,0,2,0,S, 	(30-MAY-2025 15:48:13)	 (Not Inserted)
2,23 , 1,0,2,0,S, 	(30-MAY-2025 15:48:13)	 (Not Inserted)
2,23 , 1,0,2,0,S, 	(30-MAY-2025 15:48:13)	 (Not Inserted)
2,23 , 1,0,2,0,S, 	(30-MAY-2025 15:48:13)	 (Not Inserted)
2,23 , 1,0,2,0,S, 	(30-MAY-2025 15:48:13)	 (Not Inserted)
2,23 , 1,0,2,0,S, 	(30-MAY-2025 15:48:13)	 (Not Inserted)
2,23 , 1,0,2,0,S, 	(30-MAY-2025 15:48:13)	 (Not Inserted)
2,23 , 1,0,2,0,S, 	(30-MAY-2025 15:48:13)	 (Not Inserted)
2,23 , 1,0,2,0,S, 	(30-MAY-2025 15:48:13)	 (Not Inserted)
2,23 , 1,0,2,0,S, 	(30-MAY-2025 15:48:13)	 (Not Inserted)
2,23 , 1,0,2,0,S, 	(30-MAY-2025 15:48:13)	 (Not Inserted)
2,23 , 1,0,2,0,S, 	(30-MAY-2025 15:48:13)	 (Not Inserted)
2,23 , 1,0,2,0,S, 	(30-MAY-2025 15:48:13)	 (Not Inserted)
2,23 , 1,0,2,0,S, 	(30-MAY-2025 15:48:13)	 (Not Inserted)
2,23 , 1,0,2,0,S, 	(30-MAY-2025 15:48:13)	 (Not Inserted)
2,23 , 1,0,2,0,S, 	(30-MAY-2025 15:48:13)	 (Not Inserted)
2,23 , 1,0,2,0,S, 	(30-MAY-2025 15:48:13)	 (Not Inserted)
2,23 , 1,0,2,0,S, 	(30-MAY-2025 15:48:13)	 (Not Inserted)
2,23 , 1,0,2,0,S, 	(30-MAY-2025 15:48:13)	 (Not Inserted)
2,23 , 1,0,2,0,S, 	(30-MAY-2025 15:48:13)	 (Not Inserted)
2,23 , 1,0,2,0,S, 	(30-MAY-2025 15:48:13)	 (Not Inserted)
2,23 , 1,0,2,0,S, 	(30-MAY-2025 15:48:13)	 (Not Inserted)
2,23 , 1,0,2,0,S, 	(30-MAY-2025 15:48:13)	 (Not Inserted)
2,23 , 1,0,2,0,S, 	(30-MAY-2025 15:48:13)	 (Not Inserted)
2,23 , 1,0,2,0,S, 	(30-MAY-2025 15:48:13)	 (Not Inserted)
2,23 , 1,0,2,0,S, 	(30-MAY-2025 15:48:13)	 (Not Inserted)
2,23 , 1,0,2,0,S, 	(30-MAY-2025 15:48:13)	 (Not Inserted)
2,23 , 1,0,2,0,S, 	(30-MAY-2025 15:48:13)	 (Not Inserted)
2,23 , 1,0,2,0,S, 	(30-MAY-2025 15:48:13)	 (Not Inserted)
2,23 , 1,0,2,0,S, 	(30-MAY-2025 15:48:13)	 (Not Inserted)
2,23 , 1,0,2,0,S, 	(30-MAY-2025 15:48:13)	 (Not Inserted)
2,23 , 1,0,2,0,S, 	(30-MAY-2025 15:48:13)	 (Not Inserted)
2,23 , 1,0,2,0,S, 	(30-MAY-2025 15:48:13)	 (Not Inserted)
2,23 , 1,0,2,0,S, 	(30-MAY-2025 15:48:13)	 (Not Inserted)
2,23 , 1,0,2,0,S, 	(30-MAY-2025 15:48:13)	 (Not Inserted)
2,23 , 1,0,2,0,S, 	(30-MAY-2025 15:48:13)	 (Not Inserted)
2,23 , 1,0,2,0,S, 	(30-MAY-2025 15:48:13)	 (Not Inserted)
2,23 , 1,0,2,0,S, 	(30-MAY-2025 15:48:13)	 (Not Inserted)
2,23 , 1,0,2,0,S, 	(30-MAY-2025 15:48:13)	 (Not Inserted)
2,23 , 1,0,2,0,S, 	(30-MAY-2025 15:48:13)	 (Not Inserted)
2,23 , 1,0,2,0,S, 	(30-MAY-2025 15:48:13)	 (Not Inserted)
2,23 , 1,0,2,0,S, 	(30-MAY-2025 15:48:13)	 (Not Inserted)
2,23 , 1,0,2,0,S, 	(30-MAY-2025 15:48:13)	 (Not Inserted)
2,23 , 1,0,2,0,S, 	(30-MAY-2025 15:48:13)	 (Not Inserted)
2,23 , 1,0,2,0,S, 	(30-MAY-2025 15:48:13)	 (Not Inserted)
2,23 , 1,0,2,0,S, 	(30-MAY-2025 15:48:13)	 (Not Inserted)
2,23 , 1,0,2,0,S, 	(30-MAY-2025 15:48:13)	 (Not Inserted)
2,23 , 1,0,2,0,S, 	(30-MAY-2025 15:48:13)	 (Not Inserted)
2,23 , 1,0,2,0,S, 	(30-MAY-2025 15:48:13)	 (Not Inserted)
2,23 , 1,0,2,0,S, 	(30-MAY-2025 15:48:13)	 (Not Inserted)
2,23 , 1,0,2,0,S, 	(30-MAY-2025 15:48:13)	 (Not Inserted)
2,23 , 1,0,2,0,S, 	(30-MAY-2025 15:48:13)	 (Not Inserted)
2,23 , 1,0,2,0,S, 	(30-MAY-2025 15:48:13)	 (Not Inserted)
2,23 , 1,0,2,0,S, 	(30-MAY-2025 15:48:13)	 (Not Inserted)
2,23 , 1,0,2,0,S, 	(30-MAY-2025 15:48:13)	 (Not Inserted)
2,23 , 1,0,2,0,S, 	(30-MAY-2025 15:48:13)	 (Not Inserted)
2,23 , 1,0,2,0,S, 	(30-MAY-2025 15:48:13)	 (Not Inserted)
2,23 , 1,0,2,0,S, 	(30-MAY-2025 15:48:13)	 (Not Inserted)
2,23 , 1,0,2,0,S, 	(30-MAY-2025 15:48:13)	 (Not Inserted)
2,23 , 1,0,2,0,S, 	(30-MAY-2025 15:48:13)	 (Not Inserted)
2,23 , 1,0,2,0,S, 	(30-MAY-2025 15:48:13)	 (Not Inserted)
2,23 , 1,0,2,0,S, 	(30-MAY-2025 15:48:13)	 (Not Inserted)
2,23 , 1,0,2,0,S, 	(30-MAY-2025 15:48:13)	 (Not Inserted)
2,23 , 1,0,2,0,S, 	(30-MAY-2025 15:48:13)	 (Not Inserted)
2,23 , 1,0,2,0,S, 	(30-MAY-2025 15:48:13)	 (Not Inserted)
2,23 , 1,0,2,0,S, 	(30-MAY-2025 15:48:13)	 (Not Inserted)
2,23 , 1,0,2,0,S, 	(30-MAY-2025 15:48:13)	 (Not Inserted)
2,23 , 1,0,2,0,S, 	(30-MAY-2025 15:48:13)	 (Not Inserted)
2,23 , 1,0,2,0,S, 	(30-MAY-2025 15:48:13)	 (Not Inserted)
2,23 , 1,0,2,0,S, 	(30-MAY-2025 15:48:13)	 (Not Inserted)
2,23 , 1,0,2,0,S, 	(30-MAY-2025 15:48:13)	 (Not Inserted)
2,23 , 1,0,2,0,S, 	(30-MAY-2025 15:48:13)	 (Not Inserted)
2,23 , 1,0,2,0,S, 	(30-MAY-2025 15:48:13)	 (Not Inserted)
2,23 , 1,0,2,0,S, 	(30-MAY-2025 15:48:13)	 (Not Inserted)
2,23 , 1,0,2,0,S, 	(30-MAY-2025 15:48:13)	 (Not Inserted)
2,23 , 1,0,2,0,S, 	(30-MAY-2025 15:48:13)	 (Not Inserted)
2,23 , 1,0,2,0,S, 	(30-MAY-2025 15:48:13)	 (Not Inserted)
2,23 , 1,0,2,0,S, 	(30-MAY-2025 15:48:13)	 (Not Inserted)
2,23 , 1,0,2,0,S, 	(30-MAY-2025 15:48:13)	 (Not Inserted)
2,23 , 1,0,2,0,S, 	(30-MAY-2025 15:48:13)	 (Not Inserted)
2,23 , 1,0,2,0,S, 	(30-MAY-2025 15:48:13)	 (Not Inserted)
2,23 , 1,0,2,0,S, 	(30-MAY-2025 15:48:13)	 (Not Inserted)
2,23 , 1,0,2,0,S, 	(30-MAY-2025 15:48:13)	 (Not Inserted)
2,23 , 1,0,2,0,S, 	(30-MAY-2025 15:48:13)	 (Not Inserted)
2,23 , 1,0,2,0,S, 	(30-MAY-2025 15:48:13)	 (Not Inserted)
2,23 , 1,0,2,0,S, 	(30-MAY-2025 15:48:13)	 (Not Inserted)
2,23 , 1,0,2,0,S, 	(30-MAY-2025 15:48:13)	 (Not Inserted)
2,23 , 1,0,2,0,S, 	(30-MAY-2025 15:48:13)	 (Not Inserted)
2,23 , 1,0,2,0,S, 	(30-MAY-2025 15:48:13)	 (Not Inserted)
2,23 , 1,0,2,0,S, 	(30-MAY-2025 15:48:13)	 (Not Inserted)
2,23 , 1,0,2,0,S, 	(30-MAY-2025 15:48:13)	 (Not Inserted)
2,23 , 1,0,2,0,S, 	(30-MAY-2025 15:48:13)	 (Not Inserted)
2,23 , 1,0,2,0,S, 	(30-MAY-2025 15:48:13)	 (Not Inserted)
2,23 , 1,0,2,0,S, 	(30-MAY-2025 15:48:13)	 (Not Inserted)
2,23 , 1,0,2,0,S, 	(30-MAY-2025 15:48:13)	 (Not Inserted)
2,23 , 1,0,2,0,S, 	(30-MAY-2025 15:48:13)	 (Not Inserted)
2,23 , 1,0,2,0,S, 	(30-MAY-2025 15:48:13)	 (Not Inserted)
2,23 , 1,0,2,0,S, 	(30-MAY-2025 15:48:13)	 (Not Inserted)
2,23 , 1,0,2,0,S, 	(30-MAY-2025 15:48:13)	 (Not Inserted)
2,23 , 1,0,2,0,S, 	(30-MAY-2025 15:48:13)	 (Not Inserted)
2,23 , 1,0,2,0,S, 	(30-MAY-2025 15:48:13)	 (Not Inserted)
2,23 , 1,0,2,0,S, 	(30-MAY-2025 15:48:13)	 (Not Inserted)
2,23 , 1,0,2,0,S, 	(30-MAY-2025 15:48:13)	 (Not Inserted)
2,23 , 1,0,2,0,S, 	(30-MAY-2025 15:48:13)	 (Not Inserted)
2,23 , 1,0,2,0,S, 	(30-MAY-2025 15:48:13)	 (Not Inserted)
2,23 , 1,0,2,0,S, 	(30-MAY-2025 15:48:13)	 (Not Inserted)
2,23 , 1,0,2,0,S, 	(30-MAY-2025 15:48:13)	 (Not Inserted)
2,23 , 1,0,2,0,S, 	(30-MAY-2025 15:48:13)	 (Not Inserted)
2,23 , 1,0,2,0,S, 	(30-MAY-2025 15:48:13)	 (Not Inserted)
2,23 , 1,0,2,0,S, 	(30-MAY-2025 15:48:13)	 (Not Inserted)
2,23 , 1,0,2,0,S, 	(30-MAY-2025 15:48:13)	 (Not Inserted)
2,23 , 1,0,2,0,S, 	(30-MAY-2025 15:48:13)	 (Not Inserted)
2,23 , 1,0,2,0,S, 	(30-MAY-2025 15:48:13)	 (Not Inserted)
2,23 , 1,0,2,0,S, 	(30-MAY-2025 15:48:13)	 (Not Inserted)
2,23 , 1,0,2,0,S, 	(30-MAY-2025 15:48:13)	 (Not Inserted)
2,23 , 1,0,2,0,S, 	(30-MAY-2025 15:48:13)	 (Not Inserted)
2,23 , 1,0,2,0,S, 	(30-MAY-2025 15:48:13)	 (Not Inserted)
2,23 , 1,0,2,0,S, 	(30-MAY-2025 15:48:13)	 (Not Inserted)
2,23 , 1,0,2,0,S, 	(30-MAY-2025 15:48:13)	 (Not Inserted)
2,23 , 1,0,2,0,S, 	(30-MAY-2025 15:48:13)	 (Not Inserted)
2,23 , 1,0,2,0,S, 	(30-MAY-2025 15:48:13)	 (Not Inserted)
2,23 , 1,0,2,0,S, 	(30-MAY-2025 15:48:13)	 (Not Inserted)
2,23 , 1,0,2,0,S, 	(30-MAY-2025 15:48:13)	 (Not Inserted)
2,23 , 1,0,2,0,S, 	(30-MAY-2025 15:48:13)	 (Not Inserted)
2,23 , 1,0,2,0,S, 	(30-MAY-2025 15:48:13)	 (Not Inserted)
2,23 , 1,0,2,0,S, 	(30-MAY-2025 15:48:13)	 (Not Inserted)
2,23 , 1,0,2,0,S, 	(30-MAY-2025 15:48:13)	 (Not Inserted)
2,23 , 1,0,8,0,S, 	(30-MAY-2025 15:48:13)
2,23 , 1,0,8,0,S, 	(30-MAY-2025 15:48:13)
2,23 , 1,0,8,0,S, 	(30-MAY-2025 15:48:13)
2,23 , 1,0,8,0,S, 	(30-MAY-2025 15:48:13)
2,23 , 1,0,8,0,S, 	(30-MAY-2025 15:48:13)
2,23 , 1,0,8,0,S, 	(30-MAY-2025 15:48:13)
2,23 , 1,0,8,0,S, 	(30-MAY-2025 15:48:13)
2,23 , 1,0,8,0,S, 	(30-MAY-2025 15:48:13)
2,23 , 1,0,8,0,S, 	(30-MAY-2025 15:48:13)
2,23 , 1,0,8,0,S, 	(30-MAY-2025 15:48:13)
2,23 , 1,0,8,0,S, 	(30-MAY-2025 15:48:13)
2,23 , 1,0,8,0,S, 	(30-MAY-2025 15:48:13)
2,23 , 1,0,8,0,S, 	(30-MAY-2025 15:48:13)
2,23 , 1,0,8,0,S, 	(30-MAY-2025 15:48:13)
2,23 , 1,0,8,0,S, 	(30-MAY-2025 15:48:13)
2,23 , 1,0,8,0,S, 	(30-MAY-2025 15:48:13)
2,23 , 1,0,8,0,S, 	(30-MAY-2025 15:48:13)
2,23 , 1,0,8,0,S, 	(30-MAY-2025 15:48:13)
2,23 , 1,0,8,0,S, 	(30-MAY-2025 15:48:13)
2,23 , 1,0,8,0,S, 	(30-MAY-2025 15:48:13)
2,23 , 1,0,8,0,S, 	(30-MAY-2025 15:48:13)
2,23 , 1,0,8,0,S, 	(30-MAY-2025 15:48:13)
2,23 , 1,0,8,0,S, 	(30-MAY-2025 15:48:13)
2,23 , 1,0,8,0,S, 	(30-MAY-2025 15:48:13)
2,23 , 1,0,8,0,S, 	(30-MAY-2025 15:48:13)
2,23 , 1,0,8,0,S, 	(30-MAY-2025 15:48:13)
2,23 , 1,0,8,0,S, 	(30-MAY-2025 15:48:13)
2,23 , 1,0,8,0,S, 	(30-MAY-2025 15:48:13)
2,23 , 1,0,8,0,S, 	(30-MAY-2025 15:48:13)
2,23 , 1,0,8,0,S, 	(30-MAY-2025 15:48:13)
2,23 , 1,0,8,0,S, 	(30-MAY-2025 15:48:13)
2,23 , 1,0,8,0,S, 	(30-MAY-2025 15:48:13)
2,23 , 1,0,8,0,S, 	(30-MAY-2025 15:48:13)
2,23 , 1,0,8,0,S, 	(30-MAY-2025 15:48:13)
2,23 , 1,0,8,0,S, 	(30-MAY-2025 15:48:13)
2,23 , 1,0,8,0,S, 	(30-MAY-2025 15:48:13)
2,23 , 1,0,8,0,S, 	(30-MAY-2025 15:48:13)
2,23 , 1,0,8,0,S, 	(30-MAY-2025 15:48:13)
2,23 , 1,0,8,0,S, 	(30-MAY-2025 15:48:13)
2,23 , 1,0,8,0,S, 	(30-MAY-2025 15:48:13)
2,23 , 1,0,8,0,S, 	(30-MAY-2025 15:48:13)
2,23 , 1,0,8,0,S, 	(30-MAY-2025 15:48:13)
2,23 , 1,0,8,0,S, 	(30-MAY-2025 15:48:13)
2,23 , 1,0,8,0,S, 	(30-MAY-2025 15:48:13)
2,23 , 1,0,8,0,S, 	(30-MAY-2025 15:48:13)	 (Not Inserted)
2,23 , 1,0,8,0,S, 	(30-MAY-2025 15:48:13)	 (Not Inserted)
2,23 , 1,0,8,0,S, 	(30-MAY-2025 15:48:13)	 (Not Inserted)
2,23 , 1,0,8,0,S, 	(30-MAY-2025 15:48:13)	 (Not Inserted)
2,23 , 1,0,8,0,S, 	(30-MAY-2025 15:48:13)	 (Not Inserted)
2,23 , 1,0,8,0,S, 	(30-MAY-2025 15:48:13)	 (Not Inserted)
2,23 , 1,0,8,0,S, 	(30-MAY-2025 15:48:13)	 (Not Inserted)
2,23 , 1,0,8,0,S, 	(30-MAY-2025 15:48:13)	 (Not Inserted)
2,23 , 1,0,8,0,S, 	(30-MAY-2025 15:48:13)	 (Not Inserted)
2,23 , 1,0,8,0,S, 	(30-MAY-2025 15:48:13)	 (Not Inserted)
2,23 , 1,0,8,0,S, 	(30-MAY-2025 15:48:13)	 (Not Inserted)
2,23 , 1,0,8,0,S, 	(30-MAY-2025 15:48:13)	 (Not Inserted)
2,23 , 1,0,8,0,S, 	(30-MAY-2025 15:48:13)	 (Not Inserted)
2,23 , 1,0,8,0,S, 	(30-MAY-2025 15:48:13)	 (Not Inserted)
2,23 , 1,0,8,0,S, 	(30-MAY-2025 15:48:13)	 (Not Inserted)
2,23 , 1,0,8,0,S, 	(30-MAY-2025 15:48:13)	 (Not Inserted)
2,23 , 1,0,8,0,S, 	(30-MAY-2025 15:48:13)	 (Not Inserted)
2,23 , 1,0,8,0,S, 	(30-MAY-2025 15:48:13)	 (Not Inserted)
2,23 , 1,0,8,0,S, 	(30-MAY-2025 15:48:13)	 (Not Inserted)
2,23 , 1,0,8,0,S, 	(30-MAY-2025 15:48:13)	 (Not Inserted)
2,23 , 1,0,8,0,S, 	(30-MAY-2025 15:48:13)	 (Not Inserted)
2,23 , 1,0,8,0,S, 	(30-MAY-2025 15:48:13)	 (Not Inserted)
2,23 , 1,0,8,0,S, 	(30-MAY-2025 15:48:13)	 (Not Inserted)
2,23 , 1,0,8,0,S, 	(30-MAY-2025 15:48:13)	 (Not Inserted)
2,23 , 1,0,8,0,S, 	(30-MAY-2025 15:48:13)	 (Not Inserted)
2,23 , 1,0,8,0,S, 	(30-MAY-2025 15:48:13)	 (Not Inserted)
2,23 , 1,0,8,0,S, 	(30-MAY-2025 15:48:13)	 (Not Inserted)
2,23 , 1,0,8,0,S, 	(30-MAY-2025 15:48:13)	 (Not Inserted)
2,23 , 1,0,8,0,S, 	(30-MAY-2025 15:48:13)	 (Not Inserted)
2,23 , 1,0,8,0,S, 	(30-MAY-2025 15:48:13)	 (Not Inserted)
2,23 , 1,0,8,0,S, 	(30-MAY-2025 15:48:13)	 (Not Inserted)
2,23 , 1,0,8,0,S, 	(30-MAY-2025 15:48:13)	 (Not Inserted)
2,23 , 1,0,8,0,S, 	(30-MAY-2025 15:48:13)	 (Not Inserted)
2,23 , 1,0,8,0,S, 	(30-MAY-2025 15:48:13)	 (Not Inserted)
2,23 , 1,0,8,0,S, 	(30-MAY-2025 15:48:13)	 (Not Inserted)
2,23 , 1,0,8,0,S, 	(30-MAY-2025 15:48:13)	 (Not Inserted)
2,23 , 1,0,8,0,S, 	(30-MAY-2025 15:48:13)	 (Not Inserted)
2,23 , 1,0,8,0,S, 	(30-MAY-2025 15:48:13)	 (Not Inserted)
2,23 , 1,0,8,0,S, 	(30-MAY-2025 15:48:13)	 (Not Inserted)
2,23 , 1,0,8,0,S, 	(30-MAY-2025 15:48:14)	 (Not Inserted)
2,23 , 1,0,8,0,S, 	(30-MAY-2025 15:48:14)	 (Not Inserted)
2,23 , 1,0,8,0,S, 	(30-MAY-2025 15:48:14)	 (Not Inserted)
2,23 , 1,0,8,0,S, 	(30-MAY-2025 15:48:14)	 (Not Inserted)
2,23 , 1,0,8,0,S, 	(30-MAY-2025 15:48:14)	 (Not Inserted)
2,23 , 1,0,8,0,S, 	(30-MAY-2025 15:48:14)	 (Not Inserted)
2,23 , 1,0,8,0,S, 	(30-MAY-2025 15:48:14)	 (Not Inserted)
2,23 , 1,0,8,0,S, 	(30-MAY-2025 15:48:14)	 (Not Inserted)
2,23 , 1,0,8,0,S, 	(30-MAY-2025 15:48:14)	 (Not Inserted)
2,23 , 1,0,8,0,S, 	(30-MAY-2025 15:48:14)	 (Not Inserted)
2,23 , 1,0,8,0,S, 	(30-MAY-2025 15:48:14)	 (Not Inserted)
2,23 , 1,0,8,0,S, 	(30-MAY-2025 15:48:14)	 (Not Inserted)
2,23 , 1,0,8,0,S, 	(30-MAY-2025 15:48:14)	 (Not Inserted)
2,23 , 1,0,8,0,S, 	(30-MAY-2025 15:48:14)	 (Not Inserted)
2,23 , 1,0,8,0,S, 	(30-MAY-2025 15:48:14)	 (Not Inserted)
2,23 , 1,0,8,0,S, 	(30-MAY-2025 15:48:14)	 (Not Inserted)
2,23 , 1,0,8,0,S, 	(30-MAY-2025 15:48:14)	 (Not Inserted)
2,23 , 1,0,8,0,S, 	(30-MAY-2025 15:48:14)	 (Not Inserted)
2,23 , 1,0,8,0,S, 	(30-MAY-2025 15:48:14)	 (Not Inserted)
2,23 , 1,0,8,0,S, 	(30-MAY-2025 15:48:14)	 (Not Inserted)
2,23 , 1,0,8,0,S, 	(30-MAY-2025 15:48:14)	 (Not Inserted)
2,23 , 1,0,8,0,S, 	(30-MAY-2025 15:48:14)	 (Not Inserted)
2,23 , 1,0,8,0,S, 	(30-MAY-2025 15:48:14)	 (Not Inserted)
2,23 , 1,0,8,0,S, 	(30-MAY-2025 15:48:14)	 (Not Inserted)
2,23 , 1,0,8,0,S, 	(30-MAY-2025 15:48:14)	 (Not Inserted)
2,23 , 1,0,8,0,S, 	(30-MAY-2025 15:48:14)	 (Not Inserted)
2,23 , 1,0,8,0,S, 	(30-MAY-2025 15:48:14)	 (Not Inserted)
2,23 , 1,0,8,0,S, 	(30-MAY-2025 15:48:14)	 (Not Inserted)
2,23 , 1,0,8,0,S, 	(30-MAY-2025 15:48:14)	 (Not Inserted)
2,23 , 1,0,8,0,S, 	(30-MAY-2025 15:48:14)	 (Not Inserted)
2,23 , 1,0,8,0,S, 	(30-MAY-2025 15:48:14)	 (Not Inserted)
2,23 , 1,0,8,0,S, 	(30-MAY-2025 15:48:14)	 (Not Inserted)
2,23 , 1,0,8,0,S, 	(30-MAY-2025 15:48:14)	 (Not Inserted)
2,23 , 1,0,8,0,S, 	(30-MAY-2025 15:48:14)	 (Not Inserted)
2,23 , 1,0,8,0,S, 	(30-MAY-2025 15:48:14)	 (Not Inserted)
2,23 , 1,0,8,0,S, 	(30-MAY-2025 15:48:14)	 (Not Inserted)
2,23 , 1,0,8,0,S, 	(30-MAY-2025 15:48:14)	 (Not Inserted)
2,23 , 1,0,8,0,S, 	(30-MAY-2025 15:48:14)	 (Not Inserted)
2,23 , 1,0,8,0,S, 	(30-MAY-2025 15:48:14)	 (Not Inserted)
2,23 , 1,0,8,0,S, 	(30-MAY-2025 15:48:14)	 (Not Inserted)
2,23 , 1,0,8,0,S, 	(30-MAY-2025 15:48:14)	 (Not Inserted)
2,23 , 1,0,8,0,S, 	(30-MAY-2025 15:48:14)	 (Not Inserted)
2,23 , 1,0,8,0,S, 	(30-MAY-2025 15:48:14)	 (Not Inserted)
2,23 , 1,0,8,0,S, 	(30-MAY-2025 15:48:14)	 (Not Inserted)
2,23 , 1,0,8,0,S, 	(30-MAY-2025 15:48:14)	 (Not Inserted)
2,23 , 1,0,8,0,S, 	(30-MAY-2025 15:48:14)	 (Not Inserted)
2,23 , 1,0,8,0,S, 	(30-MAY-2025 15:48:14)	 (Not Inserted)
2,23 , 1,0,8,0,S, 	(30-MAY-2025 15:48:14)	 (Not Inserted)
2,23 , 1,0,8,0,S, 	(30-MAY-2025 15:48:14)	 (Not Inserted)
2,23 , 1,0,11,0,S, 	(30-MAY-2025 15:48:14)
2,23 , 1,0,11,0,S, 	(30-MAY-2025 15:48:14)
2,23 , 1,0,11,0,S, 	(30-MAY-2025 15:48:14)
2,23 , 1,0,11,0,S, 	(30-MAY-2025 15:48:14)
2,23 , 1,0,11,0,S, 	(30-MAY-2025 15:48:14)
2,23 , 1,0,11,0,S, 	(30-MAY-2025 15:48:14)
2,23 , 1,0,11,0,S, 	(30-MAY-2025 15:48:14)
2,23 , 1,0,11,0,S, 	(30-MAY-2025 15:48:14)
2,23 , 1,0,11,0,S, 	(30-MAY-2025 15:48:14)
2,23 , 1,0,11,0,S, 	(30-MAY-2025 15:48:14)
2,23 , 1,0,11,0,S, 	(30-MAY-2025 15:48:14)
2,23 , 1,0,11,0,S, 	(30-MAY-2025 15:48:14)
2,23 , 1,0,11,0,S, 	(30-MAY-2025 15:48:14)
2,23 , 1,0,11,0,S, 	(30-MAY-2025 15:48:14)
2,23 , 1,0,11,0,S, 	(30-MAY-2025 15:48:14)
2,23 , 1,0,11,0,S, 	(30-MAY-2025 15:48:14)
2,23 , 1,0,11,0,S, 	(30-MAY-2025 15:48:14)
2,23 , 1,0,11,0,S, 	(30-MAY-2025 15:48:14)
2,23 , 1,0,11,0,S, 	(30-MAY-2025 15:48:14)
2,23 , 1,0,11,0,S, 	(30-MAY-2025 15:48:14)
2,23 , 1,0,11,0,S, 	(30-MAY-2025 15:48:14)
2,23 , 1,0,11,0,S, 	(30-MAY-2025 15:48:14)
2,23 , 1,0,11,0,S, 	(30-MAY-2025 15:48:14)
2,23 , 1,0,11,0,S, 	(30-MAY-2025 15:48:14)
2,23 , 1,0,11,0,S, 	(30-MAY-2025 15:48:14)
2,23 , 1,0,11,0,S, 	(30-MAY-2025 15:48:14)
2,23 , 1,0,11,0,S, 	(30-MAY-2025 15:48:14)
2,23 , 1,0,11,0,S, 	(30-MAY-2025 15:48:14)
2,23 , 1,0,11,0,S, 	(30-MAY-2025 15:48:14)
2,23 , 1,0,11,0,S, 	(30-MAY-2025 15:48:14)
2,23 , 1,0,11,0,S, 	(30-MAY-2025 15:48:14)
2,23 , 1,0,11,0,S, 	(30-MAY-2025 15:48:14)
2,23 , 1,0,11,0,S, 	(30-MAY-2025 15:48:14)
2,23 , 1,0,11,0,S, 	(30-MAY-2025 15:48:14)
2,23 , 1,0,11,0,S, 	(30-MAY-2025 15:48:14)
2,23 , 1,0,11,0,S, 	(30-MAY-2025 15:48:14)
2,23 , 1,0,11,0,S, 	(30-MAY-2025 15:48:14)
2,23 , 1,0,11,0,S, 	(30-MAY-2025 15:48:14)
2,23 , 1,0,11,0,S, 	(30-MAY-2025 15:48:14)
2,23 , 1,0,11,0,S, 	(30-MAY-2025 15:48:14)
2,23 , 1,0,11,0,S, 	(30-MAY-2025 15:48:14)
2,23 , 1,0,11,0,S, 	(30-MAY-2025 15:48:14)
2,23 , 1,0,11,0,S, 	(30-MAY-2025 15:48:14)
2,23 , 1,0,11,0,S, 	(30-MAY-2025 15:48:14)
2,23 , 1,0,11,0,S, 	(30-MAY-2025 15:48:14)
2,23 , 1,0,11,0,S, 	(30-MAY-2025 15:48:14)
2,23 , 1,0,11,0,S, 	(30-MAY-2025 15:48:14)
2,23 , 1,0,11,0,S, 	(30-MAY-2025 15:48:14)
2,23 , 1,0,11,0,S, 	(30-MAY-2025 15:48:14)
2,23 , 1,0,11,0,S, 	(30-MAY-2025 15:48:14)
2,23 , 1,0,11,0,S, 	(30-MAY-2025 15:48:14)
2,23 , 1,0,11,0,S, 	(30-MAY-2025 15:48:14)
2,23 , 1,0,11,0,S, 	(30-MAY-2025 15:48:14)
2,23 , 1,0,11,0,S, 	(30-MAY-2025 15:48:14)
2,23 , 1,0,11,0,S, 	(30-MAY-2025 15:48:14)
2,23 , 1,0,11,0,S, 	(30-MAY-2025 15:48:14)
2,23 , 1,0,11,0,S, 	(30-MAY-2025 15:48:14)
2,23 , 1,0,11,0,S, 	(30-MAY-2025 15:48:14)
2,23 , 1,0,11,0,S, 	(30-MAY-2025 15:48:14)
2,23 , 1,0,11,0,S, 	(30-MAY-2025 15:48:14)
2,23 , 1,0,11,0,S, 	(30-MAY-2025 15:48:14)
2,23 , 1,0,11,0,S, 	(30-MAY-2025 15:48:14)
2,23 , 1,0,11,0,S, 	(30-MAY-2025 15:48:14)
2,23 , 1,0,11,0,S, 	(30-MAY-2025 15:48:14)
2,23 , 1,0,11,0,S, 	(30-MAY-2025 15:48:14)
2,23 , 1,0,11,0,S, 	(30-MAY-2025 15:48:14)
2,23 , 1,0,11,0,S, 	(30-MAY-2025 15:48:14)
2,23 , 1,0,11,0,S, 	(30-MAY-2025 15:48:14)
2,23 , 1,0,11,0,S, 	(30-MAY-2025 15:48:14)
2,23 , 1,0,11,0,S, 	(30-MAY-2025 15:48:14)
2,23 , 1,0,11,0,S, 	(30-MAY-2025 15:48:14)
2,23 , 1,0,11,0,S, 	(30-MAY-2025 15:48:14)
2,23 , 1,0,11,0,S, 	(30-MAY-2025 15:48:14)
2,23 , 1,0,11,0,S, 	(30-MAY-2025 15:48:14)
2,23 , 1,0,11,0,S, 	(30-MAY-2025 15:48:14)
2,23 , 1,0,11,0,S, 	(30-MAY-2025 15:48:14)
2,23 , 1,0,11,0,S, 	(30-MAY-2025 15:48:14)
2,23 , 1,0,11,0,S, 	(30-MAY-2025 15:48:14)
2,23 , 1,0,11,0,S, 	(30-MAY-2025 15:48:14)
2,23 , 1,0,11,0,S, 	(30-MAY-2025 15:48:14)
2,23 , 1,0,11,0,S, 	(30-MAY-2025 15:48:14)
2,23 , 1,0,11,0,S, 	(30-MAY-2025 15:48:14)
2,23 , 1,0,11,0,S, 	(30-MAY-2025 15:48:14)
2,23 , 1,0,11,0,S, 	(30-MAY-2025 15:48:14)
2,23 , 1,0,11,0,S, 	(30-MAY-2025 15:48:14)
2,23 , 1,0,11,0,S, 	(30-MAY-2025 15:48:14)
2,23 , 1,0,11,0,S, 	(30-MAY-2025 15:48:14)
2,23 , 1,0,11,0,S, 	(30-MAY-2025 15:48:14)
2,23 , 1,0,11,0,S, 	(30-MAY-2025 15:48:14)
2,23 , 1,0,11,0,S, 	(30-MAY-2025 15:48:14)
2,23 , 1,0,11,0,S, 	(30-MAY-2025 15:48:14)
2,23 , 1,0,11,0,S, 	(30-MAY-2025 15:48:14)
2,23 , 1,0,11,0,S, 	(30-MAY-2025 15:48:14)
2,23 , 1,0,11,0,S, 	(30-MAY-2025 15:48:14)
2,23 , 1,0,11,0,S, 	(30-MAY-2025 15:48:14)
2,23 , 1,0,11,0,S, 	(30-MAY-2025 15:48:14)
2,23 , 1,0,11,0,S, 	(30-MAY-2025 15:48:14)
2,23 , 1,0,11,0,S, 	(30-MAY-2025 15:48:14)
2,23 , 1,0,11,0,S, 	(30-MAY-2025 15:48:14)
2,23 , 1,0,11,0,S, 	(30-MAY-2025 15:48:14)
2,23 , 1,0,11,0,S, 	(30-MAY-2025 15:48:14)
2,23 , 1,0,11,0,S, 	(30-MAY-2025 15:48:14)
2,23 , 1,0,11,0,S, 	(30-MAY-2025 15:48:14)
2,23 , 1,0,11,0,S, 	(30-MAY-2025 15:48:14)
2,23 , 1,0,11,0,S, 	(30-MAY-2025 15:48:14)
2,23 , 1,0,11,0,S, 	(30-MAY-2025 15:48:14)
2,23 , 1,0,11,0,S, 	(30-MAY-2025 15:48:14)
2,23 , 1,0,11,0,S, 	(30-MAY-2025 15:48:14)
2,23 , 1,0,11,0,S, 	(30-MAY-2025 15:48:14)
2,23 , 1,0,11,0,S, 	(30-MAY-2025 15:48:14)
2,23 , 1,0,11,0,S, 	(30-MAY-2025 15:48:14)
2,23 , 1,0,11,0,S, 	(30-MAY-2025 15:48:14)
2,23 , 1,0,11,0,S, 	(30-MAY-2025 15:48:14)
2,23 , 1,0,11,0,S, 	(30-MAY-2025 15:48:14)
2,23 , 1,0,11,0,S, 	(30-MAY-2025 15:48:14)
2,23 , 1,0,11,0,S, 	(30-MAY-2025 15:48:14)
2,23 , 1,0,11,0,S, 	(30-MAY-2025 15:48:14)
2,23 , 1,0,11,0,S, 	(30-MAY-2025 15:48:14)
2,23 , 1,0,11,0,S, 	(30-MAY-2025 15:48:14)
2,23 , 1,0,11,0,S, 	(30-MAY-2025 15:48:14)
2,23 , 1,0,11,0,S, 	(30-MAY-2025 15:48:14)
2,23 , 1,0,11,0,S, 	(30-MAY-2025 15:48:14)
2,23 , 1,0,11,0,S, 	(30-MAY-2025 15:48:14)
2,23 , 1,0,11,0,S, 	(30-MAY-2025 15:48:14)
2,23 , 1,0,11,0,S, 	(30-MAY-2025 15:48:14)
2,23 , 1,0,11,0,S, 	(30-MAY-2025 15:48:14)
2,23 , 1,0,11,0,S, 	(30-MAY-2025 15:48:14)
2,23 , 1,0,11,0,S, 	(30-MAY-2025 15:48:14)
2,23 , 1,0,11,0,S, 	(30-MAY-2025 15:48:14)
2,23 , 1,0,11,0,S, 	(30-MAY-2025 15:48:14)
2,23 , 1,0,11,0,S, 	(30-MAY-2025 15:48:14)
2,23 , 1,0,11,0,S, 	(30-MAY-2025 15:48:14)
2,23 , 1,0,11,0,S, 	(30-MAY-2025 15:48:14)
2,23 , 1,0,11,0,S, 	(30-MAY-2025 15:48:14)
2,23 , 1,0,11,0,S, 	(30-MAY-2025 15:48:14)
2,23 , 1,0,11,0,S, 	(30-MAY-2025 15:48:14)
2,23 , 1,0,11,0,S, 	(30-MAY-2025 15:48:14)
2,23 , 1,0,11,0,S, 	(30-MAY-2025 15:48:14)
2,23 , 1,0,11,0,S, 	(30-MAY-2025 15:48:14)
2,23 , 1,0,11,0,S, 	(30-MAY-2025 15:48:14)
2,23 , 1,0,11,0,S, 	(30-MAY-2025 15:48:14)
2,23 , 1,0,11,0,S, 	(30-MAY-2025 15:48:14)
2,23 , 1,0,11,0,S, 	(30-MAY-2025 15:48:14)
2,23 , 1,0,11,0,S, 	(30-MAY-2025 15:48:14)
2,23 , 1,0,11,0,S, 	(30-MAY-2025 15:48:14)
2,23 , 1,0,11,0,S, 	(30-MAY-2025 15:48:14)
2,23 , 1,0,11,0,S, 	(30-MAY-2025 15:48:14)
2,23 , 1,0,11,0,S, 	(30-MAY-2025 15:48:14)
2,23 , 1,0,11,0,S, 	(30-MAY-2025 15:48:14)
2,23 , 1,0,11,0,S, 	(30-MAY-2025 15:48:14)
2,23 , 1,0,11,0,S, 	(30-MAY-2025 15:48:14)
2,23 , 1,0,11,0,S, 	(30-MAY-2025 15:48:14)
2,23 , 1,0,11,0,S, 	(30-MAY-2025 15:48:14)
2,23 , 1,0,11,0,S, 	(30-MAY-2025 15:48:14)
2,23 , 1,0,11,0,S, 	(30-MAY-2025 15:48:14)
2,23 , 1,0,11,0,S, 	(30-MAY-2025 15:48:14)
2,23 , 1,0,11,0,S, 	(30-MAY-2025 15:48:14)
2,23 , 1,0,11,0,S, 	(30-MAY-2025 15:48:14)
2,23 , 1,0,11,0,S, 	(30-MAY-2025 15:48:14)
2,23 , 1,0,11,0,S, 	(30-MAY-2025 15:48:14)
2,23 , 1,0,11,0,S, 	(30-MAY-2025 15:48:14)
2,23 , 1,0,11,0,S, 	(30-MAY-2025 15:48:14)
2,23 , 1,0,11,0,S, 	(30-MAY-2025 15:48:14)
2,23 , 1,0,11,0,S, 	(30-MAY-2025 15:48:14)
2,23 , 1,0,11,0,S, 	(30-MAY-2025 15:48:14)
2,23 , 1,0,11,0,S, 	(30-MAY-2025 15:48:14)
2,23 , 1,0,11,0,S, 	(30-MAY-2025 15:48:14)
2,23 , 1,0,11,0,S, 	(30-MAY-2025 15:48:14)
2,23 , 1,0,11,0,S, 	(30-MAY-2025 15:48:14)
2,23 , 1,0,11,0,S, 	(30-MAY-2025 15:48:14)
2,23 , 1,0,11,0,S, 	(30-MAY-2025 15:48:14)
2,23 , 1,0,11,0,S, 	(30-MAY-2025 15:48:14)
2,23 , 1,0,11,0,S, 	(30-MAY-2025 15:48:14)
2,23 , 1,0,11,0,S, 	(30-MAY-2025 15:48:14)
2,23 , 1,0,11,0,S, 	(30-MAY-2025 15:48:14)
2,23 , 1,0,11,0,S, 	(30-MAY-2025 15:48:14)
2,23 , 1,0,11,0,S, 	(30-MAY-2025 15:48:14)
2,23 , 1,0,11,0,S, 	(30-MAY-2025 15:48:14)
2,23 , 1,0,11,0,S, 	(30-MAY-2025 15:48:14)
2,23 , 1,0,11,0,S, 	(30-MAY-2025 15:48:14)
2,23 , 1,0,11,0,S, 	(30-MAY-2025 15:48:14)
2,23 , 1,0,11,0,S, 	(30-MAY-2025 15:48:14)
2,23 , 1,0,11,0,S, 	(30-MAY-2025 15:48:14)
2,23 , 1,0,11,0,S, 	(30-MAY-2025 15:48:14)
2,23 , 1,0,11,0,S, 	(30-MAY-2025 15:48:14)	 (Not Inserted)
2,23 , 1,0,11,0,S, 	(30-MAY-2025 15:48:14)	 (Not Inserted)
2,23 , 1,0,11,0,S, 	(30-MAY-2025 15:48:14)	 (Not Inserted)
2,23 , 1,0,11,0,S, 	(30-MAY-2025 15:48:14)	 (Not Inserted)
2,23 , 1,0,11,0,S, 	(30-MAY-2025 15:48:14)	 (Not Inserted)
2,23 , 1,0,11,0,S, 	(30-MAY-2025 15:48:14)	 (Not Inserted)
2,23 , 1,0,11,0,S, 	(30-MAY-2025 15:48:14)	 (Not Inserted)
2,23 , 1,0,11,0,S, 	(30-MAY-2025 15:48:14)	 (Not Inserted)
2,23 , 1,0,11,0,S, 	(30-MAY-2025 15:48:14)	 (Not Inserted)
2,23 , 1,0,11,0,S, 	(30-MAY-2025 15:48:14)	 (Not Inserted)
2,23 , 1,0,11,0,S, 	(30-MAY-2025 15:48:14)	 (Not Inserted)
2,23 , 1,0,11,0,S, 	(30-MAY-2025 15:48:14)	 (Not Inserted)
2,23 , 1,0,11,0,S, 	(30-MAY-2025 15:48:14)	 (Not Inserted)
2,23 , 1,0,11,0,S, 	(30-MAY-2025 15:48:14)	 (Not Inserted)
2,23 , 1,0,11,0,S, 	(30-MAY-2025 15:48:14)	 (Not Inserted)
2,23 , 1,0,11,0,S, 	(30-MAY-2025 15:48:14)	 (Not Inserted)
2,23 , 1,0,11,0,S, 	(30-MAY-2025 15:48:14)	 (Not Inserted)
2,23 , 1,0,11,0,S, 	(30-MAY-2025 15:48:14)	 (Not Inserted)
2,23 , 1,0,11,0,S, 	(30-MAY-2025 15:48:14)	 (Not Inserted)
2,23 , 1,0,11,0,S, 	(30-MAY-2025 15:48:14)	 (Not Inserted)
2,23 , 1,0,11,0,S, 	(30-MAY-2025 15:48:14)	 (Not Inserted)
2,23 , 1,0,11,0,S, 	(30-MAY-2025 15:48:14)	 (Not Inserted)
2,23 , 1,0,11,0,S, 	(30-MAY-2025 15:48:14)	 (Not Inserted)
2,23 , 1,0,11,0,S, 	(30-MAY-2025 15:48:14)	 (Not Inserted)
2,23 , 1,0,11,0,S, 	(30-MAY-2025 15:48:14)	 (Not Inserted)
2,23 , 1,0,11,0,S, 	(30-MAY-2025 15:48:14)	 (Not Inserted)
2,23 , 1,0,11,0,S, 	(30-MAY-2025 15:48:14)	 (Not Inserted)
2,23 , 1,0,11,0,S, 	(30-MAY-2025 15:48:14)	 (Not Inserted)
2,23 , 1,0,11,0,S, 	(30-MAY-2025 15:48:14)	 (Not Inserted)
2,23 , 1,0,11,0,S, 	(30-MAY-2025 15:48:14)	 (Not Inserted)
2,23 , 1,0,11,0,S, 	(30-MAY-2025 15:48:14)	 (Not Inserted)
2,23 , 1,0,11,0,S, 	(30-MAY-2025 15:48:14)	 (Not Inserted)
2,23 , 1,0,11,0,S, 	(30-MAY-2025 15:48:14)	 (Not Inserted)
2,23 , 1,0,11,0,S, 	(30-MAY-2025 15:48:14)	 (Not Inserted)
2,23 , 1,0,11,0,S, 	(30-MAY-2025 15:48:14)	 (Not Inserted)
2,23 , 1,0,11,0,S, 	(30-MAY-2025 15:48:14)	 (Not Inserted)
2,23 , 1,0,11,0,S, 	(30-MAY-2025 15:48:14)	 (Not Inserted)
2,23 , 1,0,11,0,S, 	(30-MAY-2025 15:48:14)	 (Not Inserted)
2,23 , 1,0,11,0,S, 	(30-MAY-2025 15:48:14)	 (Not Inserted)
2,23 , 1,0,11,0,S, 	(30-MAY-2025 15:48:14)	 (Not Inserted)
2,23 , 1,0,11,0,S, 	(30-MAY-2025 15:48:14)	 (Not Inserted)
2,23 , 1,0,11,0,S, 	(30-MAY-2025 15:48:14)	 (Not Inserted)
2,23 , 1,0,11,0,S, 	(30-MAY-2025 15:48:14)	 (Not Inserted)
2,23 , 1,0,11,0,S, 	(30-MAY-2025 15:48:14)	 (Not Inserted)
2,23 , 1,0,11,0,S, 	(30-MAY-2025 15:48:14)	 (Not Inserted)
2,23 , 1,0,11,0,S, 	(30-MAY-2025 15:48:14)	 (Not Inserted)
2,23 , 1,0,11,0,S, 	(30-MAY-2025 15:48:14)	 (Not Inserted)
2,23 , 1,0,11,0,S, 	(30-MAY-2025 15:48:14)	 (Not Inserted)
2,23 , 1,0,11,0,S, 	(30-MAY-2025 15:48:14)	 (Not Inserted)
2,23 , 1,0,11,0,S, 	(30-MAY-2025 15:48:14)	 (Not Inserted)
2,23 , 1,0,11,0,S, 	(30-MAY-2025 15:48:14)	 (Not Inserted)
2,23 , 1,0,11,0,S, 	(30-MAY-2025 15:48:14)	 (Not Inserted)
2,23 , 1,0,11,0,S, 	(30-MAY-2025 15:48:14)	 (Not Inserted)
2,23 , 1,0,11,0,S, 	(30-MAY-2025 15:48:14)	 (Not Inserted)
2,23 , 1,0,11,0,S, 	(30-MAY-2025 15:48:14)	 (Not Inserted)
2,23 , 1,0,11,0,S, 	(30-MAY-2025 15:48:14)	 (Not Inserted)
2,23 , 1,0,11,0,S, 	(30-MAY-2025 15:48:14)	 (Not Inserted)
2,23 , 1,0,11,0,S, 	(30-MAY-2025 15:48:14)	 (Not Inserted)
2,23 , 1,0,11,0,S, 	(30-MAY-2025 15:48:14)	 (Not Inserted)
2,23 , 1,0,11,0,S, 	(30-MAY-2025 15:48:14)	 (Not Inserted)
2,23 , 1,0,11,0,S, 	(30-MAY-2025 15:48:14)	 (Not Inserted)
2,23 , 1,0,11,0,S, 	(30-MAY-2025 15:48:14)	 (Not Inserted)
2,23 , 1,0,11,0,S, 	(30-MAY-2025 15:48:14)	 (Not Inserted)
2,23 , 1,0,11,0,S, 	(30-MAY-2025 15:48:14)	 (Not Inserted)
2,23 , 1,0,11,0,S, 	(30-MAY-2025 15:48:14)	 (Not Inserted)
2,23 , 1,0,11,0,S, 	(30-MAY-2025 15:48:14)	 (Not Inserted)
2,23 , 1,0,11,0,S, 	(30-MAY-2025 15:48:14)	 (Not Inserted)
2,23 , 1,0,11,0,S, 	(30-MAY-2025 15:48:14)	 (Not Inserted)
2,23 , 1,0,11,0,S, 	(30-MAY-2025 15:48:14)	 (Not Inserted)
2,23 , 1,0,11,0,S, 	(30-MAY-2025 15:48:14)	 (Not Inserted)
2,23 , 1,0,11,0,S, 	(30-MAY-2025 15:48:14)	 (Not Inserted)
2,23 , 1,0,11,0,S, 	(30-MAY-2025 15:48:14)	 (Not Inserted)
2,23 , 1,0,11,0,S, 	(30-MAY-2025 15:48:14)	 (Not Inserted)
2,23 , 1,0,11,0,S, 	(30-MAY-2025 15:48:14)	 (Not Inserted)
2,23 , 1,0,11,0,S, 	(30-MAY-2025 15:48:14)	 (Not Inserted)
2,23 , 1,0,11,0,S, 	(30-MAY-2025 15:48:14)	 (Not Inserted)
2,23 , 1,0,11,0,S, 	(30-MAY-2025 15:48:14)	 (Not Inserted)
2,23 , 1,0,11,0,S, 	(30-MAY-2025 15:48:14)	 (Not Inserted)
2,23 , 1,0,11,0,S, 	(30-MAY-2025 15:48:14)	 (Not Inserted)
2,23 , 1,0,11,0,S, 	(30-MAY-2025 15:48:14)	 (Not Inserted)
2,23 , 1,0,11,0,S, 	(30-MAY-2025 15:48:14)	 (Not Inserted)
2,23 , 1,0,11,0,S, 	(30-MAY-2025 15:48:14)	 (Not Inserted)
2,23 , 1,0,11,0,S, 	(30-MAY-2025 15:48:14)	 (Not Inserted)
2,23 , 1,0,11,0,S, 	(30-MAY-2025 15:48:14)	 (Not Inserted)
2,23 , 1,0,11,0,S, 	(30-MAY-2025 15:48:14)	 (Not Inserted)
2,23 , 1,0,11,0,S, 	(30-MAY-2025 15:48:14)	 (Not Inserted)
2,23 , 1,0,11,0,S, 	(30-MAY-2025 15:48:14)	 (Not Inserted)
2,23 , 1,0,11,0,S, 	(30-MAY-2025 15:48:14)	 (Not Inserted)
2,23 , 1,0,11,0,S, 	(30-MAY-2025 15:48:14)	 (Not Inserted)
2,23 , 1,0,11,0,S, 	(30-MAY-2025 15:48:14)	 (Not Inserted)
2,23 , 1,0,11,0,S, 	(30-MAY-2025 15:48:14)	 (Not Inserted)
2,23 , 1,0,11,0,S, 	(30-MAY-2025 15:48:14)	 (Not Inserted)
2,23 , 1,0,11,0,S, 	(30-MAY-2025 15:48:14)	 (Not Inserted)
2,23 , 1,0,11,0,S, 	(30-MAY-2025 15:48:14)	 (Not Inserted)
2,23 , 1,0,11,0,S, 	(30-MAY-2025 15:48:14)	 (Not Inserted)
2,23 , 1,0,11,0,S, 	(30-MAY-2025 15:48:14)	 (Not Inserted)
2,23 , 1,0,11,0,S, 	(30-MAY-2025 15:48:14)	 (Not Inserted)
2,23 , 1,0,11,0,S, 	(30-MAY-2025 15:48:14)	 (Not Inserted)
2,23 , 1,0,11,0,S, 	(30-MAY-2025 15:48:14)	 (Not Inserted)
2,23 , 1,0,11,0,S, 	(30-MAY-2025 15:48:14)	 (Not Inserted)
2,23 , 1,0,11,0,S, 	(30-MAY-2025 15:48:14)	 (Not Inserted)
2,23 , 1,0,11,0,S, 	(30-MAY-2025 15:48:14)	 (Not Inserted)
2,23 , 1,0,11,0,S, 	(30-MAY-2025 15:48:14)	 (Not Inserted)
2,23 , 1,0,11,0,S, 	(30-MAY-2025 15:48:14)	 (Not Inserted)
2,23 , 1,0,11,0,S, 	(30-MAY-2025 15:48:14)	 (Not Inserted)
2,23 , 1,0,11,0,S, 	(30-MAY-2025 15:48:14)	 (Not Inserted)
2,23 , 1,0,11,0,S, 	(30-MAY-2025 15:48:14)	 (Not Inserted)
2,23 , 1,0,11,0,S, 	(30-MAY-2025 15:48:14)	 (Not Inserted)
2,23 , 1,0,11,0,S, 	(30-MAY-2025 15:48:14)	 (Not Inserted)
2,23 , 1,0,11,0,S, 	(30-MAY-2025 15:48:14)	 (Not Inserted)
2,23 , 1,0,11,0,S, 	(30-MAY-2025 15:48:14)	 (Not Inserted)
2,23 , 1,0,11,0,S, 	(30-MAY-2025 15:48:14)	 (Not Inserted)
2,23 , 1,0,11,0,S, 	(30-MAY-2025 15:48:14)	 (Not Inserted)
2,23 , 1,0,11,0,S, 	(30-MAY-2025 15:48:14)	 (Not Inserted)
2,23 , 1,0,11,0,S, 	(30-MAY-2025 15:48:14)	 (Not Inserted)
2,23 , 1,0,11,0,S, 	(30-MAY-2025 15:48:14)	 (Not Inserted)
2,23 , 1,0,11,0,S, 	(30-MAY-2025 15:48:14)	 (Not Inserted)
2,23 , 1,0,11,0,S, 	(30-MAY-2025 15:48:14)	 (Not Inserted)
2,23 , 1,0,11,0,S, 	(30-MAY-2025 15:48:14)	 (Not Inserted)
2,23 , 1,0,11,0,S, 	(30-MAY-2025 15:48:14)	 (Not Inserted)
2,23 , 1,0,11,0,S, 	(30-MAY-2025 15:48:14)	 (Not Inserted)
2,23 , 1,0,11,0,S, 	(30-MAY-2025 15:48:14)	 (Not Inserted)
2,23 , 1,0,11,0,S, 	(30-MAY-2025 15:48:14)	 (Not Inserted)
2,23 , 1,0,11,0,S, 	(30-MAY-2025 15:48:14)	 (Not Inserted)
2,23 , 1,0,11,0,S, 	(30-MAY-2025 15:48:14)	 (Not Inserted)
2,23 , 1,0,11,0,S, 	(30-MAY-2025 15:48:14)	 (Not Inserted)
2,23 , 1,0,11,0,S, 	(30-MAY-2025 15:48:14)	 (Not Inserted)
2,23 , 1,0,11,0,S, 	(30-MAY-2025 15:48:14)	 (Not Inserted)
2,23 , 1,0,11,0,S, 	(30-MAY-2025 15:48:14)	 (Not Inserted)
2,23 , 1,0,11,0,S, 	(30-MAY-2025 15:48:14)	 (Not Inserted)
2,23 , 1,0,11,0,S, 	(30-MAY-2025 15:48:14)	 (Not Inserted)
2,23 , 1,0,11,0,S, 	(30-MAY-2025 15:48:14)	 (Not Inserted)
2,23 , 1,0,11,0,S, 	(30-MAY-2025 15:48:14)	 (Not Inserted)
2,23 , 1,0,11,0,S, 	(30-MAY-2025 15:48:14)	 (Not Inserted)
2,23 , 1,0,11,0,S, 	(30-MAY-2025 15:48:14)	 (Not Inserted)
2,23 , 1,0,11,0,S, 	(30-MAY-2025 15:48:14)	 (Not Inserted)
2,23 , 1,0,11,0,S, 	(30-MAY-2025 15:48:14)	 (Not Inserted)
2,23 , 1,0,11,0,S, 	(30-MAY-2025 15:48:14)	 (Not Inserted)
2,23 , 1,0,11,0,S, 	(30-MAY-2025 15:48:14)	 (Not Inserted)
2,23 , 1,0,11,0,S, 	(30-MAY-2025 15:48:14)	 (Not Inserted)
2,23 , 1,0,11,0,S, 	(30-MAY-2025 15:48:14)	 (Not Inserted)
2,23 , 1,0,11,0,S, 	(30-MAY-2025 15:48:14)	 (Not Inserted)
2,23 , 1,0,11,0,S, 	(30-MAY-2025 15:48:14)	 (Not Inserted)
2,23 , 1,0,11,0,S, 	(30-MAY-2025 15:48:14)	 (Not Inserted)
2,23 , 1,0,11,0,S, 	(30-MAY-2025 15:48:14)	 (Not Inserted)
2,23 , 1,0,11,0,S, 	(30-MAY-2025 15:48:14)	 (Not Inserted)
2,23 , 1,0,11,0,S, 	(30-MAY-2025 15:48:14)	 (Not Inserted)
2,23 , 1,0,11,0,S, 	(30-MAY-2025 15:48:14)	 (Not Inserted)
2,23 , 1,0,11,0,S, 	(30-MAY-2025 15:48:14)	 (Not Inserted)
2,23 , 1,0,11,0,S, 	(30-MAY-2025 15:48:14)	 (Not Inserted)
2,23 , 1,0,11,0,S, 	(30-MAY-2025 15:48:14)	 (Not Inserted)
2,23 , 1,0,11,0,S, 	(30-MAY-2025 15:48:14)	 (Not Inserted)
2,23 , 1,0,11,0,S, 	(30-MAY-2025 15:48:14)	 (Not Inserted)
2,23 , 1,0,11,0,S, 	(30-MAY-2025 15:48:14)	 (Not Inserted)
2,23 , 1,0,11,0,S, 	(30-MAY-2025 15:48:14)	 (Not Inserted)
2,23 , 1,0,11,0,S, 	(30-MAY-2025 15:48:14)	 (Not Inserted)
2,23 , 1,0,11,0,S, 	(30-MAY-2025 15:48:14)	 (Not Inserted)
2,23 , 1,0,11,0,S, 	(30-MAY-2025 15:48:14)	 (Not Inserted)
2,23 , 1,0,11,0,S, 	(30-MAY-2025 15:48:14)	 (Not Inserted)
2,23 , 1,0,11,0,S, 	(30-MAY-2025 15:48:14)	 (Not Inserted)
2,23 , 1,0,11,0,S, 	(30-MAY-2025 15:48:14)	 (Not Inserted)
2,23 , 1,0,11,0,S, 	(30-MAY-2025 15:48:14)	 (Not Inserted)
2,23 , 1,0,11,0,S, 	(30-MAY-2025 15:48:14)	 (Not Inserted)
2,23 , 1,0,11,0,S, 	(30-MAY-2025 15:48:14)	 (Not Inserted)
2,23 , 1,0,11,0,S, 	(30-MAY-2025 15:48:14)	 (Not Inserted)
2,23 , 1,0,11,0,S, 	(30-MAY-2025 15:48:14)	 (Not Inserted)
2,23 , 1,0,11,0,S, 	(30-MAY-2025 15:48:14)	 (Not Inserted)
2,23 , 1,0,11,0,S, 	(30-MAY-2025 15:48:14)	 (Not Inserted)
2,23 , 1,0,11,0,S, 	(30-MAY-2025 15:48:14)	 (Not Inserted)
2,23 , 1,0,11,0,S, 	(30-MAY-2025 15:48:14)	 (Not Inserted)
2,23 , 1,0,11,0,S, 	(30-MAY-2025 15:48:14)	 (Not Inserted)
2,23 , 1,0,11,0,S, 	(30-MAY-2025 15:48:14)	 (Not Inserted)
2,23 , 1,0,11,0,S, 	(30-MAY-2025 15:48:14)	 (Not Inserted)
2,23 , 1,0,11,0,S, 	(30-MAY-2025 15:48:14)	 (Not Inserted)
2,23 , 1,0,11,0,S, 	(30-MAY-2025 15:48:14)	 (Not Inserted)
2,23 , 1,0,11,0,S, 	(30-MAY-2025 15:48:14)	 (Not Inserted)
2,23 , 1,0,11,0,S, 	(30-MAY-2025 15:48:14)	 (Not Inserted)
2,23 , 1,0,11,0,S, 	(30-MAY-2025 15:48:14)	 (Not Inserted)
2,23 , 1,0,11,0,S, 	(30-MAY-2025 15:48:14)	 (Not Inserted)
2,23 , 1,0,11,0,S, 	(30-MAY-2025 15:48:14)	 (Not Inserted)
2,23 , 1,0,11,0,S, 	(30-MAY-2025 15:48:14)	 (Not Inserted)
2,23 , 1,0,11,0,S, 	(30-MAY-2025 15:48:14)	 (Not Inserted)
2,23 , 1,0,11,0,S, 	(30-MAY-2025 15:48:14)	 (Not Inserted)
2,23 , 1,0,11,0,S, 	(30-MAY-2025 15:48:14)	 (Not Inserted)
2,23 , 1,0,11,0,S, 	(30-MAY-2025 15:48:14)	 (Not Inserted)
2,23 , 1,0,11,0,S, 	(30-MAY-2025 15:48:14)	 (Not Inserted)
2,23 , 1,0,11,0,S, 	(30-MAY-2025 15:48:14)	 (Not Inserted)
2,23 , 1,0,11,0,S, 	(30-MAY-2025 15:48:14)	 (Not Inserted)
2,23 , 1,0,11,0,S, 	(30-MAY-2025 15:48:14)	 (Not Inserted)
2,23 , 1,0,11,0,S, 	(30-MAY-2025 15:48:14)	 (Not Inserted)
2,23 , 1,0,11,0,S, 	(30-MAY-2025 15:48:14)	 (Not Inserted)
2,23 , 1,0,11,0,S, 	(30-MAY-2025 15:48:14)	 (Not Inserted)
2,23 , 1,0,11,0,S, 	(30-MAY-2025 15:48:14)	 (Not Inserted)
2,23 , 1,0,11,0,S, 	(30-MAY-2025 15:48:14)	 (Not Inserted)
2,23 , 1,0,11,0,S, 	(30-MAY-2025 15:48:14)	 (Not Inserted)
2,23 , 1,0,11,0,S, 	(30-MAY-2025 15:48:14)	 (Not Inserted)
2,23 , 1,0,11,0,S, 	(30-MAY-2025 15:48:14)	 (Not Inserted)
2,23 , 1,0,11,0,S, 	(30-MAY-2025 15:48:14)	 (Not Inserted)
2,23 , 1,0,11,0,S, 	(30-MAY-2025 15:48:14)	 (Not Inserted)
2,23 , 1,0,11,0,S, 	(30-MAY-2025 15:48:14)	 (Not Inserted)
2,23 , 1,0,11,0,S, 	(30-MAY-2025 15:48:14)	 (Not Inserted)
2,23 , 1,0,11,0,S, 	(30-MAY-2025 15:48:14)	 (Not Inserted)
2,23 , 1,0,11,0,S, 	(30-MAY-2025 15:48:14)	 (Not Inserted)
2,23 , 1,0,11,0,S, 	(30-MAY-2025 15:48:14)	 (Not Inserted)
2,23 , 1,0,11,0,S, 	(30-MAY-2025 15:48:14)	 (Not Inserted)
2,23 , 1,0,11,0,S, 	(30-MAY-2025 15:48:14)	 (Not Inserted)
2,23 , 1,0,11,0,S, 	(30-MAY-2025 15:48:14)	 (Not Inserted)
2,23 , 1,0,11,0,S, 	(30-MAY-2025 15:48:14)	 (Not Inserted)
2,23 , 1,0,11,0,S, 	(30-MAY-2025 15:48:14)	 (Not Inserted)
2,23 , 1,0,11,0,S, 	(30-MAY-2025 15:48:14)	 (Not Inserted)
2,23 , 1,0,11,0,S, 	(30-MAY-2025 15:48:14)	 (Not Inserted)
2,23 , 1,0,11,0,S, 	(30-MAY-2025 15:48:14)	 (Not Inserted)
2,23 , 1,0,11,0,S, 	(30-MAY-2025 15:48:14)	 (Not Inserted)
2,23 , 1,0,11,0,S, 	(30-MAY-2025 15:48:14)	 (Not Inserted)
2,23 , 1,0,11,0,S, 	(30-MAY-2025 15:48:14)	 (Not Inserted)
2,23 , 1,0,11,0,S, 	(30-MAY-2025 15:48:14)	 (Not Inserted)
2,23 , 1,0,11,0,S, 	(30-MAY-2025 15:48:14)	 (Not Inserted)
2,23 , 1,0,11,0,S, 	(30-MAY-2025 15:48:14)	 (Not Inserted)
2,23 , 1,0,11,0,S, 	(30-MAY-2025 15:48:14)	 (Not Inserted)
2,23 , 1,0,11,0,S, 	(30-MAY-2025 15:48:14)	 (Not Inserted)
2,23 , 1,0,11,0,S, 	(30-MAY-2025 15:48:14)	 (Not Inserted)
2,23 , 1,0,11,0,S, 	(30-MAY-2025 15:48:14)	 (Not Inserted)
2,23 , 1,0,11,0,S, 	(30-MAY-2025 15:48:14)	 (Not Inserted)
2,23 , 1,0,11,0,S, 	(30-MAY-2025 15:48:14)	 (Not Inserted)
2,23 , 1,0,11,0,S, 	(30-MAY-2025 15:48:14)	 (Not Inserted)
2,23 , 1,0,11,0,S, 	(30-MAY-2025 15:48:14)	 (Not Inserted)
2,23 , 1,0,11,0,S, 	(30-MAY-2025 15:48:14)	 (Not Inserted)
2,23 , 1,0,11,0,S, 	(30-MAY-2025 15:48:14)	 (Not Inserted)
2,23 , 1,0,11,0,S, 	(30-MAY-2025 15:48:14)	 (Not Inserted)
2,23 , 1,0,11,0,S, 	(30-MAY-2025 15:48:14)	 (Not Inserted)
2,23 , 1,0,11,0,S, 	(30-MAY-2025 15:48:14)	 (Not Inserted)
2,23 , 1,0,11,0,S, 	(30-MAY-2025 15:48:14)	 (Not Inserted)
2,23 , 1,0,11,0,S, 	(30-MAY-2025 15:48:14)	 (Not Inserted)
2,23 , 1,0,11,0,S, 	(30-MAY-2025 15:48:14)	 (Not Inserted)
2,23 , 1,0,11,0,S, 	(30-MAY-2025 15:48:14)	 (Not Inserted)
2,23 , 1,0,11,0,S, 	(30-MAY-2025 15:48:14)	 (Not Inserted)
2,23 , 1,0,11,0,S, 	(30-MAY-2025 15:48:14)	 (Not Inserted)
2,23 , 1,0,11,0,S, 	(30-MAY-2025 15:48:14)	 (Not Inserted)
2,23 , 1,0,11,0,S, 	(30-MAY-2025 15:48:14)	 (Not Inserted)
2,23 , 1,0,11,0,S, 	(30-MAY-2025 15:48:14)	 (Not Inserted)
2,23 , 1,0,11,0,S, 	(30-MAY-2025 15:48:14)	 (Not Inserted)
2,23 , 1,0,11,0,S, 	(30-MAY-2025 15:48:14)	 (Not Inserted)
2,23 , 1,0,11,0,S, 	(30-MAY-2025 15:48:14)	 (Not Inserted)
2,23 , 1,0,11,0,S, 	(30-MAY-2025 15:48:14)	 (Not Inserted)
2,23 , 1,0,11,0,S, 	(30-MAY-2025 15:48:14)	 (Not Inserted)
2,23 , 1,0,11,0,S, 	(30-MAY-2025 15:48:14)	 (Not Inserted)
2,23 , 1,0,11,0,S, 	(30-MAY-2025 15:48:14)	 (Not Inserted)
2,23 , 1,0,11,0,S, 	(30-MAY-2025 15:48:14)	 (Not Inserted)
2,23 , 1,0,11,0,S, 	(30-MAY-2025 15:48:14)	 (Not Inserted)
2,23 , 1,0,11,0,S, 	(30-MAY-2025 15:48:14)	 (Not Inserted)
2,23 , 1,0,11,0,S, 	(30-MAY-2025 15:48:14)	 (Not Inserted)
2,23 , 1,0,11,0,S, 	(30-MAY-2025 15:48:14)	 (Not Inserted)
2,23 , 1,0,11,0,S, 	(30-MAY-2025 15:48:14)	 (Not Inserted)
2,23 , 1,0,11,0,S, 	(30-MAY-2025 15:48:14)	 (Not Inserted)
2,23 , 1,0,11,0,S, 	(30-MAY-2025 15:48:14)	 (Not Inserted)
2,23 , 1,0,11,0,S, 	(30-MAY-2025 15:48:14)	 (Not Inserted)
2,23 , 1,0,11,0,S, 	(30-MAY-2025 15:48:14)	 (Not Inserted)
2,23 , 1,0,11,0,S, 	(30-MAY-2025 15:48:14)	 (Not Inserted)
2,23 , 1,0,11,0,S, 	(30-MAY-2025 15:48:14)	 (Not Inserted)
2,23 , 1,0,11,0,S, 	(30-MAY-2025 15:48:14)	 (Not Inserted)
2,23 , 1,0,11,0,S, 	(30-MAY-2025 15:48:14)	 (Not Inserted)
2,23 , 1,0,11,0,S, 	(30-MAY-2025 15:48:14)	 (Not Inserted)
2,23 , 1,0,11,0,S, 	(30-MAY-2025 15:48:14)	 (Not Inserted)
2,23 , 1,0,11,0,S, 	(30-MAY-2025 15:48:14)	 (Not Inserted)
2,23 , 1,0,11,0,S, 	(30-MAY-2025 15:48:14)	 (Not Inserted)
2,23 , 1,0,11,0,S, 	(30-MAY-2025 15:48:14)	 (Not Inserted)
2,23 , 1,0,11,0,S, 	(30-MAY-2025 15:48:14)	 (Not Inserted)
2,23 , 1,0,11,0,S, 	(30-MAY-2025 15:48:14)	 (Not Inserted)
2,23 , 1,0,11,0,S, 	(30-MAY-2025 15:48:14)	 (Not Inserted)
2,23 , 1,0,11,0,S, 	(30-MAY-2025 15:48:14)	 (Not Inserted)
2,23 , 1,0,11,0,S, 	(30-MAY-2025 15:48:14)	 (Not Inserted)
2,23 , 1,0,11,0,S, 	(30-MAY-2025 15:48:14)	 (Not Inserted)
2,23 , 1,0,11,0,S, 	(30-MAY-2025 15:48:14)	 (Not Inserted)
2,23 , 1,0,11,0,S, 	(30-MAY-2025 15:48:14)	 (Not Inserted)
2,23 , 1,0,11,0,S, 	(30-MAY-2025 15:48:14)	 (Not Inserted)
2,23 , 1,0,11,0,S, 	(30-MAY-2025 15:48:14)	 (Not Inserted)
2,23 , 1,0,11,0,S, 	(30-MAY-2025 15:48:14)	 (Not Inserted)
2,23 , 1,0,11,0,S, 	(30-MAY-2025 15:48:14)	 (Not Inserted)
2,23 , 1,0,11,0,S, 	(30-MAY-2025 15:48:14)	 (Not Inserted)
2,23 , 1,0,11,0,S, 	(30-MAY-2025 15:48:14)	 (Not Inserted)
2,23 , 1,0,11,0,S, 	(30-MAY-2025 15:48:14)	 (Not Inserted)
2,23 , 1,0,11,0,S, 	(30-MAY-2025 15:48:14)	 (Not Inserted)
2,23 , 1,0,11,0,S, 	(30-MAY-2025 15:48:14)	 (Not Inserted)
2,23 , 1,0,11,0,S, 	(30-MAY-2025 15:48:14)	 (Not Inserted)
2,23 , 1,0,11,0,S, 	(30-MAY-2025 15:48:14)	 (Not Inserted)
2,23 , 1,0,11,0,S, 	(30-MAY-2025 15:48:14)	 (Not Inserted)
2,23 , 1,0,11,0,S, 	(30-MAY-2025 15:48:14)	 (Not Inserted)
2,23 , 1,0,11,0,S, 	(30-MAY-2025 15:48:14)	 (Not Inserted)
2,23 , 1,0,11,0,S, 	(30-MAY-2025 15:48:14)	 (Not Inserted)
2,23 , 1,0,11,0,S, 	(30-MAY-2025 15:48:14)	 (Not Inserted)
2,23 , 1,0,11,0,S, 	(30-MAY-2025 15:48:14)	 (Not Inserted)
2,23 , 1,0,11,0,S, 	(30-MAY-2025 15:48:14)	 (Not Inserted)
2,23 , 1,0,11,0,S, 	(30-MAY-2025 15:48:14)	 (Not Inserted)
2,23 , 1,0,11,0,S, 	(30-MAY-2025 15:48:14)	 (Not Inserted)
2,23 , 1,0,11,0,S, 	(30-MAY-2025 15:48:14)	 (Not Inserted)
2,23 , 1,0,11,0,S, 	(30-MAY-2025 15:48:14)	 (Not Inserted)
2,23 , 1,0,11,0,S, 	(30-MAY-2025 15:48:14)	 (Not Inserted)
2,23 , 1,0,11,0,S, 	(30-MAY-2025 15:48:14)	 (Not Inserted)
2,23 , 1,0,11,0,S, 	(30-MAY-2025 15:48:14)	 (Not Inserted)
2,23 , 1,0,11,0,S, 	(30-MAY-2025 15:48:14)	 (Not Inserted)
2,23 , 1,0,11,0,S, 	(30-MAY-2025 15:48:14)	 (Not Inserted)
2,23 , 1,0,11,0,S, 	(30-MAY-2025 15:48:14)	 (Not Inserted)
2,23 , 1,0,11,0,S, 	(30-MAY-2025 15:48:14)	 (Not Inserted)
2,23 , 1,0,11,0,S, 	(30-MAY-2025 15:48:14)	 (Not Inserted)
2,23 , 1,0,11,0,S, 	(30-MAY-2025 15:48:14)	 (Not Inserted)
2,23 , 1,0,11,0,S, 	(30-MAY-2025 15:48:14)	 (Not Inserted)
2,23 , 1,0,11,0,S, 	(30-MAY-2025 15:48:14)	 (Not Inserted)
2,23 , 1,0,11,0,S, 	(30-MAY-2025 15:48:14)	 (Not Inserted)
2,23 , 1,0,11,0,S, 	(30-MAY-2025 15:48:14)	 (Not Inserted)
2,23 , 1,0,11,0,S, 	(30-MAY-2025 15:48:14)	 (Not Inserted)
2,23 , 1,0,11,0,S, 	(30-MAY-2025 15:48:14)	 (Not Inserted)
2,23 , 1,0,11,0,S, 	(30-MAY-2025 15:48:14)	 (Not Inserted)
2,23 , 1,0,11,0,S, 	(30-MAY-2025 15:48:14)	 (Not Inserted)
2,23 , 1,0,11,0,S, 	(30-MAY-2025 15:48:14)	 (Not Inserted)
2,23 , 1,0,11,0,S, 	(30-MAY-2025 15:48:14)	 (Not Inserted)
2,23 , 1,0,11,0,S, 	(30-MAY-2025 15:48:14)	 (Not Inserted)
2,23 , 1,0,11,0,S, 	(30-MAY-2025 15:48:14)	 (Not Inserted)
2,23 , 1,0,11,0,S, 	(30-MAY-2025 15:48:14)	 (Not Inserted)
2,23 , 1,0,11,0,S, 	(30-MAY-2025 15:48:14)	 (Not Inserted)
2,23 , 1,0,11,0,S, 	(30-MAY-2025 15:48:14)	 (Not Inserted)
2,23 , 1,0,11,0,S, 	(30-MAY-2025 15:48:14)	 (Not Inserted)
2,23 , 1,0,11,0,S, 	(30-MAY-2025 15:48:14)	 (Not Inserted)
2,23 , 1,0,11,0,S, 	(30-MAY-2025 15:48:14)	 (Not Inserted)
2,23 , 1,0,11,0,S, 	(30-MAY-2025 15:48:14)	 (Not Inserted)
2,23 , 1,0,11,0,S, 	(30-MAY-2025 15:48:14)	 (Not Inserted)
2,23 , 1,0,11,0,S, 	(30-MAY-2025 15:48:14)	 (Not Inserted)
2,23 , 1,0,11,0,S, 	(30-MAY-2025 15:48:14)	 (Not Inserted)
2,23 , 1,0,11,0,S, 	(30-MAY-2025 15:48:14)	 (Not Inserted)
2,23 , 1,0,11,0,S, 	(30-MAY-2025 15:48:14)	 (Not Inserted)
2,23 , 1,0,11,0,S, 	(30-MAY-2025 15:48:14)	 (Not Inserted)
2,23 , 1,0,11,0,S, 	(30-MAY-2025 15:48:14)	 (Not Inserted)
2,23 , 1,0,11,0,S, 	(30-MAY-2025 15:48:14)	 (Not Inserted)
2,23 , 1,0,11,0,S, 	(30-MAY-2025 15:48:14)	 (Not Inserted)
2,23 , 1,0,11,0,S, 	(30-MAY-2025 15:48:14)	 (Not Inserted)
2,23 , 1,0,11,0,S, 	(30-MAY-2025 15:48:14)	 (Not Inserted)
2,23 , 1,0,11,0,S, 	(30-MAY-2025 15:48:14)	 (Not Inserted)
2,23 , 1,0,11,0,S, 	(30-MAY-2025 15:48:14)	 (Not Inserted)
2,23 , 1,0,11,0,S, 	(30-MAY-2025 15:48:14)	 (Not Inserted)
2,23 , 1,0,11,0,S, 	(30-MAY-2025 15:48:14)	 (Not Inserted)
2,23 , 1,0,11,0,S, 	(30-MAY-2025 15:48:14)	 (Not Inserted)
2,23 , 1,0,11,0,S, 	(30-MAY-2025 15:48:14)	 (Not Inserted)
2,23 , 1,0,11,0,S, 	(30-MAY-2025 15:48:14)	 (Not Inserted)
2,23 , 1,0,11,0,S, 	(30-MAY-2025 15:48:14)	 (Not Inserted)
2,23 , 1,0,11,0,S, 	(30-MAY-2025 15:48:14)	 (Not Inserted)
2,23 , 1,0,11,0,S, 	(30-MAY-2025 15:48:14)	 (Not Inserted)
2,23 , 1,0,11,0,S, 	(30-MAY-2025 15:48:14)	 (Not Inserted)
2,23 , 1,0,11,0,S, 	(30-MAY-2025 15:48:14)	 (Not Inserted)
2,23 , 1,0,11,0,S, 	(30-MAY-2025 15:48:14)	 (Not Inserted)
2,23 , 1,0,11,0,S, 	(30-MAY-2025 15:48:14)	 (Not Inserted)
2,23 , 1,0,11,0,S, 	(30-MAY-2025 15:48:14)	 (Not Inserted)
2,23 , 1,0,11,0,S, 	(30-MAY-2025 15:48:14)	 (Not Inserted)
2,23 , 1,0,11,0,S, 	(30-MAY-2025 15:48:14)	 (Not Inserted)
2,23 , 1,0,11,0,S, 	(30-MAY-2025 15:48:14)	 (Not Inserted)
2,23 , 1,0,11,0,S, 	(30-MAY-2025 15:48:14)	 (Not Inserted)
2,23 , 1,0,11,0,S, 	(30-MAY-2025 15:48:14)	 (Not Inserted)
2,23 , 1,0,11,0,S, 	(30-MAY-2025 15:48:14)	 (Not Inserted)
2,23 , 1,0,11,0,S, 	(30-MAY-2025 15:48:14)	 (Not Inserted)
2,23 , 1,0,11,0,S, 	(30-MAY-2025 15:48:14)	 (Not Inserted)
2,23 , 1,0,11,0,S, 	(30-MAY-2025 15:48:14)	 (Not Inserted)
2,23 , 1,0,11,0,S, 	(30-MAY-2025 15:48:14)	 (Not Inserted)
2,23 , 1,0,11,0,S, 	(30-MAY-2025 15:48:14)	 (Not Inserted)
2,23 , 1,0,11,0,S, 	(30-MAY-2025 15:48:14)	 (Not Inserted)
2,23 , 1,0,11,0,S, 	(30-MAY-2025 15:48:14)	 (Not Inserted)
2,23 , 1,0,11,0,S, 	(30-MAY-2025 15:48:14)	 (Not Inserted)
2,23 , 1,0,11,0,S, 	(30-MAY-2025 15:48:14)	 (Not Inserted)
2,23 , 1,0,11,0,S, 	(30-MAY-2025 15:48:14)	 (Not Inserted)
2,23 , 1,0,11,0,S, 	(30-MAY-2025 15:48:14)	 (Not Inserted)
2,23 , 1,0,11,0,S, 	(30-MAY-2025 15:48:14)	 (Not Inserted)
2,23 , 1,0,15,0,S, 	(30-MAY-2025 15:48:14)
2,23 , 1,0,15,0,S, 	(30-MAY-2025 15:48:14)
2,23 , 1,0,15,0,S, 	(30-MAY-2025 15:48:14)
2,23 , 1,0,15,0,S, 	(30-MAY-2025 15:48:14)
2,23 , 1,0,15,0,S, 	(30-MAY-2025 15:48:14)
2,23 , 1,0,15,0,S, 	(30-MAY-2025 15:48:14)
2,23 , 1,0,15,0,S, 	(30-MAY-2025 15:48:14)
2,23 , 1,0,15,0,S, 	(30-MAY-2025 15:48:14)
2,23 , 1,0,15,0,S, 	(30-MAY-2025 15:48:14)
2,23 , 1,0,15,0,S, 	(30-MAY-2025 15:48:14)
2,23 , 1,0,15,0,S, 	(30-MAY-2025 15:48:14)
2,23 , 1,0,15,0,S, 	(30-MAY-2025 15:48:14)
2,23 , 1,0,15,0,S, 	(30-MAY-2025 15:48:14)
2,23 , 1,0,15,0,S, 	(30-MAY-2025 15:48:14)
2,23 , 1,0,15,0,S, 	(30-MAY-2025 15:48:14)
2,23 , 1,0,15,0,S, 	(30-MAY-2025 15:48:14)
2,23 , 1,0,15,0,S, 	(30-MAY-2025 15:48:14)
2,23 , 1,0,15,0,S, 	(30-MAY-2025 15:48:14)
2,23 , 1,0,15,0,S, 	(30-MAY-2025 15:48:14)
2,23 , 1,0,15,0,S, 	(30-MAY-2025 15:48:14)
2,23 , 1,0,15,0,S, 	(30-MAY-2025 15:48:14)
2,23 , 1,0,15,0,S, 	(30-MAY-2025 15:48:14)
2,23 , 1,0,15,0,S, 	(30-MAY-2025 15:48:14)
2,23 , 1,0,15,0,S, 	(30-MAY-2025 15:48:14)
2,23 , 1,0,15,0,S, 	(30-MAY-2025 15:48:14)
2,23 , 1,0,15,0,S, 	(30-MAY-2025 15:48:14)
2,23 , 1,0,15,0,S, 	(30-MAY-2025 15:48:14)
2,23 , 1,0,15,0,S, 	(30-MAY-2025 15:48:14)
2,23 , 1,0,15,0,S, 	(30-MAY-2025 15:48:14)
2,23 , 1,0,15,0,S, 	(30-MAY-2025 15:48:14)
2,23 , 1,0,15,0,S, 	(30-MAY-2025 15:48:14)
2,23 , 1,0,15,0,S, 	(30-MAY-2025 15:48:14)
2,23 , 1,0,15,0,S, 	(30-MAY-2025 15:48:14)
2,23 , 1,0,15,0,S, 	(30-MAY-2025 15:48:14)
2,23 , 1,0,15,0,S, 	(30-MAY-2025 15:48:14)
2,23 , 1,0,15,0,S, 	(30-MAY-2025 15:48:14)
2,23 , 1,0,15,0,S, 	(30-MAY-2025 15:48:14)
2,23 , 1,0,15,0,S, 	(30-MAY-2025 15:48:14)
2,23 , 1,0,15,0,S, 	(30-MAY-2025 15:48:14)
2,23 , 1,0,15,0,S, 	(30-MAY-2025 15:48:14)
2,23 , 1,0,15,0,S, 	(30-MAY-2025 15:48:14)
2,23 , 1,0,15,0,S, 	(30-MAY-2025 15:48:14)
2,23 , 1,0,15,0,S, 	(30-MAY-2025 15:48:14)
2,23 , 1,0,15,0,S, 	(30-MAY-2025 15:48:14)
2,23 , 1,0,15,0,S, 	(30-MAY-2025 15:48:14)
2,23 , 1,0,15,0,S, 	(30-MAY-2025 15:48:14)
2,23 , 1,0,15,0,S, 	(30-MAY-2025 15:48:14)
2,23 , 1,0,15,0,S, 	(30-MAY-2025 15:48:14)
2,23 , 1,0,15,0,S, 	(30-MAY-2025 15:48:14)
2,23 , 1,0,15,0,S, 	(30-MAY-2025 15:48:14)
2,23 , 1,0,15,0,S, 	(30-MAY-2025 15:48:14)
2,23 , 1,0,15,0,S, 	(30-MAY-2025 15:48:14)
2,23 , 1,0,15,0,S, 	(30-MAY-2025 15:48:14)
2,23 , 1,0,15,0,S, 	(30-MAY-2025 15:48:14)
2,23 , 1,0,15,0,S, 	(30-MAY-2025 15:48:14)
2,23 , 1,0,15,0,S, 	(30-MAY-2025 15:48:14)
2,23 , 1,0,15,0,S, 	(30-MAY-2025 15:48:14)
2,23 , 1,0,15,0,S, 	(30-MAY-2025 15:48:14)
2,23 , 1,0,15,0,S, 	(30-MAY-2025 15:48:14)
2,23 , 1,0,15,0,S, 	(30-MAY-2025 15:48:14)
2,23 , 1,0,15,0,S, 	(30-MAY-2025 15:48:14)
2,23 , 1,0,15,0,S, 	(30-MAY-2025 15:48:14)
2,23 , 1,0,15,0,S, 	(30-MAY-2025 15:48:14)
2,23 , 1,0,15,0,S, 	(30-MAY-2025 15:48:14)
2,23 , 1,0,15,0,S, 	(30-MAY-2025 15:48:14)
2,23 , 1,0,15,0,S, 	(30-MAY-2025 15:48:14)
2,23 , 1,0,15,0,S, 	(30-MAY-2025 15:48:14)
2,23 , 1,0,15,0,S, 	(30-MAY-2025 15:48:14)
2,23 , 1,0,15,0,S, 	(30-MAY-2025 15:48:14)
2,23 , 1,0,15,0,S, 	(30-MAY-2025 15:48:14)
2,23 , 1,0,15,0,S, 	(30-MAY-2025 15:48:14)
2,23 , 1,0,15,0,S, 	(30-MAY-2025 15:48:14)
2,23 , 1,0,15,0,S, 	(30-MAY-2025 15:48:14)
2,23 , 1,0,15,0,S, 	(30-MAY-2025 15:48:14)
2,23 , 1,0,15,0,S, 	(30-MAY-2025 15:48:14)
2,23 , 1,0,15,0,S, 	(30-MAY-2025 15:48:14)
2,23 , 1,0,15,0,S, 	(30-MAY-2025 15:48:14)
2,23 , 1,0,15,0,S, 	(30-MAY-2025 15:48:14)
2,23 , 1,0,15,0,S, 	(30-MAY-2025 15:48:14)
2,23 , 1,0,15,0,S, 	(30-MAY-2025 15:48:14)
2,23 , 1,0,15,0,S, 	(30-MAY-2025 15:48:14)
2,23 , 1,0,15,0,S, 	(30-MAY-2025 15:48:14)
2,23 , 1,0,15,0,S, 	(30-MAY-2025 15:48:14)
2,23 , 1,0,15,0,S, 	(30-MAY-2025 15:48:14)
2,23 , 1,0,15,0,S, 	(30-MAY-2025 15:48:14)
2,23 , 1,0,15,0,S, 	(30-MAY-2025 15:48:14)
2,23 , 1,0,15,0,S, 	(30-MAY-2025 15:48:14)
2,23 , 1,0,15,0,S, 	(30-MAY-2025 15:48:14)
2,23 , 1,0,15,0,S, 	(30-MAY-2025 15:48:14)
2,23 , 1,0,15,0,S, 	(30-MAY-2025 15:48:14)
2,23 , 1,0,15,0,S, 	(30-MAY-2025 15:48:14)
2,23 , 1,0,15,0,S, 	(30-MAY-2025 15:48:14)
2,23 , 1,0,15,0,S, 	(30-MAY-2025 15:48:14)
2,23 , 1,0,15,0,S, 	(30-MAY-2025 15:48:14)
2,23 , 1,0,15,0,S, 	(30-MAY-2025 15:48:14)
2,23 , 1,0,15,0,S, 	(30-MAY-2025 15:48:14)
2,23 , 1,0,15,0,S, 	(30-MAY-2025 15:48:14)
2,23 , 1,0,15,0,S, 	(30-MAY-2025 15:48:14)
2,23 , 1,0,15,0,S, 	(30-MAY-2025 15:48:14)
2,23 , 1,0,15,0,S, 	(30-MAY-2025 15:48:14)
2,23 , 1,0,15,0,S, 	(30-MAY-2025 15:48:14)
2,23 , 1,0,15,0,S, 	(30-MAY-2025 15:48:14)
2,23 , 1,0,15,0,S, 	(30-MAY-2025 15:48:14)
2,23 , 1,0,15,0,S, 	(30-MAY-2025 15:48:14)
2,23 , 1,0,15,0,S, 	(30-MAY-2025 15:48:14)
2,23 , 1,0,15,0,S, 	(30-MAY-2025 15:48:14)
2,23 , 1,0,15,0,S, 	(30-MAY-2025 15:48:14)
2,23 , 1,0,15,0,S, 	(30-MAY-2025 15:48:14)
2,23 , 1,0,15,0,S, 	(30-MAY-2025 15:48:14)
2,23 , 1,0,15,0,S, 	(30-MAY-2025 15:48:14)
2,23 , 1,0,15,0,S, 	(30-MAY-2025 15:48:14)
2,23 , 1,0,15,0,S, 	(30-MAY-2025 15:48:14)
2,23 , 1,0,15,0,S, 	(30-MAY-2025 15:48:14)
2,23 , 1,0,15,0,S, 	(30-MAY-2025 15:48:14)
2,23 , 1,0,15,0,S, 	(30-MAY-2025 15:48:14)
2,23 , 1,0,15,0,S, 	(30-MAY-2025 15:48:14)
2,23 , 1,0,15,0,S, 	(30-MAY-2025 15:48:14)
2,23 , 1,0,15,0,S, 	(30-MAY-2025 15:48:14)
2,23 , 1,0,15,0,S, 	(30-MAY-2025 15:48:14)
2,23 , 1,0,15,0,S, 	(30-MAY-2025 15:48:14)
2,23 , 1,0,15,0,S, 	(30-MAY-2025 15:48:14)
2,23 , 1,0,15,0,S, 	(30-MAY-2025 15:48:14)
2,23 , 1,0,15,0,S, 	(30-MAY-2025 15:48:14)
2,23 , 1,0,15,0,S, 	(30-MAY-2025 15:48:14)
2,23 , 1,0,15,0,S, 	(30-MAY-2025 15:48:14)
2,23 , 1,0,15,0,S, 	(30-MAY-2025 15:48:14)
2,23 , 1,0,15,0,S, 	(30-MAY-2025 15:48:14)
2,23 , 1,0,15,0,S, 	(30-MAY-2025 15:48:14)
2,23 , 1,0,15,0,S, 	(30-MAY-2025 15:48:15)
2,23 , 1,0,15,0,S, 	(30-MAY-2025 15:48:15)
2,23 , 1,0,15,0,S, 	(30-MAY-2025 15:48:15)
2,23 , 1,0,15,0,S, 	(30-MAY-2025 15:48:15)
2,23 , 1,0,15,0,S, 	(30-MAY-2025 15:48:15)
2,23 , 1,0,15,0,S, 	(30-MAY-2025 15:48:15)
2,23 , 1,0,15,0,S, 	(30-MAY-2025 15:48:15)
2,23 , 1,0,15,0,S, 	(30-MAY-2025 15:48:15)
2,23 , 1,0,15,0,S, 	(30-MAY-2025 15:48:15)
2,23 , 1,0,15,0,S, 	(30-MAY-2025 15:48:15)
2,23 , 1,0,15,0,S, 	(30-MAY-2025 15:48:15)
2,23 , 1,0,15,0,S, 	(30-MAY-2025 15:48:15)
2,23 , 1,0,15,0,S, 	(30-MAY-2025 15:48:15)
2,23 , 1,0,15,0,S, 	(30-MAY-2025 15:48:15)
2,23 , 1,0,15,0,S, 	(30-MAY-2025 15:48:15)
2,23 , 1,0,15,0,S, 	(30-MAY-2025 15:48:15)
2,23 , 1,0,15,0,S, 	(30-MAY-2025 15:48:15)
2,23 , 1,0,15,0,S, 	(30-MAY-2025 15:48:15)
2,23 , 1,0,15,0,S, 	(30-MAY-2025 15:48:15)
2,23 , 1,0,15,0,S, 	(30-MAY-2025 15:48:15)
2,23 , 1,0,15,0,S, 	(30-MAY-2025 15:48:15)
2,23 , 1,0,15,0,S, 	(30-MAY-2025 15:48:15)
2,23 , 1,0,15,0,S, 	(30-MAY-2025 15:48:15)
2,23 , 1,0,15,0,S, 	(30-MAY-2025 15:48:15)
2,23 , 1,0,15,0,S, 	(30-MAY-2025 15:48:15)
2,23 , 1,0,15,0,S, 	(30-MAY-2025 15:48:15)
2,23 , 1,0,15,0,S, 	(30-MAY-2025 15:48:15)
2,23 , 1,0,15,0,S, 	(30-MAY-2025 15:48:15)
2,23 , 1,0,15,0,S, 	(30-MAY-2025 15:48:15)
2,23 , 1,0,15,0,S, 	(30-MAY-2025 15:48:15)
2,23 , 1,0,15,0,S, 	(30-MAY-2025 15:48:15)
2,23 , 1,0,15,0,S, 	(30-MAY-2025 15:48:15)
2,23 , 1,0,15,0,S, 	(30-MAY-2025 15:48:15)
2,23 , 1,0,15,0,S, 	(30-MAY-2025 15:48:15)
2,23 , 1,0,15,0,S, 	(30-MAY-2025 15:48:15)
2,23 , 1,0,15,0,S, 	(30-MAY-2025 15:48:15)
2,23 , 1,0,15,0,S, 	(30-MAY-2025 15:48:15)
2,23 , 1,0,15,0,S, 	(30-MAY-2025 15:48:15)
2,23 , 1,0,15,0,S, 	(30-MAY-2025 15:48:15)
2,23 , 1,0,15,0,S, 	(30-MAY-2025 15:48:15)
2,23 , 1,0,15,0,S, 	(30-MAY-2025 15:48:15)
2,23 , 1,0,15,0,S, 	(30-MAY-2025 15:48:15)
2,23 , 1,0,15,0,S, 	(30-MAY-2025 15:48:15)
2,23 , 1,0,15,0,S, 	(30-MAY-2025 15:48:15)
2,23 , 1,0,15,0,S, 	(30-MAY-2025 15:48:15)
2,23 , 1,0,15,0,S, 	(30-MAY-2025 15:48:15)
2,23 , 1,0,15,0,S, 	(30-MAY-2025 15:48:15)
2,23 , 1,0,15,0,S, 	(30-MAY-2025 15:48:15)
2,23 , 1,0,15,0,S, 	(30-MAY-2025 15:48:15)
2,23 , 1,0,15,0,S, 	(30-MAY-2025 15:48:15)
2,23 , 1,0,15,0,S, 	(30-MAY-2025 15:48:15)
2,23 , 1,0,15,0,S, 	(30-MAY-2025 15:48:15)
2,23 , 1,0,15,0,S, 	(30-MAY-2025 15:48:15)
2,23 , 1,0,15,0,S, 	(30-MAY-2025 15:48:15)
2,23 , 1,0,15,0,S, 	(30-MAY-2025 15:48:15)
2,23 , 1,0,15,0,S, 	(30-MAY-2025 15:48:15)
2,23 , 1,0,15,0,S, 	(30-MAY-2025 15:48:15)
2,23 , 1,0,15,0,S, 	(30-MAY-2025 15:48:15)
2,23 , 1,0,15,0,S, 	(30-MAY-2025 15:48:15)
2,23 , 1,0,15,0,S, 	(30-MAY-2025 15:48:15)
2,23 , 1,0,15,0,S, 	(30-MAY-2025 15:48:15)
2,23 , 1,0,15,0,S, 	(30-MAY-2025 15:48:15)
2,23 , 1,0,15,0,S, 	(30-MAY-2025 15:48:15)
2,23 , 1,0,15,0,S, 	(30-MAY-2025 15:48:15)
2,23 , 1,0,15,0,S, 	(30-MAY-2025 15:48:15)
2,23 , 1,0,15,0,S, 	(30-MAY-2025 15:48:15)
2,23 , 1,0,15,0,S, 	(30-MAY-2025 15:48:15)
2,23 , 1,0,15,0,S, 	(30-MAY-2025 15:48:15)
2,23 , 1,0,15,0,S, 	(30-MAY-2025 15:48:15)
2,23 , 1,0,15,0,S, 	(30-MAY-2025 15:48:15)
2,23 , 1,0,15,0,S, 	(30-MAY-2025 15:48:15)
2,23 , 1,0,15,0,S, 	(30-MAY-2025 15:48:15)
2,23 , 1,0,15,0,S, 	(30-MAY-2025 15:48:15)
2,23 , 1,0,15,0,S, 	(30-MAY-2025 15:48:15)
2,23 , 1,0,15,0,S, 	(30-MAY-2025 15:48:15)
2,23 , 1,0,15,0,S, 	(30-MAY-2025 15:48:15)
2,23 , 1,0,15,0,S, 	(30-MAY-2025 15:48:15)
2,23 , 1,0,15,0,S, 	(30-MAY-2025 15:48:15)
2,23 , 1,0,15,0,S, 	(30-MAY-2025 15:48:15)
2,23 , 1,0,15,0,S, 	(30-MAY-2025 15:48:15)
2,23 , 1,0,15,0,S, 	(30-MAY-2025 15:48:15)
2,23 , 1,0,15,0,S, 	(30-MAY-2025 15:48:15)
2,23 , 1,0,15,0,S, 	(30-MAY-2025 15:48:15)
2,23 , 1,0,15,0,S, 	(30-MAY-2025 15:48:15)
2,23 , 1,0,15,0,S, 	(30-MAY-2025 15:48:15)
2,23 , 1,0,15,0,S, 	(30-MAY-2025 15:48:15)
2,23 , 1,0,15,0,S, 	(30-MAY-2025 15:48:15)
2,23 , 1,0,15,0,S, 	(30-MAY-2025 15:48:15)
2,23 , 1,0,15,0,S, 	(30-MAY-2025 15:48:15)
2,23 , 1,0,15,0,S, 	(30-MAY-2025 15:48:15)
2,23 , 1,0,15,0,S, 	(30-MAY-2025 15:48:15)
2,23 , 1,0,15,0,S, 	(30-MAY-2025 15:48:15)
2,23 , 1,0,15,0,S, 	(30-MAY-2025 15:48:15)
2,23 , 1,0,15,0,S, 	(30-MAY-2025 15:48:15)
2,23 , 1,0,15,0,S, 	(30-MAY-2025 15:48:15)
2,23 , 1,0,15,0,S, 	(30-MAY-2025 15:48:15)
2,23 , 1,0,15,0,S, 	(30-MAY-2025 15:48:15)
2,23 , 1,0,15,0,S, 	(30-MAY-2025 15:48:15)
2,23 , 1,0,15,0,S, 	(30-MAY-2025 15:48:15)
2,23 , 1,0,15,0,S, 	(30-MAY-2025 15:48:15)
2,23 , 1,0,15,0,S, 	(30-MAY-2025 15:48:15)
2,23 , 1,0,15,0,S, 	(30-MAY-2025 15:48:15)
2,23 , 1,0,15,0,S, 	(30-MAY-2025 15:48:15)
2,23 , 1,0,15,0,S, 	(30-MAY-2025 15:48:15)
2,23 , 1,0,15,0,S, 	(30-MAY-2025 15:48:15)
2,23 , 1,0,15,0,S, 	(30-MAY-2025 15:48:15)
2,23 , 1,0,15,0,S, 	(30-MAY-2025 15:48:15)
2,23 , 1,0,15,0,S, 	(30-MAY-2025 15:48:15)
2,23 , 1,0,15,0,S, 	(30-MAY-2025 15:48:15)
2,23 , 1,0,15,0,S, 	(30-MAY-2025 15:48:15)
2,23 , 1,0,15,0,S, 	(30-MAY-2025 15:48:15)
2,23 , 1,0,15,0,S, 	(30-MAY-2025 15:48:15)
2,23 , 1,0,15,0,S, 	(30-MAY-2025 15:48:15)
2,23 , 1,0,15,0,S, 	(30-MAY-2025 15:48:15)
2,23 , 1,0,15,0,S, 	(30-MAY-2025 15:48:15)
2,23 , 1,0,15,0,S, 	(30-MAY-2025 15:48:15)
2,23 , 1,0,15,0,S, 	(30-MAY-2025 15:48:15)
2,23 , 1,0,15,0,S, 	(30-MAY-2025 15:48:15)
2,23 , 1,0,15,0,S, 	(30-MAY-2025 15:48:15)
2,23 , 1,0,15,0,S, 	(30-MAY-2025 15:48:15)
2,23 , 1,0,15,0,S, 	(30-MAY-2025 15:48:15)
2,23 , 1,0,15,0,S, 	(30-MAY-2025 15:48:15)
2,23 , 1,0,15,0,S, 	(30-MAY-2025 15:48:15)
2,23 , 1,0,15,0,S, 	(30-MAY-2025 15:48:15)
2,23 , 1,0,15,0,S, 	(30-MAY-2025 15:48:15)
2,23 , 1,0,15,0,S, 	(30-MAY-2025 15:48:15)
2,23 , 1,0,15,0,S, 	(30-MAY-2025 15:48:15)
2,23 , 1,0,15,0,S, 	(30-MAY-2025 15:48:15)
2,23 , 1,0,15,0,S, 	(30-MAY-2025 15:48:15)
2,23 , 1,0,15,0,S, 	(30-MAY-2025 15:48:15)
2,23 , 1,0,15,0,S, 	(30-MAY-2025 15:48:15)
2,23 , 1,0,15,0,S, 	(30-MAY-2025 15:48:15)
2,23 , 1,0,15,0,S, 	(30-MAY-2025 15:48:15)
2,23 , 1,0,15,0,S, 	(30-MAY-2025 15:48:15)
2,23 , 1,0,15,0,S, 	(30-MAY-2025 15:48:15)
2,23 , 1,0,15,0,S, 	(30-MAY-2025 15:48:15)
2,23 , 1,0,15,0,S, 	(30-MAY-2025 15:48:15)
2,23 , 1,0,15,0,S, 	(30-MAY-2025 15:48:15)
2,23 , 1,0,15,0,S, 	(30-MAY-2025 15:48:15)
2,23 , 1,0,15,0,S, 	(30-MAY-2025 15:48:15)
2,23 , 1,0,15,0,S, 	(30-MAY-2025 15:48:15)
2,23 , 1,0,15,0,S, 	(30-MAY-2025 15:48:15)
2,23 , 1,0,15,0,S, 	(30-MAY-2025 15:48:15)
2,23 , 1,0,15,0,S, 	(30-MAY-2025 15:48:15)
2,23 , 1,0,15,0,S, 	(30-MAY-2025 15:48:15)
2,23 , 1,0,15,0,S, 	(30-MAY-2025 15:48:15)
2,23 , 1,0,15,0,S, 	(30-MAY-2025 15:48:15)
2,23 , 1,0,15,0,S, 	(30-MAY-2025 15:48:15)
2,23 , 1,0,15,0,S, 	(30-MAY-2025 15:48:15)
2,23 , 1,0,15,0,S, 	(30-MAY-2025 15:48:15)
2,23 , 1,0,15,0,S, 	(30-MAY-2025 15:48:15)
2,23 , 1,0,15,0,S, 	(30-MAY-2025 15:48:15)
2,23 , 1,0,15,0,S, 	(30-MAY-2025 15:48:15)
2,23 , 1,0,15,0,S, 	(30-MAY-2025 15:48:15)
2,23 , 1,0,15,0,S, 	(30-MAY-2025 15:48:15)
2,23 , 1,0,15,0,S, 	(30-MAY-2025 15:48:15)
2,23 , 1,0,15,0,S, 	(30-MAY-2025 15:48:15)
2,23 , 1,0,15,0,S, 	(30-MAY-2025 15:48:15)
2,23 , 1,0,15,0,S, 	(30-MAY-2025 15:48:15)
2,23 , 1,0,15,0,S, 	(30-MAY-2025 15:48:15)
2,23 , 1,0,15,0,S, 	(30-MAY-2025 15:48:15)
2,23 , 1,0,15,0,S, 	(30-MAY-2025 15:48:15)
2,23 , 1,0,15,0,S, 	(30-MAY-2025 15:48:15)
2,23 , 1,0,15,0,S, 	(30-MAY-2025 15:48:15)
2,23 , 1,0,15,0,S, 	(30-MAY-2025 15:48:15)
2,23 , 1,0,15,0,S, 	(30-MAY-2025 15:48:15)
2,23 , 1,0,15,0,S, 	(30-MAY-2025 15:48:15)
2,23 , 1,0,15,0,S, 	(30-MAY-2025 15:48:15)
2,23 , 1,0,15,0,S, 	(30-MAY-2025 15:48:15)
2,23 , 1,0,15,0,S, 	(30-MAY-2025 15:48:15)
2,23 , 1,0,15,0,S, 	(30-MAY-2025 15:48:15)
2,23 , 1,0,15,0,S, 	(30-MAY-2025 15:48:15)
2,23 , 1,0,15,0,S, 	(30-MAY-2025 15:48:15)
2,23 , 1,0,15,0,S, 	(30-MAY-2025 15:48:15)
2,23 , 1,0,15,0,S, 	(30-MAY-2025 15:48:15)
2,23 , 1,0,15,0,S, 	(30-MAY-2025 15:48:15)
2,23 , 1,0,15,0,S, 	(30-MAY-2025 15:48:15)
2,23 , 1,0,15,0,S, 	(30-MAY-2025 15:48:15)
2,23 , 1,0,15,0,S, 	(30-MAY-2025 15:48:15)
2,23 , 1,0,15,0,S, 	(30-MAY-2025 15:48:15)
2,23 , 1,0,15,0,S, 	(30-MAY-2025 15:48:15)
2,23 , 1,0,15,0,S, 	(30-MAY-2025 15:48:15)
2,23 , 1,0,15,0,S, 	(30-MAY-2025 15:48:15)
2,23 , 1,0,15,0,S, 	(30-MAY-2025 15:48:15)
2,23 , 1,0,15,0,S, 	(30-MAY-2025 15:48:15)
2,23 , 1,0,15,0,S, 	(30-MAY-2025 15:48:15)
2,23 , 1,0,15,0,S, 	(30-MAY-2025 15:48:15)
2,23 , 1,0,15,0,S, 	(30-MAY-2025 15:48:15)
2,23 , 1,0,15,0,S, 	(30-MAY-2025 15:48:15)
2,23 , 1,0,15,0,S, 	(30-MAY-2025 15:48:15)
2,23 , 1,0,15,0,S, 	(30-MAY-2025 15:48:15)
2,23 , 1,0,15,0,S, 	(30-MAY-2025 15:48:15)
2,23 , 1,0,15,0,S, 	(30-MAY-2025 15:48:15)
2,23 , 1,0,15,0,S, 	(30-MAY-2025 15:48:15)
2,23 , 1,0,15,0,S, 	(30-MAY-2025 15:48:15)
2,23 , 1,0,15,0,S, 	(30-MAY-2025 15:48:15)
2,23 , 1,0,15,0,S, 	(30-MAY-2025 15:48:15)
2,23 , 1,0,15,0,S, 	(30-MAY-2025 15:48:15)
2,23 , 1,0,15,0,S, 	(30-MAY-2025 15:48:15)
2,23 , 1,0,15,0,S, 	(30-MAY-2025 15:48:15)
2,23 , 1,0,15,0,S, 	(30-MAY-2025 15:48:15)
2,23 , 1,0,15,0,S, 	(30-MAY-2025 15:48:15)
2,23 , 1,0,15,0,S, 	(30-MAY-2025 15:48:15)
2,23 , 1,0,15,0,S, 	(30-MAY-2025 15:48:15)
2,23 , 1,0,15,0,S, 	(30-MAY-2025 15:48:15)
2,23 , 1,0,15,0,S, 	(30-MAY-2025 15:48:15)
2,23 , 1,0,15,0,S, 	(30-MAY-2025 15:48:15)
2,23 , 1,0,15,0,S, 	(30-MAY-2025 15:48:15)
2,23 , 1,0,15,0,S, 	(30-MAY-2025 15:48:15)
2,23 , 1,0,15,0,S, 	(30-MAY-2025 15:48:15)
2,23 , 1,0,15,0,S, 	(30-MAY-2025 15:48:15)
2,23 , 1,0,15,0,S, 	(30-MAY-2025 15:48:15)
2,23 , 1,0,15,0,S, 	(30-MAY-2025 15:48:15)
2,23 , 1,0,15,0,S, 	(30-MAY-2025 15:48:15)
2,23 , 1,0,15,0,S, 	(30-MAY-2025 15:48:15)
2,23 , 1,0,15,0,S, 	(30-MAY-2025 15:48:15)
2,23 , 1,0,15,0,S, 	(30-MAY-2025 15:48:15)
2,23 , 1,0,15,0,S, 	(30-MAY-2025 15:48:15)
2,23 , 1,0,15,0,S, 	(30-MAY-2025 15:48:15)
2,23 , 1,0,15,0,S, 	(30-MAY-2025 15:48:15)
2,23 , 1,0,15,0,S, 	(30-MAY-2025 15:48:15)
2,23 , 1,0,15,0,S, 	(30-MAY-2025 15:48:15)
2,23 , 1,0,15,0,S, 	(30-MAY-2025 15:48:15)
2,23 , 1,0,15,0,S, 	(30-MAY-2025 15:48:15)
2,23 , 1,0,15,0,S, 	(30-MAY-2025 15:48:15)
2,23 , 1,0,15,0,S, 	(30-MAY-2025 15:48:15)
2,23 , 1,0,15,0,S, 	(30-MAY-2025 15:48:15)
2,23 , 1,0,15,0,S, 	(30-MAY-2025 15:48:15)
2,23 , 1,0,15,0,S, 	(30-MAY-2025 15:48:15)
2,23 , 1,0,15,0,S, 	(30-MAY-2025 15:48:15)
2,23 , 1,0,15,0,S, 	(30-MAY-2025 15:48:15)
2,23 , 1,0,15,0,S, 	(30-MAY-2025 15:48:15)
2,23 , 1,0,15,0,S, 	(30-MAY-2025 15:48:15)
2,23 , 1,0,15,0,S, 	(30-MAY-2025 15:48:15)
2,23 , 1,0,15,0,S, 	(30-MAY-2025 15:48:15)
2,23 , 1,0,15,0,S, 	(30-MAY-2025 15:48:15)
2,23 , 1,0,15,0,S, 	(30-MAY-2025 15:48:15)
2,23 , 1,0,15,0,S, 	(30-MAY-2025 15:48:15)
2,23 , 1,0,15,0,S, 	(30-MAY-2025 15:48:15)
2,23 , 1,0,15,0,S, 	(30-MAY-2025 15:48:15)
2,23 , 1,0,15,0,S, 	(30-MAY-2025 15:48:15)
2,23 , 1,0,15,0,S, 	(30-MAY-2025 15:48:15)
2,23 , 1,0,15,0,S, 	(30-MAY-2025 15:48:15)
2,23 , 1,0,15,0,S, 	(30-MAY-2025 15:48:15)
2,23 , 1,0,15,0,S, 	(30-MAY-2025 15:48:15)
2,23 , 1,0,15,0,S, 	(30-MAY-2025 15:48:15)
2,23 , 1,0,15,0,S, 	(30-MAY-2025 15:48:15)
2,23 , 1,0,15,0,S, 	(30-MAY-2025 15:48:15)
2,23 , 1,0,15,0,S, 	(30-MAY-2025 15:48:15)
2,23 , 1,0,15,0,S, 	(30-MAY-2025 15:48:15)
2,23 , 1,0,15,0,S, 	(30-MAY-2025 15:48:15)
2,23 , 1,0,15,0,S, 	(30-MAY-2025 15:48:15)
2,23 , 1,0,15,0,S, 	(30-MAY-2025 15:48:15)
2,23 , 1,0,15,0,S, 	(30-MAY-2025 15:48:15)
2,23 , 1,0,15,0,S, 	(30-MAY-2025 15:48:15)
2,23 , 1,0,15,0,S, 	(30-MAY-2025 15:48:15)
2,23 , 1,0,15,0,S, 	(30-MAY-2025 15:48:15)
2,23 , 1,0,15,0,S, 	(30-MAY-2025 15:48:15)
2,23 , 1,0,15,0,S, 	(30-MAY-2025 15:48:15)
2,23 , 1,0,15,0,S, 	(30-MAY-2025 15:48:15)
2,23 , 1,0,15,0,S, 	(30-MAY-2025 15:48:15)
2,23 , 1,0,15,0,S, 	(30-MAY-2025 15:48:15)
2,23 , 1,0,15,0,S, 	(30-MAY-2025 15:48:15)
2,23 , 1,0,15,0,S, 	(30-MAY-2025 15:48:15)
2,23 , 1,0,15,0,S, 	(30-MAY-2025 15:48:15)
2,23 , 1,0,15,0,S, 	(30-MAY-2025 15:48:15)
2,23 , 1,0,15,0,S, 	(30-MAY-2025 15:48:15)
2,23 , 1,0,15,0,S, 	(30-MAY-2025 15:48:15)
2,23 , 1,0,15,0,S, 	(30-MAY-2025 15:48:15)
2,23 , 1,0,15,0,S, 	(30-MAY-2025 15:48:15)
2,23 , 1,0,15,0,S, 	(30-MAY-2025 15:48:15)
2,23 , 1,0,15,0,S, 	(30-MAY-2025 15:48:15)
2,23 , 1,0,15,0,S, 	(30-MAY-2025 15:48:15)
2,23 , 1,0,15,0,S, 	(30-MAY-2025 15:48:15)
2,23 , 1,0,15,0,S, 	(30-MAY-2025 15:48:15)
2,23 , 1,0,15,0,S, 	(30-MAY-2025 15:48:15)
2,23 , 1,0,15,0,S, 	(30-MAY-2025 15:48:15)
2,23 , 1,0,15,0,S, 	(30-MAY-2025 15:48:15)
2,23 , 1,0,15,0,S, 	(30-MAY-2025 15:48:15)
2,23 , 1,0,15,0,S, 	(30-MAY-2025 15:48:15)
2,23 , 1,0,15,0,S, 	(30-MAY-2025 15:48:15)
2,23 , 1,0,15,0,S, 	(30-MAY-2025 15:48:15)
2,23 , 1,0,15,0,S, 	(30-MAY-2025 15:48:15)
2,23 , 1,0,15,0,S, 	(30-MAY-2025 15:48:15)
2,23 , 1,0,15,0,S, 	(30-MAY-2025 15:48:15)
2,23 , 1,0,15,0,S, 	(30-MAY-2025 15:48:15)
2,23 , 1,0,15,0,S, 	(30-MAY-2025 15:48:15)
2,23 , 1,0,15,0,S, 	(30-MAY-2025 15:48:15)
2,23 , 1,0,15,0,S, 	(30-MAY-2025 15:48:15)
2,23 , 1,0,15,0,S, 	(30-MAY-2025 15:48:15)
2,23 , 1,0,15,0,S, 	(30-MAY-2025 15:48:15)
2,23 , 1,0,15,0,S, 	(30-MAY-2025 15:48:15)
2,23 , 1,0,15,0,S, 	(30-MAY-2025 15:48:15)
2,23 , 1,0,15,0,S, 	(30-MAY-2025 15:48:15)
2,23 , 1,0,15,0,S, 	(30-MAY-2025 15:48:15)
2,23 , 1,0,15,0,S, 	(30-MAY-2025 15:48:15)
2,23 , 1,0,15,0,S, 	(30-MAY-2025 15:48:15)
2,23 , 1,0,15,0,S, 	(30-MAY-2025 15:48:15)
2,23 , 1,0,15,0,S, 	(30-MAY-2025 15:48:15)
2,23 , 1,0,15,0,S, 	(30-MAY-2025 15:48:15)
2,23 , 1,0,15,0,S, 	(30-MAY-2025 15:48:15)
2,23 , 1,0,15,0,S, 	(30-MAY-2025 15:48:15)
2,23 , 1,0,15,0,S, 	(30-MAY-2025 15:48:15)
2,23 , 1,0,15,0,S, 	(30-MAY-2025 15:48:15)
2,23 , 1,0,15,0,S, 	(30-MAY-2025 15:48:15)
2,23 , 1,0,15,0,S, 	(30-MAY-2025 15:48:15)
2,23 , 1,0,15,0,S, 	(30-MAY-2025 15:48:15)
2,23 , 1,0,15,0,S, 	(30-MAY-2025 15:48:15)
2,23 , 1,0,15,0,S, 	(30-MAY-2025 15:48:15)
2,23 , 1,0,15,0,S, 	(30-MAY-2025 15:48:15)
2,23 , 1,0,15,0,S, 	(30-MAY-2025 15:48:15)
2,23 , 1,0,15,0,S, 	(30-MAY-2025 15:48:15)
2,23 , 1,0,15,0,S, 	(30-MAY-2025 15:48:15)
2,23 , 1,0,15,0,S, 	(30-MAY-2025 15:48:15)
2,23 , 1,0,15,0,S, 	(30-MAY-2025 15:48:15)
2,23 , 1,0,15,0,S, 	(30-MAY-2025 15:48:15)
2,23 , 1,0,15,0,S, 	(30-MAY-2025 15:48:15)
2,23 , 1,0,15,0,S, 	(30-MAY-2025 15:48:15)
2,23 , 1,0,15,0,S, 	(30-MAY-2025 15:48:15)
2,23 , 1,0,15,0,S, 	(30-MAY-2025 15:48:15)
2,23 , 1,0,15,0,S, 	(30-MAY-2025 15:48:15)
2,23 , 1,0,15,0,S, 	(30-MAY-2025 15:48:15)
2,23 , 1,0,15,0,S, 	(30-MAY-2025 15:48:15)
2,23 , 1,0,15,0,S, 	(30-MAY-2025 15:48:15)
2,23 , 1,0,15,0,S, 	(30-MAY-2025 15:48:15)
2,23 , 1,0,15,0,S, 	(30-MAY-2025 15:48:15)
2,23 , 1,0,15,0,S, 	(30-MAY-2025 15:48:15)
2,23 , 1,0,15,0,S, 	(30-MAY-2025 15:48:15)
2,23 , 1,0,15,0,S, 	(30-MAY-2025 15:48:15)
2,23 , 1,0,15,0,S, 	(30-MAY-2025 15:48:15)
2,23 , 1,0,15,0,S, 	(30-MAY-2025 15:48:15)
2,23 , 1,0,15,0,S, 	(30-MAY-2025 15:48:15)
2,23 , 1,0,15,0,S, 	(30-MAY-2025 15:48:15)
2,23 , 1,0,15,0,S, 	(30-MAY-2025 15:48:15)
2,23 , 1,0,15,0,S, 	(30-MAY-2025 15:48:15)
2,23 , 1,0,15,0,S, 	(30-MAY-2025 15:48:15)
2,23 , 1,0,15,0,S, 	(30-MAY-2025 15:48:15)
2,23 , 1,0,15,0,S, 	(30-MAY-2025 15:48:15)
2,23 , 1,0,15,0,S, 	(30-MAY-2025 15:48:15)
2,23 , 1,0,15,0,S, 	(30-MAY-2025 15:48:15)
2,23 , 1,0,15,0,S, 	(30-MAY-2025 15:48:15)
2,23 , 1,0,15,0,S, 	(30-MAY-2025 15:48:15)
2,23 , 1,0,15,0,S, 	(30-MAY-2025 15:48:15)
2,23 , 1,0,15,0,S, 	(30-MAY-2025 15:48:15)
2,23 , 1,0,15,0,S, 	(30-MAY-2025 15:48:15)
2,23 , 1,0,15,0,S, 	(30-MAY-2025 15:48:15)
2,23 , 1,0,15,0,S, 	(30-MAY-2025 15:48:15)
2,23 , 1,0,15,0,S, 	(30-MAY-2025 15:48:15)
2,23 , 1,0,15,0,S, 	(30-MAY-2025 15:48:15)
2,23 , 1,0,15,0,S, 	(30-MAY-2025 15:48:15)
2,23 , 1,0,15,0,S, 	(30-MAY-2025 15:48:15)
2,23 , 1,0,15,0,S, 	(30-MAY-2025 15:48:15)
2,23 , 1,0,15,0,S, 	(30-MAY-2025 15:48:15)
2,23 , 1,0,15,0,S, 	(30-MAY-2025 15:48:15)
2,23 , 1,0,15,0,S, 	(30-MAY-2025 15:48:15)
2,23 , 1,0,15,0,S, 	(30-MAY-2025 15:48:15)
2,23 , 1,0,15,0,S, 	(30-MAY-2025 15:48:15)
2,23 , 1,0,15,0,S, 	(30-MAY-2025 15:48:15)
2,23 , 1,0,15,0,S, 	(30-MAY-2025 15:48:15)
2,23 , 1,0,15,0,S, 	(30-MAY-2025 15:48:15)
2,23 , 1,0,15,0,S, 	(30-MAY-2025 15:48:15)
2,23 , 1,0,15,0,S, 	(30-MAY-2025 15:48:15)
2,23 , 1,0,15,0,S, 	(30-MAY-2025 15:48:15)
2,23 , 1,0,15,0,S, 	(30-MAY-2025 15:48:15)
2,23 , 1,0,15,0,S, 	(30-MAY-2025 15:48:15)
2,23 , 1,0,15,0,S, 	(30-MAY-2025 15:48:15)
2,23 , 1,0,15,0,S, 	(30-MAY-2025 15:48:15)
2,23 , 1,0,15,0,S, 	(30-MAY-2025 15:48:15)
2,23 , 1,0,15,0,S, 	(30-MAY-2025 15:48:15)
2,23 , 1,0,15,0,S, 	(30-MAY-2025 15:48:15)
2,23 , 1,0,15,0,S, 	(30-MAY-2025 15:48:15)
2,23 , 1,0,15,0,S, 	(30-MAY-2025 15:48:15)
2,23 , 1,0,15,0,S, 	(30-MAY-2025 15:48:15)
2,23 , 1,0,15,0,S, 	(30-MAY-2025 15:48:15)
2,23 , 1,0,15,0,S, 	(30-MAY-2025 15:48:15)
2,23 , 1,0,15,0,S, 	(30-MAY-2025 15:48:15)
2,23 , 1,0,15,0,S, 	(30-MAY-2025 15:48:15)
2,23 , 1,0,15,0,S, 	(30-MAY-2025 15:48:15)
2,23 , 1,0,15,0,S, 	(30-MAY-2025 15:48:15)
2,23 , 1,0,15,0,S, 	(30-MAY-2025 15:48:15)
2,23 , 1,0,15,0,S, 	(30-MAY-2025 15:48:15)
2,23 , 1,0,15,0,S, 	(30-MAY-2025 15:48:15)
2,23 , 1,0,15,0,S, 	(30-MAY-2025 15:48:15)
2,23 , 1,0,15,0,S, 	(30-MAY-2025 15:48:15)
2,23 , 1,0,15,0,S, 	(30-MAY-2025 15:48:15)
2,23 , 1,0,15,0,S, 	(30-MAY-2025 15:48:15)
2,23 , 1,0,15,0,S, 	(30-MAY-2025 15:48:15)
2,23 , 1,0,15,0,S, 	(30-MAY-2025 15:48:15)
2,23 , 1,0,15,0,S, 	(30-MAY-2025 15:48:15)
2,23 , 1,0,15,0,S, 	(30-MAY-2025 15:48:15)
2,23 , 1,0,15,0,S, 	(30-MAY-2025 15:48:15)
2,23 , 1,0,15,0,S, 	(30-MAY-2025 15:48:15)
2,23 , 1,0,15,0,S, 	(30-MAY-2025 15:48:15)
2,23 , 1,0,15,0,S, 	(30-MAY-2025 15:48:15)
2,23 , 1,0,15,0,S, 	(30-MAY-2025 15:48:15)
2,23 , 1,0,15,0,S, 	(30-MAY-2025 15:48:15)
2,23 , 1,0,15,0,S, 	(30-MAY-2025 15:48:15)
2,23 , 1,0,15,0,S, 	(30-MAY-2025 15:48:15)
2,23 , 1,0,15,0,S, 	(30-MAY-2025 15:48:15)
2,23 , 1,0,15,0,S, 	(30-MAY-2025 15:48:15)
2,23 , 1,0,15,0,S, 	(30-MAY-2025 15:48:15)
2,23 , 1,0,15,0,S, 	(30-MAY-2025 15:48:15)
2,23 , 1,0,15,0,S, 	(30-MAY-2025 15:48:15)
2,23 , 1,0,15,0,S, 	(30-MAY-2025 15:48:15)
2,23 , 1,0,15,0,S, 	(30-MAY-2025 15:48:15)
2,23 , 1,0,15,0,S, 	(30-MAY-2025 15:48:15)
2,23 , 1,0,15,0,S, 	(30-MAY-2025 15:48:15)
2,23 , 1,0,15,0,S, 	(30-MAY-2025 15:48:15)
2,23 , 1,0,15,0,S, 	(30-MAY-2025 15:48:15)
2,23 , 1,0,15,0,S, 	(30-MAY-2025 15:48:15)
2,23 , 1,0,15,0,S, 	(30-MAY-2025 15:48:15)
2,23 , 1,0,15,0,S, 	(30-MAY-2025 15:48:15)
2,23 , 1,0,15,0,S, 	(30-MAY-2025 15:48:15)
2,23 , 1,0,15,0,S, 	(30-MAY-2025 15:48:15)
2,23 , 1,0,15,0,S, 	(30-MAY-2025 15:48:15)
2,23 , 1,0,15,0,S, 	(30-MAY-2025 15:48:15)
2,23 , 1,0,15,0,S, 	(30-MAY-2025 15:48:15)
2,23 , 1,0,15,0,S, 	(30-MAY-2025 15:48:15)
2,23 , 1,0,15,0,S, 	(30-MAY-2025 15:48:15)
2,23 , 1,0,15,0,S, 	(30-MAY-2025 15:48:15)
2,23 , 1,0,15,0,S, 	(30-MAY-2025 15:48:15)
2,23 , 1,0,15,0,S, 	(30-MAY-2025 15:48:15)
2,23 , 1,0,15,0,S, 	(30-MAY-2025 15:48:15)
2,23 , 1,0,15,0,S, 	(30-MAY-2025 15:48:15)
2,23 , 1,0,15,0,S, 	(30-MAY-2025 15:48:15)
2,23 , 1,0,15,0,S, 	(30-MAY-2025 15:48:15)
2,23 , 1,0,15,0,S, 	(30-MAY-2025 15:48:15)
2,23 , 1,0,15,0,S, 	(30-MAY-2025 15:48:15)
2,23 , 1,0,15,0,S, 	(30-MAY-2025 15:48:15)
2,23 , 1,0,15,0,S, 	(30-MAY-2025 15:48:15)
2,23 , 1,0,15,0,S, 	(30-MAY-2025 15:48:15)
2,23 , 1,0,15,0,S, 	(30-MAY-2025 15:48:15)
2,23 , 1,0,15,0,S, 	(30-MAY-2025 15:48:15)
2,23 , 1,0,15,0,S, 	(30-MAY-2025 15:48:15)	 (Not Inserted)
2,23 , 1,0,15,0,S, 	(30-MAY-2025 15:48:15)	 (Not Inserted)
2,23 , 1,0,15,0,S, 	(30-MAY-2025 15:48:15)	 (Not Inserted)
2,23 , 1,0,15,0,S, 	(30-MAY-2025 15:48:15)	 (Not Inserted)
2,23 , 1,0,15,0,S, 	(30-MAY-2025 15:48:15)	 (Not Inserted)
2,23 , 1,0,15,0,S, 	(30-MAY-2025 15:48:15)	 (Not Inserted)
2,23 , 1,0,15,0,S, 	(30-MAY-2025 15:48:15)	 (Not Inserted)
2,23 , 1,0,15,0,S, 	(30-MAY-2025 15:48:15)	 (Not Inserted)
2,23 , 1,0,15,0,S, 	(30-MAY-2025 15:48:15)	 (Not Inserted)
2,23 , 1,0,15,0,S, 	(30-MAY-2025 15:48:15)	 (Not Inserted)
2,23 , 1,0,15,0,S, 	(30-MAY-2025 15:48:15)	 (Not Inserted)
2,23 , 1,0,15,0,S, 	(30-MAY-2025 15:48:15)	 (Not Inserted)
2,23 , 1,0,15,0,S, 	(30-MAY-2025 15:48:15)	 (Not Inserted)
2,23 , 1,0,15,0,S, 	(30-MAY-2025 15:48:15)	 (Not Inserted)
2,23 , 1,0,15,0,S, 	(30-MAY-2025 15:48:15)	 (Not Inserted)
2,23 , 1,0,15,0,S, 	(30-MAY-2025 15:48:15)	 (Not Inserted)
2,23 , 1,0,15,0,S, 	(30-MAY-2025 15:48:15)	 (Not Inserted)
2,23 , 1,0,15,0,S, 	(30-MAY-2025 15:48:15)	 (Not Inserted)
2,23 , 1,0,15,0,S, 	(30-MAY-2025 15:48:15)	 (Not Inserted)
2,23 , 1,0,15,0,S, 	(30-MAY-2025 15:48:15)	 (Not Inserted)
2,23 , 1,0,15,0,S, 	(30-MAY-2025 15:48:15)	 (Not Inserted)
2,23 , 1,0,15,0,S, 	(30-MAY-2025 15:48:15)	 (Not Inserted)
2,23 , 1,0,15,0,S, 	(30-MAY-2025 15:48:15)	 (Not Inserted)
2,23 , 1,0,15,0,S, 	(30-MAY-2025 15:48:15)	 (Not Inserted)
2,23 , 1,0,15,0,S, 	(30-MAY-2025 15:48:15)	 (Not Inserted)
2,23 , 1,0,15,0,S, 	(30-MAY-2025 15:48:15)	 (Not Inserted)
2,23 , 1,0,15,0,S, 	(30-MAY-2025 15:48:15)	 (Not Inserted)
2,23 , 1,0,15,0,S, 	(30-MAY-2025 15:48:15)	 (Not Inserted)
2,23 , 1,0,15,0,S, 	(30-MAY-2025 15:48:15)	 (Not Inserted)
2,23 , 1,0,15,0,S, 	(30-MAY-2025 15:48:15)	 (Not Inserted)
2,23 , 1,0,15,0,S, 	(30-MAY-2025 15:48:15)	 (Not Inserted)
2,23 , 1,0,15,0,S, 	(30-MAY-2025 15:48:15)	 (Not Inserted)
2,23 , 1,0,15,0,S, 	(30-MAY-2025 15:48:15)	 (Not Inserted)
2,23 , 1,0,15,0,S, 	(30-MAY-2025 15:48:15)	 (Not Inserted)
2,23 , 1,0,15,0,S, 	(30-MAY-2025 15:48:15)	 (Not Inserted)
2,23 , 1,0,15,0,S, 	(30-MAY-2025 15:48:15)	 (Not Inserted)
2,23 , 1,0,15,0,S, 	(30-MAY-2025 15:48:15)	 (Not Inserted)
2,23 , 1,0,15,0,S, 	(30-MAY-2025 15:48:15)	 (Not Inserted)
2,23 , 1,0,15,0,S, 	(30-MAY-2025 15:48:15)	 (Not Inserted)
2,23 , 1,0,15,0,S, 	(30-MAY-2025 15:48:15)	 (Not Inserted)
2,23 , 1,0,15,0,S, 	(30-MAY-2025 15:48:15)	 (Not Inserted)
2,23 , 1,0,15,0,S, 	(30-MAY-2025 15:48:15)	 (Not Inserted)
2,23 , 1,0,15,0,S, 	(30-MAY-2025 15:48:15)	 (Not Inserted)
2,23 , 1,0,15,0,S, 	(30-MAY-2025 15:48:15)	 (Not Inserted)
2,23 , 1,0,15,0,S, 	(30-MAY-2025 15:48:15)	 (Not Inserted)
2,23 , 1,0,15,0,S, 	(30-MAY-2025 15:48:15)	 (Not Inserted)
2,23 , 1,0,15,0,S, 	(30-MAY-2025 15:48:15)	 (Not Inserted)
2,23 , 1,0,15,0,S, 	(30-MAY-2025 15:48:15)	 (Not Inserted)
2,23 , 1,0,15,0,S, 	(30-MAY-2025 15:48:15)	 (Not Inserted)
2,23 , 1,0,15,0,S, 	(30-MAY-2025 15:48:15)	 (Not Inserted)
2,23 , 1,0,15,0,S, 	(30-MAY-2025 15:48:15)	 (Not Inserted)
2,23 , 1,0,15,0,S, 	(30-MAY-2025 15:48:15)	 (Not Inserted)
2,23 , 1,0,15,0,S, 	(30-MAY-2025 15:48:15)	 (Not Inserted)
2,23 , 1,0,15,0,S, 	(30-MAY-2025 15:48:15)	 (Not Inserted)
2,23 , 1,0,15,0,S, 	(30-MAY-2025 15:48:15)	 (Not Inserted)
2,23 , 1,0,15,0,S, 	(30-MAY-2025 15:48:15)	 (Not Inserted)
2,23 , 1,0,15,0,S, 	(30-MAY-2025 15:48:15)	 (Not Inserted)
2,23 , 1,0,15,0,S, 	(30-MAY-2025 15:48:15)	 (Not Inserted)
2,23 , 1,0,15,0,S, 	(30-MAY-2025 15:48:15)	 (Not Inserted)
2,23 , 1,0,15,0,S, 	(30-MAY-2025 15:48:15)	 (Not Inserted)
2,23 , 1,0,15,0,S, 	(30-MAY-2025 15:48:15)	 (Not Inserted)
2,23 , 1,0,15,0,S, 	(30-MAY-2025 15:48:15)	 (Not Inserted)
2,23 , 1,0,15,0,S, 	(30-MAY-2025 15:48:15)	 (Not Inserted)
2,23 , 1,0,15,0,S, 	(30-MAY-2025 15:48:15)	 (Not Inserted)
2,23 , 1,0,15,0,S, 	(30-MAY-2025 15:48:15)	 (Not Inserted)
2,23 , 1,0,15,0,S, 	(30-MAY-2025 15:48:15)	 (Not Inserted)
2,23 , 1,0,15,0,S, 	(30-MAY-2025 15:48:15)	 (Not Inserted)
2,23 , 1,0,15,0,S, 	(30-MAY-2025 15:48:15)	 (Not Inserted)
2,23 , 1,0,15,0,S, 	(30-MAY-2025 15:48:15)	 (Not Inserted)
2,23 , 1,0,15,0,S, 	(30-MAY-2025 15:48:15)	 (Not Inserted)
2,23 , 1,0,15,0,S, 	(30-MAY-2025 15:48:15)	 (Not Inserted)
2,23 , 1,0,15,0,S, 	(30-MAY-2025 15:48:15)	 (Not Inserted)
2,23 , 1,0,15,0,S, 	(30-MAY-2025 15:48:15)	 (Not Inserted)
2,23 , 1,0,15,0,S, 	(30-MAY-2025 15:48:15)	 (Not Inserted)
2,23 , 1,0,15,0,S, 	(30-MAY-2025 15:48:15)	 (Not Inserted)
2,23 , 1,0,15,0,S, 	(30-MAY-2025 15:48:15)	 (Not Inserted)
2,23 , 1,0,15,0,S, 	(30-MAY-2025 15:48:15)	 (Not Inserted)
2,23 , 1,0,15,0,S, 	(30-MAY-2025 15:48:15)	 (Not Inserted)
2,23 , 1,0,15,0,S, 	(30-MAY-2025 15:48:15)	 (Not Inserted)
2,23 , 1,0,15,0,S, 	(30-MAY-2025 15:48:15)	 (Not Inserted)
2,23 , 1,0,15,0,S, 	(30-MAY-2025 15:48:15)	 (Not Inserted)
2,23 , 1,0,15,0,S, 	(30-MAY-2025 15:48:15)	 (Not Inserted)
2,23 , 1,0,15,0,S, 	(30-MAY-2025 15:48:15)	 (Not Inserted)
2,23 , 1,0,15,0,S, 	(30-MAY-2025 15:48:15)	 (Not Inserted)
2,23 , 1,0,15,0,S, 	(30-MAY-2025 15:48:15)	 (Not Inserted)
2,23 , 1,0,15,0,S, 	(30-MAY-2025 15:48:15)	 (Not Inserted)
2,23 , 1,0,15,0,S, 	(30-MAY-2025 15:48:15)	 (Not Inserted)
2,23 , 1,0,15,0,S, 	(30-MAY-2025 15:48:15)	 (Not Inserted)
2,23 , 1,0,15,0,S, 	(30-MAY-2025 15:48:15)	 (Not Inserted)
2,23 , 1,0,15,0,S, 	(30-MAY-2025 15:48:15)	 (Not Inserted)
2,23 , 1,0,15,0,S, 	(30-MAY-2025 15:48:15)	 (Not Inserted)
2,23 , 1,0,15,0,S, 	(30-MAY-2025 15:48:15)	 (Not Inserted)
2,23 , 1,0,15,0,S, 	(30-MAY-2025 15:48:15)	 (Not Inserted)
2,23 , 1,0,15,0,S, 	(30-MAY-2025 15:48:15)	 (Not Inserted)
2,23 , 1,0,15,0,S, 	(30-MAY-2025 15:48:15)	 (Not Inserted)
2,23 , 1,0,15,0,S, 	(30-MAY-2025 15:48:15)	 (Not Inserted)
2,23 , 1,0,15,0,S, 	(30-MAY-2025 15:48:15)	 (Not Inserted)
2,23 , 1,0,15,0,S, 	(30-MAY-2025 15:48:15)	 (Not Inserted)
2,23 , 1,0,15,0,S, 	(30-MAY-2025 15:48:15)	 (Not Inserted)
2,23 , 1,0,15,0,S, 	(30-MAY-2025 15:48:15)	 (Not Inserted)
2,23 , 1,0,15,0,S, 	(30-MAY-2025 15:48:15)	 (Not Inserted)
2,23 , 1,0,15,0,S, 	(30-MAY-2025 15:48:15)	 (Not Inserted)
2,23 , 1,0,15,0,S, 	(30-MAY-2025 15:48:15)	 (Not Inserted)
2,23 , 1,0,15,0,S, 	(30-MAY-2025 15:48:15)	 (Not Inserted)
2,23 , 1,0,15,0,S, 	(30-MAY-2025 15:48:15)	 (Not Inserted)
2,23 , 1,0,15,0,S, 	(30-MAY-2025 15:48:15)	 (Not Inserted)
2,23 , 1,0,15,0,S, 	(30-MAY-2025 15:48:15)	 (Not Inserted)
2,23 , 1,0,15,0,S, 	(30-MAY-2025 15:48:15)	 (Not Inserted)
2,23 , 1,0,15,0,S, 	(30-MAY-2025 15:48:15)	 (Not Inserted)
2,23 , 1,0,15,0,S, 	(30-MAY-2025 15:48:15)	 (Not Inserted)
2,23 , 1,0,15,0,S, 	(30-MAY-2025 15:48:15)	 (Not Inserted)
2,23 , 1,0,15,0,S, 	(30-MAY-2025 15:48:15)	 (Not Inserted)
2,23 , 1,0,15,0,S, 	(30-MAY-2025 15:48:15)	 (Not Inserted)
2,23 , 1,0,15,0,S, 	(30-MAY-2025 15:48:15)	 (Not Inserted)
2,23 , 1,0,15,0,S, 	(30-MAY-2025 15:48:15)	 (Not Inserted)
2,23 , 1,0,15,0,S, 	(30-MAY-2025 15:48:15)	 (Not Inserted)
2,23 , 1,0,15,0,S, 	(30-MAY-2025 15:48:15)	 (Not Inserted)
2,23 , 1,0,15,0,S, 	(30-MAY-2025 15:48:15)	 (Not Inserted)
2,23 , 1,0,15,0,S, 	(30-MAY-2025 15:48:15)	 (Not Inserted)
2,23 , 1,0,15,0,S, 	(30-MAY-2025 15:48:15)	 (Not Inserted)
2,23 , 1,0,15,0,S, 	(30-MAY-2025 15:48:15)	 (Not Inserted)
2,23 , 1,0,15,0,S, 	(30-MAY-2025 15:48:15)	 (Not Inserted)
2,23 , 1,0,15,0,S, 	(30-MAY-2025 15:48:15)	 (Not Inserted)
2,23 , 1,0,15,0,S, 	(30-MAY-2025 15:48:15)	 (Not Inserted)
2,23 , 1,0,15,0,S, 	(30-MAY-2025 15:48:15)	 (Not Inserted)
2,23 , 1,0,15,0,S, 	(30-MAY-2025 15:48:15)	 (Not Inserted)
2,23 , 1,0,15,0,S, 	(30-MAY-2025 15:48:15)	 (Not Inserted)
2,23 , 1,0,15,0,S, 	(30-MAY-2025 15:48:15)	 (Not Inserted)
2,23 , 1,0,15,0,S, 	(30-MAY-2025 15:48:15)	 (Not Inserted)
2,23 , 1,0,15,0,S, 	(30-MAY-2025 15:48:15)	 (Not Inserted)
2,23 , 1,0,15,0,S, 	(30-MAY-2025 15:48:15)	 (Not Inserted)
2,23 , 1,0,15,0,S, 	(30-MAY-2025 15:48:15)	 (Not Inserted)
2,23 , 1,0,15,0,S, 	(30-MAY-2025 15:48:15)	 (Not Inserted)
2,23 , 1,0,15,0,S, 	(30-MAY-2025 15:48:15)	 (Not Inserted)
2,23 , 1,0,15,0,S, 	(30-MAY-2025 15:48:15)	 (Not Inserted)
2,23 , 1,0,15,0,S, 	(30-MAY-2025 15:48:15)	 (Not Inserted)
2,23 , 1,0,15,0,S, 	(30-MAY-2025 15:48:15)	 (Not Inserted)
2,23 , 1,0,15,0,S, 	(30-MAY-2025 15:48:15)	 (Not Inserted)
2,23 , 1,0,15,0,S, 	(30-MAY-2025 15:48:15)	 (Not Inserted)
2,23 , 1,0,15,0,S, 	(30-MAY-2025 15:48:15)	 (Not Inserted)
2,23 , 1,0,15,0,S, 	(30-MAY-2025 15:48:15)	 (Not Inserted)
2,23 , 1,0,15,0,S, 	(30-MAY-2025 15:48:15)	 (Not Inserted)
2,23 , 1,0,15,0,S, 	(30-MAY-2025 15:48:15)	 (Not Inserted)
2,23 , 1,0,15,0,S, 	(30-MAY-2025 15:48:15)	 (Not Inserted)
2,23 , 1,0,15,0,S, 	(30-MAY-2025 15:48:15)	 (Not Inserted)
2,23 , 1,0,15,0,S, 	(30-MAY-2025 15:48:15)	 (Not Inserted)
2,23 , 1,0,15,0,S, 	(30-MAY-2025 15:48:15)	 (Not Inserted)
2,23 , 1,0,15,0,S, 	(30-MAY-2025 15:48:15)	 (Not Inserted)
2,23 , 1,0,15,0,S, 	(30-MAY-2025 15:48:15)	 (Not Inserted)
2,23 , 1,0,15,0,S, 	(30-MAY-2025 15:48:15)	 (Not Inserted)
2,23 , 1,0,15,0,S, 	(30-MAY-2025 15:48:15)	 (Not Inserted)
2,23 , 1,0,15,0,S, 	(30-MAY-2025 15:48:15)	 (Not Inserted)
2,23 , 1,0,15,0,S, 	(30-MAY-2025 15:48:15)	 (Not Inserted)
2,23 , 1,0,15,0,S, 	(30-MAY-2025 15:48:15)	 (Not Inserted)
2,23 , 1,0,15,0,S, 	(30-MAY-2025 15:48:15)	 (Not Inserted)
2,23 , 1,0,15,0,S, 	(30-MAY-2025 15:48:15)	 (Not Inserted)
2,23 , 1,0,15,0,S, 	(30-MAY-2025 15:48:15)	 (Not Inserted)
2,23 , 1,0,15,0,S, 	(30-MAY-2025 15:48:15)	 (Not Inserted)
2,23 , 1,0,15,0,S, 	(30-MAY-2025 15:48:15)	 (Not Inserted)
2,23 , 1,0,15,0,S, 	(30-MAY-2025 15:48:15)	 (Not Inserted)
2,23 , 1,0,15,0,S, 	(30-MAY-2025 15:48:15)	 (Not Inserted)
2,23 , 1,0,15,0,S, 	(30-MAY-2025 15:48:15)	 (Not Inserted)
2,23 , 1,0,15,0,S, 	(30-MAY-2025 15:48:15)	 (Not Inserted)
2,23 , 1,0,15,0,S, 	(30-MAY-2025 15:48:15)	 (Not Inserted)
2,23 , 1,0,15,0,S, 	(30-MAY-2025 15:48:15)	 (Not Inserted)
2,23 , 1,0,15,0,S, 	(30-MAY-2025 15:48:15)	 (Not Inserted)
2,23 , 1,0,15,0,S, 	(30-MAY-2025 15:48:15)	 (Not Inserted)
2,23 , 1,0,15,0,S, 	(30-MAY-2025 15:48:15)	 (Not Inserted)
2,23 , 1,0,15,0,S, 	(30-MAY-2025 15:48:15)	 (Not Inserted)
2,23 , 1,0,15,0,S, 	(30-MAY-2025 15:48:15)	 (Not Inserted)
2,23 , 1,0,15,0,S, 	(30-MAY-2025 15:48:15)	 (Not Inserted)
2,23 , 1,0,15,0,S, 	(30-MAY-2025 15:48:15)	 (Not Inserted)
2,23 , 1,0,15,0,S, 	(30-MAY-2025 15:48:15)	 (Not Inserted)
2,23 , 1,0,15,0,S, 	(30-MAY-2025 15:48:15)	 (Not Inserted)
2,23 , 1,0,15,0,S, 	(30-MAY-2025 15:48:15)	 (Not Inserted)
2,23 , 1,0,15,0,S, 	(30-MAY-2025 15:48:15)	 (Not Inserted)
2,23 , 1,0,15,0,S, 	(30-MAY-2025 15:48:15)	 (Not Inserted)
2,23 , 1,0,15,0,S, 	(30-MAY-2025 15:48:15)	 (Not Inserted)
2,23 , 1,0,15,0,S, 	(30-MAY-2025 15:48:15)	 (Not Inserted)
2,23 , 1,0,15,0,S, 	(30-MAY-2025 15:48:15)	 (Not Inserted)
2,23 , 1,0,15,0,S, 	(30-MAY-2025 15:48:15)	 (Not Inserted)
2,23 , 1,0,15,0,S, 	(30-MAY-2025 15:48:15)	 (Not Inserted)
2,23 , 1,0,15,0,S, 	(30-MAY-2025 15:48:15)	 (Not Inserted)
2,23 , 1,0,15,0,S, 	(30-MAY-2025 15:48:15)	 (Not Inserted)
2,23 , 1,0,15,0,S, 	(30-MAY-2025 15:48:15)	 (Not Inserted)
2,23 , 1,0,15,0,S, 	(30-MAY-2025 15:48:15)	 (Not Inserted)
2,23 , 1,0,15,0,S, 	(30-MAY-2025 15:48:15)	 (Not Inserted)
2,23 , 1,0,15,0,S, 	(30-MAY-2025 15:48:15)	 (Not Inserted)
2,23 , 1,0,15,0,S, 	(30-MAY-2025 15:48:15)	 (Not Inserted)
2,23 , 1,0,15,0,S, 	(30-MAY-2025 15:48:15)	 (Not Inserted)
2,23 , 1,0,15,0,S, 	(30-MAY-2025 15:48:15)	 (Not Inserted)
2,23 , 1,0,15,0,S, 	(30-MAY-2025 15:48:15)	 (Not Inserted)
2,23 , 1,0,15,0,S, 	(30-MAY-2025 15:48:15)	 (Not Inserted)
2,23 , 1,0,15,0,S, 	(30-MAY-2025 15:48:15)	 (Not Inserted)
2,23 , 1,0,15,0,S, 	(30-MAY-2025 15:48:15)	 (Not Inserted)
2,23 , 1,0,15,0,S, 	(30-MAY-2025 15:48:15)	 (Not Inserted)
2,23 , 1,0,15,0,S, 	(30-MAY-2025 15:48:15)	 (Not Inserted)
2,23 , 1,0,15,0,S, 	(30-MAY-2025 15:48:15)	 (Not Inserted)
2,23 , 1,0,15,0,S, 	(30-MAY-2025 15:48:15)	 (Not Inserted)
2,23 , 1,0,15,0,S, 	(30-MAY-2025 15:48:15)	 (Not Inserted)
2,23 , 1,0,15,0,S, 	(30-MAY-2025 15:48:15)	 (Not Inserted)
2,23 , 1,0,15,0,S, 	(30-MAY-2025 15:48:15)	 (Not Inserted)
2,23 , 1,0,15,0,S, 	(30-MAY-2025 15:48:15)	 (Not Inserted)
2,23 , 1,0,15,0,S, 	(30-MAY-2025 15:48:15)	 (Not Inserted)
2,23 , 1,0,15,0,S, 	(30-MAY-2025 15:48:15)	 (Not Inserted)
2,23 , 1,0,15,0,S, 	(30-MAY-2025 15:48:16)	 (Not Inserted)
2,23 , 1,0,15,0,S, 	(30-MAY-2025 15:48:16)	 (Not Inserted)
2,23 , 1,0,15,0,S, 	(30-MAY-2025 15:48:16)	 (Not Inserted)
2,23 , 1,0,15,0,S, 	(30-MAY-2025 15:48:16)	 (Not Inserted)
2,23 , 1,0,15,0,S, 	(30-MAY-2025 15:48:16)	 (Not Inserted)
2,23 , 1,0,15,0,S, 	(30-MAY-2025 15:48:16)	 (Not Inserted)
2,23 , 1,0,15,0,S, 	(30-MAY-2025 15:48:16)	 (Not Inserted)
2,23 , 1,0,15,0,S, 	(30-MAY-2025 15:48:16)	 (Not Inserted)
2,23 , 1,0,15,0,S, 	(30-MAY-2025 15:48:16)	 (Not Inserted)
2,23 , 1,0,15,0,S, 	(30-MAY-2025 15:48:16)	 (Not Inserted)
2,23 , 1,0,15,0,S, 	(30-MAY-2025 15:48:16)	 (Not Inserted)
2,23 , 1,0,15,0,S, 	(30-MAY-2025 15:48:16)	 (Not Inserted)
2,23 , 1,0,15,0,S, 	(30-MAY-2025 15:48:16)	 (Not Inserted)
2,23 , 1,0,15,0,S, 	(30-MAY-2025 15:48:16)	 (Not Inserted)
2,23 , 1,0,15,0,S, 	(30-MAY-2025 15:48:16)	 (Not Inserted)
2,23 , 1,0,15,0,S, 	(30-MAY-2025 15:48:16)	 (Not Inserted)
2,23 , 1,0,15,0,S, 	(30-MAY-2025 15:48:16)	 (Not Inserted)
2,23 , 1,0,15,0,S, 	(30-MAY-2025 15:48:16)	 (Not Inserted)
2,23 , 1,0,15,0,S, 	(30-MAY-2025 15:48:16)	 (Not Inserted)
2,23 , 1,0,15,0,S, 	(30-MAY-2025 15:48:16)	 (Not Inserted)
2,23 , 1,0,15,0,S, 	(30-MAY-2025 15:48:16)	 (Not Inserted)
2,23 , 1,0,15,0,S, 	(30-MAY-2025 15:48:16)	 (Not Inserted)
2,23 , 1,0,15,0,S, 	(30-MAY-2025 15:48:16)	 (Not Inserted)
2,23 , 1,0,15,0,S, 	(30-MAY-2025 15:48:16)	 (Not Inserted)
2,23 , 1,0,15,0,S, 	(30-MAY-2025 15:48:16)	 (Not Inserted)
2,23 , 1,0,15,0,S, 	(30-MAY-2025 15:48:16)	 (Not Inserted)
2,23 , 1,0,15,0,S, 	(30-MAY-2025 15:48:16)	 (Not Inserted)
2,23 , 1,0,15,0,S, 	(30-MAY-2025 15:48:16)	 (Not Inserted)
2,23 , 1,0,15,0,S, 	(30-MAY-2025 15:48:16)	 (Not Inserted)
2,23 , 1,0,15,0,S, 	(30-MAY-2025 15:48:16)	 (Not Inserted)
2,23 , 1,0,15,0,S, 	(30-MAY-2025 15:48:16)	 (Not Inserted)
2,23 , 1,0,15,0,S, 	(30-MAY-2025 15:48:16)	 (Not Inserted)
2,23 , 1,0,15,0,S, 	(30-MAY-2025 15:48:16)	 (Not Inserted)
2,23 , 1,0,15,0,S, 	(30-MAY-2025 15:48:16)	 (Not Inserted)
2,23 , 1,0,15,0,S, 	(30-MAY-2025 15:48:16)	 (Not Inserted)
2,23 , 1,0,15,0,S, 	(30-MAY-2025 15:48:16)	 (Not Inserted)
2,23 , 1,0,15,0,S, 	(30-MAY-2025 15:48:16)	 (Not Inserted)
2,23 , 1,0,15,0,S, 	(30-MAY-2025 15:48:16)	 (Not Inserted)
2,23 , 1,0,15,0,S, 	(30-MAY-2025 15:48:16)	 (Not Inserted)
2,23 , 1,0,15,0,S, 	(30-MAY-2025 15:48:16)	 (Not Inserted)
2,23 , 1,0,15,0,S, 	(30-MAY-2025 15:48:16)	 (Not Inserted)
2,23 , 1,0,15,0,S, 	(30-MAY-2025 15:48:16)	 (Not Inserted)
2,23 , 1,0,15,0,S, 	(30-MAY-2025 15:48:16)	 (Not Inserted)
2,23 , 1,0,15,0,S, 	(30-MAY-2025 15:48:16)	 (Not Inserted)
2,23 , 1,0,15,0,S, 	(30-MAY-2025 15:48:16)	 (Not Inserted)
2,23 , 1,0,15,0,S, 	(30-MAY-2025 15:48:16)	 (Not Inserted)
2,23 , 1,0,15,0,S, 	(30-MAY-2025 15:48:16)	 (Not Inserted)
2,23 , 1,0,15,0,S, 	(30-MAY-2025 15:48:16)	 (Not Inserted)
2,23 , 1,0,15,0,S, 	(30-MAY-2025 15:48:16)	 (Not Inserted)
2,23 , 1,0,15,0,S, 	(30-MAY-2025 15:48:16)	 (Not Inserted)
2,23 , 1,0,15,0,S, 	(30-MAY-2025 15:48:16)	 (Not Inserted)
2,23 , 1,0,15,0,S, 	(30-MAY-2025 15:48:16)	 (Not Inserted)
2,23 , 1,0,15,0,S, 	(30-MAY-2025 15:48:16)	 (Not Inserted)
2,23 , 1,0,15,0,S, 	(30-MAY-2025 15:48:16)	 (Not Inserted)
2,23 , 1,0,15,0,S, 	(30-MAY-2025 15:48:16)	 (Not Inserted)
2,23 , 1,0,15,0,S, 	(30-MAY-2025 15:48:16)	 (Not Inserted)
2,23 , 1,0,15,0,S, 	(30-MAY-2025 15:48:16)	 (Not Inserted)
2,23 , 1,0,15,0,S, 	(30-MAY-2025 15:48:16)	 (Not Inserted)
2,23 , 1,0,15,0,S, 	(30-MAY-2025 15:48:16)	 (Not Inserted)
2,23 , 1,0,15,0,S, 	(30-MAY-2025 15:48:16)	 (Not Inserted)
2,23 , 1,0,15,0,S, 	(30-MAY-2025 15:48:16)	 (Not Inserted)
2,23 , 1,0,15,0,S, 	(30-MAY-2025 15:48:16)	 (Not Inserted)
2,23 , 1,0,15,0,S, 	(30-MAY-2025 15:48:16)	 (Not Inserted)
2,23 , 1,0,15,0,S, 	(30-MAY-2025 15:48:16)	 (Not Inserted)
2,23 , 1,0,15,0,S, 	(30-MAY-2025 15:48:16)	 (Not Inserted)
2,23 , 1,0,15,0,S, 	(30-MAY-2025 15:48:16)	 (Not Inserted)
2,23 , 1,0,15,0,S, 	(30-MAY-2025 15:48:16)	 (Not Inserted)
2,23 , 1,0,15,0,S, 	(30-MAY-2025 15:48:16)	 (Not Inserted)
2,23 , 1,0,15,0,S, 	(30-MAY-2025 15:48:16)	 (Not Inserted)
2,23 , 1,0,15,0,S, 	(30-MAY-2025 15:48:16)	 (Not Inserted)
2,23 , 1,0,15,0,S, 	(30-MAY-2025 15:48:16)	 (Not Inserted)
2,23 , 1,0,15,0,S, 	(30-MAY-2025 15:48:16)	 (Not Inserted)
2,23 , 1,0,15,0,S, 	(30-MAY-2025 15:48:16)	 (Not Inserted)
2,23 , 1,0,15,0,S, 	(30-MAY-2025 15:48:16)	 (Not Inserted)
2,23 , 1,0,15,0,S, 	(30-MAY-2025 15:48:16)	 (Not Inserted)
2,23 , 1,0,15,0,S, 	(30-MAY-2025 15:48:16)	 (Not Inserted)
2,23 , 1,0,15,0,S, 	(30-MAY-2025 15:48:16)	 (Not Inserted)
2,23 , 1,0,15,0,S, 	(30-MAY-2025 15:48:16)	 (Not Inserted)
2,23 , 1,0,15,0,S, 	(30-MAY-2025 15:48:16)	 (Not Inserted)
2,23 , 1,0,15,0,S, 	(30-MAY-2025 15:48:16)	 (Not Inserted)
2,23 , 1,0,15,0,S, 	(30-MAY-2025 15:48:16)	 (Not Inserted)
2,23 , 1,0,15,0,S, 	(30-MAY-2025 15:48:16)	 (Not Inserted)
2,23 , 1,0,15,0,S, 	(30-MAY-2025 15:48:16)	 (Not Inserted)
2,23 , 1,0,15,0,S, 	(30-MAY-2025 15:48:16)	 (Not Inserted)
2,23 , 1,0,15,0,S, 	(30-MAY-2025 15:48:16)	 (Not Inserted)
2,23 , 1,0,15,0,S, 	(30-MAY-2025 15:48:16)	 (Not Inserted)
2,23 , 1,0,15,0,S, 	(30-MAY-2025 15:48:16)	 (Not Inserted)
2,23 , 1,0,15,0,S, 	(30-MAY-2025 15:48:16)	 (Not Inserted)
2,23 , 1,0,15,0,S, 	(30-MAY-2025 15:48:16)	 (Not Inserted)
2,23 , 1,0,15,0,S, 	(30-MAY-2025 15:48:16)	 (Not Inserted)
2,23 , 1,0,15,0,S, 	(30-MAY-2025 15:48:16)	 (Not Inserted)
2,23 , 1,0,15,0,S, 	(30-MAY-2025 15:48:16)	 (Not Inserted)
2,23 , 1,0,15,0,S, 	(30-MAY-2025 15:48:16)	 (Not Inserted)
2,23 , 1,0,15,0,S, 	(30-MAY-2025 15:48:16)	 (Not Inserted)
2,23 , 1,0,15,0,S, 	(30-MAY-2025 15:48:16)	 (Not Inserted)
2,23 , 1,0,15,0,S, 	(30-MAY-2025 15:48:16)	 (Not Inserted)
2,23 , 1,0,15,0,S, 	(30-MAY-2025 15:48:16)	 (Not Inserted)
2,23 , 1,0,15,0,S, 	(30-MAY-2025 15:48:16)	 (Not Inserted)
2,23 , 1,0,15,0,S, 	(30-MAY-2025 15:48:16)	 (Not Inserted)
2,23 , 1,0,15,0,S, 	(30-MAY-2025 15:48:16)	 (Not Inserted)
2,23 , 1,0,15,0,S, 	(30-MAY-2025 15:48:16)	 (Not Inserted)
2,23 , 1,0,15,0,S, 	(30-MAY-2025 15:48:16)	 (Not Inserted)
2,23 , 1,0,15,0,S, 	(30-MAY-2025 15:48:16)	 (Not Inserted)
2,23 , 1,0,15,0,S, 	(30-MAY-2025 15:48:16)	 (Not Inserted)
2,23 , 1,0,15,0,S, 	(30-MAY-2025 15:48:16)	 (Not Inserted)
2,23 , 1,0,15,0,S, 	(30-MAY-2025 15:48:16)	 (Not Inserted)
2,23 , 1,0,15,0,S, 	(30-MAY-2025 15:48:16)	 (Not Inserted)
2,23 , 1,0,15,0,S, 	(30-MAY-2025 15:48:16)	 (Not Inserted)
2,23 , 1,0,15,0,S, 	(30-MAY-2025 15:48:16)	 (Not Inserted)
2,23 , 1,0,15,0,S, 	(30-MAY-2025 15:48:16)	 (Not Inserted)
2,23 , 1,0,15,0,S, 	(30-MAY-2025 15:48:16)	 (Not Inserted)
2,23 , 1,0,15,0,S, 	(30-MAY-2025 15:48:16)	 (Not Inserted)
2,23 , 1,0,15,0,S, 	(30-MAY-2025 15:48:16)	 (Not Inserted)
2,23 , 1,0,15,0,S, 	(30-MAY-2025 15:48:16)	 (Not Inserted)
2,23 , 1,0,15,0,S, 	(30-MAY-2025 15:48:16)	 (Not Inserted)
2,23 , 1,0,15,0,S, 	(30-MAY-2025 15:48:16)	 (Not Inserted)
2,23 , 1,0,15,0,S, 	(30-MAY-2025 15:48:16)	 (Not Inserted)
2,23 , 1,0,15,0,S, 	(30-MAY-2025 15:48:16)	 (Not Inserted)
2,23 , 1,0,15,0,S, 	(30-MAY-2025 15:48:16)	 (Not Inserted)
2,23 , 1,0,15,0,S, 	(30-MAY-2025 15:48:16)	 (Not Inserted)
2,23 , 1,0,15,0,S, 	(30-MAY-2025 15:48:16)	 (Not Inserted)
2,23 , 1,0,15,0,S, 	(30-MAY-2025 15:48:16)	 (Not Inserted)
2,23 , 1,0,15,0,S, 	(30-MAY-2025 15:48:16)	 (Not Inserted)
2,23 , 1,0,15,0,S, 	(30-MAY-2025 15:48:16)	 (Not Inserted)
2,23 , 1,0,15,0,S, 	(30-MAY-2025 15:48:16)	 (Not Inserted)
2,23 , 1,0,15,0,S, 	(30-MAY-2025 15:48:16)	 (Not Inserted)
2,23 , 1,0,15,0,S, 	(30-MAY-2025 15:48:16)	 (Not Inserted)
2,23 , 1,0,15,0,S, 	(30-MAY-2025 15:48:16)	 (Not Inserted)
2,23 , 1,0,15,0,S, 	(30-MAY-2025 15:48:16)	 (Not Inserted)
2,23 , 1,0,15,0,S, 	(30-MAY-2025 15:48:16)	 (Not Inserted)
2,23 , 1,0,15,0,S, 	(30-MAY-2025 15:48:16)	 (Not Inserted)
2,23 , 1,0,15,0,S, 	(30-MAY-2025 15:48:16)	 (Not Inserted)
2,23 , 1,0,15,0,S, 	(30-MAY-2025 15:48:16)	 (Not Inserted)
2,23 , 1,0,15,0,S, 	(30-MAY-2025 15:48:16)	 (Not Inserted)
2,23 , 1,0,15,0,S, 	(30-MAY-2025 15:48:16)	 (Not Inserted)
2,23 , 1,0,15,0,S, 	(30-MAY-2025 15:48:16)	 (Not Inserted)
2,23 , 1,0,15,0,S, 	(30-MAY-2025 15:48:16)	 (Not Inserted)
2,23 , 1,0,15,0,S, 	(30-MAY-2025 15:48:16)	 (Not Inserted)
2,23 , 1,0,15,0,S, 	(30-MAY-2025 15:48:16)	 (Not Inserted)
2,23 , 1,0,15,0,S, 	(30-MAY-2025 15:48:16)	 (Not Inserted)
2,23 , 1,0,15,0,S, 	(30-MAY-2025 15:48:16)	 (Not Inserted)
2,23 , 1,0,15,0,S, 	(30-MAY-2025 15:48:16)	 (Not Inserted)
2,23 , 1,0,15,0,S, 	(30-MAY-2025 15:48:16)	 (Not Inserted)
2,23 , 1,0,15,0,S, 	(30-MAY-2025 15:48:16)	 (Not Inserted)
2,23 , 1,0,15,0,S, 	(30-MAY-2025 15:48:16)	 (Not Inserted)
2,23 , 1,0,15,0,S, 	(30-MAY-2025 15:48:16)	 (Not Inserted)
2,23 , 1,0,15,0,S, 	(30-MAY-2025 15:48:16)	 (Not Inserted)
2,23 , 1,0,15,0,S, 	(30-MAY-2025 15:48:16)	 (Not Inserted)
2,23 , 1,0,15,0,S, 	(30-MAY-2025 15:48:16)	 (Not Inserted)
2,23 , 1,0,15,0,S, 	(30-MAY-2025 15:48:16)	 (Not Inserted)
2,23 , 1,0,15,0,S, 	(30-MAY-2025 15:48:16)	 (Not Inserted)
2,23 , 1,0,15,0,S, 	(30-MAY-2025 15:48:16)	 (Not Inserted)
2,23 , 1,0,15,0,S, 	(30-MAY-2025 15:48:16)	 (Not Inserted)
2,23 , 1,0,15,0,S, 	(30-MAY-2025 15:48:16)	 (Not Inserted)
2,23 , 1,0,15,0,S, 	(30-MAY-2025 15:48:16)	 (Not Inserted)
2,23 , 1,0,15,0,S, 	(30-MAY-2025 15:48:16)	 (Not Inserted)
2,23 , 1,0,15,0,S, 	(30-MAY-2025 15:48:16)	 (Not Inserted)
2,23 , 1,0,15,0,S, 	(30-MAY-2025 15:48:16)	 (Not Inserted)
2,23 , 1,0,15,0,S, 	(30-MAY-2025 15:48:16)	 (Not Inserted)
2,23 , 1,0,15,0,S, 	(30-MAY-2025 15:48:16)	 (Not Inserted)
2,23 , 1,0,15,0,S, 	(30-MAY-2025 15:48:16)	 (Not Inserted)
2,23 , 1,0,15,0,S, 	(30-MAY-2025 15:48:16)	 (Not Inserted)
2,23 , 1,0,15,0,S, 	(30-MAY-2025 15:48:16)	 (Not Inserted)
2,23 , 1,0,15,0,S, 	(30-MAY-2025 15:48:16)	 (Not Inserted)
2,23 , 1,0,15,0,S, 	(30-MAY-2025 15:48:16)	 (Not Inserted)
2,23 , 1,0,15,0,S, 	(30-MAY-2025 15:48:16)	 (Not Inserted)
2,23 , 1,0,15,0,S, 	(30-MAY-2025 15:48:16)	 (Not Inserted)
2,23 , 1,0,15,0,S, 	(30-MAY-2025 15:48:16)	 (Not Inserted)
2,23 , 1,0,15,0,S, 	(30-MAY-2025 15:48:16)	 (Not Inserted)
2,23 , 1,0,15,0,S, 	(30-MAY-2025 15:48:16)	 (Not Inserted)
2,23 , 1,0,15,0,S, 	(30-MAY-2025 15:48:16)	 (Not Inserted)
2,23 , 1,0,15,0,S, 	(30-MAY-2025 15:48:16)	 (Not Inserted)
2,23 , 1,0,15,0,S, 	(30-MAY-2025 15:48:16)	 (Not Inserted)
2,23 , 1,0,15,0,S, 	(30-MAY-2025 15:48:16)	 (Not Inserted)
2,23 , 1,0,15,0,S, 	(30-MAY-2025 15:48:16)	 (Not Inserted)
2,23 , 1,0,15,0,S, 	(30-MAY-2025 15:48:16)	 (Not Inserted)
2,23 , 1,0,15,0,S, 	(30-MAY-2025 15:48:16)	 (Not Inserted)
2,23 , 1,0,15,0,S, 	(30-MAY-2025 15:48:16)	 (Not Inserted)
2,23 , 1,0,15,0,S, 	(30-MAY-2025 15:48:16)	 (Not Inserted)
2,23 , 1,0,15,0,S, 	(30-MAY-2025 15:48:16)	 (Not Inserted)
2,23 , 1,0,15,0,S, 	(30-MAY-2025 15:48:16)	 (Not Inserted)
2,23 , 1,0,15,0,S, 	(30-MAY-2025 15:48:16)	 (Not Inserted)
2,23 , 1,0,15,0,S, 	(30-MAY-2025 15:48:16)	 (Not Inserted)
2,23 , 1,0,15,0,S, 	(30-MAY-2025 15:48:16)	 (Not Inserted)
2,23 , 1,0,15,0,S, 	(30-MAY-2025 15:48:16)	 (Not Inserted)
2,23 , 1,0,15,0,S, 	(30-MAY-2025 15:48:16)	 (Not Inserted)
2,23 , 1,0,15,0,S, 	(30-MAY-2025 15:48:16)	 (Not Inserted)
2,23 , 1,0,15,0,S, 	(30-MAY-2025 15:48:16)	 (Not Inserted)
2,23 , 1,0,15,0,S, 	(30-MAY-2025 15:48:16)	 (Not Inserted)
2,23 , 1,0,15,0,S, 	(30-MAY-2025 15:48:16)	 (Not Inserted)
2,23 , 1,0,15,0,S, 	(30-MAY-2025 15:48:16)	 (Not Inserted)
2,23 , 1,0,15,0,S, 	(30-MAY-2025 15:48:16)	 (Not Inserted)
2,23 , 1,0,15,0,S, 	(30-MAY-2025 15:48:16)	 (Not Inserted)
2,23 , 1,0,15,0,S, 	(30-MAY-2025 15:48:16)	 (Not Inserted)
2,23 , 1,0,15,0,S, 	(30-MAY-2025 15:48:16)	 (Not Inserted)
2,23 , 1,0,15,0,S, 	(30-MAY-2025 15:48:16)	 (Not Inserted)
2,23 , 1,0,15,0,S, 	(30-MAY-2025 15:48:16)	 (Not Inserted)
2,23 , 1,0,15,0,S, 	(30-MAY-2025 15:48:16)	 (Not Inserted)
2,23 , 1,0,15,0,S, 	(30-MAY-2025 15:48:16)	 (Not Inserted)
2,23 , 1,0,15,0,S, 	(30-MAY-2025 15:48:16)	 (Not Inserted)
2,23 , 1,0,15,0,S, 	(30-MAY-2025 15:48:16)	 (Not Inserted)
2,23 , 1,0,15,0,S, 	(30-MAY-2025 15:48:16)	 (Not Inserted)
2,23 , 1,0,15,0,S, 	(30-MAY-2025 15:48:16)	 (Not Inserted)
2,23 , 1,0,15,0,S, 	(30-MAY-2025 15:48:16)	 (Not Inserted)
2,23 , 1,0,15,0,S, 	(30-MAY-2025 15:48:16)	 (Not Inserted)
2,23 , 1,0,15,0,S, 	(30-MAY-2025 15:48:16)	 (Not Inserted)
2,23 , 1,0,15,0,S, 	(30-MAY-2025 15:48:16)	 (Not Inserted)
2,23 , 1,0,15,0,S, 	(30-MAY-2025 15:48:16)	 (Not Inserted)
2,23 , 1,0,15,0,S, 	(30-MAY-2025 15:48:16)	 (Not Inserted)
2,23 , 1,0,15,0,S, 	(30-MAY-2025 15:48:16)	 (Not Inserted)
2,23 , 1,0,15,0,S, 	(30-MAY-2025 15:48:16)	 (Not Inserted)
2,23 , 1,0,15,0,S, 	(30-MAY-2025 15:48:16)	 (Not Inserted)
2,23 , 1,0,15,0,S, 	(30-MAY-2025 15:48:16)	 (Not Inserted)
2,23 , 1,0,15,0,S, 	(30-MAY-2025 15:48:16)	 (Not Inserted)
2,23 , 1,0,15,0,S, 	(30-MAY-2025 15:48:16)	 (Not Inserted)
2,23 , 1,0,15,0,S, 	(30-MAY-2025 15:48:16)	 (Not Inserted)
2,23 , 1,0,15,0,S, 	(30-MAY-2025 15:48:16)	 (Not Inserted)
2,23 , 1,0,15,0,S, 	(30-MAY-2025 15:48:16)	 (Not Inserted)
2,23 , 1,0,15,0,S, 	(30-MAY-2025 15:48:16)	 (Not Inserted)
2,23 , 1,0,15,0,S, 	(30-MAY-2025 15:48:16)	 (Not Inserted)
2,23 , 1,0,15,0,S, 	(30-MAY-2025 15:48:16)	 (Not Inserted)
2,23 , 1,0,15,0,S, 	(30-MAY-2025 15:48:16)	 (Not Inserted)
2,23 , 1,0,15,0,S, 	(30-MAY-2025 15:48:16)	 (Not Inserted)
2,23 , 1,0,15,0,S, 	(30-MAY-2025 15:48:16)	 (Not Inserted)
2,23 , 1,0,15,0,S, 	(30-MAY-2025 15:48:16)	 (Not Inserted)
2,23 , 1,0,15,0,S, 	(30-MAY-2025 15:48:16)	 (Not Inserted)
2,23 , 1,0,15,0,S, 	(30-MAY-2025 15:48:16)	 (Not Inserted)
2,23 , 1,0,15,0,S, 	(30-MAY-2025 15:48:16)	 (Not Inserted)
2,23 , 1,0,15,0,S, 	(30-MAY-2025 15:48:16)	 (Not Inserted)
2,23 , 1,0,15,0,S, 	(30-MAY-2025 15:48:16)	 (Not Inserted)
2,23 , 1,0,15,0,S, 	(30-MAY-2025 15:48:16)	 (Not Inserted)
2,23 , 1,0,15,0,S, 	(30-MAY-2025 15:48:16)	 (Not Inserted)
2,23 , 1,0,15,0,S, 	(30-MAY-2025 15:48:16)	 (Not Inserted)
2,23 , 1,0,15,0,S, 	(30-MAY-2025 15:48:16)	 (Not Inserted)
2,23 , 1,0,15,0,S, 	(30-MAY-2025 15:48:16)	 (Not Inserted)
2,23 , 1,0,15,0,S, 	(30-MAY-2025 15:48:16)	 (Not Inserted)
2,23 , 1,0,15,0,S, 	(30-MAY-2025 15:48:16)	 (Not Inserted)
2,23 , 1,0,15,0,S, 	(30-MAY-2025 15:48:16)	 (Not Inserted)
2,23 , 1,0,15,0,S, 	(30-MAY-2025 15:48:16)	 (Not Inserted)
2,23 , 1,0,15,0,S, 	(30-MAY-2025 15:48:16)	 (Not Inserted)
2,23 , 1,0,15,0,S, 	(30-MAY-2025 15:48:16)	 (Not Inserted)
2,23 , 1,0,15,0,S, 	(30-MAY-2025 15:48:16)	 (Not Inserted)
2,23 , 1,0,15,0,S, 	(30-MAY-2025 15:48:16)	 (Not Inserted)
2,23 , 1,0,15,0,S, 	(30-MAY-2025 15:48:16)	 (Not Inserted)
2,23 , 1,0,15,0,S, 	(30-MAY-2025 15:48:16)	 (Not Inserted)
2,23 , 1,0,15,0,S, 	(30-MAY-2025 15:48:16)	 (Not Inserted)
2,23 , 1,0,15,0,S, 	(30-MAY-2025 15:48:16)	 (Not Inserted)
2,23 , 1,0,15,0,S, 	(30-MAY-2025 15:48:16)	 (Not Inserted)
2,23 , 1,0,15,0,S, 	(30-MAY-2025 15:48:16)	 (Not Inserted)
2,23 , 1,0,15,0,S, 	(30-MAY-2025 15:48:16)	 (Not Inserted)
2,23 , 1,0,15,0,S, 	(30-MAY-2025 15:48:16)	 (Not Inserted)
2,23 , 1,0,15,0,S, 	(30-MAY-2025 15:48:16)	 (Not Inserted)
2,23 , 1,0,15,0,S, 	(30-MAY-2025 15:48:16)	 (Not Inserted)
2,23 , 1,0,15,0,S, 	(30-MAY-2025 15:48:16)	 (Not Inserted)
2,23 , 1,0,15,0,S, 	(30-MAY-2025 15:48:16)	 (Not Inserted)
2,23 , 1,0,15,0,S, 	(30-MAY-2025 15:48:16)	 (Not Inserted)
2,23 , 1,0,15,0,S, 	(30-MAY-2025 15:48:16)	 (Not Inserted)
2,23 , 1,0,15,0,S, 	(30-MAY-2025 15:48:16)	 (Not Inserted)
2,23 , 1,0,15,0,S, 	(30-MAY-2025 15:48:16)	 (Not Inserted)
2,23 , 1,0,15,0,S, 	(30-MAY-2025 15:48:16)	 (Not Inserted)
2,23 , 1,0,15,0,S, 	(30-MAY-2025 15:48:16)	 (Not Inserted)
2,23 , 1,0,15,0,S, 	(30-MAY-2025 15:48:16)	 (Not Inserted)
2,23 , 1,0,15,0,S, 	(30-MAY-2025 15:48:16)	 (Not Inserted)
2,23 , 1,0,15,0,S, 	(30-MAY-2025 15:48:16)	 (Not Inserted)
2,23 , 1,0,15,0,S, 	(30-MAY-2025 15:48:16)	 (Not Inserted)
2,23 , 1,0,15,0,S, 	(30-MAY-2025 15:48:16)	 (Not Inserted)
2,23 , 1,0,15,0,S, 	(30-MAY-2025 15:48:16)	 (Not Inserted)
2,23 , 1,0,15,0,S, 	(30-MAY-2025 15:48:16)	 (Not Inserted)
2,23 , 1,0,15,0,S, 	(30-MAY-2025 15:48:16)	 (Not Inserted)
2,23 , 1,0,15,0,S, 	(30-MAY-2025 15:48:16)	 (Not Inserted)
2,23 , 1,0,15,0,S, 	(30-MAY-2025 15:48:16)	 (Not Inserted)
2,23 , 1,0,15,0,S, 	(30-MAY-2025 15:48:16)	 (Not Inserted)
2,23 , 1,0,15,0,S, 	(30-MAY-2025 15:48:16)	 (Not Inserted)
2,23 , 1,0,15,0,S, 	(30-MAY-2025 15:48:16)	 (Not Inserted)
2,23 , 1,0,15,0,S, 	(30-MAY-2025 15:48:16)	 (Not Inserted)
2,23 , 1,0,15,0,S, 	(30-MAY-2025 15:48:16)	 (Not Inserted)
2,23 , 1,0,15,0,S, 	(30-MAY-2025 15:48:16)	 (Not Inserted)
2,23 , 1,0,15,0,S, 	(30-MAY-2025 15:48:16)	 (Not Inserted)
2,23 , 1,0,15,0,S, 	(30-MAY-2025 15:48:16)	 (Not Inserted)
2,23 , 1,0,15,0,S, 	(30-MAY-2025 15:48:16)	 (Not Inserted)
2,23 , 1,0,15,0,S, 	(30-MAY-2025 15:48:16)	 (Not Inserted)
2,23 , 1,0,15,0,S, 	(30-MAY-2025 15:48:16)	 (Not Inserted)
2,23 , 1,0,15,0,S, 	(30-MAY-2025 15:48:16)	 (Not Inserted)
2,23 , 1,0,15,0,S, 	(30-MAY-2025 15:48:16)	 (Not Inserted)
2,23 , 1,0,15,0,S, 	(30-MAY-2025 15:48:16)	 (Not Inserted)
2,23 , 1,0,15,0,S, 	(30-MAY-2025 15:48:16)	 (Not Inserted)
2,23 , 1,0,15,0,S, 	(30-MAY-2025 15:48:16)	 (Not Inserted)
2,23 , 1,0,15,0,S, 	(30-MAY-2025 15:48:16)	 (Not Inserted)
2,23 , 1,0,15,0,S, 	(30-MAY-2025 15:48:16)	 (Not Inserted)
2,23 , 1,0,15,0,S, 	(30-MAY-2025 15:48:16)	 (Not Inserted)
2,23 , 1,0,15,0,S, 	(30-MAY-2025 15:48:16)	 (Not Inserted)
2,23 , 1,0,15,0,S, 	(30-MAY-2025 15:48:16)	 (Not Inserted)
2,23 , 1,0,15,0,S, 	(30-MAY-2025 15:48:16)	 (Not Inserted)
2,23 , 1,0,15,0,S, 	(30-MAY-2025 15:48:16)	 (Not Inserted)
2,23 , 1,0,15,0,S, 	(30-MAY-2025 15:48:16)	 (Not Inserted)
2,23 , 1,0,15,0,S, 	(30-MAY-2025 15:48:16)	 (Not Inserted)
2,23 , 1,0,15,0,S, 	(30-MAY-2025 15:48:16)	 (Not Inserted)
2,23 , 1,0,15,0,S, 	(30-MAY-2025 15:48:16)	 (Not Inserted)
2,23 , 1,0,15,0,S, 	(30-MAY-2025 15:48:16)	 (Not Inserted)
2,23 , 1,0,15,0,S, 	(30-MAY-2025 15:48:16)	 (Not Inserted)
2,23 , 1,0,15,0,S, 	(30-MAY-2025 15:48:16)	 (Not Inserted)
2,23 , 1,0,15,0,S, 	(30-MAY-2025 15:48:16)	 (Not Inserted)
2,23 , 1,0,15,0,S, 	(30-MAY-2025 15:48:16)	 (Not Inserted)
2,23 , 1,0,15,0,S, 	(30-MAY-2025 15:48:16)	 (Not Inserted)
2,23 , 1,0,15,0,S, 	(30-MAY-2025 15:48:16)	 (Not Inserted)
2,23 , 1,0,15,0,S, 	(30-MAY-2025 15:48:16)	 (Not Inserted)
2,23 , 1,0,15,0,S, 	(30-MAY-2025 15:48:16)	 (Not Inserted)
2,23 , 1,0,15,0,S, 	(30-MAY-2025 15:48:16)	 (Not Inserted)
2,23 , 1,0,15,0,S, 	(30-MAY-2025 15:48:16)	 (Not Inserted)
2,23 , 1,0,15,0,S, 	(30-MAY-2025 15:48:16)	 (Not Inserted)
2,23 , 1,0,15,0,S, 	(30-MAY-2025 15:48:16)	 (Not Inserted)
2,23 , 1,0,15,0,S, 	(30-MAY-2025 15:48:16)	 (Not Inserted)
2,23 , 1,0,15,0,S, 	(30-MAY-2025 15:48:16)	 (Not Inserted)
2,23 , 1,0,15,0,S, 	(30-MAY-2025 15:48:16)	 (Not Inserted)
2,23 , 1,0,15,0,S, 	(30-MAY-2025 15:48:16)	 (Not Inserted)
2,23 , 1,0,15,0,S, 	(30-MAY-2025 15:48:16)	 (Not Inserted)
2,23 , 1,0,15,0,S, 	(30-MAY-2025 15:48:16)	 (Not Inserted)
2,23 , 1,0,15,0,S, 	(30-MAY-2025 15:48:16)	 (Not Inserted)
2,23 , 1,0,15,0,S, 	(30-MAY-2025 15:48:16)	 (Not Inserted)
2,23 , 1,0,15,0,S, 	(30-MAY-2025 15:48:16)	 (Not Inserted)
2,23 , 1,0,15,0,S, 	(30-MAY-2025 15:48:16)	 (Not Inserted)
2,23 , 1,0,15,0,S, 	(30-MAY-2025 15:48:16)	 (Not Inserted)
2,23 , 1,0,15,0,S, 	(30-MAY-2025 15:48:16)	 (Not Inserted)
2,23 , 1,0,15,0,S, 	(30-MAY-2025 15:48:16)	 (Not Inserted)
2,23 , 1,0,15,0,S, 	(30-MAY-2025 15:48:16)	 (Not Inserted)
2,23 , 1,0,15,0,S, 	(30-MAY-2025 15:48:16)	 (Not Inserted)
2,23 , 1,0,15,0,S, 	(30-MAY-2025 15:48:16)	 (Not Inserted)
2,23 , 1,0,15,0,S, 	(30-MAY-2025 15:48:16)	 (Not Inserted)
2,23 , 1,0,15,0,S, 	(30-MAY-2025 15:48:16)	 (Not Inserted)
2,23 , 1,0,15,0,S, 	(30-MAY-2025 15:48:16)	 (Not Inserted)
2,23 , 1,0,15,0,S, 	(30-MAY-2025 15:48:16)	 (Not Inserted)
2,23 , 1,0,15,0,S, 	(30-MAY-2025 15:48:16)	 (Not Inserted)
2,23 , 1,0,15,0,S, 	(30-MAY-2025 15:48:16)	 (Not Inserted)
2,23 , 1,0,15,0,S, 	(30-MAY-2025 15:48:16)	 (Not Inserted)
2,23 , 1,0,15,0,S, 	(30-MAY-2025 15:48:16)	 (Not Inserted)
2,23 , 1,0,15,0,S, 	(30-MAY-2025 15:48:16)	 (Not Inserted)
2,23 , 1,0,15,0,S, 	(30-MAY-2025 15:48:16)	 (Not Inserted)
2,23 , 1,0,15,0,S, 	(30-MAY-2025 15:48:16)	 (Not Inserted)
2,23 , 1,0,15,0,S, 	(30-MAY-2025 15:48:16)	 (Not Inserted)
2,23 , 1,0,15,0,S, 	(30-MAY-2025 15:48:16)	 (Not Inserted)
2,23 , 1,0,15,0,S, 	(30-MAY-2025 15:48:16)	 (Not Inserted)
2,23 , 1,0,15,0,S, 	(30-MAY-2025 15:48:16)	 (Not Inserted)
2,23 , 1,0,15,0,S, 	(30-MAY-2025 15:48:16)	 (Not Inserted)
2,23 , 1,0,15,0,S, 	(30-MAY-2025 15:48:16)	 (Not Inserted)
2,23 , 1,0,15,0,S, 	(30-MAY-2025 15:48:16)	 (Not Inserted)
2,23 , 1,0,15,0,S, 	(30-MAY-2025 15:48:16)	 (Not Inserted)
2,23 , 1,0,15,0,S, 	(30-MAY-2025 15:48:16)	 (Not Inserted)
2,23 , 1,0,15,0,S, 	(30-MAY-2025 15:48:16)	 (Not Inserted)
2,23 , 1,0,15,0,S, 	(30-MAY-2025 15:48:16)	 (Not Inserted)
2,23 , 1,0,15,0,S, 	(30-MAY-2025 15:48:16)	 (Not Inserted)
2,23 , 1,0,15,0,S, 	(30-MAY-2025 15:48:16)	 (Not Inserted)
2,23 , 1,0,15,0,S, 	(30-MAY-2025 15:48:16)	 (Not Inserted)
2,23 , 1,0,15,0,S, 	(30-MAY-2025 15:48:16)	 (Not Inserted)
2,23 , 1,0,15,0,S, 	(30-MAY-2025 15:48:16)	 (Not Inserted)
2,23 , 1,0,15,0,S, 	(30-MAY-2025 15:48:16)	 (Not Inserted)
2,23 , 1,0,15,0,S, 	(30-MAY-2025 15:48:16)	 (Not Inserted)
2,23 , 1,0,15,0,S, 	(30-MAY-2025 15:48:16)	 (Not Inserted)
2,23 , 1,0,15,0,S, 	(30-MAY-2025 15:48:16)	 (Not Inserted)
2,23 , 1,0,15,0,S, 	(30-MAY-2025 15:48:16)	 (Not Inserted)
2,23 , 1,0,15,0,S, 	(30-MAY-2025 15:48:16)	 (Not Inserted)
2,23 , 1,0,15,0,S, 	(30-MAY-2025 15:48:16)	 (Not Inserted)
2,23 , 1,0,15,0,S, 	(30-MAY-2025 15:48:16)	 (Not Inserted)
2,23 , 1,0,15,0,S, 	(30-MAY-2025 15:48:16)	 (Not Inserted)
2,23 , 1,0,15,0,S, 	(30-MAY-2025 15:48:16)	 (Not Inserted)
2,23 , 1,0,15,0,S, 	(30-MAY-2025 15:48:16)	 (Not Inserted)
2,23 , 1,0,15,0,S, 	(30-MAY-2025 15:48:16)	 (Not Inserted)
2,23 , 1,0,15,0,S, 	(30-MAY-2025 15:48:16)	 (Not Inserted)
2,23 , 1,0,15,0,S, 	(30-MAY-2025 15:48:16)	 (Not Inserted)
2,23 , 1,0,15,0,S, 	(30-MAY-2025 15:48:16)	 (Not Inserted)
2,23 , 1,0,15,0,S, 	(30-MAY-2025 15:48:16)	 (Not Inserted)
2,23 , 1,0,15,0,S, 	(30-MAY-2025 15:48:16)	 (Not Inserted)
2,23 , 1,0,15,0,S, 	(30-MAY-2025 15:48:16)	 (Not Inserted)
2,23 , 1,0,15,0,S, 	(30-MAY-2025 15:48:16)	 (Not Inserted)
2,23 , 1,0,15,0,S, 	(30-MAY-2025 15:48:16)	 (Not Inserted)
2,23 , 1,0,15,0,S, 	(30-MAY-2025 15:48:16)	 (Not Inserted)
2,23 , 1,0,15,0,S, 	(30-MAY-2025 15:48:16)	 (Not Inserted)
2,23 , 1,0,15,0,S, 	(30-MAY-2025 15:48:16)	 (Not Inserted)
2,23 , 1,0,15,0,S, 	(30-MAY-2025 15:48:16)	 (Not Inserted)
2,23 , 1,0,15,0,S, 	(30-MAY-2025 15:48:16)	 (Not Inserted)
2,23 , 1,0,15,0,S, 	(30-MAY-2025 15:48:16)	 (Not Inserted)
2,23 , 1,0,15,0,S, 	(30-MAY-2025 15:48:16)	 (Not Inserted)
2,23 , 1,0,15,0,S, 	(30-MAY-2025 15:48:16)	 (Not Inserted)
2,23 , 1,0,15,0,S, 	(30-MAY-2025 15:48:16)	 (Not Inserted)
2,23 , 1,0,15,0,S, 	(30-MAY-2025 15:48:16)	 (Not Inserted)
2,23 , 1,0,15,0,S, 	(30-MAY-2025 15:48:16)	 (Not Inserted)
2,23 , 1,0,15,0,S, 	(30-MAY-2025 15:48:16)	 (Not Inserted)
2,23 , 1,0,15,0,S, 	(30-MAY-2025 15:48:16)	 (Not Inserted)
2,23 , 1,0,15,0,S, 	(30-MAY-2025 15:48:16)	 (Not Inserted)
2,23 , 1,0,15,0,S, 	(30-MAY-2025 15:48:16)	 (Not Inserted)
2,23 , 1,0,15,0,S, 	(30-MAY-2025 15:48:16)	 (Not Inserted)
2,23 , 1,0,15,0,S, 	(30-MAY-2025 15:48:16)	 (Not Inserted)
2,23 , 1,0,15,0,S, 	(30-MAY-2025 15:48:16)	 (Not Inserted)
2,23 , 1,0,15,0,S, 	(30-MAY-2025 15:48:16)	 (Not Inserted)
2,23 , 1,0,15,0,S, 	(30-MAY-2025 15:48:16)	 (Not Inserted)
2,23 , 1,0,15,0,S, 	(30-MAY-2025 15:48:16)	 (Not Inserted)
2,23 , 1,0,15,0,S, 	(30-MAY-2025 15:48:16)	 (Not Inserted)
2,23 , 1,0,15,0,S, 	(30-MAY-2025 15:48:16)	 (Not Inserted)
2,23 , 1,0,15,0,S, 	(30-MAY-2025 15:48:16)	 (Not Inserted)
2,23 , 1,0,15,0,S, 	(30-MAY-2025 15:48:16)	 (Not Inserted)
2,23 , 1,0,15,0,S, 	(30-MAY-2025 15:48:16)	 (Not Inserted)
2,23 , 1,0,15,0,S, 	(30-MAY-2025 15:48:16)	 (Not Inserted)
2,23 , 1,0,15,0,S, 	(30-MAY-2025 15:48:16)	 (Not Inserted)
2,23 , 1,0,15,0,S, 	(30-MAY-2025 15:48:16)	 (Not Inserted)
2,23 , 1,0,15,0,S, 	(30-MAY-2025 15:48:16)	 (Not Inserted)
2,23 , 1,0,15,0,S, 	(30-MAY-2025 15:48:16)	 (Not Inserted)
2,23 , 1,0,15,0,S, 	(30-MAY-2025 15:48:16)	 (Not Inserted)
2,23 , 1,0,15,0,S, 	(30-MAY-2025 15:48:16)	 (Not Inserted)
2,23 , 1,0,15,0,S, 	(30-MAY-2025 15:48:16)	 (Not Inserted)
2,23 , 1,0,15,0,S, 	(30-MAY-2025 15:48:16)	 (Not Inserted)
2,23 , 1,0,15,0,S, 	(30-MAY-2025 15:48:16)	 (Not Inserted)
2,23 , 1,0,15,0,S, 	(30-MAY-2025 15:48:16)	 (Not Inserted)
2,23 , 1,0,15,0,S, 	(30-MAY-2025 15:48:16)	 (Not Inserted)
2,23 , 1,0,15,0,S, 	(30-MAY-2025 15:48:16)	 (Not Inserted)
2,23 , 1,0,15,0,S, 	(30-MAY-2025 15:48:16)	 (Not Inserted)
2,23 , 1,0,15,0,S, 	(30-MAY-2025 15:48:16)	 (Not Inserted)
2,23 , 1,0,15,0,S, 	(30-MAY-2025 15:48:16)	 (Not Inserted)
2,23 , 1,0,15,0,S, 	(30-MAY-2025 15:48:16)	 (Not Inserted)
2,23 , 1,0,15,0,S, 	(30-MAY-2025 15:48:16)	 (Not Inserted)
2,23 , 1,0,15,0,S, 	(30-MAY-2025 15:48:16)	 (Not Inserted)
2,23 , 1,0,15,0,S, 	(30-MAY-2025 15:48:16)	 (Not Inserted)
2,23 , 1,0,15,0,S, 	(30-MAY-2025 15:48:16)	 (Not Inserted)
2,23 , 1,0,15,0,S, 	(30-MAY-2025 15:48:16)	 (Not Inserted)
2,23 , 1,0,15,0,S, 	(30-MAY-2025 15:48:16)	 (Not Inserted)
2,23 , 1,0,15,0,S, 	(30-MAY-2025 15:48:16)	 (Not Inserted)
2,23 , 1,0,15,0,S, 	(30-MAY-2025 15:48:16)	 (Not Inserted)
2,23 , 1,0,15,0,S, 	(30-MAY-2025 15:48:16)	 (Not Inserted)
2,23 , 1,0,15,0,S, 	(30-MAY-2025 15:48:16)	 (Not Inserted)
2,23 , 1,0,15,0,S, 	(30-MAY-2025 15:48:16)	 (Not Inserted)
2,23 , 1,0,15,0,S, 	(30-MAY-2025 15:48:16)	 (Not Inserted)
2,23 , 1,0,15,0,S, 	(30-MAY-2025 15:48:16)	 (Not Inserted)
2,23 , 1,0,15,0,S, 	(30-MAY-2025 15:48:16)	 (Not Inserted)
2,23 , 1,0,15,0,S, 	(30-MAY-2025 15:48:16)	 (Not Inserted)
2,23 , 1,0,15,0,S, 	(30-MAY-2025 15:48:16)	 (Not Inserted)
2,23 , 1,0,15,0,S, 	(30-MAY-2025 15:48:16)	 (Not Inserted)
2,23 , 1,0,15,0,S, 	(30-MAY-2025 15:48:16)	 (Not Inserted)
2,23 , 1,0,15,0,S, 	(30-MAY-2025 15:48:16)	 (Not Inserted)
2,23 , 1,0,15,0,S, 	(30-MAY-2025 15:48:16)	 (Not Inserted)
2,23 , 1,0,15,0,S, 	(30-MAY-2025 15:48:16)	 (Not Inserted)
2,23 , 1,0,15,0,S, 	(30-MAY-2025 15:48:16)	 (Not Inserted)
2,23 , 1,0,15,0,S, 	(30-MAY-2025 15:48:16)	 (Not Inserted)
2,23 , 1,0,15,0,S, 	(30-MAY-2025 15:48:16)	 (Not Inserted)
2,23 , 1,0,15,0,S, 	(30-MAY-2025 15:48:16)	 (Not Inserted)
2,23 , 1,0,15,0,S, 	(30-MAY-2025 15:48:16)	 (Not Inserted)
2,23 , 1,0,15,0,S, 	(30-MAY-2025 15:48:16)	 (Not Inserted)
2,23 , 1,0,15,0,S, 	(30-MAY-2025 15:48:16)	 (Not Inserted)
2,23 , 1,0,15,0,S, 	(30-MAY-2025 15:48:16)	 (Not Inserted)
2,23 , 1,0,15,0,S, 	(30-MAY-2025 15:48:16)	 (Not Inserted)
2,23 , 1,0,15,0,S, 	(30-MAY-2025 15:48:16)	 (Not Inserted)
2,23 , 1,0,15,0,S, 	(30-MAY-2025 15:48:16)	 (Not Inserted)
2,23 , 1,0,15,0,S, 	(30-MAY-2025 15:48:16)	 (Not Inserted)
2,23 , 1,0,15,0,S, 	(30-MAY-2025 15:48:16)	 (Not Inserted)
2,23 , 1,0,15,0,S, 	(30-MAY-2025 15:48:16)	 (Not Inserted)
2,23 , 1,0,15,0,S, 	(30-MAY-2025 15:48:16)	 (Not Inserted)
2,23 , 1,0,15,0,S, 	(30-MAY-2025 15:48:16)	 (Not Inserted)
2,23 , 1,0,15,0,S, 	(30-MAY-2025 15:48:16)	 (Not Inserted)
2,23 , 1,0,15,0,S, 	(30-MAY-2025 15:48:16)	 (Not Inserted)
2,23 , 1,0,15,0,S, 	(30-MAY-2025 15:48:16)	 (Not Inserted)
2,23 , 1,0,15,0,S, 	(30-MAY-2025 15:48:16)	 (Not Inserted)
2,23 , 1,0,15,0,S, 	(30-MAY-2025 15:48:16)	 (Not Inserted)
2,23 , 1,0,15,0,S, 	(30-MAY-2025 15:48:16)	 (Not Inserted)
2,23 , 1,0,15,0,S, 	(30-MAY-2025 15:48:16)	 (Not Inserted)
2,23 , 1,0,15,0,S, 	(30-MAY-2025 15:48:16)	 (Not Inserted)
2,23 , 1,0,15,0,S, 	(30-MAY-2025 15:48:16)	 (Not Inserted)
2,23 , 1,0,15,0,S, 	(30-MAY-2025 15:48:16)	 (Not Inserted)
2,23 , 1,0,15,0,S, 	(30-MAY-2025 15:48:16)	 (Not Inserted)
2,23 , 1,0,15,0,S, 	(30-MAY-2025 15:48:16)	 (Not Inserted)
2,23 , 1,0,15,0,S, 	(30-MAY-2025 15:48:16)	 (Not Inserted)
2,23 , 1,0,15,0,S, 	(30-MAY-2025 15:48:16)	 (Not Inserted)
2,23 , 1,0,15,0,S, 	(30-MAY-2025 15:48:16)	 (Not Inserted)
2,23 , 1,0,15,0,S, 	(30-MAY-2025 15:48:16)	 (Not Inserted)
2,23 , 1,0,15,0,S, 	(30-MAY-2025 15:48:16)	 (Not Inserted)
2,23 , 1,0,15,0,S, 	(30-MAY-2025 15:48:16)	 (Not Inserted)
2,23 , 1,0,15,0,S, 	(30-MAY-2025 15:48:16)	 (Not Inserted)
2,23 , 1,0,15,0,S, 	(30-MAY-2025 15:48:16)	 (Not Inserted)
2,23 , 1,0,15,0,S, 	(30-MAY-2025 15:48:16)	 (Not Inserted)
2,23 , 1,0,15,0,S, 	(30-MAY-2025 15:48:16)	 (Not Inserted)
2,23 , 1,0,15,0,S, 	(30-MAY-2025 15:48:16)	 (Not Inserted)
2,23 , 1,0,15,0,S, 	(30-MAY-2025 15:48:16)	 (Not Inserted)
2,23 , 1,0,15,0,S, 	(30-MAY-2025 15:48:16)	 (Not Inserted)
2,23 , 1,0,15,0,S, 	(30-MAY-2025 15:48:16)	 (Not Inserted)
2,23 , 1,0,15,0,S, 	(30-MAY-2025 15:48:16)	 (Not Inserted)
2,23 , 1,0,15,0,S, 	(30-MAY-2025 15:48:16)	 (Not Inserted)
2,23 , 1,0,15,0,S, 	(30-MAY-2025 15:48:16)	 (Not Inserted)
2,23 , 1,0,15,0,S, 	(30-MAY-2025 15:48:16)	 (Not Inserted)
2,23 , 1,0,15,0,S, 	(30-MAY-2025 15:48:16)	 (Not Inserted)
2,23 , 1,0,15,0,S, 	(30-MAY-2025 15:48:16)	 (Not Inserted)
2,23 , 1,0,15,0,S, 	(30-MAY-2025 15:48:16)	 (Not Inserted)
2,23 , 1,0,15,0,S, 	(30-MAY-2025 15:48:16)	 (Not Inserted)
2,23 , 1,0,15,0,S, 	(30-MAY-2025 15:48:16)	 (Not Inserted)
2,23 , 1,0,15,0,S, 	(30-MAY-2025 15:48:16)	 (Not Inserted)
2,23 , 1,0,15,0,S, 	(30-MAY-2025 15:48:16)	 (Not Inserted)
2,23 , 1,0,15,0,S, 	(30-MAY-2025 15:48:16)	 (Not Inserted)
2,23 , 1,0,15,0,S, 	(30-MAY-2025 15:48:16)	 (Not Inserted)
2,23 , 1,0,15,0,S, 	(30-MAY-2025 15:48:16)	 (Not Inserted)
2,23 , 1,0,15,0,S, 	(30-MAY-2025 15:48:16)	 (Not Inserted)
2,23 , 1,0,15,0,S, 	(30-MAY-2025 15:48:16)	 (Not Inserted)
2,23 , 1,0,15,0,S, 	(30-MAY-2025 15:48:16)	 (Not Inserted)
2,23 , 1,0,15,0,S, 	(30-MAY-2025 15:48:16)	 (Not Inserted)
2,23 , 1,0,15,0,S, 	(30-MAY-2025 15:48:16)	 (Not Inserted)
2,23 , 1,0,15,0,S, 	(30-MAY-2025 15:48:16)	 (Not Inserted)
2,23 , 1,0,15,0,S, 	(30-MAY-2025 15:48:16)	 (Not Inserted)
2,23 , 1,0,15,0,S, 	(30-MAY-2025 15:48:16)	 (Not Inserted)
2,23 , 1,0,15,0,S, 	(30-MAY-2025 15:48:16)	 (Not Inserted)
2,23 , 1,0,15,0,S, 	(30-MAY-2025 15:48:16)	 (Not Inserted)
2,23 , 1,0,15,0,S, 	(30-MAY-2025 15:48:16)	 (Not Inserted)
2,23 , 1,0,15,0,S, 	(30-MAY-2025 15:48:16)	 (Not Inserted)
2,23 , 1,0,15,0,S, 	(30-MAY-2025 15:48:16)	 (Not Inserted)
2,23 , 1,0,15,0,S, 	(30-MAY-2025 15:48:16)	 (Not Inserted)
2,23 , 1,0,15,0,S, 	(30-MAY-2025 15:48:16)	 (Not Inserted)
2,23 , 1,0,15,0,S, 	(30-MAY-2025 15:48:16)	 (Not Inserted)
2,23 , 1,0,15,0,S, 	(30-MAY-2025 15:48:16)	 (Not Inserted)
2,23 , 1,0,15,0,S, 	(30-MAY-2025 15:48:16)	 (Not Inserted)
2,23 , 1,0,15,0,S, 	(30-MAY-2025 15:48:16)	 (Not Inserted)
2,23 , 1,0,15,0,S, 	(30-MAY-2025 15:48:16)	 (Not Inserted)
2,23 , 1,0,15,0,S, 	(30-MAY-2025 15:48:16)	 (Not Inserted)
2,23 , 1,0,15,0,S, 	(30-MAY-2025 15:48:16)	 (Not Inserted)
2,23 , 1,0,15,0,S, 	(30-MAY-2025 15:48:16)	 (Not Inserted)
2,23 , 1,0,15,0,S, 	(30-MAY-2025 15:48:16)	 (Not Inserted)
2,23 , 1,0,15,0,S, 	(30-MAY-2025 15:48:16)	 (Not Inserted)
2,23 , 1,0,15,0,S, 	(30-MAY-2025 15:48:16)	 (Not Inserted)
2,23 , 1,0,15,0,S, 	(30-MAY-2025 15:48:16)	 (Not Inserted)
2,23 , 1,0,15,0,S, 	(30-MAY-2025 15:48:16)	 (Not Inserted)
2,23 , 1,0,15,0,S, 	(30-MAY-2025 15:48:16)	 (Not Inserted)
2,23 , 1,0,15,0,S, 	(30-MAY-2025 15:48:16)	 (Not Inserted)
2,23 , 1,0,15,0,S, 	(30-MAY-2025 15:48:16)	 (Not Inserted)
2,23 , 1,0,15,0,S, 	(30-MAY-2025 15:48:16)	 (Not Inserted)
2,23 , 1,0,15,0,S, 	(30-MAY-2025 15:48:16)	 (Not Inserted)
2,23 , 1,0,15,0,S, 	(30-MAY-2025 15:48:16)	 (Not Inserted)
2,23 , 1,0,15,0,S, 	(30-MAY-2025 15:48:16)	 (Not Inserted)
2,23 , 1,0,15,0,S, 	(30-MAY-2025 15:48:16)	 (Not Inserted)
2,23 , 1,0,15,0,S, 	(30-MAY-2025 15:48:16)	 (Not Inserted)
2,23 , 1,0,15,0,S, 	(30-MAY-2025 15:48:16)	 (Not Inserted)
2,23 , 1,0,15,0,S, 	(30-MAY-2025 15:48:16)	 (Not Inserted)
2,23 , 1,0,15,0,S, 	(30-MAY-2025 15:48:16)	 (Not Inserted)
2,23 , 1,0,15,0,S, 	(30-MAY-2025 15:48:16)	 (Not Inserted)
2,23 , 1,0,15,0,S, 	(30-MAY-2025 15:48:16)	 (Not Inserted)
2,23 , 1,0,15,0,S, 	(30-MAY-2025 15:48:16)	 (Not Inserted)
2,23 , 1,0,15,0,S, 	(30-MAY-2025 15:48:16)	 (Not Inserted)
2,23 , 1,0,15,0,S, 	(30-MAY-2025 15:48:16)	 (Not Inserted)
2,23 , 1,0,15,0,S, 	(30-MAY-2025 15:48:16)	 (Not Inserted)
2,23 , 1,0,15,0,S, 	(30-MAY-2025 15:48:16)	 (Not Inserted)
2,23 , 1,0,15,0,S, 	(30-MAY-2025 15:48:16)	 (Not Inserted)
2,23 , 1,0,15,0,S, 	(30-MAY-2025 15:48:16)	 (Not Inserted)
2,23 , 1,0,15,0,S, 	(30-MAY-2025 15:48:16)	 (Not Inserted)
2,23 , 1,0,15,0,S, 	(30-MAY-2025 15:48:16)	 (Not Inserted)
2,23 , 1,0,15,0,S, 	(30-MAY-2025 15:48:16)	 (Not Inserted)
2,23 , 1,0,15,0,S, 	(30-MAY-2025 15:48:16)	 (Not Inserted)
2,23 , 1,0,15,0,S, 	(30-MAY-2025 15:48:16)	 (Not Inserted)
2,23 , 1,0,15,0,S, 	(30-MAY-2025 15:48:16)	 (Not Inserted)
2,23 , 1,0,15,0,S, 	(30-MAY-2025 15:48:16)	 (Not Inserted)
2,23 , 1,0,15,0,S, 	(30-MAY-2025 15:48:16)	 (Not Inserted)
2,23 , 1,0,15,0,S, 	(30-MAY-2025 15:48:16)	 (Not Inserted)
2,23 , 1,0,15,0,S, 	(30-MAY-2025 15:48:16)	 (Not Inserted)
2,23 , 1,0,15,0,S, 	(30-MAY-2025 15:48:16)	 (Not Inserted)
2,23 , 1,0,15,0,S, 	(30-MAY-2025 15:48:16)	 (Not Inserted)
2,23 , 1,0,15,0,S, 	(30-MAY-2025 15:48:16)	 (Not Inserted)
2,23 , 1,0,15,0,S, 	(30-MAY-2025 15:48:16)	 (Not Inserted)
2,23 , 1,0,15,0,S, 	(30-MAY-2025 15:48:16)	 (Not Inserted)
2,23 , 1,0,15,0,S, 	(30-MAY-2025 15:48:16)	 (Not Inserted)
2,23 , 1,0,15,0,S, 	(30-MAY-2025 15:48:16)	 (Not Inserted)
2,23 , 1,0,15,0,S, 	(30-MAY-2025 15:48:16)	 (Not Inserted)
2,23 , 1,0,15,0,S, 	(30-MAY-2025 15:48:16)	 (Not Inserted)
2,23 , 1,0,15,0,S, 	(30-MAY-2025 15:48:16)	 (Not Inserted)
2,23 , 1,0,15,0,S, 	(30-MAY-2025 15:48:16)	 (Not Inserted)
2,23 , 1,0,15,0,S, 	(30-MAY-2025 15:48:16)	 (Not Inserted)
2,23 , 1,0,15,0,S, 	(30-MAY-2025 15:48:16)	 (Not Inserted)
2,23 , 1,0,15,0,S, 	(30-MAY-2025 15:48:16)	 (Not Inserted)
2,23 , 1,0,15,0,S, 	(30-MAY-2025 15:48:16)	 (Not Inserted)
2,23 , 1,0,15,0,S, 	(30-MAY-2025 15:48:16)	 (Not Inserted)
2,23 , 1,0,15,0,S, 	(30-MAY-2025 15:48:16)	 (Not Inserted)
2,23 , 1,0,15,0,S, 	(30-MAY-2025 15:48:16)	 (Not Inserted)
2,23 , 1,0,15,0,S, 	(30-MAY-2025 15:48:16)	 (Not Inserted)
2,23 , 1,0,15,0,S, 	(30-MAY-2025 15:48:16)	 (Not Inserted)
2,23 , 1,0,15,0,S, 	(30-MAY-2025 15:48:16)	 (Not Inserted)
2,23 , 1,0,15,0,S, 	(30-MAY-2025 15:48:16)	 (Not Inserted)
2,23 , 1,0,15,0,S, 	(30-MAY-2025 15:48:16)	 (Not Inserted)
2,23 , 1,0,15,0,S, 	(30-MAY-2025 15:48:16)	 (Not Inserted)
2,23 , 1,0,15,0,S, 	(30-MAY-2025 15:48:16)	 (Not Inserted)
2,23 , 1,0,15,0,S, 	(30-MAY-2025 15:48:16)	 (Not Inserted)
2,23 , 1,0,15,0,S, 	(30-MAY-2025 15:48:16)	 (Not Inserted)
2,23 , 1,0,15,0,S, 	(30-MAY-2025 15:48:16)	 (Not Inserted)
2,23 , 1,0,15,0,S, 	(30-MAY-2025 15:48:16)	 (Not Inserted)
2,23 , 1,0,15,0,S, 	(30-MAY-2025 15:48:16)	 (Not Inserted)
2,23 , 1,0,15,0,S, 	(30-MAY-2025 15:48:16)	 (Not Inserted)
2,23 , 1,0,15,0,S, 	(30-MAY-2025 15:48:16)	 (Not Inserted)
2,23 , 1,0,15,0,S, 	(30-MAY-2025 15:48:16)	 (Not Inserted)
2,23 , 1,0,15,0,S, 	(30-MAY-2025 15:48:16)	 (Not Inserted)
2,23 , 1,0,15,0,S, 	(30-MAY-2025 15:48:16)	 (Not Inserted)
2,23 , 1,0,15,0,S, 	(30-MAY-2025 15:48:16)	 (Not Inserted)
2,23 , 1,0,15,0,S, 	(30-MAY-2025 15:48:16)	 (Not Inserted)
2,23 , 1,0,15,0,S, 	(30-MAY-2025 15:48:16)	 (Not Inserted)
2,23 , 1,0,15,0,S, 	(30-MAY-2025 15:48:16)	 (Not Inserted)
2,23 , 1,0,15,0,S, 	(30-MAY-2025 15:48:16)	 (Not Inserted)
2,23 , 1,0,15,0,S, 	(30-MAY-2025 15:48:16)	 (Not Inserted)
2,23 , 1,0,15,0,S, 	(30-MAY-2025 15:48:16)	 (Not Inserted)
2,23 , 1,0,15,0,S, 	(30-MAY-2025 15:48:16)	 (Not Inserted)
2,23 , 1,0,15,0,S, 	(30-MAY-2025 15:48:16)	 (Not Inserted)
2,23 , 1,0,15,0,S, 	(30-MAY-2025 15:48:16)	 (Not Inserted)
2,23 , 1,0,15,0,S, 	(30-MAY-2025 15:48:16)	 (Not Inserted)
2,23 , 1,0,15,0,S, 	(30-MAY-2025 15:48:16)	 (Not Inserted)
2,23 , 1,0,15,0,S, 	(30-MAY-2025 15:48:16)	 (Not Inserted)
2,23 , 1,0,15,0,S, 	(30-MAY-2025 15:48:16)	 (Not Inserted)
2,23 , 1,0,15,0,S, 	(30-MAY-2025 15:48:16)	 (Not Inserted)
2,23 , 1,0,15,0,S, 	(30-MAY-2025 15:48:16)	 (Not Inserted)
2,23 , 1,0,15,0,S, 	(30-MAY-2025 15:48:16)	 (Not Inserted)
2,23 , 1,0,15,0,S, 	(30-MAY-2025 15:48:16)	 (Not Inserted)
2,23 , 1,0,15,0,S, 	(30-MAY-2025 15:48:16)	 (Not Inserted)
2,23 , 1,0,15,0,S, 	(30-MAY-2025 15:48:16)	 (Not Inserted)
2,23 , 1,0,15,0,S, 	(30-MAY-2025 15:48:16)	 (Not Inserted)
2,23 , 1,0,15,0,S, 	(30-MAY-2025 15:48:16)	 (Not Inserted)
2,23 , 1,0,15,0,S, 	(30-MAY-2025 15:48:16)	 (Not Inserted)
2,23 , 1,0,15,0,S, 	(30-MAY-2025 15:48:16)	 (Not Inserted)
2,23 , 1,0,15,0,S, 	(30-MAY-2025 15:48:16)	 (Not Inserted)
2,23 , 1,0,15,0,S, 	(30-MAY-2025 15:48:16)	 (Not Inserted)
2,23 , 1,0,15,0,S, 	(30-MAY-2025 15:48:16)	 (Not Inserted)
2,23 , 1,0,15,0,S, 	(30-MAY-2025 15:48:16)	 (Not Inserted)
2,23 , 1,0,15,0,S, 	(30-MAY-2025 15:48:16)	 (Not Inserted)
2,23 , 1,0,15,0,S, 	(30-MAY-2025 15:48:16)	 (Not Inserted)
2,23 , 1,0,15,0,S, 	(30-MAY-2025 15:48:16)	 (Not Inserted)
2,23 , 1,0,15,0,S, 	(30-MAY-2025 15:48:16)	 (Not Inserted)
2,23 , 1,0,15,0,S, 	(30-MAY-2025 15:48:16)	 (Not Inserted)
2,23 , 1,0,15,0,S, 	(30-MAY-2025 15:48:16)	 (Not Inserted)
2,23 , 1,0,15,0,S, 	(30-MAY-2025 15:48:16)	 (Not Inserted)
2,23 , 1,0,15,0,S, 	(30-MAY-2025 15:48:16)	 (Not Inserted)
2,23 , 1,0,15,0,S, 	(30-MAY-2025 15:48:16)	 (Not Inserted)
2,23 , 1,0,15,0,S, 	(30-MAY-2025 15:48:16)	 (Not Inserted)
2,23 , 1,0,15,0,S, 	(30-MAY-2025 15:48:16)	 (Not Inserted)
2,23 , 1,0,15,0,S, 	(30-MAY-2025 15:48:16)	 (Not Inserted)
2,23 , 1,0,15,0,S, 	(30-MAY-2025 15:48:16)	 (Not Inserted)
2,23 , 1,0,15,0,S, 	(30-MAY-2025 15:48:16)	 (Not Inserted)
2,23 , 1,0,15,0,S, 	(30-MAY-2025 15:48:16)	 (Not Inserted)
2,23 , 1,0,15,0,S, 	(30-MAY-2025 15:48:16)	 (Not Inserted)
2,23 , 1,0,15,0,S, 	(30-MAY-2025 15:48:16)	 (Not Inserted)
2,23 , 1,0,15,0,S, 	(30-MAY-2025 15:48:16)	 (Not Inserted)
2,23 , 1,0,15,0,S, 	(30-MAY-2025 15:48:16)	 (Not Inserted)
2,23 , 1,0,15,0,S, 	(30-MAY-2025 15:48:16)	 (Not Inserted)
2,23 , 1,0,15,0,S, 	(30-MAY-2025 15:48:16)	 (Not Inserted)
2,23 , 1,0,15,0,S, 	(30-MAY-2025 15:48:16)	 (Not Inserted)
2,23 , 1,0,15,0,S, 	(30-MAY-2025 15:48:16)	 (Not Inserted)
2,23 , 1,0,15,0,S, 	(30-MAY-2025 15:48:16)	 (Not Inserted)
2,23 , 1,0,15,0,S, 	(30-MAY-2025 15:48:16)	 (Not Inserted)
2,23 , 1,0,15,0,S, 	(30-MAY-2025 15:48:16)	 (Not Inserted)
2,23 , 1,0,15,0,S, 	(30-MAY-2025 15:48:16)	 (Not Inserted)
2,23 , 1,0,15,0,S, 	(30-MAY-2025 15:48:16)	 (Not Inserted)
2,23 , 1,0,15,0,S, 	(30-MAY-2025 15:48:16)	 (Not Inserted)
2,23 , 1,0,15,0,S, 	(30-MAY-2025 15:48:16)	 (Not Inserted)
2,23 , 1,0,15,0,S, 	(30-MAY-2025 15:48:16)	 (Not Inserted)
2,23 , 1,0,15,0,S, 	(30-MAY-2025 15:48:16)	 (Not Inserted)
2,23 , 1,0,15,0,S, 	(30-MAY-2025 15:48:16)	 (Not Inserted)
2,23 , 1,0,15,0,S, 	(30-MAY-2025 15:48:16)	 (Not Inserted)
2,23 , 1,0,15,0,S, 	(30-MAY-2025 15:48:16)	 (Not Inserted)
2,23 , 1,0,15,0,S, 	(30-MAY-2025 15:48:16)	 (Not Inserted)
2,23 , 1,0,15,0,S, 	(30-MAY-2025 15:48:16)	 (Not Inserted)
2,23 , 1,0,15,0,S, 	(30-MAY-2025 15:48:16)	 (Not Inserted)
2,23 , 1,0,15,0,S, 	(30-MAY-2025 15:48:16)	 (Not Inserted)
2,23 , 1,0,15,0,S, 	(30-MAY-2025 15:48:16)	 (Not Inserted)
2,23 , 1,0,15,0,S, 	(30-MAY-2025 15:48:16)	 (Not Inserted)
2,23 , 1,0,15,0,S, 	(30-MAY-2025 15:48:16)	 (Not Inserted)
2,23 , 1,0,15,0,S, 	(30-MAY-2025 15:48:16)	 (Not Inserted)
2,23 , 1,0,15,0,S, 	(30-MAY-2025 15:48:16)	 (Not Inserted)
2,23 , 1,0,15,0,S, 	(30-MAY-2025 15:48:16)	 (Not Inserted)
2,23 , 1,0,15,0,S, 	(30-MAY-2025 15:48:16)	 (Not Inserted)
2,23 , 1,0,15,0,S, 	(30-MAY-2025 15:48:16)	 (Not Inserted)
2,23 , 1,0,15,0,S, 	(30-MAY-2025 15:48:16)	 (Not Inserted)
2,23 , 1,0,15,0,S, 	(30-MAY-2025 15:48:16)	 (Not Inserted)
2,23 , 1,0,15,0,S, 	(30-MAY-2025 15:48:16)	 (Not Inserted)
2,23 , 1,0,15,0,S, 	(30-MAY-2025 15:48:16)	 (Not Inserted)
2,23 , 1,0,15,0,S, 	(30-MAY-2025 15:48:16)	 (Not Inserted)
2,23 , 1,0,15,0,S, 	(30-MAY-2025 15:48:16)	 (Not Inserted)
2,23 , 1,0,15,0,S, 	(30-MAY-2025 15:48:16)	 (Not Inserted)
2,23 , 1,0,15,0,S, 	(30-MAY-2025 15:48:16)	 (Not Inserted)
2,23 , 1,0,15,0,S, 	(30-MAY-2025 15:48:16)	 (Not Inserted)
2,23 , 1,0,15,0,S, 	(30-MAY-2025 15:48:16)	 (Not Inserted)
2,23 , 1,0,15,0,S, 	(30-MAY-2025 15:48:16)	 (Not Inserted)
2,23 , 1,0,15,0,S, 	(30-MAY-2025 15:48:16)	 (Not Inserted)
2,23 , 1,0,15,0,S, 	(30-MAY-2025 15:48:16)	 (Not Inserted)
2,23 , 1,0,15,0,S, 	(30-MAY-2025 15:48:16)	 (Not Inserted)
2,23 , 1,0,15,0,S, 	(30-MAY-2025 15:48:16)	 (Not Inserted)
2,23 , 1,0,15,0,S, 	(30-MAY-2025 15:48:16)	 (Not Inserted)
2,23 , 1,0,15,0,S, 	(30-MAY-2025 15:48:16)	 (Not Inserted)
2,23 , 1,0,15,0,S, 	(30-MAY-2025 15:48:16)	 (Not Inserted)
2,23 , 1,0,15,0,S, 	(30-MAY-2025 15:48:16)	 (Not Inserted)
2,23 , 1,0,15,0,S, 	(30-MAY-2025 15:48:16)	 (Not Inserted)
2,23 , 1,0,15,0,S, 	(30-MAY-2025 15:48:16)	 (Not Inserted)
2,23 , 1,0,15,0,S, 	(30-MAY-2025 15:48:16)	 (Not Inserted)
2,23 , 1,0,15,0,S, 	(30-MAY-2025 15:48:16)	 (Not Inserted)
2,23 , 1,0,15,0,S, 	(30-MAY-2025 15:48:16)	 (Not Inserted)
2,23 , 1,0,15,0,S, 	(30-MAY-2025 15:48:16)	 (Not Inserted)
2,23 , 1,0,15,0,S, 	(30-MAY-2025 15:48:16)	 (Not Inserted)
2,23 , 1,0,15,0,S, 	(30-MAY-2025 15:48:16)	 (Not Inserted)
2,23 , 1,0,15,0,S, 	(30-MAY-2025 15:48:16)	 (Not Inserted)
2,23 , 1,0,15,0,S, 	(30-MAY-2025 15:48:16)	 (Not Inserted)
2,23 , 1,0,15,0,S, 	(30-MAY-2025 15:48:16)	 (Not Inserted)
2,23 , 1,0,15,0,S, 	(30-MAY-2025 15:48:16)	 (Not Inserted)
2,23 , 1,0,15,0,S, 	(30-MAY-2025 15:48:16)	 (Not Inserted)
2,23 , 1,0,15,0,S, 	(30-MAY-2025 15:48:16)	 (Not Inserted)
2,23 , 1,0,15,0,S, 	(30-MAY-2025 15:48:16)	 (Not Inserted)
2,23 , 1,0,15,0,S, 	(30-MAY-2025 15:48:16)	 (Not Inserted)
2,23 , 1,0,15,0,S, 	(30-MAY-2025 15:48:16)	 (Not Inserted)
2,23 , 1,0,15,0,S, 	(30-MAY-2025 15:48:16)	 (Not Inserted)
2,23 , 1,0,15,0,S, 	(30-MAY-2025 15:48:16)	 (Not Inserted)
2,23 , 1,0,15,0,S, 	(30-MAY-2025 15:48:16)	 (Not Inserted)
2,23 , 1,0,15,0,S, 	(30-MAY-2025 15:48:16)	 (Not Inserted)
2,23 , 1,0,15,0,S, 	(30-MAY-2025 15:48:16)	 (Not Inserted)
2,23 , 1,0,15,0,S, 	(30-MAY-2025 15:48:16)	 (Not Inserted)
2,23 , 1,0,15,0,S, 	(30-MAY-2025 15:48:16)	 (Not Inserted)
2,23 , 1,0,15,0,S, 	(30-MAY-2025 15:48:16)	 (Not Inserted)
2,23 , 1,0,15,0,S, 	(30-MAY-2025 15:48:16)	 (Not Inserted)
2,23 , 1,0,15,0,S, 	(30-MAY-2025 15:48:16)	 (Not Inserted)
2,23 , 1,0,15,0,S, 	(30-MAY-2025 15:48:17)	 (Not Inserted)
2,23 , 1,0,15,0,S, 	(30-MAY-2025 15:48:17)	 (Not Inserted)
2,23 , 1,0,15,0,S, 	(30-MAY-2025 15:48:17)	 (Not Inserted)
2,23 , 1,0,15,0,S, 	(30-MAY-2025 15:48:17)	 (Not Inserted)
2,23 , 1,0,15,0,S, 	(30-MAY-2025 15:48:17)	 (Not Inserted)
2,23 , 1,0,15,0,S, 	(30-MAY-2025 15:48:17)	 (Not Inserted)
2,23 , 1,0,15,0,S, 	(30-MAY-2025 15:48:17)	 (Not Inserted)
2,23 , 1,0,15,0,S, 	(30-MAY-2025 15:48:17)	 (Not Inserted)
2,23 , 1,0,15,0,S, 	(30-MAY-2025 15:48:17)	 (Not Inserted)
2,23 , 1,0,15,0,S, 	(30-MAY-2025 15:48:17)	 (Not Inserted)
2,23 , 1,0,15,0,S, 	(30-MAY-2025 15:48:17)	 (Not Inserted)
2,23 , 1,0,15,0,S, 	(30-MAY-2025 15:48:17)	 (Not Inserted)
2,23 , 1,0,15,0,S, 	(30-MAY-2025 15:48:17)	 (Not Inserted)
2,23 , 1,0,15,0,S, 	(30-MAY-2025 15:48:17)	 (Not Inserted)
2,23 , 1,0,15,0,S, 	(30-MAY-2025 15:48:17)	 (Not Inserted)
2,23 , 1,0,15,0,S, 	(30-MAY-2025 15:48:17)	 (Not Inserted)
2,23 , 1,0,15,0,S, 	(30-MAY-2025 15:48:17)	 (Not Inserted)
2,23 , 1,0,15,0,S, 	(30-MAY-2025 15:48:17)	 (Not Inserted)
2,23 , 1,0,15,0,S, 	(30-MAY-2025 15:48:17)	 (Not Inserted)
2,23 , 1,0,15,0,S, 	(30-MAY-2025 15:48:17)	 (Not Inserted)
2,23 , 1,0,15,0,S, 	(30-MAY-2025 15:48:17)	 (Not Inserted)
2,23 , 1,0,15,0,S, 	(30-MAY-2025 15:48:17)	 (Not Inserted)
2,23 , 1,0,15,0,S, 	(30-MAY-2025 15:48:17)	 (Not Inserted)
2,23 , 1,0,15,0,S, 	(30-MAY-2025 15:48:17)	 (Not Inserted)
2,23 , 1,0,15,0,S, 	(30-MAY-2025 15:48:17)	 (Not Inserted)
2,23 , 1,0,15,0,S, 	(30-MAY-2025 15:48:17)	 (Not Inserted)
2,23 , 1,0,15,0,S, 	(30-MAY-2025 15:48:17)	 (Not Inserted)
2,23 , 1,0,15,0,S, 	(30-MAY-2025 15:48:17)	 (Not Inserted)
2,23 , 1,0,15,0,S, 	(30-MAY-2025 15:48:17)	 (Not Inserted)
2,23 , 1,0,15,0,S, 	(30-MAY-2025 15:48:17)	 (Not Inserted)
2,23 , 1,0,15,0,S, 	(30-MAY-2025 15:48:17)	 (Not Inserted)
2,23 , 1,0,15,0,S, 	(30-MAY-2025 15:48:17)	 (Not Inserted)
2,23 , 1,0,15,0,S, 	(30-MAY-2025 15:48:17)	 (Not Inserted)
2,23 , 1,0,15,0,S, 	(30-MAY-2025 15:48:17)	 (Not Inserted)
2,23 , 1,0,15,0,S, 	(30-MAY-2025 15:48:17)	 (Not Inserted)
2,23 , 1,0,15,0,S, 	(30-MAY-2025 15:48:17)	 (Not Inserted)
2,23 , 1,0,15,0,S, 	(30-MAY-2025 15:48:17)	 (Not Inserted)
2,23 , 1,0,15,0,S, 	(30-MAY-2025 15:48:17)	 (Not Inserted)
2,23 , 1,0,15,0,S, 	(30-MAY-2025 15:48:17)	 (Not Inserted)
2,23 , 1,0,15,0,S, 	(30-MAY-2025 15:48:17)	 (Not Inserted)
2,23 , 1,0,15,0,S, 	(30-MAY-2025 15:48:17)	 (Not Inserted)
2,23 , 1,0,15,0,S, 	(30-MAY-2025 15:48:17)	 (Not Inserted)
2,23 , 1,0,15,0,S, 	(30-MAY-2025 15:48:17)	 (Not Inserted)
2,23 , 1,0,15,0,S, 	(30-MAY-2025 15:48:17)	 (Not Inserted)
2,23 , 1,0,15,0,S, 	(30-MAY-2025 15:48:17)	 (Not Inserted)
2,23 , 1,0,15,0,S, 	(30-MAY-2025 15:48:17)	 (Not Inserted)
2,23 , 1,0,15,0,S, 	(30-MAY-2025 15:48:17)	 (Not Inserted)
2,23 , 1,0,15,0,S, 	(30-MAY-2025 15:48:17)	 (Not Inserted)
2,23 , 1,0,15,0,S, 	(30-MAY-2025 15:48:17)	 (Not Inserted)
2,23 , 1,0,15,0,S, 	(30-MAY-2025 15:48:17)	 (Not Inserted)
2,23 , 1,0,15,0,S, 	(30-MAY-2025 15:48:17)	 (Not Inserted)
2,23 , 1,0,15,0,S, 	(30-MAY-2025 15:48:17)	 (Not Inserted)
2,23 , 1,0,15,0,S, 	(30-MAY-2025 15:48:17)	 (Not Inserted)
2,23 , 1,0,15,0,S, 	(30-MAY-2025 15:48:17)	 (Not Inserted)
2,23 , 1,0,15,0,S, 	(30-MAY-2025 15:48:17)	 (Not Inserted)
2,23 , 1,0,15,0,S, 	(30-MAY-2025 15:48:17)	 (Not Inserted)
2,23 , 1,0,15,0,S, 	(30-MAY-2025 15:48:17)	 (Not Inserted)
2,23 , 1,0,15,0,S, 	(30-MAY-2025 15:48:17)	 (Not Inserted)
2,23 , 1,0,15,0,S, 	(30-MAY-2025 15:48:17)	 (Not Inserted)
2,23 , 1,0,15,0,S, 	(30-MAY-2025 15:48:17)	 (Not Inserted)
2,23 , 1,0,15,0,S, 	(30-MAY-2025 15:48:17)	 (Not Inserted)
2,23 , 1,0,15,0,S, 	(30-MAY-2025 15:48:17)	 (Not Inserted)
2,23 , 1,0,15,0,S, 	(30-MAY-2025 15:48:17)	 (Not Inserted)
2,23 , 1,0,15,0,S, 	(30-MAY-2025 15:48:17)	 (Not Inserted)
2,23 , 1,0,15,0,S, 	(30-MAY-2025 15:48:17)	 (Not Inserted)
2,23 , 1,0,15,0,S, 	(30-MAY-2025 15:48:17)	 (Not Inserted)
2,23 , 1,0,15,0,S, 	(30-MAY-2025 15:48:17)	 (Not Inserted)
2,23 , 1,0,15,0,S, 	(30-MAY-2025 15:48:17)	 (Not Inserted)
2,23 , 1,0,15,0,S, 	(30-MAY-2025 15:48:17)	 (Not Inserted)
2,23 , 1,0,15,0,S, 	(30-MAY-2025 15:48:17)	 (Not Inserted)
2,23 , 1,0,15,0,S, 	(30-MAY-2025 15:48:17)	 (Not Inserted)
2,23 , 1,0,15,0,S, 	(30-MAY-2025 15:48:17)	 (Not Inserted)
2,23 , 1,0,15,0,S, 	(30-MAY-2025 15:48:17)	 (Not Inserted)
2,23 , 1,0,15,0,S, 	(30-MAY-2025 15:48:17)	 (Not Inserted)
2,23 , 1,0,15,0,S, 	(30-MAY-2025 15:48:17)	 (Not Inserted)
2,23 , 1,0,15,0,S, 	(30-MAY-2025 15:48:17)	 (Not Inserted)
2,23 , 1,0,15,0,S, 	(30-MAY-2025 15:48:17)	 (Not Inserted)
2,23 , 1,0,15,0,S, 	(30-MAY-2025 15:48:17)	 (Not Inserted)
2,23 , 1,0,15,0,S, 	(30-MAY-2025 15:48:17)	 (Not Inserted)
2,23 , 1,0,15,0,S, 	(30-MAY-2025 15:48:17)	 (Not Inserted)
2,23 , 1,0,15,0,S, 	(30-MAY-2025 15:48:17)	 (Not Inserted)
2,23 , 1,0,15,0,S, 	(30-MAY-2025 15:48:17)	 (Not Inserted)
2,23 , 1,0,15,0,S, 	(30-MAY-2025 15:48:17)	 (Not Inserted)
2,23 , 1,0,15,0,S, 	(30-MAY-2025 15:48:17)	 (Not Inserted)
2,23 , 1,0,15,0,S, 	(30-MAY-2025 15:48:17)	 (Not Inserted)
2,23 , 1,0,15,0,S, 	(30-MAY-2025 15:48:17)	 (Not Inserted)
2,23 , 1,0,15,0,S, 	(30-MAY-2025 15:48:17)	 (Not Inserted)
2,23 , 1,0,15,0,S, 	(30-MAY-2025 15:48:17)	 (Not Inserted)
2,23 , 1,0,15,0,S, 	(30-MAY-2025 15:48:17)	 (Not Inserted)
2,23 , 1,0,15,0,S, 	(30-MAY-2025 15:48:17)	 (Not Inserted)
2,23 , 1,0,15,0,S, 	(30-MAY-2025 15:48:17)	 (Not Inserted)
2,23 , 1,0,15,0,S, 	(30-MAY-2025 15:48:17)	 (Not Inserted)
2,23 , 1,0,15,0,S, 	(30-MAY-2025 15:48:17)	 (Not Inserted)
2,23 , 1,0,15,0,S, 	(30-MAY-2025 15:48:17)	 (Not Inserted)
2,23 , 1,0,15,0,S, 	(30-MAY-2025 15:48:17)	 (Not Inserted)
2,23 , 1,0,15,0,S, 	(30-MAY-2025 15:48:17)	 (Not Inserted)
2,23 , 1,0,15,0,S, 	(30-MAY-2025 15:48:17)	 (Not Inserted)
2,23 , 1,0,15,0,S, 	(30-MAY-2025 15:48:17)	 (Not Inserted)
2,23 , 1,0,15,0,S, 	(30-MAY-2025 15:48:17)	 (Not Inserted)
2,23 , 1,0,15,0,S, 	(30-MAY-2025 15:48:17)	 (Not Inserted)
2,23 , 1,0,15,0,S, 	(30-MAY-2025 15:48:17)	 (Not Inserted)
2,23 , 1,0,15,0,S, 	(30-MAY-2025 15:48:17)	 (Not Inserted)
2,23 , 1,0,15,0,S, 	(30-MAY-2025 15:48:17)	 (Not Inserted)
2,23 , 1,0,15,0,S, 	(30-MAY-2025 15:48:17)	 (Not Inserted)
2,23 , 1,0,15,0,S, 	(30-MAY-2025 15:48:17)	 (Not Inserted)
2,23 , 1,0,15,0,S, 	(30-MAY-2025 15:48:17)	 (Not Inserted)
2,23 , 1,0,15,0,S, 	(30-MAY-2025 15:48:17)	 (Not Inserted)
2,23 , 1,0,15,0,S, 	(30-MAY-2025 15:48:17)	 (Not Inserted)
2,23 , 1,0,15,0,S, 	(30-MAY-2025 15:48:17)	 (Not Inserted)
2,23 , 1,0,15,0,S, 	(30-MAY-2025 15:48:17)	 (Not Inserted)
2,23 , 1,0,15,0,S, 	(30-MAY-2025 15:48:17)	 (Not Inserted)
2,23 , 1,0,15,0,S, 	(30-MAY-2025 15:48:17)	 (Not Inserted)
2,23 , 1,0,15,0,S, 	(30-MAY-2025 15:48:17)	 (Not Inserted)
2,23 , 1,0,15,0,S, 	(30-MAY-2025 15:48:17)	 (Not Inserted)
2,23 , 1,0,15,0,S, 	(30-MAY-2025 15:48:17)	 (Not Inserted)
2,23 , 1,0,15,0,S, 	(30-MAY-2025 15:48:17)	 (Not Inserted)
2,23 , 1,0,15,0,S, 	(30-MAY-2025 15:48:17)	 (Not Inserted)
2,23 , 1,0,15,0,S, 	(30-MAY-2025 15:48:17)	 (Not Inserted)
2,23 , 1,0,15,0,S, 	(30-MAY-2025 15:48:17)	 (Not Inserted)
2,23 , 1,0,15,0,S, 	(30-MAY-2025 15:48:17)	 (Not Inserted)
2,23 , 1,0,15,0,S, 	(30-MAY-2025 15:48:17)	 (Not Inserted)
2,23 , 1,0,15,0,S, 	(30-MAY-2025 15:48:17)	 (Not Inserted)
2,23 , 1,0,15,0,S, 	(30-MAY-2025 15:48:17)	 (Not Inserted)
2,23 , 1,0,15,0,S, 	(30-MAY-2025 15:48:17)	 (Not Inserted)
2,23 , 1,0,15,0,S, 	(30-MAY-2025 15:48:17)	 (Not Inserted)
2,23 , 1,0,15,0,S, 	(30-MAY-2025 15:48:17)	 (Not Inserted)
2,23 , 1,0,15,0,S, 	(30-MAY-2025 15:48:17)	 (Not Inserted)
2,23 , 1,0,15,0,S, 	(30-MAY-2025 15:48:17)	 (Not Inserted)
2,23 , 1,0,15,0,S, 	(30-MAY-2025 15:48:17)	 (Not Inserted)
2,23 , 1,0,15,0,S, 	(30-MAY-2025 15:48:17)	 (Not Inserted)
2,23 , 1,0,15,0,S, 	(30-MAY-2025 15:48:17)	 (Not Inserted)
2,23 , 1,0,15,0,S, 	(30-MAY-2025 15:48:17)	 (Not Inserted)
2,23 , 1,0,15,0,S, 	(30-MAY-2025 15:48:17)	 (Not Inserted)
2,23 , 1,0,15,0,S, 	(30-MAY-2025 15:48:17)	 (Not Inserted)
2,23 , 1,0,15,0,S, 	(30-MAY-2025 15:48:17)	 (Not Inserted)
2,23 , 1,0,15,0,S, 	(30-MAY-2025 15:48:17)	 (Not Inserted)
2,23 , 1,0,15,0,S, 	(30-MAY-2025 15:48:17)	 (Not Inserted)
2,23 , 1,0,15,0,S, 	(30-MAY-2025 15:48:17)	 (Not Inserted)
2,23 , 1,0,15,0,S, 	(30-MAY-2025 15:48:17)	 (Not Inserted)
2,23 , 1,0,15,0,S, 	(30-MAY-2025 15:48:17)	 (Not Inserted)
2,23 , 1,0,15,0,S, 	(30-MAY-2025 15:48:17)	 (Not Inserted)
2,23 , 1,0,15,0,S, 	(30-MAY-2025 15:48:17)	 (Not Inserted)
2,23 , 1,0,15,0,S, 	(30-MAY-2025 15:48:17)	 (Not Inserted)
2,23 , 1,0,15,0,S, 	(30-MAY-2025 15:48:17)	 (Not Inserted)
2,23 , 1,0,15,0,S, 	(30-MAY-2025 15:48:17)	 (Not Inserted)
2,23 , 1,0,15,0,S, 	(30-MAY-2025 15:48:17)	 (Not Inserted)
2,23 , 1,0,15,0,S, 	(30-MAY-2025 15:48:17)	 (Not Inserted)
2,23 , 1,0,15,0,S, 	(30-MAY-2025 15:48:17)	 (Not Inserted)
2,23 , 1,0,15,0,S, 	(30-MAY-2025 15:48:17)	 (Not Inserted)
2,23 , 1,0,15,0,S, 	(30-MAY-2025 15:48:17)	 (Not Inserted)
2,23 , 1,0,15,0,S, 	(30-MAY-2025 15:48:17)	 (Not Inserted)
2,23 , 1,0,15,0,S, 	(30-MAY-2025 15:48:17)	 (Not Inserted)
2,23 , 1,0,15,0,S, 	(30-MAY-2025 15:48:17)	 (Not Inserted)
2,23 , 1,0,15,0,S, 	(30-MAY-2025 15:48:17)	 (Not Inserted)
2,23 , 1,0,15,0,S, 	(30-MAY-2025 15:48:17)	 (Not Inserted)
2,23 , 1,0,15,0,S, 	(30-MAY-2025 15:48:17)	 (Not Inserted)
2,23 , 1,0,15,0,S, 	(30-MAY-2025 15:48:17)	 (Not Inserted)
2,23 , 1,0,15,0,S, 	(30-MAY-2025 15:48:17)	 (Not Inserted)
2,23 , 1,0,15,0,S, 	(30-MAY-2025 15:48:17)	 (Not Inserted)
2,23 , 1,0,15,0,S, 	(30-MAY-2025 15:48:17)	 (Not Inserted)
2,23 , 1,0,15,0,S, 	(30-MAY-2025 15:48:17)	 (Not Inserted)
2,23 , 1,0,15,0,S, 	(30-MAY-2025 15:48:17)	 (Not Inserted)
2,23 , 1,0,15,0,S, 	(30-MAY-2025 15:48:17)	 (Not Inserted)
2,23 , 1,0,15,0,S, 	(30-MAY-2025 15:48:17)	 (Not Inserted)
2,23 , 1,0,15,0,S, 	(30-MAY-2025 15:48:17)	 (Not Inserted)
2,23 , 1,0,15,0,S, 	(30-MAY-2025 15:48:17)	 (Not Inserted)
2,23 , 1,0,15,0,S, 	(30-MAY-2025 15:48:17)	 (Not Inserted)
2,23 , 1,0,15,0,S, 	(30-MAY-2025 15:48:17)	 (Not Inserted)
2,23 , 1,0,15,0,S, 	(30-MAY-2025 15:48:17)	 (Not Inserted)
2,23 , 1,0,15,0,S, 	(30-MAY-2025 15:48:17)	 (Not Inserted)
2,23 , 1,0,15,0,S, 	(30-MAY-2025 15:48:17)	 (Not Inserted)
2,23 , 1,0,15,0,S, 	(30-MAY-2025 15:48:17)	 (Not Inserted)
2,23 , 1,0,15,0,S, 	(30-MAY-2025 15:48:17)	 (Not Inserted)
2,23 , 1,0,15,0,S, 	(30-MAY-2025 15:48:17)	 (Not Inserted)
2,23 , 1,0,15,0,S, 	(30-MAY-2025 15:48:17)	 (Not Inserted)
2,23 , 1,0,15,0,S, 	(30-MAY-2025 15:48:17)	 (Not Inserted)
2,23 , 1,0,15,0,S, 	(30-MAY-2025 15:48:17)	 (Not Inserted)
2,23 , 1,0,15,0,S, 	(30-MAY-2025 15:48:17)	 (Not Inserted)
2,23 , 1,0,15,0,S, 	(30-MAY-2025 15:48:17)	 (Not Inserted)
2,23 , 1,0,15,0,S, 	(30-MAY-2025 15:48:17)	 (Not Inserted)
2,23 , 1,0,15,0,S, 	(30-MAY-2025 15:48:17)	 (Not Inserted)
2,23 , 1,0,15,0,S, 	(30-MAY-2025 15:48:17)	 (Not Inserted)
2,23 , 1,0,15,0,S, 	(30-MAY-2025 15:48:17)	 (Not Inserted)
2,23 , 1,0,15,0,S, 	(30-MAY-2025 15:48:17)	 (Not Inserted)
2,23 , 1,0,15,0,S, 	(30-MAY-2025 15:48:17)	 (Not Inserted)
2,23 , 1,0,15,0,S, 	(30-MAY-2025 15:48:17)	 (Not Inserted)
2,23 , 1,0,15,0,S, 	(30-MAY-2025 15:48:17)	 (Not Inserted)
2,23 , 1,0,15,0,S, 	(30-MAY-2025 15:48:17)	 (Not Inserted)
2,23 , 1,0,15,0,S, 	(30-MAY-2025 15:48:17)	 (Not Inserted)
2,23 , 1,0,15,0,S, 	(30-MAY-2025 15:48:17)	 (Not Inserted)
2,23 , 1,0,15,0,S, 	(30-MAY-2025 15:48:17)	 (Not Inserted)
2,23 , 1,0,15,0,S, 	(30-MAY-2025 15:48:17)	 (Not Inserted)
2,23 , 1,0,15,0,S, 	(30-MAY-2025 15:48:17)	 (Not Inserted)
2,23 , 1,0,15,0,S, 	(30-MAY-2025 15:48:17)	 (Not Inserted)
2,23 , 1,0,15,0,S, 	(30-MAY-2025 15:48:17)	 (Not Inserted)
2,23 , 1,0,15,0,S, 	(30-MAY-2025 15:48:17)	 (Not Inserted)
2,23 , 1,0,15,0,S, 	(30-MAY-2025 15:48:17)	 (Not Inserted)
2,23 , 1,0,15,0,S, 	(30-MAY-2025 15:48:17)	 (Not Inserted)
2,23 , 1,0,15,0,S, 	(30-MAY-2025 15:48:17)	 (Not Inserted)
2,23 , 1,0,15,0,S, 	(30-MAY-2025 15:48:17)	 (Not Inserted)
2,23 , 1,0,15,0,S, 	(30-MAY-2025 15:48:17)	 (Not Inserted)
2,23 , 1,0,15,0,S, 	(30-MAY-2025 15:48:17)	 (Not Inserted)
2,23 , 1,0,15,0,S, 	(30-MAY-2025 15:48:17)	 (Not Inserted)
2,23 , 1,0,15,0,S, 	(30-MAY-2025 15:48:17)	 (Not Inserted)
2,23 , 1,0,15,0,S, 	(30-MAY-2025 15:48:17)	 (Not Inserted)
2,23 , 1,0,15,0,S, 	(30-MAY-2025 15:48:17)	 (Not Inserted)
2,23 , 1,0,15,0,S, 	(30-MAY-2025 15:48:17)	 (Not Inserted)
2,23 , 1,0,15,0,S, 	(30-MAY-2025 15:48:17)	 (Not Inserted)
2,23 , 1,0,14,0,S, 	(30-MAY-2025 15:48:17)
2,23 , 1,0,14,0,S, 	(30-MAY-2025 15:48:17)
2,23 , 1,0,14,0,S, 	(30-MAY-2025 15:48:17)
2,23 , 1,0,14,0,S, 	(30-MAY-2025 15:48:17)
2,23 , 1,0,14,0,S, 	(30-MAY-2025 15:48:17)
2,23 , 1,0,14,0,S, 	(30-MAY-2025 15:48:17)
2,23 , 1,0,14,0,S, 	(30-MAY-2025 15:48:17)
2,23 , 1,0,14,0,S, 	(30-MAY-2025 15:48:17)
2,23 , 1,0,14,0,S, 	(30-MAY-2025 15:48:17)
2,23 , 1,0,14,0,S, 	(30-MAY-2025 15:48:17)
2,23 , 1,0,14,0,S, 	(30-MAY-2025 15:48:17)
2,23 , 1,0,14,0,S, 	(30-MAY-2025 15:48:17)
2,23 , 1,0,14,0,S, 	(30-MAY-2025 15:48:17)
2,23 , 1,0,14,0,S, 	(30-MAY-2025 15:48:17)
2,23 , 1,0,14,0,S, 	(30-MAY-2025 15:48:17)
2,23 , 1,0,14,0,S, 	(30-MAY-2025 15:48:17)
2,23 , 1,0,14,0,S, 	(30-MAY-2025 15:48:17)
2,23 , 1,0,14,0,S, 	(30-MAY-2025 15:48:17)
2,23 , 1,0,14,0,S, 	(30-MAY-2025 15:48:17)
2,23 , 1,0,14,0,S, 	(30-MAY-2025 15:48:17)
2,23 , 1,0,14,0,S, 	(30-MAY-2025 15:48:17)
2,23 , 1,0,14,0,S, 	(30-MAY-2025 15:48:17)
2,23 , 1,0,14,0,S, 	(30-MAY-2025 15:48:17)
2,23 , 1,0,14,0,S, 	(30-MAY-2025 15:48:17)
2,23 , 1,0,14,0,S, 	(30-MAY-2025 15:48:17)
2,23 , 1,0,14,0,S, 	(30-MAY-2025 15:48:17)
2,23 , 1,0,14,0,S, 	(30-MAY-2025 15:48:17)
2,23 , 1,0,14,0,S, 	(30-MAY-2025 15:48:17)
2,23 , 1,0,14,0,S, 	(30-MAY-2025 15:48:17)
2,23 , 1,0,14,0,S, 	(30-MAY-2025 15:48:17)
2,23 , 1,0,14,0,S, 	(30-MAY-2025 15:48:17)
2,23 , 1,0,14,0,S, 	(30-MAY-2025 15:48:17)
2,23 , 1,0,14,0,S, 	(30-MAY-2025 15:48:17)
2,23 , 1,0,14,0,S, 	(30-MAY-2025 15:48:17)
2,23 , 1,0,14,0,S, 	(30-MAY-2025 15:48:17)
2,23 , 1,0,14,0,S, 	(30-MAY-2025 15:48:17)
2,23 , 1,0,14,0,S, 	(30-MAY-2025 15:48:17)
2,23 , 1,0,14,0,S, 	(30-MAY-2025 15:48:17)
2,23 , 1,0,14,0,S, 	(30-MAY-2025 15:48:17)
2,23 , 1,0,14,0,S, 	(30-MAY-2025 15:48:17)
2,23 , 1,0,14,0,S, 	(30-MAY-2025 15:48:17)
2,23 , 1,0,14,0,S, 	(30-MAY-2025 15:48:17)
2,23 , 1,0,14,0,S, 	(30-MAY-2025 15:48:17)
2,23 , 1,0,14,0,S, 	(30-MAY-2025 15:48:17)
2,23 , 1,0,14,0,S, 	(30-MAY-2025 15:48:17)
2,23 , 1,0,14,0,S, 	(30-MAY-2025 15:48:17)
2,23 , 1,0,14,0,S, 	(30-MAY-2025 15:48:17)
2,23 , 1,0,14,0,S, 	(30-MAY-2025 15:48:17)
2,23 , 1,0,14,0,S, 	(30-MAY-2025 15:48:17)
2,23 , 1,0,14,0,S, 	(30-MAY-2025 15:48:17)
2,23 , 1,0,14,0,S, 	(30-MAY-2025 15:48:17)
2,23 , 1,0,14,0,S, 	(30-MAY-2025 15:48:17)
2,23 , 1,0,14,0,S, 	(30-MAY-2025 15:48:17)
2,23 , 1,0,14,0,S, 	(30-MAY-2025 15:48:17)
2,23 , 1,0,14,0,S, 	(30-MAY-2025 15:48:17)
2,23 , 1,0,14,0,S, 	(30-MAY-2025 15:48:17)
2,23 , 1,0,14,0,S, 	(30-MAY-2025 15:48:17)
2,23 , 1,0,14,0,S, 	(30-MAY-2025 15:48:17)
2,23 , 1,0,14,0,S, 	(30-MAY-2025 15:48:17)
2,23 , 1,0,14,0,S, 	(30-MAY-2025 15:48:17)
2,23 , 1,0,14,0,S, 	(30-MAY-2025 15:48:17)
2,23 , 1,0,14,0,S, 	(30-MAY-2025 15:48:17)
2,23 , 1,0,14,0,S, 	(30-MAY-2025 15:48:17)
2,23 , 1,0,14,0,S, 	(30-MAY-2025 15:48:17)
2,23 , 1,0,14,0,S, 	(30-MAY-2025 15:48:17)
2,23 , 1,0,14,0,S, 	(30-MAY-2025 15:48:17)
2,23 , 1,0,14,0,S, 	(30-MAY-2025 15:48:17)
2,23 , 1,0,14,0,S, 	(30-MAY-2025 15:48:17)
2,23 , 1,0,14,0,S, 	(30-MAY-2025 15:48:17)
2,23 , 1,0,14,0,S, 	(30-MAY-2025 15:48:17)
2,23 , 1,0,14,0,S, 	(30-MAY-2025 15:48:17)
2,23 , 1,0,14,0,S, 	(30-MAY-2025 15:48:17)
2,23 , 1,0,14,0,S, 	(30-MAY-2025 15:48:17)
2,23 , 1,0,14,0,S, 	(30-MAY-2025 15:48:17)
2,23 , 1,0,14,0,S, 	(30-MAY-2025 15:48:17)
2,23 , 1,0,14,0,S, 	(30-MAY-2025 15:48:17)
2,23 , 1,0,14,0,S, 	(30-MAY-2025 15:48:17)
2,23 , 1,0,14,0,S, 	(30-MAY-2025 15:48:17)
2,23 , 1,0,14,0,S, 	(30-MAY-2025 15:48:17)
2,23 , 1,0,14,0,S, 	(30-MAY-2025 15:48:17)
2,23 , 1,0,14,0,S, 	(30-MAY-2025 15:48:17)
2,23 , 1,0,14,0,S, 	(30-MAY-2025 15:48:17)
2,23 , 1,0,14,0,S, 	(30-MAY-2025 15:48:17)
2,23 , 1,0,14,0,S, 	(30-MAY-2025 15:48:17)
2,23 , 1,0,14,0,S, 	(30-MAY-2025 15:48:17)
2,23 , 1,0,14,0,S, 	(30-MAY-2025 15:48:17)
2,23 , 1,0,14,0,S, 	(30-MAY-2025 15:48:17)
2,23 , 1,0,14,0,S, 	(30-MAY-2025 15:48:17)
2,23 , 1,0,14,0,S, 	(30-MAY-2025 15:48:17)
2,23 , 1,0,14,0,S, 	(30-MAY-2025 15:48:17)
2,23 , 1,0,14,0,S, 	(30-MAY-2025 15:48:17)
2,23 , 1,0,14,0,S, 	(30-MAY-2025 15:48:17)
2,23 , 1,0,14,0,S, 	(30-MAY-2025 15:48:17)
2,23 , 1,0,14,0,S, 	(30-MAY-2025 15:48:17)
2,23 , 1,0,14,0,S, 	(30-MAY-2025 15:48:17)
2,23 , 1,0,14,0,S, 	(30-MAY-2025 15:48:17)
2,23 , 1,0,14,0,S, 	(30-MAY-2025 15:48:17)
2,23 , 1,0,14,0,S, 	(30-MAY-2025 15:48:17)
2,23 , 1,0,14,0,S, 	(30-MAY-2025 15:48:17)
2,23 , 1,0,14,0,S, 	(30-MAY-2025 15:48:17)
2,23 , 1,0,14,0,S, 	(30-MAY-2025 15:48:17)
2,23 , 1,0,14,0,S, 	(30-MAY-2025 15:48:17)
2,23 , 1,0,14,0,S, 	(30-MAY-2025 15:48:17)
2,23 , 1,0,14,0,S, 	(30-MAY-2025 15:48:17)
2,23 , 1,0,14,0,S, 	(30-MAY-2025 15:48:17)
2,23 , 1,0,14,0,S, 	(30-MAY-2025 15:48:17)
2,23 , 1,0,14,0,S, 	(30-MAY-2025 15:48:17)
2,23 , 1,0,14,0,S, 	(30-MAY-2025 15:48:17)
2,23 , 1,0,14,0,S, 	(30-MAY-2025 15:48:17)
2,23 , 1,0,14,0,S, 	(30-MAY-2025 15:48:17)
2,23 , 1,0,14,0,S, 	(30-MAY-2025 15:48:17)
2,23 , 1,0,14,0,S, 	(30-MAY-2025 15:48:17)
2,23 , 1,0,14,0,S, 	(30-MAY-2025 15:48:17)
2,23 , 1,0,14,0,S, 	(30-MAY-2025 15:48:17)
2,23 , 1,0,14,0,S, 	(30-MAY-2025 15:48:17)
2,23 , 1,0,14,0,S, 	(30-MAY-2025 15:48:17)
2,23 , 1,0,14,0,S, 	(30-MAY-2025 15:48:17)
2,23 , 1,0,14,0,S, 	(30-MAY-2025 15:48:17)
2,23 , 1,0,14,0,S, 	(30-MAY-2025 15:48:17)
2,23 , 1,0,14,0,S, 	(30-MAY-2025 15:48:17)
2,23 , 1,0,14,0,S, 	(30-MAY-2025 15:48:17)
2,23 , 1,0,14,0,S, 	(30-MAY-2025 15:48:17)
2,23 , 1,0,14,0,S, 	(30-MAY-2025 15:48:17)
2,23 , 1,0,14,0,S, 	(30-MAY-2025 15:48:17)
2,23 , 1,0,14,0,S, 	(30-MAY-2025 15:48:17)
2,23 , 1,0,14,0,S, 	(30-MAY-2025 15:48:17)
2,23 , 1,0,14,0,S, 	(30-MAY-2025 15:48:17)
2,23 , 1,0,14,0,S, 	(30-MAY-2025 15:48:17)
2,23 , 1,0,14,0,S, 	(30-MAY-2025 15:48:17)
2,23 , 1,0,14,0,S, 	(30-MAY-2025 15:48:17)
2,23 , 1,0,14,0,S, 	(30-MAY-2025 15:48:17)
2,23 , 1,0,14,0,S, 	(30-MAY-2025 15:48:17)
2,23 , 1,0,14,0,S, 	(30-MAY-2025 15:48:17)
2,23 , 1,0,14,0,S, 	(30-MAY-2025 15:48:17)
2,23 , 1,0,14,0,S, 	(30-MAY-2025 15:48:17)
2,23 , 1,0,14,0,S, 	(30-MAY-2025 15:48:17)
2,23 , 1,0,14,0,S, 	(30-MAY-2025 15:48:17)
2,23 , 1,0,14,0,S, 	(30-MAY-2025 15:48:17)
2,23 , 1,0,14,0,S, 	(30-MAY-2025 15:48:17)
2,23 , 1,0,14,0,S, 	(30-MAY-2025 15:48:17)
2,23 , 1,0,14,0,S, 	(30-MAY-2025 15:48:17)
2,23 , 1,0,14,0,S, 	(30-MAY-2025 15:48:17)
2,23 , 1,0,14,0,S, 	(30-MAY-2025 15:48:17)
2,23 , 1,0,14,0,S, 	(30-MAY-2025 15:48:17)
2,23 , 1,0,14,0,S, 	(30-MAY-2025 15:48:17)
2,23 , 1,0,14,0,S, 	(30-MAY-2025 15:48:17)
2,23 , 1,0,14,0,S, 	(30-MAY-2025 15:48:17)
2,23 , 1,0,14,0,S, 	(30-MAY-2025 15:48:17)
2,23 , 1,0,14,0,S, 	(30-MAY-2025 15:48:17)
2,23 , 1,0,14,0,S, 	(30-MAY-2025 15:48:17)
2,23 , 1,0,14,0,S, 	(30-MAY-2025 15:48:17)
2,23 , 1,0,14,0,S, 	(30-MAY-2025 15:48:17)
2,23 , 1,0,14,0,S, 	(30-MAY-2025 15:48:17)
2,23 , 1,0,14,0,S, 	(30-MAY-2025 15:48:17)
2,23 , 1,0,14,0,S, 	(30-MAY-2025 15:48:17)
2,23 , 1,0,14,0,S, 	(30-MAY-2025 15:48:17)
2,23 , 1,0,14,0,S, 	(30-MAY-2025 15:48:17)
2,23 , 1,0,14,0,S, 	(30-MAY-2025 15:48:17)
2,23 , 1,0,14,0,S, 	(30-MAY-2025 15:48:17)
2,23 , 1,0,14,0,S, 	(30-MAY-2025 15:48:17)
2,23 , 1,0,14,0,S, 	(30-MAY-2025 15:48:17)
2,23 , 1,0,14,0,S, 	(30-MAY-2025 15:48:17)
2,23 , 1,0,14,0,S, 	(30-MAY-2025 15:48:17)
2,23 , 1,0,14,0,S, 	(30-MAY-2025 15:48:17)
2,23 , 1,0,14,0,S, 	(30-MAY-2025 15:48:17)
2,23 , 1,0,14,0,S, 	(30-MAY-2025 15:48:17)
2,23 , 1,0,14,0,S, 	(30-MAY-2025 15:48:17)
2,23 , 1,0,14,0,S, 	(30-MAY-2025 15:48:17)
2,23 , 1,0,14,0,S, 	(30-MAY-2025 15:48:17)
2,23 , 1,0,14,0,S, 	(30-MAY-2025 15:48:17)
2,23 , 1,0,14,0,S, 	(30-MAY-2025 15:48:17)
2,23 , 1,0,14,0,S, 	(30-MAY-2025 15:48:17)
2,23 , 1,0,14,0,S, 	(30-MAY-2025 15:48:17)
2,23 , 1,0,14,0,S, 	(30-MAY-2025 15:48:17)
2,23 , 1,0,14,0,S, 	(30-MAY-2025 15:48:17)
2,23 , 1,0,14,0,S, 	(30-MAY-2025 15:48:17)
2,23 , 1,0,14,0,S, 	(30-MAY-2025 15:48:17)
2,23 , 1,0,14,0,S, 	(30-MAY-2025 15:48:17)
2,23 , 1,0,14,0,S, 	(30-MAY-2025 15:48:17)
2,23 , 1,0,14,0,S, 	(30-MAY-2025 15:48:17)
2,23 , 1,0,14,0,S, 	(30-MAY-2025 15:48:17)
2,23 , 1,0,14,0,S, 	(30-MAY-2025 15:48:17)
2,23 , 1,0,14,0,S, 	(30-MAY-2025 15:48:17)
2,23 , 1,0,14,0,S, 	(30-MAY-2025 15:48:17)
2,23 , 1,0,14,0,S, 	(30-MAY-2025 15:48:17)
2,23 , 1,0,14,0,S, 	(30-MAY-2025 15:48:17)
2,23 , 1,0,14,0,S, 	(30-MAY-2025 15:48:17)
2,23 , 1,0,14,0,S, 	(30-MAY-2025 15:48:17)
2,23 , 1,0,14,0,S, 	(30-MAY-2025 15:48:17)
2,23 , 1,0,14,0,S, 	(30-MAY-2025 15:48:17)
2,23 , 1,0,14,0,S, 	(30-MAY-2025 15:48:17)
2,23 , 1,0,14,0,S, 	(30-MAY-2025 15:48:17)
2,23 , 1,0,14,0,S, 	(30-MAY-2025 15:48:17)
2,23 , 1,0,14,0,S, 	(30-MAY-2025 15:48:17)
2,23 , 1,0,14,0,S, 	(30-MAY-2025 15:48:17)
2,23 , 1,0,14,0,S, 	(30-MAY-2025 15:48:17)
2,23 , 1,0,14,0,S, 	(30-MAY-2025 15:48:17)
2,23 , 1,0,14,0,S, 	(30-MAY-2025 15:48:17)
2,23 , 1,0,14,0,S, 	(30-MAY-2025 15:48:17)
2,23 , 1,0,14,0,S, 	(30-MAY-2025 15:48:17)
2,23 , 1,0,14,0,S, 	(30-MAY-2025 15:48:17)
2,23 , 1,0,14,0,S, 	(30-MAY-2025 15:48:17)
2,23 , 1,0,14,0,S, 	(30-MAY-2025 15:48:17)
2,23 , 1,0,14,0,S, 	(30-MAY-2025 15:48:17)
2,23 , 1,0,14,0,S, 	(30-MAY-2025 15:48:17)
2,23 , 1,0,14,0,S, 	(30-MAY-2025 15:48:17)
2,23 , 1,0,14,0,S, 	(30-MAY-2025 15:48:17)
2,23 , 1,0,14,0,S, 	(30-MAY-2025 15:48:17)
2,23 , 1,0,14,0,S, 	(30-MAY-2025 15:48:17)
2,23 , 1,0,14,0,S, 	(30-MAY-2025 15:48:17)
2,23 , 1,0,14,0,S, 	(30-MAY-2025 15:48:17)
2,23 , 1,0,14,0,S, 	(30-MAY-2025 15:48:17)
2,23 , 1,0,14,0,S, 	(30-MAY-2025 15:48:17)
2,23 , 1,0,14,0,S, 	(30-MAY-2025 15:48:17)
2,23 , 1,0,14,0,S, 	(30-MAY-2025 15:48:17)
2,23 , 1,0,14,0,S, 	(30-MAY-2025 15:48:17)
2,23 , 1,0,14,0,S, 	(30-MAY-2025 15:48:17)
2,23 , 1,0,14,0,S, 	(30-MAY-2025 15:48:17)
2,23 , 1,0,14,0,S, 	(30-MAY-2025 15:48:17)
2,23 , 1,0,14,0,S, 	(30-MAY-2025 15:48:17)
2,23 , 1,0,14,0,S, 	(30-MAY-2025 15:48:17)
2,23 , 1,0,14,0,S, 	(30-MAY-2025 15:48:17)
2,23 , 1,0,14,0,S, 	(30-MAY-2025 15:48:17)
2,23 , 1,0,14,0,S, 	(30-MAY-2025 15:48:17)
2,23 , 1,0,14,0,S, 	(30-MAY-2025 15:48:17)
2,23 , 1,0,14,0,S, 	(30-MAY-2025 15:48:17)
2,23 , 1,0,14,0,S, 	(30-MAY-2025 15:48:17)
2,23 , 1,0,14,0,S, 	(30-MAY-2025 15:48:17)
2,23 , 1,0,14,0,S, 	(30-MAY-2025 15:48:17)
2,23 , 1,0,14,0,S, 	(30-MAY-2025 15:48:17)
2,23 , 1,0,14,0,S, 	(30-MAY-2025 15:48:17)
2,23 , 1,0,14,0,S, 	(30-MAY-2025 15:48:17)
2,23 , 1,0,14,0,S, 	(30-MAY-2025 15:48:17)
2,23 , 1,0,14,0,S, 	(30-MAY-2025 15:48:17)
2,23 , 1,0,14,0,S, 	(30-MAY-2025 15:48:17)
2,23 , 1,0,14,0,S, 	(30-MAY-2025 15:48:17)
2,23 , 1,0,14,0,S, 	(30-MAY-2025 15:48:17)
2,23 , 1,0,14,0,S, 	(30-MAY-2025 15:48:17)
2,23 , 1,0,14,0,S, 	(30-MAY-2025 15:48:17)
2,23 , 1,0,14,0,S, 	(30-MAY-2025 15:48:17)
2,23 , 1,0,14,0,S, 	(30-MAY-2025 15:48:17)
2,23 , 1,0,14,0,S, 	(30-MAY-2025 15:48:17)
2,23 , 1,0,14,0,S, 	(30-MAY-2025 15:48:17)
2,23 , 1,0,14,0,S, 	(30-MAY-2025 15:48:17)
2,23 , 1,0,14,0,S, 	(30-MAY-2025 15:48:17)
2,23 , 1,0,14,0,S, 	(30-MAY-2025 15:48:17)
2,23 , 1,0,14,0,S, 	(30-MAY-2025 15:48:17)
2,23 , 1,0,14,0,S, 	(30-MAY-2025 15:48:17)
2,23 , 1,0,14,0,S, 	(30-MAY-2025 15:48:17)
2,23 , 1,0,14,0,S, 	(30-MAY-2025 15:48:17)
2,23 , 1,0,14,0,S, 	(30-MAY-2025 15:48:17)
2,23 , 1,0,14,0,S, 	(30-MAY-2025 15:48:17)
2,23 , 1,0,14,0,S, 	(30-MAY-2025 15:48:17)
2,23 , 1,0,14,0,S, 	(30-MAY-2025 15:48:17)
2,23 , 1,0,14,0,S, 	(30-MAY-2025 15:48:17)
2,23 , 1,0,14,0,S, 	(30-MAY-2025 15:48:17)
2,23 , 1,0,14,0,S, 	(30-MAY-2025 15:48:17)
2,23 , 1,0,14,0,S, 	(30-MAY-2025 15:48:17)
2,23 , 1,0,14,0,S, 	(30-MAY-2025 15:48:17)
2,23 , 1,0,14,0,S, 	(30-MAY-2025 15:48:17)
2,23 , 1,0,14,0,S, 	(30-MAY-2025 15:48:17)
2,23 , 1,0,14,0,S, 	(30-MAY-2025 15:48:17)
2,23 , 1,0,14,0,S, 	(30-MAY-2025 15:48:17)
2,23 , 1,0,14,0,S, 	(30-MAY-2025 15:48:17)
2,23 , 1,0,14,0,S, 	(30-MAY-2025 15:48:17)
2,23 , 1,0,14,0,S, 	(30-MAY-2025 15:48:17)
2,23 , 1,0,14,0,S, 	(30-MAY-2025 15:48:17)
2,23 , 1,0,14,0,S, 	(30-MAY-2025 15:48:17)
2,23 , 1,0,14,0,S, 	(30-MAY-2025 15:48:17)
2,23 , 1,0,14,0,S, 	(30-MAY-2025 15:48:17)
2,23 , 1,0,14,0,S, 	(30-MAY-2025 15:48:17)
2,23 , 1,0,14,0,S, 	(30-MAY-2025 15:48:17)
2,23 , 1,0,14,0,S, 	(30-MAY-2025 15:48:17)
2,23 , 1,0,14,0,S, 	(30-MAY-2025 15:48:17)
2,23 , 1,0,14,0,S, 	(30-MAY-2025 15:48:17)
2,23 , 1,0,14,0,S, 	(30-MAY-2025 15:48:17)
2,23 , 1,0,14,0,S, 	(30-MAY-2025 15:48:17)
2,23 , 1,0,14,0,S, 	(30-MAY-2025 15:48:17)
2,23 , 1,0,14,0,S, 	(30-MAY-2025 15:48:17)
2,23 , 1,0,14,0,S, 	(30-MAY-2025 15:48:17)
2,23 , 1,0,14,0,S, 	(30-MAY-2025 15:48:17)
2,23 , 1,0,14,0,S, 	(30-MAY-2025 15:48:17)
2,23 , 1,0,14,0,S, 	(30-MAY-2025 15:48:17)
2,23 , 1,0,14,0,S, 	(30-MAY-2025 15:48:17)
2,23 , 1,0,14,0,S, 	(30-MAY-2025 15:48:17)
2,23 , 1,0,14,0,S, 	(30-MAY-2025 15:48:17)
2,23 , 1,0,14,0,S, 	(30-MAY-2025 15:48:17)
2,23 , 1,0,14,0,S, 	(30-MAY-2025 15:48:17)
2,23 , 1,0,14,0,S, 	(30-MAY-2025 15:48:17)
2,23 , 1,0,14,0,S, 	(30-MAY-2025 15:48:17)
2,23 , 1,0,14,0,S, 	(30-MAY-2025 15:48:17)
2,23 , 1,0,14,0,S, 	(30-MAY-2025 15:48:17)
2,23 , 1,0,14,0,S, 	(30-MAY-2025 15:48:17)
2,23 , 1,0,14,0,S, 	(30-MAY-2025 15:48:17)
2,23 , 1,0,14,0,S, 	(30-MAY-2025 15:48:17)
2,23 , 1,0,14,0,S, 	(30-MAY-2025 15:48:17)
2,23 , 1,0,14,0,S, 	(30-MAY-2025 15:48:17)
2,23 , 1,0,14,0,S, 	(30-MAY-2025 15:48:17)
2,23 , 1,0,14,0,S, 	(30-MAY-2025 15:48:17)
2,23 , 1,0,14,0,S, 	(30-MAY-2025 15:48:17)
2,23 , 1,0,14,0,S, 	(30-MAY-2025 15:48:17)
2,23 , 1,0,14,0,S, 	(30-MAY-2025 15:48:17)
2,23 , 1,0,14,0,S, 	(30-MAY-2025 15:48:17)
2,23 , 1,0,14,0,S, 	(30-MAY-2025 15:48:17)
2,23 , 1,0,14,0,S, 	(30-MAY-2025 15:48:17)
2,23 , 1,0,14,0,S, 	(30-MAY-2025 15:48:17)
2,23 , 1,0,14,0,S, 	(30-MAY-2025 15:48:17)
2,23 , 1,0,14,0,S, 	(30-MAY-2025 15:48:17)
2,23 , 1,0,14,0,S, 	(30-MAY-2025 15:48:17)
2,23 , 1,0,14,0,S, 	(30-MAY-2025 15:48:17)
2,23 , 1,0,14,0,S, 	(30-MAY-2025 15:48:17)
2,23 , 1,0,14,0,S, 	(30-MAY-2025 15:48:17)
2,23 , 1,0,14,0,S, 	(30-MAY-2025 15:48:17)
2,23 , 1,0,14,0,S, 	(30-MAY-2025 15:48:17)
2,23 , 1,0,14,0,S, 	(30-MAY-2025 15:48:17)
2,23 , 1,0,14,0,S, 	(30-MAY-2025 15:48:17)
2,23 , 1,0,14,0,S, 	(30-MAY-2025 15:48:17)
2,23 , 1,0,14,0,S, 	(30-MAY-2025 15:48:17)
2,23 , 1,0,14,0,S, 	(30-MAY-2025 15:48:17)
2,23 , 1,0,14,0,S, 	(30-MAY-2025 15:48:17)
2,23 , 1,0,14,0,S, 	(30-MAY-2025 15:48:17)
2,23 , 1,0,14,0,S, 	(30-MAY-2025 15:48:17)
2,23 , 1,0,14,0,S, 	(30-MAY-2025 15:48:17)
2,23 , 1,0,14,0,S, 	(30-MAY-2025 15:48:17)
2,23 , 1,0,14,0,S, 	(30-MAY-2025 15:48:17)
2,23 , 1,0,14,0,S, 	(30-MAY-2025 15:48:17)
2,23 , 1,0,14,0,S, 	(30-MAY-2025 15:48:17)
2,23 , 1,0,14,0,S, 	(30-MAY-2025 15:48:17)
2,23 , 1,0,14,0,S, 	(30-MAY-2025 15:48:17)
2,23 , 1,0,14,0,S, 	(30-MAY-2025 15:48:17)
2,23 , 1,0,14,0,S, 	(30-MAY-2025 15:48:17)
2,23 , 1,0,14,0,S, 	(30-MAY-2025 15:48:17)
2,23 , 1,0,14,0,S, 	(30-MAY-2025 15:48:17)
2,23 , 1,0,14,0,S, 	(30-MAY-2025 15:48:17)
2,23 , 1,0,14,0,S, 	(30-MAY-2025 15:48:17)
2,23 , 1,0,14,0,S, 	(30-MAY-2025 15:48:17)
2,23 , 1,0,14,0,S, 	(30-MAY-2025 15:48:17)
2,23 , 1,0,14,0,S, 	(30-MAY-2025 15:48:17)
2,23 , 1,0,14,0,S, 	(30-MAY-2025 15:48:17)
2,23 , 1,0,14,0,S, 	(30-MAY-2025 15:48:17)
2,23 , 1,0,14,0,S, 	(30-MAY-2025 15:48:17)
2,23 , 1,0,14,0,S, 	(30-MAY-2025 15:48:17)
2,23 , 1,0,14,0,S, 	(30-MAY-2025 15:48:17)
2,23 , 1,0,14,0,S, 	(30-MAY-2025 15:48:17)
2,23 , 1,0,14,0,S, 	(30-MAY-2025 15:48:17)
2,23 , 1,0,14,0,S, 	(30-MAY-2025 15:48:17)
2,23 , 1,0,14,0,S, 	(30-MAY-2025 15:48:17)
2,23 , 1,0,14,0,S, 	(30-MAY-2025 15:48:17)
2,23 , 1,0,14,0,S, 	(30-MAY-2025 15:48:17)
2,23 , 1,0,14,0,S, 	(30-MAY-2025 15:48:17)
2,23 , 1,0,14,0,S, 	(30-MAY-2025 15:48:17)
2,23 , 1,0,14,0,S, 	(30-MAY-2025 15:48:17)
2,23 , 1,0,14,0,S, 	(30-MAY-2025 15:48:17)
2,23 , 1,0,14,0,S, 	(30-MAY-2025 15:48:17)
2,23 , 1,0,14,0,S, 	(30-MAY-2025 15:48:17)
2,23 , 1,0,14,0,S, 	(30-MAY-2025 15:48:17)
2,23 , 1,0,14,0,S, 	(30-MAY-2025 15:48:17)
2,23 , 1,0,14,0,S, 	(30-MAY-2025 15:48:17)
2,23 , 1,0,14,0,S, 	(30-MAY-2025 15:48:17)
2,23 , 1,0,14,0,S, 	(30-MAY-2025 15:48:17)
2,23 , 1,0,14,0,S, 	(30-MAY-2025 15:48:17)
2,23 , 1,0,14,0,S, 	(30-MAY-2025 15:48:17)
2,23 , 1,0,14,0,S, 	(30-MAY-2025 15:48:17)
2,23 , 1,0,14,0,S, 	(30-MAY-2025 15:48:17)
2,23 , 1,0,14,0,S, 	(30-MAY-2025 15:48:17)
2,23 , 1,0,14,0,S, 	(30-MAY-2025 15:48:17)
2,23 , 1,0,14,0,S, 	(30-MAY-2025 15:48:17)
2,23 , 1,0,14,0,S, 	(30-MAY-2025 15:48:17)
2,23 , 1,0,14,0,S, 	(30-MAY-2025 15:48:17)
2,23 , 1,0,14,0,S, 	(30-MAY-2025 15:48:17)
2,23 , 1,0,14,0,S, 	(30-MAY-2025 15:48:17)
2,23 , 1,0,14,0,S, 	(30-MAY-2025 15:48:17)
2,23 , 1,0,14,0,S, 	(30-MAY-2025 15:48:17)
2,23 , 1,0,14,0,S, 	(30-MAY-2025 15:48:17)
2,23 , 1,0,14,0,S, 	(30-MAY-2025 15:48:17)
2,23 , 1,0,14,0,S, 	(30-MAY-2025 15:48:17)
2,23 , 1,0,14,0,S, 	(30-MAY-2025 15:48:17)
2,23 , 1,0,14,0,S, 	(30-MAY-2025 15:48:17)
2,23 , 1,0,14,0,S, 	(30-MAY-2025 15:48:17)
2,23 , 1,0,14,0,S, 	(30-MAY-2025 15:48:17)
2,23 , 1,0,14,0,S, 	(30-MAY-2025 15:48:17)
2,23 , 1,0,14,0,S, 	(30-MAY-2025 15:48:17)
2,23 , 1,0,14,0,S, 	(30-MAY-2025 15:48:17)
2,23 , 1,0,14,0,S, 	(30-MAY-2025 15:48:17)
2,23 , 1,0,14,0,S, 	(30-MAY-2025 15:48:17)
2,23 , 1,0,14,0,S, 	(30-MAY-2025 15:48:17)
2,23 , 1,0,14,0,S, 	(30-MAY-2025 15:48:17)
2,23 , 1,0,14,0,S, 	(30-MAY-2025 15:48:17)
2,23 , 1,0,14,0,S, 	(30-MAY-2025 15:48:17)
2,23 , 1,0,14,0,S, 	(30-MAY-2025 15:48:17)
2,23 , 1,0,14,0,S, 	(30-MAY-2025 15:48:17)
2,23 , 1,0,14,0,S, 	(30-MAY-2025 15:48:17)
2,23 , 1,0,14,0,S, 	(30-MAY-2025 15:48:17)
2,23 , 1,0,14,0,S, 	(30-MAY-2025 15:48:17)
2,23 , 1,0,14,0,S, 	(30-MAY-2025 15:48:17)
2,23 , 1,0,14,0,S, 	(30-MAY-2025 15:48:17)
2,23 , 1,0,14,0,S, 	(30-MAY-2025 15:48:17)
2,23 , 1,0,14,0,S, 	(30-MAY-2025 15:48:17)
2,23 , 1,0,14,0,S, 	(30-MAY-2025 15:48:17)
2,23 , 1,0,14,0,S, 	(30-MAY-2025 15:48:17)
2,23 , 1,0,14,0,S, 	(30-MAY-2025 15:48:17)
2,23 , 1,0,14,0,S, 	(30-MAY-2025 15:48:17)
2,23 , 1,0,14,0,S, 	(30-MAY-2025 15:48:17)
2,23 , 1,0,14,0,S, 	(30-MAY-2025 15:48:17)
2,23 , 1,0,14,0,S, 	(30-MAY-2025 15:48:17)
2,23 , 1,0,14,0,S, 	(30-MAY-2025 15:48:17)
2,23 , 1,0,14,0,S, 	(30-MAY-2025 15:48:17)
2,23 , 1,0,14,0,S, 	(30-MAY-2025 15:48:17)
2,23 , 1,0,14,0,S, 	(30-MAY-2025 15:48:17)
2,23 , 1,0,14,0,S, 	(30-MAY-2025 15:48:17)
2,23 , 1,0,14,0,S, 	(30-MAY-2025 15:48:17)
2,23 , 1,0,14,0,S, 	(30-MAY-2025 15:48:17)
2,23 , 1,0,14,0,S, 	(30-MAY-2025 15:48:17)
2,23 , 1,0,14,0,S, 	(30-MAY-2025 15:48:17)
2,23 , 1,0,14,0,S, 	(30-MAY-2025 15:48:17)
2,23 , 1,0,14,0,S, 	(30-MAY-2025 15:48:17)
2,23 , 1,0,14,0,S, 	(30-MAY-2025 15:48:17)
2,23 , 1,0,14,0,S, 	(30-MAY-2025 15:48:17)
2,23 , 1,0,14,0,S, 	(30-MAY-2025 15:48:17)
2,23 , 1,0,14,0,S, 	(30-MAY-2025 15:48:17)
2,23 , 1,0,14,0,S, 	(30-MAY-2025 15:48:17)
2,23 , 1,0,14,0,S, 	(30-MAY-2025 15:48:17)
2,23 , 1,0,14,0,S, 	(30-MAY-2025 15:48:17)
2,23 , 1,0,14,0,S, 	(30-MAY-2025 15:48:17)
2,23 , 1,0,14,0,S, 	(30-MAY-2025 15:48:17)
2,23 , 1,0,14,0,S, 	(30-MAY-2025 15:48:17)
2,23 , 1,0,14,0,S, 	(30-MAY-2025 15:48:17)
2,23 , 1,0,14,0,S, 	(30-MAY-2025 15:48:17)
2,23 , 1,0,14,0,S, 	(30-MAY-2025 15:48:17)
2,23 , 1,0,14,0,S, 	(30-MAY-2025 15:48:17)
2,23 , 1,0,14,0,S, 	(30-MAY-2025 15:48:17)
2,23 , 1,0,14,0,S, 	(30-MAY-2025 15:48:17)
2,23 , 1,0,14,0,S, 	(30-MAY-2025 15:48:17)
2,23 , 1,0,14,0,S, 	(30-MAY-2025 15:48:17)
2,23 , 1,0,14,0,S, 	(30-MAY-2025 15:48:17)
2,23 , 1,0,14,0,S, 	(30-MAY-2025 15:48:18)
2,23 , 1,0,14,0,S, 	(30-MAY-2025 15:48:18)
2,23 , 1,0,14,0,S, 	(30-MAY-2025 15:48:18)
2,23 , 1,0,14,0,S, 	(30-MAY-2025 15:48:18)
2,23 , 1,0,14,0,S, 	(30-MAY-2025 15:48:18)
2,23 , 1,0,14,0,S, 	(30-MAY-2025 15:48:18)
2,23 , 1,0,14,0,S, 	(30-MAY-2025 15:48:18)
2,23 , 1,0,14,0,S, 	(30-MAY-2025 15:48:18)
2,23 , 1,0,14,0,S, 	(30-MAY-2025 15:48:18)
2,23 , 1,0,14,0,S, 	(30-MAY-2025 15:48:18)
2,23 , 1,0,14,0,S, 	(30-MAY-2025 15:48:18)
2,23 , 1,0,14,0,S, 	(30-MAY-2025 15:48:18)
2,23 , 1,0,14,0,S, 	(30-MAY-2025 15:48:18)
2,23 , 1,0,14,0,S, 	(30-MAY-2025 15:48:18)
2,23 , 1,0,14,0,S, 	(30-MAY-2025 15:48:18)
2,23 , 1,0,14,0,S, 	(30-MAY-2025 15:48:18)
2,23 , 1,0,14,0,S, 	(30-MAY-2025 15:48:18)
2,23 , 1,0,14,0,S, 	(30-MAY-2025 15:48:18)
2,23 , 1,0,14,0,S, 	(30-MAY-2025 15:48:18)
2,23 , 1,0,14,0,S, 	(30-MAY-2025 15:48:18)
2,23 , 1,0,14,0,S, 	(30-MAY-2025 15:48:18)
2,23 , 1,0,14,0,S, 	(30-MAY-2025 15:48:18)
2,23 , 1,0,14,0,S, 	(30-MAY-2025 15:48:18)
2,23 , 1,0,14,0,S, 	(30-MAY-2025 15:48:18)
2,23 , 1,0,14,0,S, 	(30-MAY-2025 15:48:18)
2,23 , 1,0,14,0,S, 	(30-MAY-2025 15:48:18)
2,23 , 1,0,14,0,S, 	(30-MAY-2025 15:48:18)
2,23 , 1,0,14,0,S, 	(30-MAY-2025 15:48:18)
2,23 , 1,0,14,0,S, 	(30-MAY-2025 15:48:18)
2,23 , 1,0,14,0,S, 	(30-MAY-2025 15:48:18)
2,23 , 1,0,14,0,S, 	(30-MAY-2025 15:48:18)
2,23 , 1,0,14,0,S, 	(30-MAY-2025 15:48:18)
2,23 , 1,0,14,0,S, 	(30-MAY-2025 15:48:18)
2,23 , 1,0,14,0,S, 	(30-MAY-2025 15:48:18)
2,23 , 1,0,14,0,S, 	(30-MAY-2025 15:48:18)
2,23 , 1,0,14,0,S, 	(30-MAY-2025 15:48:18)
2,23 , 1,0,14,0,S, 	(30-MAY-2025 15:48:18)
2,23 , 1,0,14,0,S, 	(30-MAY-2025 15:48:18)
2,23 , 1,0,14,0,S, 	(30-MAY-2025 15:48:18)
2,23 , 1,0,14,0,S, 	(30-MAY-2025 15:48:18)
2,23 , 1,0,14,0,S, 	(30-MAY-2025 15:48:18)
2,23 , 1,0,14,0,S, 	(30-MAY-2025 15:48:18)
2,23 , 1,0,14,0,S, 	(30-MAY-2025 15:48:18)
2,23 , 1,0,14,0,S, 	(30-MAY-2025 15:48:18)
2,23 , 1,0,14,0,S, 	(30-MAY-2025 15:48:18)
2,23 , 1,0,14,0,S, 	(30-MAY-2025 15:48:18)
2,23 , 1,0,14,0,S, 	(30-MAY-2025 15:48:18)
2,23 , 1,0,14,0,S, 	(30-MAY-2025 15:48:18)
2,23 , 1,0,14,0,S, 	(30-MAY-2025 15:48:18)
2,23 , 1,0,14,0,S, 	(30-MAY-2025 15:48:18)
2,23 , 1,0,14,0,S, 	(30-MAY-2025 15:48:18)
2,23 , 1,0,14,0,S, 	(30-MAY-2025 15:48:18)
2,23 , 1,0,14,0,S, 	(30-MAY-2025 15:48:18)
2,23 , 1,0,14,0,S, 	(30-MAY-2025 15:48:18)
2,23 , 1,0,14,0,S, 	(30-MAY-2025 15:48:18)
2,23 , 1,0,14,0,S, 	(30-MAY-2025 15:48:18)
2,23 , 1,0,14,0,S, 	(30-MAY-2025 15:48:18)
2,23 , 1,0,14,0,S, 	(30-MAY-2025 15:48:18)
2,23 , 1,0,14,0,S, 	(30-MAY-2025 15:48:18)
2,23 , 1,0,14,0,S, 	(30-MAY-2025 15:48:18)
2,23 , 1,0,14,0,S, 	(30-MAY-2025 15:48:18)
2,23 , 1,0,14,0,S, 	(30-MAY-2025 15:48:18)
2,23 , 1,0,14,0,S, 	(30-MAY-2025 15:48:18)
2,23 , 1,0,14,0,S, 	(30-MAY-2025 15:48:18)
2,23 , 1,0,14,0,S, 	(30-MAY-2025 15:48:18)
2,23 , 1,0,14,0,S, 	(30-MAY-2025 15:48:18)
2,23 , 1,0,14,0,S, 	(30-MAY-2025 15:48:18)
2,23 , 1,0,14,0,S, 	(30-MAY-2025 15:48:18)
2,23 , 1,0,14,0,S, 	(30-MAY-2025 15:48:18)
2,23 , 1,0,14,0,S, 	(30-MAY-2025 15:48:18)
2,23 , 1,0,14,0,S, 	(30-MAY-2025 15:48:18)
2,23 , 1,0,14,0,S, 	(30-MAY-2025 15:48:18)
2,23 , 1,0,14,0,S, 	(30-MAY-2025 15:48:18)
2,23 , 1,0,14,0,S, 	(30-MAY-2025 15:48:18)
2,23 , 1,0,14,0,S, 	(30-MAY-2025 15:48:18)
2,23 , 1,0,14,0,S, 	(30-MAY-2025 15:48:18)
2,23 , 1,0,14,0,S, 	(30-MAY-2025 15:48:18)
2,23 , 1,0,14,0,S, 	(30-MAY-2025 15:48:18)
2,23 , 1,0,14,0,S, 	(30-MAY-2025 15:48:18)
2,23 , 1,0,14,0,S, 	(30-MAY-2025 15:48:18)
2,23 , 1,0,14,0,S, 	(30-MAY-2025 15:48:18)
2,23 , 1,0,14,0,S, 	(30-MAY-2025 15:48:18)
2,23 , 1,0,14,0,S, 	(30-MAY-2025 15:48:18)
2,23 , 1,0,14,0,S, 	(30-MAY-2025 15:48:18)
2,23 , 1,0,14,0,S, 	(30-MAY-2025 15:48:18)
2,23 , 1,0,14,0,S, 	(30-MAY-2025 15:48:18)
2,23 , 1,0,14,0,S, 	(30-MAY-2025 15:48:18)
2,23 , 1,0,14,0,S, 	(30-MAY-2025 15:48:18)
2,23 , 1,0,14,0,S, 	(30-MAY-2025 15:48:18)
2,23 , 1,0,14,0,S, 	(30-MAY-2025 15:48:18)
2,23 , 1,0,14,0,S, 	(30-MAY-2025 15:48:18)
2,23 , 1,0,14,0,S, 	(30-MAY-2025 15:48:18)
2,23 , 1,0,14,0,S, 	(30-MAY-2025 15:48:18)
2,23 , 1,0,14,0,S, 	(30-MAY-2025 15:48:18)
2,23 , 1,0,14,0,S, 	(30-MAY-2025 15:48:18)
2,23 , 1,0,14,0,S, 	(30-MAY-2025 15:48:18)
2,23 , 1,0,14,0,S, 	(30-MAY-2025 15:48:18)
2,23 , 1,0,14,0,S, 	(30-MAY-2025 15:48:18)
2,23 , 1,0,14,0,S, 	(30-MAY-2025 15:48:18)
2,23 , 1,0,14,0,S, 	(30-MAY-2025 15:48:18)
2,23 , 1,0,14,0,S, 	(30-MAY-2025 15:48:18)
2,23 , 1,0,14,0,S, 	(30-MAY-2025 15:48:18)
2,23 , 1,0,14,0,S, 	(30-MAY-2025 15:48:18)
2,23 , 1,0,14,0,S, 	(30-MAY-2025 15:48:18)
2,23 , 1,0,14,0,S, 	(30-MAY-2025 15:48:18)
2,23 , 1,0,14,0,S, 	(30-MAY-2025 15:48:18)
2,23 , 1,0,14,0,S, 	(30-MAY-2025 15:48:18)
2,23 , 1,0,14,0,S, 	(30-MAY-2025 15:48:18)
2,23 , 1,0,14,0,S, 	(30-MAY-2025 15:48:18)
2,23 , 1,0,14,0,S, 	(30-MAY-2025 15:48:18)
2,23 , 1,0,14,0,S, 	(30-MAY-2025 15:48:18)
2,23 , 1,0,14,0,S, 	(30-MAY-2025 15:48:18)
2,23 , 1,0,14,0,S, 	(30-MAY-2025 15:48:18)
2,23 , 1,0,14,0,S, 	(30-MAY-2025 15:48:18)
2,23 , 1,0,14,0,S, 	(30-MAY-2025 15:48:18)
2,23 , 1,0,14,0,S, 	(30-MAY-2025 15:48:18)
2,23 , 1,0,14,0,S, 	(30-MAY-2025 15:48:18)
2,23 , 1,0,14,0,S, 	(30-MAY-2025 15:48:18)
2,23 , 1,0,14,0,S, 	(30-MAY-2025 15:48:18)
2,23 , 1,0,14,0,S, 	(30-MAY-2025 15:48:18)
2,23 , 1,0,14,0,S, 	(30-MAY-2025 15:48:18)
2,23 , 1,0,14,0,S, 	(30-MAY-2025 15:48:18)
2,23 , 1,0,14,0,S, 	(30-MAY-2025 15:48:18)
2,23 , 1,0,14,0,S, 	(30-MAY-2025 15:48:18)
2,23 , 1,0,14,0,S, 	(30-MAY-2025 15:48:18)
2,23 , 1,0,14,0,S, 	(30-MAY-2025 15:48:18)
2,23 , 1,0,14,0,S, 	(30-MAY-2025 15:48:18)
2,23 , 1,0,14,0,S, 	(30-MAY-2025 15:48:18)
2,23 , 1,0,14,0,S, 	(30-MAY-2025 15:48:18)
2,23 , 1,0,14,0,S, 	(30-MAY-2025 15:48:18)
2,23 , 1,0,14,0,S, 	(30-MAY-2025 15:48:18)
2,23 , 1,0,14,0,S, 	(30-MAY-2025 15:48:18)
2,23 , 1,0,14,0,S, 	(30-MAY-2025 15:48:18)
2,23 , 1,0,14,0,S, 	(30-MAY-2025 15:48:18)
2,23 , 1,0,14,0,S, 	(30-MAY-2025 15:48:18)
2,23 , 1,0,14,0,S, 	(30-MAY-2025 15:48:18)
2,23 , 1,0,14,0,S, 	(30-MAY-2025 15:48:18)
2,23 , 1,0,14,0,S, 	(30-MAY-2025 15:48:18)
2,23 , 1,0,14,0,S, 	(30-MAY-2025 15:48:18)
2,23 , 1,0,14,0,S, 	(30-MAY-2025 15:48:18)
2,23 , 1,0,14,0,S, 	(30-MAY-2025 15:48:18)
2,23 , 1,0,14,0,S, 	(30-MAY-2025 15:48:18)
2,23 , 1,0,14,0,S, 	(30-MAY-2025 15:48:18)
2,23 , 1,0,14,0,S, 	(30-MAY-2025 15:48:18)
2,23 , 1,0,14,0,S, 	(30-MAY-2025 15:48:18)
2,23 , 1,0,14,0,S, 	(30-MAY-2025 15:48:18)
2,23 , 1,0,14,0,S, 	(30-MAY-2025 15:48:18)
2,23 , 1,0,14,0,S, 	(30-MAY-2025 15:48:18)
2,23 , 1,0,14,0,S, 	(30-MAY-2025 15:48:18)
2,23 , 1,0,14,0,S, 	(30-MAY-2025 15:48:18)
2,23 , 1,0,14,0,S, 	(30-MAY-2025 15:48:18)
2,23 , 1,0,14,0,S, 	(30-MAY-2025 15:48:18)
2,23 , 1,0,14,0,S, 	(30-MAY-2025 15:48:18)
2,23 , 1,0,14,0,S, 	(30-MAY-2025 15:48:18)
2,23 , 1,0,14,0,S, 	(30-MAY-2025 15:48:18)
2,23 , 1,0,14,0,S, 	(30-MAY-2025 15:48:18)
2,23 , 1,0,14,0,S, 	(30-MAY-2025 15:48:18)
2,23 , 1,0,14,0,S, 	(30-MAY-2025 15:48:18)
2,23 , 1,0,14,0,S, 	(30-MAY-2025 15:48:18)
2,23 , 1,0,14,0,S, 	(30-MAY-2025 15:48:18)
2,23 , 1,0,14,0,S, 	(30-MAY-2025 15:48:18)
2,23 , 1,0,14,0,S, 	(30-MAY-2025 15:48:18)
2,23 , 1,0,14,0,S, 	(30-MAY-2025 15:48:18)
2,23 , 1,0,14,0,S, 	(30-MAY-2025 15:48:18)
2,23 , 1,0,14,0,S, 	(30-MAY-2025 15:48:18)
2,23 , 1,0,14,0,S, 	(30-MAY-2025 15:48:18)
2,23 , 1,0,14,0,S, 	(30-MAY-2025 15:48:18)
2,23 , 1,0,14,0,S, 	(30-MAY-2025 15:48:18)
2,23 , 1,0,14,0,S, 	(30-MAY-2025 15:48:18)
2,23 , 1,0,14,0,S, 	(30-MAY-2025 15:48:18)
2,23 , 1,0,14,0,S, 	(30-MAY-2025 15:48:18)
2,23 , 1,0,14,0,S, 	(30-MAY-2025 15:48:18)
2,23 , 1,0,14,0,S, 	(30-MAY-2025 15:48:18)
2,23 , 1,0,14,0,S, 	(30-MAY-2025 15:48:18)
2,23 , 1,0,14,0,S, 	(30-MAY-2025 15:48:18)
2,23 , 1,0,14,0,S, 	(30-MAY-2025 15:48:18)
2,23 , 1,0,14,0,S, 	(30-MAY-2025 15:48:18)
2,23 , 1,0,14,0,S, 	(30-MAY-2025 15:48:18)
2,23 , 1,0,14,0,S, 	(30-MAY-2025 15:48:18)
2,23 , 1,0,14,0,S, 	(30-MAY-2025 15:48:18)
2,23 , 1,0,14,0,S, 	(30-MAY-2025 15:48:18)
2,23 , 1,0,14,0,S, 	(30-MAY-2025 15:48:18)
2,23 , 1,0,14,0,S, 	(30-MAY-2025 15:48:18)
2,23 , 1,0,14,0,S, 	(30-MAY-2025 15:48:18)
2,23 , 1,0,14,0,S, 	(30-MAY-2025 15:48:18)
2,23 , 1,0,14,0,S, 	(30-MAY-2025 15:48:18)
2,23 , 1,0,14,0,S, 	(30-MAY-2025 15:48:18)
2,23 , 1,0,14,0,S, 	(30-MAY-2025 15:48:18)
2,23 , 1,0,14,0,S, 	(30-MAY-2025 15:48:18)
2,23 , 1,0,14,0,S, 	(30-MAY-2025 15:48:18)
2,23 , 1,0,14,0,S, 	(30-MAY-2025 15:48:18)
2,23 , 1,0,14,0,S, 	(30-MAY-2025 15:48:18)
2,23 , 1,0,14,0,S, 	(30-MAY-2025 15:48:18)
2,23 , 1,0,14,0,S, 	(30-MAY-2025 15:48:18)
2,23 , 1,0,14,0,S, 	(30-MAY-2025 15:48:18)
2,23 , 1,0,14,0,S, 	(30-MAY-2025 15:48:18)
2,23 , 1,0,14,0,S, 	(30-MAY-2025 15:48:18)
2,23 , 1,0,14,0,S, 	(30-MAY-2025 15:48:18)
2,23 , 1,0,14,0,S, 	(30-MAY-2025 15:48:18)
2,23 , 1,0,14,0,S, 	(30-MAY-2025 15:48:18)
2,23 , 1,0,14,0,S, 	(30-MAY-2025 15:48:18)
2,23 , 1,0,14,0,S, 	(30-MAY-2025 15:48:18)
2,23 , 1,0,14,0,S, 	(30-MAY-2025 15:48:18)
2,23 , 1,0,14,0,S, 	(30-MAY-2025 15:48:18)
2,23 , 1,0,14,0,S, 	(30-MAY-2025 15:48:18)
2,23 , 1,0,14,0,S, 	(30-MAY-2025 15:48:18)
2,23 , 1,0,14,0,S, 	(30-MAY-2025 15:48:18)
2,23 , 1,0,14,0,S, 	(30-MAY-2025 15:48:18)
2,23 , 1,0,14,0,S, 	(30-MAY-2025 15:48:18)
2,23 , 1,0,14,0,S, 	(30-MAY-2025 15:48:18)
2,23 , 1,0,14,0,S, 	(30-MAY-2025 15:48:18)
2,23 , 1,0,14,0,S, 	(30-MAY-2025 15:48:18)
2,23 , 1,0,14,0,S, 	(30-MAY-2025 15:48:18)
2,23 , 1,0,14,0,S, 	(30-MAY-2025 15:48:18)
2,23 , 1,0,14,0,S, 	(30-MAY-2025 15:48:18)
2,23 , 1,0,14,0,S, 	(30-MAY-2025 15:48:18)
2,23 , 1,0,14,0,S, 	(30-MAY-2025 15:48:18)
2,23 , 1,0,14,0,S, 	(30-MAY-2025 15:48:18)
2,23 , 1,0,14,0,S, 	(30-MAY-2025 15:48:18)
2,23 , 1,0,14,0,S, 	(30-MAY-2025 15:48:18)
2,23 , 1,0,14,0,S, 	(30-MAY-2025 15:48:18)
2,23 , 1,0,14,0,S, 	(30-MAY-2025 15:48:18)
2,23 , 1,0,14,0,S, 	(30-MAY-2025 15:48:18)
2,23 , 1,0,14,0,S, 	(30-MAY-2025 15:48:18)
2,23 , 1,0,14,0,S, 	(30-MAY-2025 15:48:18)
2,23 , 1,0,14,0,S, 	(30-MAY-2025 15:48:18)
2,23 , 1,0,14,0,S, 	(30-MAY-2025 15:48:18)
2,23 , 1,0,14,0,S, 	(30-MAY-2025 15:48:18)
2,23 , 1,0,14,0,S, 	(30-MAY-2025 15:48:18)
2,23 , 1,0,14,0,S, 	(30-MAY-2025 15:48:18)
2,23 , 1,0,14,0,S, 	(30-MAY-2025 15:48:18)
2,23 , 1,0,14,0,S, 	(30-MAY-2025 15:48:18)
2,23 , 1,0,14,0,S, 	(30-MAY-2025 15:48:18)
2,23 , 1,0,14,0,S, 	(30-MAY-2025 15:48:18)
2,23 , 1,0,14,0,S, 	(30-MAY-2025 15:48:18)
2,23 , 1,0,14,0,S, 	(30-MAY-2025 15:48:18)
2,23 , 1,0,14,0,S, 	(30-MAY-2025 15:48:18)
2,23 , 1,0,14,0,S, 	(30-MAY-2025 15:48:18)	 (Not Inserted)
2,23 , 1,0,14,0,S, 	(30-MAY-2025 15:48:18)	 (Not Inserted)
2,23 , 1,0,14,0,S, 	(30-MAY-2025 15:48:18)	 (Not Inserted)
2,23 , 1,0,14,0,S, 	(30-MAY-2025 15:48:18)	 (Not Inserted)
2,23 , 1,0,14,0,S, 	(30-MAY-2025 15:48:18)	 (Not Inserted)
2,23 , 1,0,14,0,S, 	(30-MAY-2025 15:48:18)	 (Not Inserted)
2,23 , 1,0,14,0,S, 	(30-MAY-2025 15:48:18)	 (Not Inserted)
2,23 , 1,0,14,0,S, 	(30-MAY-2025 15:48:18)	 (Not Inserted)
2,23 , 1,0,14,0,S, 	(30-MAY-2025 15:48:18)	 (Not Inserted)
2,23 , 1,0,14,0,S, 	(30-MAY-2025 15:48:18)	 (Not Inserted)
2,23 , 1,0,14,0,S, 	(30-MAY-2025 15:48:18)	 (Not Inserted)
2,23 , 1,0,14,0,S, 	(30-MAY-2025 15:48:18)	 (Not Inserted)
2,23 , 1,0,14,0,S, 	(30-MAY-2025 15:48:18)	 (Not Inserted)
2,23 , 1,0,14,0,S, 	(30-MAY-2025 15:48:18)	 (Not Inserted)
2,23 , 1,0,14,0,S, 	(30-MAY-2025 15:48:18)	 (Not Inserted)
2,23 , 1,0,14,0,S, 	(30-MAY-2025 15:48:18)	 (Not Inserted)
2,23 , 1,0,14,0,S, 	(30-MAY-2025 15:48:18)	 (Not Inserted)
2,23 , 1,0,14,0,S, 	(30-MAY-2025 15:48:18)	 (Not Inserted)
2,23 , 1,0,14,0,S, 	(30-MAY-2025 15:48:18)	 (Not Inserted)
2,23 , 1,0,14,0,S, 	(30-MAY-2025 15:48:18)	 (Not Inserted)
2,23 , 1,0,14,0,S, 	(30-MAY-2025 15:48:18)	 (Not Inserted)
2,23 , 1,0,14,0,S, 	(30-MAY-2025 15:48:18)	 (Not Inserted)
2,23 , 1,0,14,0,S, 	(30-MAY-2025 15:48:18)	 (Not Inserted)
2,23 , 1,0,14,0,S, 	(30-MAY-2025 15:48:18)	 (Not Inserted)
2,23 , 1,0,14,0,S, 	(30-MAY-2025 15:48:18)	 (Not Inserted)
2,23 , 1,0,14,0,S, 	(30-MAY-2025 15:48:18)	 (Not Inserted)
2,23 , 1,0,14,0,S, 	(30-MAY-2025 15:48:18)	 (Not Inserted)
2,23 , 1,0,14,0,S, 	(30-MAY-2025 15:48:18)	 (Not Inserted)
2,23 , 1,0,14,0,S, 	(30-MAY-2025 15:48:18)	 (Not Inserted)
2,23 , 1,0,14,0,S, 	(30-MAY-2025 15:48:18)	 (Not Inserted)
2,23 , 1,0,14,0,S, 	(30-MAY-2025 15:48:18)	 (Not Inserted)
2,23 , 1,0,14,0,S, 	(30-MAY-2025 15:48:18)	 (Not Inserted)
2,23 , 1,0,14,0,S, 	(30-MAY-2025 15:48:18)	 (Not Inserted)
2,23 , 1,0,14,0,S, 	(30-MAY-2025 15:48:18)	 (Not Inserted)
2,23 , 1,0,14,0,S, 	(30-MAY-2025 15:48:18)	 (Not Inserted)
2,23 , 1,0,14,0,S, 	(30-MAY-2025 15:48:18)	 (Not Inserted)
2,23 , 1,0,14,0,S, 	(30-MAY-2025 15:48:18)	 (Not Inserted)
2,23 , 1,0,14,0,S, 	(30-MAY-2025 15:48:18)	 (Not Inserted)
2,23 , 1,0,14,0,S, 	(30-MAY-2025 15:48:18)	 (Not Inserted)
2,23 , 1,0,14,0,S, 	(30-MAY-2025 15:48:18)	 (Not Inserted)
2,23 , 1,0,14,0,S, 	(30-MAY-2025 15:48:18)	 (Not Inserted)
2,23 , 1,0,14,0,S, 	(30-MAY-2025 15:48:18)	 (Not Inserted)
2,23 , 1,0,14,0,S, 	(30-MAY-2025 15:48:18)	 (Not Inserted)
2,23 , 1,0,14,0,S, 	(30-MAY-2025 15:48:18)	 (Not Inserted)
2,23 , 1,0,14,0,S, 	(30-MAY-2025 15:48:18)	 (Not Inserted)
2,23 , 1,0,14,0,S, 	(30-MAY-2025 15:48:18)	 (Not Inserted)
2,23 , 1,0,14,0,S, 	(30-MAY-2025 15:48:18)	 (Not Inserted)
2,23 , 1,0,14,0,S, 	(30-MAY-2025 15:48:18)	 (Not Inserted)
2,23 , 1,0,14,0,S, 	(30-MAY-2025 15:48:18)	 (Not Inserted)
2,23 , 1,0,14,0,S, 	(30-MAY-2025 15:48:18)	 (Not Inserted)
2,23 , 1,0,14,0,S, 	(30-MAY-2025 15:48:18)	 (Not Inserted)
2,23 , 1,0,14,0,S, 	(30-MAY-2025 15:48:18)	 (Not Inserted)
2,23 , 1,0,14,0,S, 	(30-MAY-2025 15:48:18)	 (Not Inserted)
2,23 , 1,0,14,0,S, 	(30-MAY-2025 15:48:18)	 (Not Inserted)
2,23 , 1,0,14,0,S, 	(30-MAY-2025 15:48:18)	 (Not Inserted)
2,23 , 1,0,14,0,S, 	(30-MAY-2025 15:48:18)	 (Not Inserted)
2,23 , 1,0,14,0,S, 	(30-MAY-2025 15:48:18)	 (Not Inserted)
2,23 , 1,0,14,0,S, 	(30-MAY-2025 15:48:18)	 (Not Inserted)
2,23 , 1,0,14,0,S, 	(30-MAY-2025 15:48:18)	 (Not Inserted)
2,23 , 1,0,14,0,S, 	(30-MAY-2025 15:48:18)	 (Not Inserted)
2,23 , 1,0,14,0,S, 	(30-MAY-2025 15:48:18)	 (Not Inserted)
2,23 , 1,0,14,0,S, 	(30-MAY-2025 15:48:18)	 (Not Inserted)
2,23 , 1,0,14,0,S, 	(30-MAY-2025 15:48:18)	 (Not Inserted)
2,23 , 1,0,14,0,S, 	(30-MAY-2025 15:48:18)	 (Not Inserted)
2,23 , 1,0,14,0,S, 	(30-MAY-2025 15:48:18)	 (Not Inserted)
2,23 , 1,0,14,0,S, 	(30-MAY-2025 15:48:18)	 (Not Inserted)
2,23 , 1,0,14,0,S, 	(30-MAY-2025 15:48:18)	 (Not Inserted)
2,23 , 1,0,14,0,S, 	(30-MAY-2025 15:48:18)	 (Not Inserted)
2,23 , 1,0,14,0,S, 	(30-MAY-2025 15:48:18)	 (Not Inserted)
2,23 , 1,0,14,0,S, 	(30-MAY-2025 15:48:18)	 (Not Inserted)
2,23 , 1,0,14,0,S, 	(30-MAY-2025 15:48:18)	 (Not Inserted)
2,23 , 1,0,14,0,S, 	(30-MAY-2025 15:48:18)	 (Not Inserted)
2,23 , 1,0,14,0,S, 	(30-MAY-2025 15:48:18)	 (Not Inserted)
2,23 , 1,0,14,0,S, 	(30-MAY-2025 15:48:18)	 (Not Inserted)
2,23 , 1,0,14,0,S, 	(30-MAY-2025 15:48:18)	 (Not Inserted)
2,23 , 1,0,14,0,S, 	(30-MAY-2025 15:48:18)	 (Not Inserted)
2,23 , 1,0,14,0,S, 	(30-MAY-2025 15:48:18)	 (Not Inserted)
2,23 , 1,0,14,0,S, 	(30-MAY-2025 15:48:18)	 (Not Inserted)
2,23 , 1,0,14,0,S, 	(30-MAY-2025 15:48:18)	 (Not Inserted)
2,23 , 1,0,14,0,S, 	(30-MAY-2025 15:48:18)	 (Not Inserted)
2,23 , 1,0,14,0,S, 	(30-MAY-2025 15:48:18)	 (Not Inserted)
2,23 , 1,0,14,0,S, 	(30-MAY-2025 15:48:18)	 (Not Inserted)
2,23 , 1,0,14,0,S, 	(30-MAY-2025 15:48:18)	 (Not Inserted)
2,23 , 1,0,14,0,S, 	(30-MAY-2025 15:48:18)	 (Not Inserted)
2,23 , 1,0,14,0,S, 	(30-MAY-2025 15:48:18)	 (Not Inserted)
2,23 , 1,0,14,0,S, 	(30-MAY-2025 15:48:18)	 (Not Inserted)
2,23 , 1,0,14,0,S, 	(30-MAY-2025 15:48:18)	 (Not Inserted)
2,23 , 1,0,14,0,S, 	(30-MAY-2025 15:48:18)	 (Not Inserted)
2,23 , 1,0,14,0,S, 	(30-MAY-2025 15:48:18)	 (Not Inserted)
2,23 , 1,0,14,0,S, 	(30-MAY-2025 15:48:18)	 (Not Inserted)
2,23 , 1,0,14,0,S, 	(30-MAY-2025 15:48:18)	 (Not Inserted)
2,23 , 1,0,14,0,S, 	(30-MAY-2025 15:48:18)	 (Not Inserted)
2,23 , 1,0,14,0,S, 	(30-MAY-2025 15:48:18)	 (Not Inserted)
2,23 , 1,0,14,0,S, 	(30-MAY-2025 15:48:18)	 (Not Inserted)
2,23 , 1,0,14,0,S, 	(30-MAY-2025 15:48:18)	 (Not Inserted)
2,23 , 1,0,14,0,S, 	(30-MAY-2025 15:48:18)	 (Not Inserted)
2,23 , 1,0,14,0,S, 	(30-MAY-2025 15:48:18)	 (Not Inserted)
2,23 , 1,0,14,0,S, 	(30-MAY-2025 15:48:18)	 (Not Inserted)
2,23 , 1,0,14,0,S, 	(30-MAY-2025 15:48:18)	 (Not Inserted)
2,23 , 1,0,14,0,S, 	(30-MAY-2025 15:48:18)	 (Not Inserted)
2,23 , 1,0,14,0,S, 	(30-MAY-2025 15:48:18)	 (Not Inserted)
2,23 , 1,0,14,0,S, 	(30-MAY-2025 15:48:18)	 (Not Inserted)
2,23 , 1,0,14,0,S, 	(30-MAY-2025 15:48:18)	 (Not Inserted)
2,23 , 1,0,14,0,S, 	(30-MAY-2025 15:48:18)	 (Not Inserted)
2,23 , 1,0,14,0,S, 	(30-MAY-2025 15:48:18)	 (Not Inserted)
2,23 , 1,0,14,0,S, 	(30-MAY-2025 15:48:18)	 (Not Inserted)
2,23 , 1,0,14,0,S, 	(30-MAY-2025 15:48:18)	 (Not Inserted)
2,23 , 1,0,14,0,S, 	(30-MAY-2025 15:48:18)	 (Not Inserted)
2,23 , 1,0,14,0,S, 	(30-MAY-2025 15:48:18)	 (Not Inserted)
2,23 , 1,0,14,0,S, 	(30-MAY-2025 15:48:18)	 (Not Inserted)
2,23 , 1,0,14,0,S, 	(30-MAY-2025 15:48:18)	 (Not Inserted)
2,23 , 1,0,14,0,S, 	(30-MAY-2025 15:48:18)	 (Not Inserted)
2,23 , 1,0,14,0,S, 	(30-MAY-2025 15:48:18)	 (Not Inserted)
2,23 , 1,0,14,0,S, 	(30-MAY-2025 15:48:18)	 (Not Inserted)
2,23 , 1,0,14,0,S, 	(30-MAY-2025 15:48:18)	 (Not Inserted)
2,23 , 1,0,14,0,S, 	(30-MAY-2025 15:48:18)	 (Not Inserted)
2,23 , 1,0,14,0,S, 	(30-MAY-2025 15:48:18)	 (Not Inserted)
2,23 , 1,0,14,0,S, 	(30-MAY-2025 15:48:18)	 (Not Inserted)
2,23 , 1,0,14,0,S, 	(30-MAY-2025 15:48:18)	 (Not Inserted)
2,23 , 1,0,14,0,S, 	(30-MAY-2025 15:48:18)	 (Not Inserted)
2,23 , 1,0,14,0,S, 	(30-MAY-2025 15:48:18)	 (Not Inserted)
2,23 , 1,0,14,0,S, 	(30-MAY-2025 15:48:18)	 (Not Inserted)
2,23 , 1,0,14,0,S, 	(30-MAY-2025 15:48:18)	 (Not Inserted)
2,23 , 1,0,14,0,S, 	(30-MAY-2025 15:48:18)	 (Not Inserted)
2,23 , 1,0,14,0,S, 	(30-MAY-2025 15:48:18)	 (Not Inserted)
2,23 , 1,0,14,0,S, 	(30-MAY-2025 15:48:18)	 (Not Inserted)
2,23 , 1,0,14,0,S, 	(30-MAY-2025 15:48:18)	 (Not Inserted)
2,23 , 1,0,14,0,S, 	(30-MAY-2025 15:48:18)	 (Not Inserted)
2,23 , 1,0,14,0,S, 	(30-MAY-2025 15:48:18)	 (Not Inserted)
2,23 , 1,0,14,0,S, 	(30-MAY-2025 15:48:18)	 (Not Inserted)
2,23 , 1,0,14,0,S, 	(30-MAY-2025 15:48:18)	 (Not Inserted)
2,23 , 1,0,14,0,S, 	(30-MAY-2025 15:48:18)	 (Not Inserted)
2,23 , 1,0,14,0,S, 	(30-MAY-2025 15:48:18)	 (Not Inserted)
2,23 , 1,0,14,0,S, 	(30-MAY-2025 15:48:18)	 (Not Inserted)
2,23 , 1,0,14,0,S, 	(30-MAY-2025 15:48:18)	 (Not Inserted)
2,23 , 1,0,14,0,S, 	(30-MAY-2025 15:48:18)	 (Not Inserted)
2,23 , 1,0,14,0,S, 	(30-MAY-2025 15:48:18)	 (Not Inserted)
2,23 , 1,0,14,0,S, 	(30-MAY-2025 15:48:18)	 (Not Inserted)
2,23 , 1,0,14,0,S, 	(30-MAY-2025 15:48:18)	 (Not Inserted)
2,23 , 1,0,14,0,S, 	(30-MAY-2025 15:48:18)	 (Not Inserted)
2,23 , 1,0,14,0,S, 	(30-MAY-2025 15:48:18)	 (Not Inserted)
2,23 , 1,0,14,0,S, 	(30-MAY-2025 15:48:18)	 (Not Inserted)
2,23 , 1,0,14,0,S, 	(30-MAY-2025 15:48:18)	 (Not Inserted)
2,23 , 1,0,14,0,S, 	(30-MAY-2025 15:48:18)	 (Not Inserted)
2,23 , 1,0,14,0,S, 	(30-MAY-2025 15:48:18)	 (Not Inserted)
2,23 , 1,0,14,0,S, 	(30-MAY-2025 15:48:18)	 (Not Inserted)
2,23 , 1,0,14,0,S, 	(30-MAY-2025 15:48:18)	 (Not Inserted)
2,23 , 1,0,14,0,S, 	(30-MAY-2025 15:48:18)	 (Not Inserted)
2,23 , 1,0,14,0,S, 	(30-MAY-2025 15:48:18)	 (Not Inserted)
2,23 , 1,0,14,0,S, 	(30-MAY-2025 15:48:18)	 (Not Inserted)
2,23 , 1,0,14,0,S, 	(30-MAY-2025 15:48:18)	 (Not Inserted)
2,23 , 1,0,14,0,S, 	(30-MAY-2025 15:48:18)	 (Not Inserted)
2,23 , 1,0,14,0,S, 	(30-MAY-2025 15:48:18)	 (Not Inserted)
2,23 , 1,0,14,0,S, 	(30-MAY-2025 15:48:18)	 (Not Inserted)
2,23 , 1,0,14,0,S, 	(30-MAY-2025 15:48:18)	 (Not Inserted)
2,23 , 1,0,14,0,S, 	(30-MAY-2025 15:48:18)	 (Not Inserted)
2,23 , 1,0,14,0,S, 	(30-MAY-2025 15:48:18)	 (Not Inserted)
2,23 , 1,0,14,0,S, 	(30-MAY-2025 15:48:18)	 (Not Inserted)
2,23 , 1,0,14,0,S, 	(30-MAY-2025 15:48:18)	 (Not Inserted)
2,23 , 1,0,14,0,S, 	(30-MAY-2025 15:48:18)	 (Not Inserted)
2,23 , 1,0,14,0,S, 	(30-MAY-2025 15:48:18)	 (Not Inserted)
2,23 , 1,0,14,0,S, 	(30-MAY-2025 15:48:18)	 (Not Inserted)
2,23 , 1,0,14,0,S, 	(30-MAY-2025 15:48:18)	 (Not Inserted)
2,23 , 1,0,14,0,S, 	(30-MAY-2025 15:48:18)	 (Not Inserted)
2,23 , 1,0,14,0,S, 	(30-MAY-2025 15:48:18)	 (Not Inserted)
2,23 , 1,0,14,0,S, 	(30-MAY-2025 15:48:18)	 (Not Inserted)
2,23 , 1,0,14,0,S, 	(30-MAY-2025 15:48:18)	 (Not Inserted)
2,23 , 1,0,14,0,S, 	(30-MAY-2025 15:48:18)	 (Not Inserted)
2,23 , 1,0,14,0,S, 	(30-MAY-2025 15:48:18)	 (Not Inserted)
2,23 , 1,0,14,0,S, 	(30-MAY-2025 15:48:18)	 (Not Inserted)
2,23 , 1,0,14,0,S, 	(30-MAY-2025 15:48:18)	 (Not Inserted)
2,23 , 1,0,14,0,S, 	(30-MAY-2025 15:48:18)	 (Not Inserted)
2,23 , 1,0,14,0,S, 	(30-MAY-2025 15:48:18)	 (Not Inserted)
2,23 , 1,0,14,0,S, 	(30-MAY-2025 15:48:18)	 (Not Inserted)
2,23 , 1,0,14,0,S, 	(30-MAY-2025 15:48:18)	 (Not Inserted)
2,23 , 1,0,14,0,S, 	(30-MAY-2025 15:48:18)	 (Not Inserted)
2,23 , 1,0,14,0,S, 	(30-MAY-2025 15:48:18)	 (Not Inserted)
2,23 , 1,0,14,0,S, 	(30-MAY-2025 15:48:18)	 (Not Inserted)
2,23 , 1,0,14,0,S, 	(30-MAY-2025 15:48:18)	 (Not Inserted)
2,23 , 1,0,14,0,S, 	(30-MAY-2025 15:48:18)	 (Not Inserted)
2,23 , 1,0,14,0,S, 	(30-MAY-2025 15:48:18)	 (Not Inserted)
2,23 , 1,0,14,0,S, 	(30-MAY-2025 15:48:18)	 (Not Inserted)
2,23 , 1,0,14,0,S, 	(30-MAY-2025 15:48:18)	 (Not Inserted)
2,23 , 1,0,14,0,S, 	(30-MAY-2025 15:48:18)	 (Not Inserted)
2,23 , 1,0,14,0,S, 	(30-MAY-2025 15:48:18)	 (Not Inserted)
2,23 , 1,0,14,0,S, 	(30-MAY-2025 15:48:18)	 (Not Inserted)
2,23 , 1,0,14,0,S, 	(30-MAY-2025 15:48:18)	 (Not Inserted)
2,23 , 1,0,14,0,S, 	(30-MAY-2025 15:48:18)	 (Not Inserted)
2,23 , 1,0,14,0,S, 	(30-MAY-2025 15:48:18)	 (Not Inserted)
2,23 , 1,0,14,0,S, 	(30-MAY-2025 15:48:18)	 (Not Inserted)
2,23 , 1,0,14,0,S, 	(30-MAY-2025 15:48:18)	 (Not Inserted)
2,23 , 1,0,14,0,S, 	(30-MAY-2025 15:48:18)	 (Not Inserted)
2,23 , 1,0,14,0,S, 	(30-MAY-2025 15:48:18)	 (Not Inserted)
2,23 , 1,0,14,0,S, 	(30-MAY-2025 15:48:18)	 (Not Inserted)
2,23 , 1,0,14,0,S, 	(30-MAY-2025 15:48:18)	 (Not Inserted)
2,23 , 1,0,14,0,S, 	(30-MAY-2025 15:48:18)	 (Not Inserted)
2,23 , 1,0,14,0,S, 	(30-MAY-2025 15:48:18)	 (Not Inserted)
2,23 , 1,0,14,0,S, 	(30-MAY-2025 15:48:18)	 (Not Inserted)
2,23 , 1,0,14,0,S, 	(30-MAY-2025 15:48:18)	 (Not Inserted)
2,23 , 1,0,14,0,S, 	(30-MAY-2025 15:48:18)	 (Not Inserted)
2,23 , 1,0,14,0,S, 	(30-MAY-2025 15:48:18)	 (Not Inserted)
2,23 , 1,0,14,0,S, 	(30-MAY-2025 15:48:18)	 (Not Inserted)
2,23 , 1,0,14,0,S, 	(30-MAY-2025 15:48:18)	 (Not Inserted)
2,23 , 1,0,14,0,S, 	(30-MAY-2025 15:48:18)	 (Not Inserted)
2,23 , 1,0,14,0,S, 	(30-MAY-2025 15:48:18)	 (Not Inserted)
2,23 , 1,0,14,0,S, 	(30-MAY-2025 15:48:18)	 (Not Inserted)
2,23 , 1,0,14,0,S, 	(30-MAY-2025 15:48:18)	 (Not Inserted)
2,23 , 1,0,14,0,S, 	(30-MAY-2025 15:48:18)	 (Not Inserted)
2,23 , 1,0,14,0,S, 	(30-MAY-2025 15:48:18)	 (Not Inserted)
2,23 , 1,0,14,0,S, 	(30-MAY-2025 15:48:18)	 (Not Inserted)
2,23 , 1,0,14,0,S, 	(30-MAY-2025 15:48:18)	 (Not Inserted)
2,23 , 1,0,14,0,S, 	(30-MAY-2025 15:48:18)	 (Not Inserted)
2,23 , 1,0,14,0,S, 	(30-MAY-2025 15:48:18)	 (Not Inserted)
2,23 , 1,0,14,0,S, 	(30-MAY-2025 15:48:18)	 (Not Inserted)
2,23 , 1,0,14,0,S, 	(30-MAY-2025 15:48:18)	 (Not Inserted)
2,23 , 1,0,14,0,S, 	(30-MAY-2025 15:48:18)	 (Not Inserted)
2,23 , 1,0,14,0,S, 	(30-MAY-2025 15:48:18)	 (Not Inserted)
2,23 , 1,0,14,0,S, 	(30-MAY-2025 15:48:18)	 (Not Inserted)
2,23 , 1,0,14,0,S, 	(30-MAY-2025 15:48:18)	 (Not Inserted)
2,23 , 1,0,14,0,S, 	(30-MAY-2025 15:48:18)	 (Not Inserted)
2,23 , 1,0,14,0,S, 	(30-MAY-2025 15:48:18)	 (Not Inserted)
2,23 , 1,0,14,0,S, 	(30-MAY-2025 15:48:18)	 (Not Inserted)
2,23 , 1,0,14,0,S, 	(30-MAY-2025 15:48:18)	 (Not Inserted)
2,23 , 1,0,14,0,S, 	(30-MAY-2025 15:48:18)	 (Not Inserted)
2,23 , 1,0,14,0,S, 	(30-MAY-2025 15:48:18)	 (Not Inserted)
2,23 , 1,0,14,0,S, 	(30-MAY-2025 15:48:18)	 (Not Inserted)
2,23 , 1,0,14,0,S, 	(30-MAY-2025 15:48:18)	 (Not Inserted)
2,23 , 1,0,14,0,S, 	(30-MAY-2025 15:48:18)	 (Not Inserted)
2,23 , 1,0,14,0,S, 	(30-MAY-2025 15:48:18)	 (Not Inserted)
2,23 , 1,0,14,0,S, 	(30-MAY-2025 15:48:18)	 (Not Inserted)
2,23 , 1,0,14,0,S, 	(30-MAY-2025 15:48:18)	 (Not Inserted)
2,23 , 1,0,14,0,S, 	(30-MAY-2025 15:48:18)	 (Not Inserted)
2,23 , 1,0,14,0,S, 	(30-MAY-2025 15:48:18)	 (Not Inserted)
2,23 , 1,0,14,0,S, 	(30-MAY-2025 15:48:18)	 (Not Inserted)
2,23 , 1,0,14,0,S, 	(30-MAY-2025 15:48:18)	 (Not Inserted)
2,23 , 1,0,14,0,S, 	(30-MAY-2025 15:48:18)	 (Not Inserted)
2,23 , 1,0,14,0,S, 	(30-MAY-2025 15:48:18)	 (Not Inserted)
2,23 , 1,0,14,0,S, 	(30-MAY-2025 15:48:18)	 (Not Inserted)
2,23 , 1,0,14,0,S, 	(30-MAY-2025 15:48:18)	 (Not Inserted)
2,23 , 1,0,14,0,S, 	(30-MAY-2025 15:48:18)	 (Not Inserted)
2,23 , 1,0,14,0,S, 	(30-MAY-2025 15:48:18)	 (Not Inserted)
2,23 , 1,0,14,0,S, 	(30-MAY-2025 15:48:18)	 (Not Inserted)
2,23 , 1,0,14,0,S, 	(30-MAY-2025 15:48:18)	 (Not Inserted)
2,23 , 1,0,14,0,S, 	(30-MAY-2025 15:48:18)	 (Not Inserted)
2,23 , 1,0,14,0,S, 	(30-MAY-2025 15:48:18)	 (Not Inserted)
2,23 , 1,0,14,0,S, 	(30-MAY-2025 15:48:18)	 (Not Inserted)
2,23 , 1,0,14,0,S, 	(30-MAY-2025 15:48:18)	 (Not Inserted)
2,23 , 1,0,14,0,S, 	(30-MAY-2025 15:48:18)	 (Not Inserted)
2,23 , 1,0,14,0,S, 	(30-MAY-2025 15:48:18)	 (Not Inserted)
2,23 , 1,0,14,0,S, 	(30-MAY-2025 15:48:18)	 (Not Inserted)
2,23 , 1,0,14,0,S, 	(30-MAY-2025 15:48:18)	 (Not Inserted)
2,23 , 1,0,14,0,S, 	(30-MAY-2025 15:48:18)	 (Not Inserted)
2,23 , 1,0,14,0,S, 	(30-MAY-2025 15:48:18)	 (Not Inserted)
2,23 , 1,0,14,0,S, 	(30-MAY-2025 15:48:18)	 (Not Inserted)
2,23 , 1,0,14,0,S, 	(30-MAY-2025 15:48:18)	 (Not Inserted)
2,23 , 1,0,14,0,S, 	(30-MAY-2025 15:48:18)	 (Not Inserted)
2,23 , 1,0,14,0,S, 	(30-MAY-2025 15:48:18)	 (Not Inserted)
2,23 , 1,0,14,0,S, 	(30-MAY-2025 15:48:18)	 (Not Inserted)
2,23 , 1,0,14,0,S, 	(30-MAY-2025 15:48:18)	 (Not Inserted)
2,23 , 1,0,14,0,S, 	(30-MAY-2025 15:48:18)	 (Not Inserted)
2,23 , 1,0,14,0,S, 	(30-MAY-2025 15:48:18)	 (Not Inserted)
2,23 , 1,0,14,0,S, 	(30-MAY-2025 15:48:18)	 (Not Inserted)
2,23 , 1,0,14,0,S, 	(30-MAY-2025 15:48:18)	 (Not Inserted)
2,23 , 1,0,14,0,S, 	(30-MAY-2025 15:48:18)	 (Not Inserted)
2,23 , 1,0,14,0,S, 	(30-MAY-2025 15:48:18)	 (Not Inserted)
2,23 , 1,0,14,0,S, 	(30-MAY-2025 15:48:18)	 (Not Inserted)
2,23 , 1,0,14,0,S, 	(30-MAY-2025 15:48:18)	 (Not Inserted)
2,23 , 1,0,14,0,S, 	(30-MAY-2025 15:48:18)	 (Not Inserted)
2,23 , 1,0,14,0,S, 	(30-MAY-2025 15:48:18)	 (Not Inserted)
2,23 , 1,0,14,0,S, 	(30-MAY-2025 15:48:18)	 (Not Inserted)
2,23 , 1,0,14,0,S, 	(30-MAY-2025 15:48:18)	 (Not Inserted)
2,23 , 1,0,14,0,S, 	(30-MAY-2025 15:48:18)	 (Not Inserted)
2,23 , 1,0,14,0,S, 	(30-MAY-2025 15:48:18)	 (Not Inserted)
2,23 , 1,0,14,0,S, 	(30-MAY-2025 15:48:18)	 (Not Inserted)
2,23 , 1,0,14,0,S, 	(30-MAY-2025 15:48:18)	 (Not Inserted)
2,23 , 1,0,14,0,S, 	(30-MAY-2025 15:48:18)	 (Not Inserted)
2,23 , 1,0,14,0,S, 	(30-MAY-2025 15:48:18)	 (Not Inserted)
2,23 , 1,0,14,0,S, 	(30-MAY-2025 15:48:18)	 (Not Inserted)
2,23 , 1,0,14,0,S, 	(30-MAY-2025 15:48:18)	 (Not Inserted)
2,23 , 1,0,14,0,S, 	(30-MAY-2025 15:48:18)	 (Not Inserted)
2,23 , 1,0,14,0,S, 	(30-MAY-2025 15:48:18)	 (Not Inserted)
2,23 , 1,0,14,0,S, 	(30-MAY-2025 15:48:18)	 (Not Inserted)
2,23 , 1,0,14,0,S, 	(30-MAY-2025 15:48:18)	 (Not Inserted)
2,23 , 1,0,14,0,S, 	(30-MAY-2025 15:48:18)	 (Not Inserted)
2,23 , 1,0,14,0,S, 	(30-MAY-2025 15:48:18)	 (Not Inserted)
2,23 , 1,0,14,0,S, 	(30-MAY-2025 15:48:18)	 (Not Inserted)
2,23 , 1,0,14,0,S, 	(30-MAY-2025 15:48:18)	 (Not Inserted)
2,23 , 1,0,14,0,S, 	(30-MAY-2025 15:48:18)	 (Not Inserted)
2,23 , 1,0,14,0,S, 	(30-MAY-2025 15:48:18)	 (Not Inserted)
2,23 , 1,0,14,0,S, 	(30-MAY-2025 15:48:18)	 (Not Inserted)
2,23 , 1,0,14,0,S, 	(30-MAY-2025 15:48:18)	 (Not Inserted)
2,23 , 1,0,14,0,S, 	(30-MAY-2025 15:48:18)	 (Not Inserted)
2,23 , 1,0,14,0,S, 	(30-MAY-2025 15:48:18)	 (Not Inserted)
2,23 , 1,0,14,0,S, 	(30-MAY-2025 15:48:18)	 (Not Inserted)
2,23 , 1,0,14,0,S, 	(30-MAY-2025 15:48:18)	 (Not Inserted)
2,23 , 1,0,14,0,S, 	(30-MAY-2025 15:48:18)	 (Not Inserted)
2,23 , 1,0,14,0,S, 	(30-MAY-2025 15:48:18)	 (Not Inserted)
2,23 , 1,0,14,0,S, 	(30-MAY-2025 15:48:18)	 (Not Inserted)
2,23 , 1,0,14,0,S, 	(30-MAY-2025 15:48:18)	 (Not Inserted)
2,23 , 1,0,14,0,S, 	(30-MAY-2025 15:48:18)	 (Not Inserted)
2,23 , 1,0,14,0,S, 	(30-MAY-2025 15:48:18)	 (Not Inserted)
2,23 , 1,0,14,0,S, 	(30-MAY-2025 15:48:18)	 (Not Inserted)
2,23 , 1,0,14,0,S, 	(30-MAY-2025 15:48:18)	 (Not Inserted)
2,23 , 1,0,14,0,S, 	(30-MAY-2025 15:48:18)	 (Not Inserted)
2,23 , 1,0,14,0,S, 	(30-MAY-2025 15:48:18)	 (Not Inserted)
2,23 , 1,0,14,0,S, 	(30-MAY-2025 15:48:18)	 (Not Inserted)
2,23 , 1,0,14,0,S, 	(30-MAY-2025 15:48:18)	 (Not Inserted)
2,23 , 1,0,14,0,S, 	(30-MAY-2025 15:48:18)	 (Not Inserted)
2,23 , 1,0,14,0,S, 	(30-MAY-2025 15:48:18)	 (Not Inserted)
2,23 , 1,0,14,0,S, 	(30-MAY-2025 15:48:18)	 (Not Inserted)
2,23 , 1,0,14,0,S, 	(30-MAY-2025 15:48:18)	 (Not Inserted)
2,23 , 1,0,14,0,S, 	(30-MAY-2025 15:48:18)	 (Not Inserted)
2,23 , 1,0,14,0,S, 	(30-MAY-2025 15:48:18)	 (Not Inserted)
2,23 , 1,0,14,0,S, 	(30-MAY-2025 15:48:18)	 (Not Inserted)
2,23 , 1,0,14,0,S, 	(30-MAY-2025 15:48:18)	 (Not Inserted)
2,23 , 1,0,14,0,S, 	(30-MAY-2025 15:48:18)	 (Not Inserted)
2,23 , 1,0,14,0,S, 	(30-MAY-2025 15:48:18)	 (Not Inserted)
2,23 , 1,0,14,0,S, 	(30-MAY-2025 15:48:18)	 (Not Inserted)
2,23 , 1,0,14,0,S, 	(30-MAY-2025 15:48:18)	 (Not Inserted)
2,23 , 1,0,14,0,S, 	(30-MAY-2025 15:48:18)	 (Not Inserted)
2,23 , 1,0,14,0,S, 	(30-MAY-2025 15:48:18)	 (Not Inserted)
2,23 , 1,0,14,0,S, 	(30-MAY-2025 15:48:18)	 (Not Inserted)
2,23 , 1,0,14,0,S, 	(30-MAY-2025 15:48:18)	 (Not Inserted)
2,23 , 1,0,14,0,S, 	(30-MAY-2025 15:48:18)	 (Not Inserted)
2,23 , 1,0,14,0,S, 	(30-MAY-2025 15:48:18)	 (Not Inserted)
2,23 , 1,0,14,0,S, 	(30-MAY-2025 15:48:18)	 (Not Inserted)
2,23 , 1,0,14,0,S, 	(30-MAY-2025 15:48:18)	 (Not Inserted)
2,23 , 1,0,14,0,S, 	(30-MAY-2025 15:48:18)	 (Not Inserted)
2,23 , 1,0,14,0,S, 	(30-MAY-2025 15:48:18)	 (Not Inserted)
2,23 , 1,0,14,0,S, 	(30-MAY-2025 15:48:18)	 (Not Inserted)
2,23 , 1,0,14,0,S, 	(30-MAY-2025 15:48:18)	 (Not Inserted)
2,23 , 1,0,14,0,S, 	(30-MAY-2025 15:48:18)	 (Not Inserted)
2,23 , 1,0,14,0,S, 	(30-MAY-2025 15:48:18)	 (Not Inserted)
2,23 , 1,0,14,0,S, 	(30-MAY-2025 15:48:18)	 (Not Inserted)
2,23 , 1,0,14,0,S, 	(30-MAY-2025 15:48:18)	 (Not Inserted)
2,23 , 1,0,14,0,S, 	(30-MAY-2025 15:48:18)	 (Not Inserted)
2,23 , 1,0,14,0,S, 	(30-MAY-2025 15:48:18)	 (Not Inserted)
2,23 , 1,0,14,0,S, 	(30-MAY-2025 15:48:18)	 (Not Inserted)
2,23 , 1,0,14,0,S, 	(30-MAY-2025 15:48:18)	 (Not Inserted)
2,23 , 1,0,14,0,S, 	(30-MAY-2025 15:48:18)	 (Not Inserted)
2,23 , 1,0,14,0,S, 	(30-MAY-2025 15:48:18)	 (Not Inserted)
2,23 , 1,0,14,0,S, 	(30-MAY-2025 15:48:18)	 (Not Inserted)
2,23 , 1,0,14,0,S, 	(30-MAY-2025 15:48:18)	 (Not Inserted)
2,23 , 1,0,14,0,S, 	(30-MAY-2025 15:48:18)	 (Not Inserted)
2,23 , 1,0,14,0,S, 	(30-MAY-2025 15:48:18)	 (Not Inserted)
2,23 , 1,0,14,0,S, 	(30-MAY-2025 15:48:18)	 (Not Inserted)
2,23 , 1,0,14,0,S, 	(30-MAY-2025 15:48:18)	 (Not Inserted)
2,23 , 1,0,14,0,S, 	(30-MAY-2025 15:48:18)	 (Not Inserted)
2,23 , 1,0,14,0,S, 	(30-MAY-2025 15:48:18)	 (Not Inserted)
2,23 , 1,0,14,0,S, 	(30-MAY-2025 15:48:18)	 (Not Inserted)
2,23 , 1,0,14,0,S, 	(30-MAY-2025 15:48:18)	 (Not Inserted)
2,23 , 1,0,14,0,S, 	(30-MAY-2025 15:48:18)	 (Not Inserted)
2,23 , 1,0,14,0,S, 	(30-MAY-2025 15:48:18)	 (Not Inserted)
2,23 , 1,0,14,0,S, 	(30-MAY-2025 15:48:18)	 (Not Inserted)
2,23 , 1,0,14,0,S, 	(30-MAY-2025 15:48:18)	 (Not Inserted)
2,23 , 1,0,14,0,S, 	(30-MAY-2025 15:48:18)	 (Not Inserted)
2,23 , 1,0,14,0,S, 	(30-MAY-2025 15:48:18)	 (Not Inserted)
2,23 , 1,0,14,0,S, 	(30-MAY-2025 15:48:18)	 (Not Inserted)
2,23 , 1,0,14,0,S, 	(30-MAY-2025 15:48:18)	 (Not Inserted)
2,23 , 1,0,14,0,S, 	(30-MAY-2025 15:48:18)	 (Not Inserted)
2,23 , 1,0,14,0,S, 	(30-MAY-2025 15:48:18)	 (Not Inserted)
2,23 , 1,0,14,0,S, 	(30-MAY-2025 15:48:18)	 (Not Inserted)
2,23 , 1,0,14,0,S, 	(30-MAY-2025 15:48:18)	 (Not Inserted)
2,23 , 1,0,14,0,S, 	(30-MAY-2025 15:48:18)	 (Not Inserted)
2,23 , 1,0,14,0,S, 	(30-MAY-2025 15:48:18)	 (Not Inserted)
2,23 , 1,0,14,0,S, 	(30-MAY-2025 15:48:18)	 (Not Inserted)
2,23 , 1,0,14,0,S, 	(30-MAY-2025 15:48:18)	 (Not Inserted)
2,23 , 1,0,14,0,S, 	(30-MAY-2025 15:48:18)	 (Not Inserted)
2,23 , 1,0,14,0,S, 	(30-MAY-2025 15:48:18)	 (Not Inserted)
2,23 , 1,0,14,0,S, 	(30-MAY-2025 15:48:18)	 (Not Inserted)
2,23 , 1,0,14,0,S, 	(30-MAY-2025 15:48:18)	 (Not Inserted)
2,23 , 1,0,14,0,S, 	(30-MAY-2025 15:48:18)	 (Not Inserted)
2,23 , 1,0,14,0,S, 	(30-MAY-2025 15:48:18)	 (Not Inserted)
2,23 , 1,0,14,0,S, 	(30-MAY-2025 15:48:18)	 (Not Inserted)
2,23 , 1,0,14,0,S, 	(30-MAY-2025 15:48:18)	 (Not Inserted)
2,23 , 1,0,14,0,S, 	(30-MAY-2025 15:48:18)	 (Not Inserted)
2,23 , 1,0,14,0,S, 	(30-MAY-2025 15:48:18)	 (Not Inserted)
2,23 , 1,0,14,0,S, 	(30-MAY-2025 15:48:18)	 (Not Inserted)
2,23 , 1,0,14,0,S, 	(30-MAY-2025 15:48:18)	 (Not Inserted)
2,23 , 1,0,14,0,S, 	(30-MAY-2025 15:48:18)	 (Not Inserted)
2,23 , 1,0,14,0,S, 	(30-MAY-2025 15:48:18)	 (Not Inserted)
2,23 , 1,0,14,0,S, 	(30-MAY-2025 15:48:18)	 (Not Inserted)
2,23 , 1,0,14,0,S, 	(30-MAY-2025 15:48:18)	 (Not Inserted)
2,23 , 1,0,14,0,S, 	(30-MAY-2025 15:48:18)	 (Not Inserted)
2,23 , 1,0,14,0,S, 	(30-MAY-2025 15:48:18)	 (Not Inserted)
2,23 , 1,0,14,0,S, 	(30-MAY-2025 15:48:18)	 (Not Inserted)
2,23 , 1,0,14,0,S, 	(30-MAY-2025 15:48:18)	 (Not Inserted)
2,23 , 1,0,14,0,S, 	(30-MAY-2025 15:48:18)	 (Not Inserted)
2,23 , 1,0,14,0,S, 	(30-MAY-2025 15:48:18)	 (Not Inserted)
2,23 , 1,0,14,0,S, 	(30-MAY-2025 15:48:18)	 (Not Inserted)
2,23 , 1,0,14,0,S, 	(30-MAY-2025 15:48:18)	 (Not Inserted)
2,23 , 1,0,14,0,S, 	(30-MAY-2025 15:48:18)	 (Not Inserted)
2,23 , 1,0,14,0,S, 	(30-MAY-2025 15:48:18)	 (Not Inserted)
2,23 , 1,0,14,0,S, 	(30-MAY-2025 15:48:18)	 (Not Inserted)
2,23 , 1,0,14,0,S, 	(30-MAY-2025 15:48:18)	 (Not Inserted)
2,23 , 1,0,14,0,S, 	(30-MAY-2025 15:48:18)	 (Not Inserted)
2,23 , 1,0,14,0,S, 	(30-MAY-2025 15:48:18)	 (Not Inserted)
2,23 , 1,0,14,0,S, 	(30-MAY-2025 15:48:18)	 (Not Inserted)
2,23 , 1,0,14,0,S, 	(30-MAY-2025 15:48:18)	 (Not Inserted)
2,23 , 1,0,14,0,S, 	(30-MAY-2025 15:48:18)	 (Not Inserted)
2,23 , 1,0,14,0,S, 	(30-MAY-2025 15:48:18)	 (Not Inserted)
2,23 , 1,0,14,0,S, 	(30-MAY-2025 15:48:18)	 (Not Inserted)
2,23 , 1,0,14,0,S, 	(30-MAY-2025 15:48:18)	 (Not Inserted)
2,23 , 1,0,14,0,S, 	(30-MAY-2025 15:48:18)	 (Not Inserted)
2,23 , 1,0,14,0,S, 	(30-MAY-2025 15:48:18)	 (Not Inserted)
2,23 , 1,0,14,0,S, 	(30-MAY-2025 15:48:18)	 (Not Inserted)
2,23 , 1,0,14,0,S, 	(30-MAY-2025 15:48:18)	 (Not Inserted)
2,23 , 1,0,14,0,S, 	(30-MAY-2025 15:48:18)	 (Not Inserted)
2,23 , 1,0,14,0,S, 	(30-MAY-2025 15:48:18)	 (Not Inserted)
2,23 , 1,0,14,0,S, 	(30-MAY-2025 15:48:18)	 (Not Inserted)
2,23 , 1,0,14,0,S, 	(30-MAY-2025 15:48:18)	 (Not Inserted)
2,23 , 1,0,14,0,S, 	(30-MAY-2025 15:48:18)	 (Not Inserted)
2,23 , 1,0,14,0,S, 	(30-MAY-2025 15:48:18)	 (Not Inserted)
2,23 , 1,0,14,0,S, 	(30-MAY-2025 15:48:18)	 (Not Inserted)
2,23 , 1,0,14,0,S, 	(30-MAY-2025 15:48:18)	 (Not Inserted)
2,23 , 1,0,14,0,S, 	(30-MAY-2025 15:48:18)	 (Not Inserted)
2,23 , 1,0,14,0,S, 	(30-MAY-2025 15:48:18)	 (Not Inserted)
2,23 , 1,0,14,0,S, 	(30-MAY-2025 15:48:18)	 (Not Inserted)
2,23 , 1,0,14,0,S, 	(30-MAY-2025 15:48:18)	 (Not Inserted)
2,23 , 1,0,14,0,S, 	(30-MAY-2025 15:48:18)	 (Not Inserted)
2,23 , 1,0,14,0,S, 	(30-MAY-2025 15:48:18)	 (Not Inserted)
2,23 , 1,0,14,0,S, 	(30-MAY-2025 15:48:18)	 (Not Inserted)
2,23 , 1,0,14,0,S, 	(30-MAY-2025 15:48:19)	 (Not Inserted)
2,23 , 1,0,14,0,S, 	(30-MAY-2025 15:48:19)	 (Not Inserted)
2,23 , 1,0,14,0,S, 	(30-MAY-2025 15:48:19)	 (Not Inserted)
2,23 , 1,0,14,0,S, 	(30-MAY-2025 15:48:19)	 (Not Inserted)
2,23 , 1,0,14,0,S, 	(30-MAY-2025 15:48:19)	 (Not Inserted)
2,23 , 1,0,14,0,S, 	(30-MAY-2025 15:48:19)	 (Not Inserted)
2,23 , 1,0,14,0,S, 	(30-MAY-2025 15:48:19)	 (Not Inserted)
2,23 , 1,0,14,0,S, 	(30-MAY-2025 15:48:19)	 (Not Inserted)
2,23 , 1,0,14,0,S, 	(30-MAY-2025 15:48:19)	 (Not Inserted)
2,23 , 1,0,14,0,S, 	(30-MAY-2025 15:48:19)	 (Not Inserted)
2,23 , 1,0,14,0,S, 	(30-MAY-2025 15:48:19)	 (Not Inserted)
2,23 , 1,0,14,0,S, 	(30-MAY-2025 15:48:19)	 (Not Inserted)
2,23 , 1,0,14,0,S, 	(30-MAY-2025 15:48:19)	 (Not Inserted)
2,23 , 1,0,14,0,S, 	(30-MAY-2025 15:48:19)	 (Not Inserted)
2,23 , 1,0,14,0,S, 	(30-MAY-2025 15:48:19)	 (Not Inserted)
2,23 , 1,0,14,0,S, 	(30-MAY-2025 15:48:19)	 (Not Inserted)
2,23 , 1,0,14,0,S, 	(30-MAY-2025 15:48:19)	 (Not Inserted)
2,23 , 1,0,14,0,S, 	(30-MAY-2025 15:48:19)	 (Not Inserted)
2,23 , 1,0,14,0,S, 	(30-MAY-2025 15:48:19)	 (Not Inserted)
2,23 , 1,0,14,0,S, 	(30-MAY-2025 15:48:19)	 (Not Inserted)
2,23 , 1,0,14,0,S, 	(30-MAY-2025 15:48:19)	 (Not Inserted)
2,23 , 1,0,14,0,S, 	(30-MAY-2025 15:48:19)	 (Not Inserted)
2,23 , 1,0,14,0,S, 	(30-MAY-2025 15:48:19)	 (Not Inserted)
2,23 , 1,0,14,0,S, 	(30-MAY-2025 15:48:19)	 (Not Inserted)
2,23 , 1,0,14,0,S, 	(30-MAY-2025 15:48:19)	 (Not Inserted)
2,23 , 1,0,14,0,S, 	(30-MAY-2025 15:48:19)	 (Not Inserted)
2,23 , 1,0,14,0,S, 	(30-MAY-2025 15:48:19)	 (Not Inserted)
2,23 , 1,0,14,0,S, 	(30-MAY-2025 15:48:19)	 (Not Inserted)
2,23 , 1,0,14,0,S, 	(30-MAY-2025 15:48:19)	 (Not Inserted)
2,23 , 1,0,14,0,S, 	(30-MAY-2025 15:48:19)	 (Not Inserted)
2,23 , 1,0,14,0,S, 	(30-MAY-2025 15:48:19)	 (Not Inserted)
2,23 , 1,0,14,0,S, 	(30-MAY-2025 15:48:19)	 (Not Inserted)
2,23 , 1,0,14,0,S, 	(30-MAY-2025 15:48:19)	 (Not Inserted)
2,23 , 1,0,14,0,S, 	(30-MAY-2025 15:48:19)	 (Not Inserted)
2,23 , 1,0,14,0,S, 	(30-MAY-2025 15:48:19)	 (Not Inserted)
2,23 , 1,0,14,0,S, 	(30-MAY-2025 15:48:19)	 (Not Inserted)
2,23 , 1,0,14,0,S, 	(30-MAY-2025 15:48:19)	 (Not Inserted)
2,23 , 1,0,14,0,S, 	(30-MAY-2025 15:48:19)	 (Not Inserted)
2,23 , 1,0,14,0,S, 	(30-MAY-2025 15:48:19)	 (Not Inserted)
2,23 , 1,0,14,0,S, 	(30-MAY-2025 15:48:19)	 (Not Inserted)
2,23 , 1,0,14,0,S, 	(30-MAY-2025 15:48:19)	 (Not Inserted)
2,23 , 1,0,14,0,S, 	(30-MAY-2025 15:48:19)	 (Not Inserted)
2,23 , 1,0,14,0,S, 	(30-MAY-2025 15:48:19)	 (Not Inserted)
2,23 , 1,0,14,0,S, 	(30-MAY-2025 15:48:19)	 (Not Inserted)
2,23 , 1,0,14,0,S, 	(30-MAY-2025 15:48:19)	 (Not Inserted)
2,23 , 1,0,14,0,S, 	(30-MAY-2025 15:48:19)	 (Not Inserted)
2,23 , 1,0,14,0,S, 	(30-MAY-2025 15:48:19)	 (Not Inserted)
2,23 , 1,0,14,0,S, 	(30-MAY-2025 15:48:19)	 (Not Inserted)
2,23 , 1,0,14,0,S, 	(30-MAY-2025 15:48:19)	 (Not Inserted)
2,23 , 1,0,14,0,S, 	(30-MAY-2025 15:48:19)	 (Not Inserted)
2,23 , 1,0,14,0,S, 	(30-MAY-2025 15:48:19)	 (Not Inserted)
2,23 , 1,0,14,0,S, 	(30-MAY-2025 15:48:19)	 (Not Inserted)
2,23 , 1,0,14,0,S, 	(30-MAY-2025 15:48:19)	 (Not Inserted)
2,23 , 1,0,14,0,S, 	(30-MAY-2025 15:48:19)	 (Not Inserted)
2,23 , 1,0,14,0,S, 	(30-MAY-2025 15:48:19)	 (Not Inserted)
2,23 , 1,0,14,0,S, 	(30-MAY-2025 15:48:19)	 (Not Inserted)
2,23 , 1,0,14,0,S, 	(30-MAY-2025 15:48:19)	 (Not Inserted)
2,23 , 1,0,14,0,S, 	(30-MAY-2025 15:48:19)	 (Not Inserted)
2,23 , 1,0,14,0,S, 	(30-MAY-2025 15:48:19)	 (Not Inserted)
2,23 , 1,0,14,0,S, 	(30-MAY-2025 15:48:19)	 (Not Inserted)
2,23 , 1,0,14,0,S, 	(30-MAY-2025 15:48:19)	 (Not Inserted)
2,23 , 1,0,14,0,S, 	(30-MAY-2025 15:48:19)	 (Not Inserted)
2,23 , 1,0,14,0,S, 	(30-MAY-2025 15:48:19)	 (Not Inserted)
2,23 , 1,0,14,0,S, 	(30-MAY-2025 15:48:19)	 (Not Inserted)
2,23 , 1,0,14,0,S, 	(30-MAY-2025 15:48:19)	 (Not Inserted)
2,23 , 1,0,14,0,S, 	(30-MAY-2025 15:48:19)	 (Not Inserted)
2,23 , 1,0,14,0,S, 	(30-MAY-2025 15:48:19)	 (Not Inserted)
2,23 , 1,0,14,0,S, 	(30-MAY-2025 15:48:19)	 (Not Inserted)
2,23 , 1,0,14,0,S, 	(30-MAY-2025 15:48:19)	 (Not Inserted)
2,23 , 1,0,14,0,S, 	(30-MAY-2025 15:48:19)	 (Not Inserted)
2,23 , 1,0,14,0,S, 	(30-MAY-2025 15:48:19)	 (Not Inserted)
2,23 , 1,0,14,0,S, 	(30-MAY-2025 15:48:19)	 (Not Inserted)
2,23 , 1,0,14,0,S, 	(30-MAY-2025 15:48:19)	 (Not Inserted)
2,23 , 1,0,14,0,S, 	(30-MAY-2025 15:48:19)	 (Not Inserted)
2,23 , 1,0,14,0,S, 	(30-MAY-2025 15:48:19)	 (Not Inserted)
2,23 , 1,0,14,0,S, 	(30-MAY-2025 15:48:19)	 (Not Inserted)
2,23 , 1,0,14,0,S, 	(30-MAY-2025 15:48:19)	 (Not Inserted)
2,23 , 1,0,14,0,S, 	(30-MAY-2025 15:48:19)	 (Not Inserted)
2,23 , 1,0,14,0,S, 	(30-MAY-2025 15:48:19)	 (Not Inserted)
2,23 , 1,0,14,0,S, 	(30-MAY-2025 15:48:19)	 (Not Inserted)
2,23 , 1,0,14,0,S, 	(30-MAY-2025 15:48:19)	 (Not Inserted)
2,23 , 1,0,14,0,S, 	(30-MAY-2025 15:48:19)	 (Not Inserted)
2,23 , 1,0,14,0,S, 	(30-MAY-2025 15:48:19)	 (Not Inserted)
2,23 , 1,0,14,0,S, 	(30-MAY-2025 15:48:19)	 (Not Inserted)
2,23 , 1,0,14,0,S, 	(30-MAY-2025 15:48:19)	 (Not Inserted)
2,23 , 1,0,14,0,S, 	(30-MAY-2025 15:48:19)	 (Not Inserted)
2,23 , 1,0,14,0,S, 	(30-MAY-2025 15:48:19)	 (Not Inserted)
2,23 , 1,0,14,0,S, 	(30-MAY-2025 15:48:19)	 (Not Inserted)
2,23 , 1,0,14,0,S, 	(30-MAY-2025 15:48:19)	 (Not Inserted)
2,23 , 1,0,14,0,S, 	(30-MAY-2025 15:48:19)	 (Not Inserted)
2,23 , 1,0,14,0,S, 	(30-MAY-2025 15:48:19)	 (Not Inserted)
2,23 , 1,0,14,0,S, 	(30-MAY-2025 15:48:19)	 (Not Inserted)
2,23 , 1,0,14,0,S, 	(30-MAY-2025 15:48:19)	 (Not Inserted)
2,23 , 1,0,14,0,S, 	(30-MAY-2025 15:48:19)	 (Not Inserted)
2,23 , 1,0,14,0,S, 	(30-MAY-2025 15:48:19)	 (Not Inserted)
2,23 , 1,0,14,0,S, 	(30-MAY-2025 15:48:19)	 (Not Inserted)
2,23 , 1,0,14,0,S, 	(30-MAY-2025 15:48:19)	 (Not Inserted)
2,23 , 1,0,14,0,S, 	(30-MAY-2025 15:48:19)	 (Not Inserted)
2,23 , 1,0,14,0,S, 	(30-MAY-2025 15:48:19)	 (Not Inserted)
2,23 , 1,0,14,0,S, 	(30-MAY-2025 15:48:19)	 (Not Inserted)
2,23 , 1,0,14,0,S, 	(30-MAY-2025 15:48:19)	 (Not Inserted)
2,23 , 1,0,14,0,S, 	(30-MAY-2025 15:48:19)	 (Not Inserted)
2,23 , 1,0,14,0,S, 	(30-MAY-2025 15:48:19)	 (Not Inserted)
2,23 , 1,0,14,0,S, 	(30-MAY-2025 15:48:19)	 (Not Inserted)
2,23 , 1,0,14,0,S, 	(30-MAY-2025 15:48:19)	 (Not Inserted)
2,23 , 1,0,14,0,S, 	(30-MAY-2025 15:48:19)	 (Not Inserted)
2,23 , 1,0,14,0,S, 	(30-MAY-2025 15:48:19)	 (Not Inserted)
2,23 , 1,0,14,0,S, 	(30-MAY-2025 15:48:19)	 (Not Inserted)
2,23 , 1,0,14,0,S, 	(30-MAY-2025 15:48:19)	 (Not Inserted)
2,23 , 1,0,14,0,S, 	(30-MAY-2025 15:48:19)	 (Not Inserted)
2,23 , 1,0,14,0,S, 	(30-MAY-2025 15:48:19)	 (Not Inserted)
2,23 , 1,0,14,0,S, 	(30-MAY-2025 15:48:19)	 (Not Inserted)
2,23 , 1,0,14,0,S, 	(30-MAY-2025 15:48:19)	 (Not Inserted)
2,23 , 1,0,14,0,S, 	(30-MAY-2025 15:48:19)	 (Not Inserted)
2,23 , 1,0,14,0,S, 	(30-MAY-2025 15:48:19)	 (Not Inserted)
2,23 , 1,0,14,0,S, 	(30-MAY-2025 15:48:19)	 (Not Inserted)
2,23 , 1,0,14,0,S, 	(30-MAY-2025 15:48:19)	 (Not Inserted)
2,23 , 1,0,14,0,S, 	(30-MAY-2025 15:48:19)	 (Not Inserted)
2,23 , 1,0,14,0,S, 	(30-MAY-2025 15:48:19)	 (Not Inserted)
2,23 , 1,0,14,0,S, 	(30-MAY-2025 15:48:19)	 (Not Inserted)
2,23 , 1,0,14,0,S, 	(30-MAY-2025 15:48:19)	 (Not Inserted)
2,23 , 1,0,14,0,S, 	(30-MAY-2025 15:48:19)	 (Not Inserted)
2,23 , 1,0,14,0,S, 	(30-MAY-2025 15:48:19)	 (Not Inserted)
2,23 , 1,0,14,0,S, 	(30-MAY-2025 15:48:19)	 (Not Inserted)
2,23 , 1,0,14,0,S, 	(30-MAY-2025 15:48:19)	 (Not Inserted)
2,23 , 1,0,14,0,S, 	(30-MAY-2025 15:48:19)	 (Not Inserted)
2,23 , 1,0,14,0,S, 	(30-MAY-2025 15:48:19)	 (Not Inserted)
2,23 , 1,0,14,0,S, 	(30-MAY-2025 15:48:19)	 (Not Inserted)
2,23 , 1,0,14,0,S, 	(30-MAY-2025 15:48:19)	 (Not Inserted)
2,23 , 1,0,14,0,S, 	(30-MAY-2025 15:48:19)	 (Not Inserted)
2,23 , 1,0,14,0,S, 	(30-MAY-2025 15:48:19)	 (Not Inserted)
2,23 , 1,0,14,0,S, 	(30-MAY-2025 15:48:19)	 (Not Inserted)
2,23 , 1,0,14,0,S, 	(30-MAY-2025 15:48:19)	 (Not Inserted)
2,23 , 1,0,14,0,S, 	(30-MAY-2025 15:48:19)	 (Not Inserted)
2,23 , 1,0,14,0,S, 	(30-MAY-2025 15:48:19)	 (Not Inserted)
2,23 , 1,0,14,0,S, 	(30-MAY-2025 15:48:19)	 (Not Inserted)
2,23 , 1,0,14,0,S, 	(30-MAY-2025 15:48:19)	 (Not Inserted)
2,23 , 1,0,14,0,S, 	(30-MAY-2025 15:48:19)	 (Not Inserted)
2,23 , 1,0,14,0,S, 	(30-MAY-2025 15:48:19)	 (Not Inserted)
2,23 , 1,0,14,0,S, 	(30-MAY-2025 15:48:19)	 (Not Inserted)
2,23 , 1,0,14,0,S, 	(30-MAY-2025 15:48:19)	 (Not Inserted)
2,23 , 1,0,14,0,S, 	(30-MAY-2025 15:48:19)	 (Not Inserted)
2,23 , 1,0,14,0,S, 	(30-MAY-2025 15:48:19)	 (Not Inserted)
2,23 , 1,0,14,0,S, 	(30-MAY-2025 15:48:19)	 (Not Inserted)
2,23 , 1,0,14,0,S, 	(30-MAY-2025 15:48:19)	 (Not Inserted)
2,23 , 1,0,14,0,S, 	(30-MAY-2025 15:48:19)	 (Not Inserted)
2,23 , 1,0,14,0,S, 	(30-MAY-2025 15:48:19)	 (Not Inserted)
2,23 , 1,0,14,0,S, 	(30-MAY-2025 15:48:19)	 (Not Inserted)
2,23 , 1,0,14,0,S, 	(30-MAY-2025 15:48:19)	 (Not Inserted)
2,23 , 1,0,14,0,S, 	(30-MAY-2025 15:48:19)	 (Not Inserted)
2,23 , 1,0,14,0,S, 	(30-MAY-2025 15:48:19)	 (Not Inserted)
2,23 , 1,0,14,0,S, 	(30-MAY-2025 15:48:19)	 (Not Inserted)
2,23 , 1,0,14,0,S, 	(30-MAY-2025 15:48:19)	 (Not Inserted)
2,23 , 1,0,14,0,S, 	(30-MAY-2025 15:48:19)	 (Not Inserted)
2,23 , 1,0,14,0,S, 	(30-MAY-2025 15:48:19)	 (Not Inserted)
2,23 , 1,0,14,0,S, 	(30-MAY-2025 15:48:19)	 (Not Inserted)
2,23 , 1,0,14,0,S, 	(30-MAY-2025 15:48:19)	 (Not Inserted)
2,23 , 1,0,14,0,S, 	(30-MAY-2025 15:48:19)	 (Not Inserted)
2,23 , 1,0,14,0,S, 	(30-MAY-2025 15:48:19)	 (Not Inserted)
2,23 , 1,0,14,0,S, 	(30-MAY-2025 15:48:19)	 (Not Inserted)
2,23 , 1,0,14,0,S, 	(30-MAY-2025 15:48:19)	 (Not Inserted)
2,23 , 1,0,14,0,S, 	(30-MAY-2025 15:48:19)	 (Not Inserted)
2,23 , 1,0,14,0,S, 	(30-MAY-2025 15:48:19)	 (Not Inserted)
2,23 , 1,0,14,0,S, 	(30-MAY-2025 15:48:19)	 (Not Inserted)
2,23 , 1,0,14,0,S, 	(30-MAY-2025 15:48:19)	 (Not Inserted)
2,23 , 1,0,14,0,S, 	(30-MAY-2025 15:48:19)	 (Not Inserted)
2,23 , 1,0,14,0,S, 	(30-MAY-2025 15:48:19)	 (Not Inserted)
2,23 , 1,0,14,0,S, 	(30-MAY-2025 15:48:19)	 (Not Inserted)
2,23 , 1,0,14,0,S, 	(30-MAY-2025 15:48:19)	 (Not Inserted)
2,23 , 1,0,14,0,S, 	(30-MAY-2025 15:48:19)	 (Not Inserted)
2,23 , 1,0,14,0,S, 	(30-MAY-2025 15:48:19)	 (Not Inserted)
2,23 , 1,0,14,0,S, 	(30-MAY-2025 15:48:19)	 (Not Inserted)
2,23 , 1,0,14,0,S, 	(30-MAY-2025 15:48:19)	 (Not Inserted)
2,23 , 1,0,14,0,S, 	(30-MAY-2025 15:48:19)	 (Not Inserted)
2,23 , 1,0,14,0,S, 	(30-MAY-2025 15:48:19)	 (Not Inserted)
2,23 , 1,0,14,0,S, 	(30-MAY-2025 15:48:19)	 (Not Inserted)
2,23 , 1,0,14,0,S, 	(30-MAY-2025 15:48:19)	 (Not Inserted)
2,23 , 1,0,14,0,S, 	(30-MAY-2025 15:48:19)	 (Not Inserted)
2,23 , 1,0,14,0,S, 	(30-MAY-2025 15:48:19)	 (Not Inserted)
2,23 , 1,0,14,0,S, 	(30-MAY-2025 15:48:19)	 (Not Inserted)
2,23 , 1,0,14,0,S, 	(30-MAY-2025 15:48:19)	 (Not Inserted)
2,23 , 1,0,14,0,S, 	(30-MAY-2025 15:48:19)	 (Not Inserted)
2,23 , 1,0,14,0,S, 	(30-MAY-2025 15:48:19)	 (Not Inserted)
2,23 , 1,0,14,0,S, 	(30-MAY-2025 15:48:19)	 (Not Inserted)
2,23 , 1,0,14,0,S, 	(30-MAY-2025 15:48:19)	 (Not Inserted)
2,23 , 1,0,14,0,S, 	(30-MAY-2025 15:48:19)	 (Not Inserted)
2,23 , 1,0,14,0,S, 	(30-MAY-2025 15:48:19)	 (Not Inserted)
2,23 , 1,0,14,0,S, 	(30-MAY-2025 15:48:19)	 (Not Inserted)
2,23 , 1,0,14,0,S, 	(30-MAY-2025 15:48:19)	 (Not Inserted)
2,23 , 1,0,14,0,S, 	(30-MAY-2025 15:48:19)	 (Not Inserted)
2,23 , 1,0,14,0,S, 	(30-MAY-2025 15:48:19)	 (Not Inserted)
2,23 , 1,0,14,0,S, 	(30-MAY-2025 15:48:19)	 (Not Inserted)
2,23 , 1,0,14,0,S, 	(30-MAY-2025 15:48:19)	 (Not Inserted)
2,23 , 1,0,14,0,S, 	(30-MAY-2025 15:48:19)	 (Not Inserted)
2,23 , 1,0,14,0,S, 	(30-MAY-2025 15:48:19)	 (Not Inserted)
2,23 , 1,0,14,0,S, 	(30-MAY-2025 15:48:19)	 (Not Inserted)
2,23 , 1,0,14,0,S, 	(30-MAY-2025 15:48:19)	 (Not Inserted)
2,23 , 1,0,14,0,S, 	(30-MAY-2025 15:48:19)	 (Not Inserted)
2,23 , 1,0,14,0,S, 	(30-MAY-2025 15:48:19)	 (Not Inserted)
2,23 , 1,0,14,0,S, 	(30-MAY-2025 15:48:19)	 (Not Inserted)
2,23 , 1,0,14,0,S, 	(30-MAY-2025 15:48:19)	 (Not Inserted)
2,23 , 1,0,14,0,S, 	(30-MAY-2025 15:48:19)	 (Not Inserted)
2,23 , 1,0,14,0,S, 	(30-MAY-2025 15:48:19)	 (Not Inserted)
2,23 , 1,0,14,0,S, 	(30-MAY-2025 15:48:19)	 (Not Inserted)
2,23 , 1,0,14,0,S, 	(30-MAY-2025 15:48:19)	 (Not Inserted)
2,23 , 1,0,14,0,S, 	(30-MAY-2025 15:48:19)	 (Not Inserted)
2,23 , 1,0,14,0,S, 	(30-MAY-2025 15:48:19)	 (Not Inserted)
2,23 , 1,0,14,0,S, 	(30-MAY-2025 15:48:19)	 (Not Inserted)
2,23 , 1,0,14,0,S, 	(30-MAY-2025 15:48:19)	 (Not Inserted)
2,23 , 1,0,14,0,S, 	(30-MAY-2025 15:48:19)	 (Not Inserted)
2,23 , 1,0,14,0,S, 	(30-MAY-2025 15:48:19)	 (Not Inserted)
2,23 , 1,0,14,0,S, 	(30-MAY-2025 15:48:19)	 (Not Inserted)
2,23 , 1,0,14,0,S, 	(30-MAY-2025 15:48:19)	 (Not Inserted)
2,23 , 1,0,14,0,S, 	(30-MAY-2025 15:48:19)	 (Not Inserted)
2,23 , 1,0,14,0,S, 	(30-MAY-2025 15:48:19)	 (Not Inserted)
2,23 , 1,0,14,0,S, 	(30-MAY-2025 15:48:19)	 (Not Inserted)
2,23 , 1,0,14,0,S, 	(30-MAY-2025 15:48:19)	 (Not Inserted)
2,23 , 1,0,14,0,S, 	(30-MAY-2025 15:48:19)	 (Not Inserted)
2,23 , 1,0,14,0,S, 	(30-MAY-2025 15:48:19)	 (Not Inserted)
2,23 , 1,0,14,0,S, 	(30-MAY-2025 15:48:19)	 (Not Inserted)
2,23 , 1,0,14,0,S, 	(30-MAY-2025 15:48:19)	 (Not Inserted)
2,23 , 1,0,14,0,S, 	(30-MAY-2025 15:48:19)	 (Not Inserted)
2,23 , 1,0,14,0,S, 	(30-MAY-2025 15:48:19)	 (Not Inserted)
2,23 , 1,0,14,0,S, 	(30-MAY-2025 15:48:19)	 (Not Inserted)
2,23 , 1,0,14,0,S, 	(30-MAY-2025 15:48:19)	 (Not Inserted)
2,23 , 1,0,14,0,S, 	(30-MAY-2025 15:48:19)	 (Not Inserted)
2,23 , 1,0,14,0,S, 	(30-MAY-2025 15:48:19)	 (Not Inserted)
2,23 , 1,0,14,0,S, 	(30-MAY-2025 15:48:19)	 (Not Inserted)
2,23 , 1,0,14,0,S, 	(30-MAY-2025 15:48:19)	 (Not Inserted)
2,23 , 1,0,14,0,S, 	(30-MAY-2025 15:48:19)	 (Not Inserted)
2,23 , 1,0,14,0,S, 	(30-MAY-2025 15:48:19)	 (Not Inserted)
2,23 , 1,0,14,0,S, 	(30-MAY-2025 15:48:19)	 (Not Inserted)
2,23 , 1,0,14,0,S, 	(30-MAY-2025 15:48:19)	 (Not Inserted)
2,23 , 1,0,14,0,S, 	(30-MAY-2025 15:48:19)	 (Not Inserted)
2,23 , 1,0,14,0,S, 	(30-MAY-2025 15:48:19)	 (Not Inserted)
2,23 , 1,0,14,0,S, 	(30-MAY-2025 15:48:19)	 (Not Inserted)
2,23 , 1,0,14,0,S, 	(30-MAY-2025 15:48:19)	 (Not Inserted)
2,23 , 1,0,14,0,S, 	(30-MAY-2025 15:48:19)	 (Not Inserted)
2,23 , 1,0,14,0,S, 	(30-MAY-2025 15:48:19)	 (Not Inserted)
2,23 , 1,0,14,0,S, 	(30-MAY-2025 15:48:19)	 (Not Inserted)
2,23 , 1,0,14,0,S, 	(30-MAY-2025 15:48:19)	 (Not Inserted)
2,23 , 1,0,14,0,S, 	(30-MAY-2025 15:48:19)	 (Not Inserted)
2,23 , 1,0,14,0,S, 	(30-MAY-2025 15:48:19)	 (Not Inserted)
2,23 , 1,0,14,0,S, 	(30-MAY-2025 15:48:19)	 (Not Inserted)
2,23 , 1,0,14,0,S, 	(30-MAY-2025 15:48:19)	 (Not Inserted)
2,23 , 1,0,14,0,S, 	(30-MAY-2025 15:48:19)	 (Not Inserted)
2,23 , 1,0,14,0,S, 	(30-MAY-2025 15:48:19)	 (Not Inserted)
2,23 , 1,0,14,0,S, 	(30-MAY-2025 15:48:19)	 (Not Inserted)
2,23 , 1,0,14,0,S, 	(30-MAY-2025 15:48:19)	 (Not Inserted)
2,23 , 1,0,14,0,S, 	(30-MAY-2025 15:48:19)	 (Not Inserted)
2,23 , 1,0,14,0,S, 	(30-MAY-2025 15:48:19)	 (Not Inserted)
2,23 , 1,0,14,0,S, 	(30-MAY-2025 15:48:19)	 (Not Inserted)
2,23 , 1,0,14,0,S, 	(30-MAY-2025 15:48:19)	 (Not Inserted)
2,23 , 1,0,14,0,S, 	(30-MAY-2025 15:48:19)	 (Not Inserted)
2,23 , 1,0,14,0,S, 	(30-MAY-2025 15:48:19)	 (Not Inserted)
2,23 , 1,0,14,0,S, 	(30-MAY-2025 15:48:19)	 (Not Inserted)
2,23 , 1,0,14,0,S, 	(30-MAY-2025 15:48:19)	 (Not Inserted)
2,23 , 1,0,14,0,S, 	(30-MAY-2025 15:48:19)	 (Not Inserted)
2,23 , 1,0,14,0,S, 	(30-MAY-2025 15:48:19)	 (Not Inserted)
2,23 , 1,0,14,0,S, 	(30-MAY-2025 15:48:19)	 (Not Inserted)
2,23 , 1,0,14,0,S, 	(30-MAY-2025 15:48:19)	 (Not Inserted)
2,23 , 1,0,14,0,S, 	(30-MAY-2025 15:48:19)	 (Not Inserted)
2,23 , 1,0,14,0,S, 	(30-MAY-2025 15:48:19)	 (Not Inserted)
2,23 , 1,0,14,0,S, 	(30-MAY-2025 15:48:19)	 (Not Inserted)
2,23 , 1,0,14,0,S, 	(30-MAY-2025 15:48:19)	 (Not Inserted)
2,23 , 1,0,14,0,S, 	(30-MAY-2025 15:48:19)	 (Not Inserted)
2,23 , 1,0,14,0,S, 	(30-MAY-2025 15:48:19)	 (Not Inserted)
2,23 , 1,0,14,0,S, 	(30-MAY-2025 15:48:19)	 (Not Inserted)
2,23 , 1,0,14,0,S, 	(30-MAY-2025 15:48:19)	 (Not Inserted)
2,23 , 1,0,14,0,S, 	(30-MAY-2025 15:48:19)	 (Not Inserted)
2,23 , 1,0,14,0,S, 	(30-MAY-2025 15:48:19)	 (Not Inserted)
2,23 , 1,0,14,0,S, 	(30-MAY-2025 15:48:19)	 (Not Inserted)
2,23 , 1,0,14,0,S, 	(30-MAY-2025 15:48:19)	 (Not Inserted)
2,23 , 1,0,14,0,S, 	(30-MAY-2025 15:48:19)	 (Not Inserted)
2,23 , 1,0,14,0,S, 	(30-MAY-2025 15:48:19)	 (Not Inserted)
2,23 , 1,0,14,0,S, 	(30-MAY-2025 15:48:19)	 (Not Inserted)
2,23 , 1,0,14,0,S, 	(30-MAY-2025 15:48:19)	 (Not Inserted)
2,23 , 1,0,14,0,S, 	(30-MAY-2025 15:48:19)	 (Not Inserted)
2,23 , 1,0,14,0,S, 	(30-MAY-2025 15:48:19)	 (Not Inserted)
2,23 , 1,0,14,0,S, 	(30-MAY-2025 15:48:19)	 (Not Inserted)
2,23 , 1,0,14,0,S, 	(30-MAY-2025 15:48:19)	 (Not Inserted)
2,23 , 1,0,14,0,S, 	(30-MAY-2025 15:48:19)	 (Not Inserted)
2,23 , 1,0,14,0,S, 	(30-MAY-2025 15:48:19)	 (Not Inserted)
2,23 , 1,0,14,0,S, 	(30-MAY-2025 15:48:19)	 (Not Inserted)
2,23 , 1,0,14,0,S, 	(30-MAY-2025 15:48:19)	 (Not Inserted)
2,23 , 1,0,14,0,S, 	(30-MAY-2025 15:48:19)	 (Not Inserted)
2,23 , 1,0,14,0,S, 	(30-MAY-2025 15:48:19)	 (Not Inserted)
2,23 , 1,0,14,0,S, 	(30-MAY-2025 15:48:19)	 (Not Inserted)
2,23 , 1,0,14,0,S, 	(30-MAY-2025 15:48:19)	 (Not Inserted)
2,23 , 1,0,14,0,S, 	(30-MAY-2025 15:48:19)	 (Not Inserted)
2,23 , 1,0,14,0,S, 	(30-MAY-2025 15:48:19)	 (Not Inserted)
2,23 , 1,0,14,0,S, 	(30-MAY-2025 15:48:19)	 (Not Inserted)
2,23 , 1,0,14,0,S, 	(30-MAY-2025 15:48:19)	 (Not Inserted)
2,23 , 1,0,14,0,S, 	(30-MAY-2025 15:48:19)	 (Not Inserted)
2,23 , 1,0,14,0,S, 	(30-MAY-2025 15:48:19)	 (Not Inserted)
2,23 , 1,0,14,0,S, 	(30-MAY-2025 15:48:19)	 (Not Inserted)
2,23 , 1,0,14,0,S, 	(30-MAY-2025 15:48:19)	 (Not Inserted)
2,23 , 1,0,14,0,S, 	(30-MAY-2025 15:48:19)	 (Not Inserted)
2,23 , 1,0,14,0,S, 	(30-MAY-2025 15:48:19)	 (Not Inserted)
2,23 , 1,0,14,0,S, 	(30-MAY-2025 15:48:19)	 (Not Inserted)
2,23 , 1,0,14,0,S, 	(30-MAY-2025 15:48:19)	 (Not Inserted)
2,23 , 1,0,14,0,S, 	(30-MAY-2025 15:48:19)	 (Not Inserted)
2,23 , 1,0,14,0,S, 	(30-MAY-2025 15:48:19)	 (Not Inserted)
2,23 , 1,0,14,0,S, 	(30-MAY-2025 15:48:19)	 (Not Inserted)
2,23 , 1,0,14,0,S, 	(30-MAY-2025 15:48:19)	 (Not Inserted)
2,23 , 1,0,14,0,S, 	(30-MAY-2025 15:48:19)	 (Not Inserted)
2,23 , 1,0,14,0,S, 	(30-MAY-2025 15:48:19)	 (Not Inserted)
2,23 , 1,0,14,0,S, 	(30-MAY-2025 15:48:19)	 (Not Inserted)
2,23 , 1,0,14,0,S, 	(30-MAY-2025 15:48:19)	 (Not Inserted)
2,23 , 1,0,14,0,S, 	(30-MAY-2025 15:48:19)	 (Not Inserted)
2,23 , 1,0,14,0,S, 	(30-MAY-2025 15:48:19)	 (Not Inserted)
2,23 , 1,0,14,0,S, 	(30-MAY-2025 15:48:19)	 (Not Inserted)
2,23 , 1,0,14,0,S, 	(30-MAY-2025 15:48:19)	 (Not Inserted)
2,23 , 1,0,14,0,S, 	(30-MAY-2025 15:48:19)	 (Not Inserted)
2,23 , 1,0,14,0,S, 	(30-MAY-2025 15:48:19)	 (Not Inserted)
2,23 , 1,0,14,0,S, 	(30-MAY-2025 15:48:19)	 (Not Inserted)
2,23 , 1,0,14,0,S, 	(30-MAY-2025 15:48:19)	 (Not Inserted)
2,23 , 1,0,14,0,S, 	(30-MAY-2025 15:48:19)	 (Not Inserted)
2,23 , 1,0,14,0,S, 	(30-MAY-2025 15:48:19)	 (Not Inserted)
2,23 , 1,0,14,0,S, 	(30-MAY-2025 15:48:19)	 (Not Inserted)
2,23 , 1,0,14,0,S, 	(30-MAY-2025 15:48:19)	 (Not Inserted)
2,23 , 1,0,14,0,S, 	(30-MAY-2025 15:48:19)	 (Not Inserted)
2,23 , 1,0,14,0,S, 	(30-MAY-2025 15:48:19)	 (Not Inserted)
2,23 , 1,0,14,0,S, 	(30-MAY-2025 15:48:19)	 (Not Inserted)
2,23 , 1,0,14,0,S, 	(30-MAY-2025 15:48:19)	 (Not Inserted)
2,23 , 1,0,14,0,S, 	(30-MAY-2025 15:48:19)	 (Not Inserted)
2,23 , 1,0,14,0,S, 	(30-MAY-2025 15:48:19)	 (Not Inserted)
2,23 , 1,0,14,0,S, 	(30-MAY-2025 15:48:19)	 (Not Inserted)
2,23 , 1,0,14,0,S, 	(30-MAY-2025 15:48:19)	 (Not Inserted)
2,23 , 1,0,14,0,S, 	(30-MAY-2025 15:48:19)	 (Not Inserted)
2,23 , 1,0,14,0,S, 	(30-MAY-2025 15:48:19)	 (Not Inserted)
2,23 , 1,0,14,0,S, 	(30-MAY-2025 15:48:19)	 (Not Inserted)
2,23 , 1,0,14,0,S, 	(30-MAY-2025 15:48:19)	 (Not Inserted)
2,23 , 1,0,14,0,S, 	(30-MAY-2025 15:48:19)	 (Not Inserted)
2,23 , 1,0,14,0,S, 	(30-MAY-2025 15:48:19)	 (Not Inserted)
2,23 , 1,0,14,0,S, 	(30-MAY-2025 15:48:19)	 (Not Inserted)
2,23 , 1,0,14,0,S, 	(30-MAY-2025 15:48:19)	 (Not Inserted)
2,23 , 1,0,14,0,S, 	(30-MAY-2025 15:48:19)	 (Not Inserted)
2,23 , 1,0,14,0,S, 	(30-MAY-2025 15:48:19)	 (Not Inserted)
2,23 , 1,0,14,0,S, 	(30-MAY-2025 15:48:19)	 (Not Inserted)
2,23 , 1,0,14,0,S, 	(30-MAY-2025 15:48:19)	 (Not Inserted)
2,23 , 1,0,14,0,S, 	(30-MAY-2025 15:48:19)	 (Not Inserted)
2,23 , 1,0,14,0,S, 	(30-MAY-2025 15:48:19)	 (Not Inserted)
2,23 , 1,0,14,0,S, 	(30-MAY-2025 15:48:19)	 (Not Inserted)
2,23 , 1,0,14,0,S, 	(30-MAY-2025 15:48:19)	 (Not Inserted)
2,23 , 1,0,14,0,S, 	(30-MAY-2025 15:48:19)	 (Not Inserted)
2,23 , 1,0,14,0,S, 	(30-MAY-2025 15:48:19)	 (Not Inserted)
2,23 , 1,0,14,0,S, 	(30-MAY-2025 15:48:19)	 (Not Inserted)
2,23 , 1,0,14,0,S, 	(30-MAY-2025 15:48:19)	 (Not Inserted)
2,23 , 1,0,14,0,S, 	(30-MAY-2025 15:48:19)	 (Not Inserted)
2,23 , 1,0,14,0,S, 	(30-MAY-2025 15:48:19)	 (Not Inserted)
2,23 , 1,0,14,0,S, 	(30-MAY-2025 15:48:19)	 (Not Inserted)
2,23 , 1,0,14,0,S, 	(30-MAY-2025 15:48:19)	 (Not Inserted)
2,23 , 1,0,14,0,S, 	(30-MAY-2025 15:48:19)	 (Not Inserted)
2,23 , 1,0,14,0,S, 	(30-MAY-2025 15:48:19)	 (Not Inserted)
2,23 , 1,0,14,0,S, 	(30-MAY-2025 15:48:19)	 (Not Inserted)
2,23 , 1,0,14,0,S, 	(30-MAY-2025 15:48:19)	 (Not Inserted)
2,23 , 1,0,14,0,S, 	(30-MAY-2025 15:48:19)	 (Not Inserted)
2,23 , 1,0,14,0,S, 	(30-MAY-2025 15:48:19)	 (Not Inserted)
2,23 , 1,0,14,0,S, 	(30-MAY-2025 15:48:19)	 (Not Inserted)
2,23 , 1,0,14,0,S, 	(30-MAY-2025 15:48:19)	 (Not Inserted)
2,23 , 1,0,14,0,S, 	(30-MAY-2025 15:48:19)	 (Not Inserted)
2,23 , 1,0,14,0,S, 	(30-MAY-2025 15:48:19)	 (Not Inserted)
2,23 , 1,0,14,0,S, 	(30-MAY-2025 15:48:19)	 (Not Inserted)
2,23 , 1,0,14,0,S, 	(30-MAY-2025 15:48:19)	 (Not Inserted)
2,23 , 1,0,14,0,S, 	(30-MAY-2025 15:48:19)	 (Not Inserted)
2,23 , 1,0,14,0,S, 	(30-MAY-2025 15:48:19)	 (Not Inserted)
2,23 , 1,0,14,0,S, 	(30-MAY-2025 15:48:19)	 (Not Inserted)
2,23 , 1,0,14,0,S, 	(30-MAY-2025 15:48:19)	 (Not Inserted)
2,23 , 1,0,14,0,S, 	(30-MAY-2025 15:48:19)	 (Not Inserted)
2,23 , 1,0,14,0,S, 	(30-MAY-2025 15:48:19)	 (Not Inserted)
2,23 , 1,0,14,0,S, 	(30-MAY-2025 15:48:19)	 (Not Inserted)
2,23 , 1,0,14,0,S, 	(30-MAY-2025 15:48:19)	 (Not Inserted)
2,23 , 1,0,14,0,S, 	(30-MAY-2025 15:48:19)	 (Not Inserted)
2,23 , 1,0,14,0,S, 	(30-MAY-2025 15:48:19)	 (Not Inserted)
2,23 , 1,0,14,0,S, 	(30-MAY-2025 15:48:19)	 (Not Inserted)
2,23 , 1,0,14,0,S, 	(30-MAY-2025 15:48:19)	 (Not Inserted)
2,23 , 1,0,14,0,S, 	(30-MAY-2025 15:48:19)	 (Not Inserted)
2,23 , 1,0,14,0,S, 	(30-MAY-2025 15:48:19)	 (Not Inserted)
2,23 , 1,0,14,0,S, 	(30-MAY-2025 15:48:19)	 (Not Inserted)
2,23 , 1,0,14,0,S, 	(30-MAY-2025 15:48:19)	 (Not Inserted)
2,23 , 1,0,14,0,S, 	(30-MAY-2025 15:48:19)	 (Not Inserted)
2,23 , 1,0,14,0,S, 	(30-MAY-2025 15:48:19)	 (Not Inserted)
2,23 , 1,0,14,0,S, 	(30-MAY-2025 15:48:19)	 (Not Inserted)
2,23 , 1,0,14,0,S, 	(30-MAY-2025 15:48:19)	 (Not Inserted)
2,23 , 1,0,14,0,S, 	(30-MAY-2025 15:48:19)	 (Not Inserted)
2,23 , 1,0,14,0,S, 	(30-MAY-2025 15:48:19)	 (Not Inserted)
2,23 , 1,0,14,0,S, 	(30-MAY-2025 15:48:19)	 (Not Inserted)
2,23 , 1,0,14,0,S, 	(30-MAY-2025 15:48:19)	 (Not Inserted)
2,23 , 1,0,14,0,S, 	(30-MAY-2025 15:48:19)	 (Not Inserted)
2,23 , 1,0,14,0,S, 	(30-MAY-2025 15:48:19)	 (Not Inserted)
2,23 , 1,0,14,0,S, 	(30-MAY-2025 15:48:19)	 (Not Inserted)
2,23 , 1,0,14,0,S, 	(30-MAY-2025 15:48:19)	 (Not Inserted)
2,23 , 1,0,14,0,S, 	(30-MAY-2025 15:48:19)	 (Not Inserted)
2,23 , 1,0,14,0,S, 	(30-MAY-2025 15:48:19)	 (Not Inserted)
2,23 , 1,0,14,0,S, 	(30-MAY-2025 15:48:19)	 (Not Inserted)
2,23 , 1,0,14,0,S, 	(30-MAY-2025 15:48:19)	 (Not Inserted)
2,23 , 1,0,14,0,S, 	(30-MAY-2025 15:48:19)	 (Not Inserted)
2,23 , 1,0,14,0,S, 	(30-MAY-2025 15:48:19)	 (Not Inserted)
2,23 , 1,0,14,0,S, 	(30-MAY-2025 15:48:19)	 (Not Inserted)
2,23 , 1,0,14,0,S, 	(30-MAY-2025 15:48:19)	 (Not Inserted)
2,23 , 1,0,14,0,S, 	(30-MAY-2025 15:48:19)	 (Not Inserted)
2,23 , 1,0,14,0,S, 	(30-MAY-2025 15:48:19)	 (Not Inserted)
2,23 , 1,0,14,0,S, 	(30-MAY-2025 15:48:19)	 (Not Inserted)
2,23 , 1,0,14,0,S, 	(30-MAY-2025 15:48:19)	 (Not Inserted)
2,23 , 1,0,14,0,S, 	(30-MAY-2025 15:48:19)	 (Not Inserted)
2,23 , 1,0,14,0,S, 	(30-MAY-2025 15:48:19)	 (Not Inserted)
2,23 , 1,0,14,0,S, 	(30-MAY-2025 15:48:19)	 (Not Inserted)
2,23 , 1,0,14,0,S, 	(30-MAY-2025 15:48:19)	 (Not Inserted)
2,23 , 1,0,14,0,S, 	(30-MAY-2025 15:48:19)	 (Not Inserted)
2,23 , 1,0,14,0,S, 	(30-MAY-2025 15:48:19)	 (Not Inserted)
2,23 , 1,0,14,0,S, 	(30-MAY-2025 15:48:19)	 (Not Inserted)
2,23 , 1,0,14,0,S, 	(30-MAY-2025 15:48:19)	 (Not Inserted)
2,23 , 1,0,14,0,S, 	(30-MAY-2025 15:48:19)	 (Not Inserted)
2,23 , 1,0,14,0,S, 	(30-MAY-2025 15:48:19)	 (Not Inserted)
2,23 , 1,0,14,0,S, 	(30-MAY-2025 15:48:19)	 (Not Inserted)
2,23 , 1,0,14,0,S, 	(30-MAY-2025 15:48:19)	 (Not Inserted)
2,23 , 1,0,14,0,S, 	(30-MAY-2025 15:48:19)	 (Not Inserted)
2,23 , 1,0,14,0,S, 	(30-MAY-2025 15:48:19)	 (Not Inserted)
2,23 , 1,0,14,0,S, 	(30-MAY-2025 15:48:19)	 (Not Inserted)
2,23 , 1,0,14,0,S, 	(30-MAY-2025 15:48:19)	 (Not Inserted)
2,23 , 1,0,14,0,S, 	(30-MAY-2025 15:48:19)	 (Not Inserted)
2,23 , 1,0,14,0,S, 	(30-MAY-2025 15:48:19)	 (Not Inserted)
2,23 , 1,0,14,0,S, 	(30-MAY-2025 15:48:19)	 (Not Inserted)
2,23 , 1,0,14,0,S, 	(30-MAY-2025 15:48:19)	 (Not Inserted)
2,23 , 1,0,14,0,S, 	(30-MAY-2025 15:48:19)	 (Not Inserted)
2,23 , 1,0,14,0,S, 	(30-MAY-2025 15:48:19)	 (Not Inserted)
2,23 , 1,0,14,0,S, 	(30-MAY-2025 15:48:19)	 (Not Inserted)
2,23 , 1,0,14,0,S, 	(30-MAY-2025 15:48:19)	 (Not Inserted)
2,23 , 1,0,14,0,S, 	(30-MAY-2025 15:48:19)	 (Not Inserted)
2,23 , 1,0,14,0,S, 	(30-MAY-2025 15:48:19)	 (Not Inserted)
2,23 , 1,0,14,0,S, 	(30-MAY-2025 15:48:19)	 (Not Inserted)
2,23 , 1,0,14,0,S, 	(30-MAY-2025 15:48:19)	 (Not Inserted)
2,23 , 1,0,14,0,S, 	(30-MAY-2025 15:48:19)	 (Not Inserted)
2,23 , 1,0,14,0,S, 	(30-MAY-2025 15:48:19)	 (Not Inserted)
2,23 , 1,0,14,0,S, 	(30-MAY-2025 15:48:19)	 (Not Inserted)
2,23 , 1,0,14,0,S, 	(30-MAY-2025 15:48:19)	 (Not Inserted)
2,23 , 1,0,14,0,S, 	(30-MAY-2025 15:48:19)	 (Not Inserted)
2,23 , 1,0,14,0,S, 	(30-MAY-2025 15:48:19)	 (Not Inserted)
2,23 , 1,0,14,0,S, 	(30-MAY-2025 15:48:19)	 (Not Inserted)
2,23 , 1,0,14,0,S, 	(30-MAY-2025 15:48:19)	 (Not Inserted)
2,23 , 1,0,14,0,S, 	(30-MAY-2025 15:48:19)	 (Not Inserted)
2,23 , 1,0,14,0,S, 	(30-MAY-2025 15:48:19)	 (Not Inserted)
2,23 , 1,0,14,0,S, 	(30-MAY-2025 15:48:19)	 (Not Inserted)
2,23 , 1,0,14,0,S, 	(30-MAY-2025 15:48:19)	 (Not Inserted)
2,23 , 1,0,14,0,S, 	(30-MAY-2025 15:48:19)	 (Not Inserted)
2,23 , 1,0,14,0,S, 	(30-MAY-2025 15:48:19)	 (Not Inserted)
2,23 , 1,0,14,0,S, 	(30-MAY-2025 15:48:19)	 (Not Inserted)
2,23 , 1,0,14,0,S, 	(30-MAY-2025 15:48:19)	 (Not Inserted)
2,23 , 1,0,14,0,S, 	(30-MAY-2025 15:48:19)	 (Not Inserted)
2,23 , 1,0,14,0,S, 	(30-MAY-2025 15:48:19)	 (Not Inserted)
2,23 , 1,0,14,0,S, 	(30-MAY-2025 15:48:19)	 (Not Inserted)
2,23 , 1,0,14,0,S, 	(30-MAY-2025 15:48:19)	 (Not Inserted)
2,23 , 1,0,14,0,S, 	(30-MAY-2025 15:48:19)	 (Not Inserted)
2,23 , 1,0,14,0,S, 	(30-MAY-2025 15:48:19)	 (Not Inserted)
2,23 , 1,0,14,0,S, 	(30-MAY-2025 15:48:19)	 (Not Inserted)
2,23 , 1,0,14,0,S, 	(30-MAY-2025 15:48:19)	 (Not Inserted)
2,23 , 1,0,14,0,S, 	(30-MAY-2025 15:48:19)	 (Not Inserted)
2,23 , 1,0,14,0,S, 	(30-MAY-2025 15:48:19)	 (Not Inserted)
2,23 , 1,0,14,0,S, 	(30-MAY-2025 15:48:19)	 (Not Inserted)
2,23 , 1,0,14,0,S, 	(30-MAY-2025 15:48:19)	 (Not Inserted)
2,23 , 1,0,14,0,S, 	(30-MAY-2025 15:48:19)	 (Not Inserted)
2,23 , 1,0,14,0,S, 	(30-MAY-2025 15:48:19)	 (Not Inserted)
2,23 , 1,0,14,0,S, 	(30-MAY-2025 15:48:19)	 (Not Inserted)
2,23 , 1,0,14,0,S, 	(30-MAY-2025 15:48:19)	 (Not Inserted)
2,23 , 1,0,14,0,S, 	(30-MAY-2025 15:48:19)	 (Not Inserted)
2,23 , 1,0,14,0,S, 	(30-MAY-2025 15:48:19)	 (Not Inserted)
2,23 , 1,0,14,0,S, 	(30-MAY-2025 15:48:19)	 (Not Inserted)
2,23 , 1,0,14,0,S, 	(30-MAY-2025 15:48:19)	 (Not Inserted)
2,23 , 1,0,14,0,S, 	(30-MAY-2025 15:48:19)	 (Not Inserted)
2,23 , 1,0,14,0,S, 	(30-MAY-2025 15:48:19)	 (Not Inserted)
2,23 , 1,0,14,0,S, 	(30-MAY-2025 15:48:19)	 (Not Inserted)
2,23 , 1,0,14,0,S, 	(30-MAY-2025 15:48:19)	 (Not Inserted)
2,23 , 1,0,14,0,S, 	(30-MAY-2025 15:48:19)	 (Not Inserted)
2,23 , 1,0,14,0,S, 	(30-MAY-2025 15:48:19)	 (Not Inserted)
2,23 , 1,0,14,0,S, 	(30-MAY-2025 15:48:19)	 (Not Inserted)
2,23 , 1,0,14,0,S, 	(30-MAY-2025 15:48:19)	 (Not Inserted)
2,23 , 1,0,14,0,S, 	(30-MAY-2025 15:48:19)	 (Not Inserted)
2,23 , 1,0,14,0,S, 	(30-MAY-2025 15:48:19)	 (Not Inserted)
2,23 , 1,0,14,0,S, 	(30-MAY-2025 15:48:19)	 (Not Inserted)
2,23 , 1,0,14,0,S, 	(30-MAY-2025 15:48:19)	 (Not Inserted)
2,23 , 1,0,14,0,S, 	(30-MAY-2025 15:48:19)	 (Not Inserted)
2,23 , 1,0,14,0,S, 	(30-MAY-2025 15:48:19)	 (Not Inserted)
2,23 , 1,0,14,0,S, 	(30-MAY-2025 15:48:19)	 (Not Inserted)
2,23 , 1,0,14,0,S, 	(30-MAY-2025 15:48:19)	 (Not Inserted)
2,23 , 1,0,14,0,S, 	(30-MAY-2025 15:48:19)	 (Not Inserted)
2,23 , 1,0,14,0,S, 	(30-MAY-2025 15:48:19)	 (Not Inserted)
2,23 , 1,0,14,0,S, 	(30-MAY-2025 15:48:19)	 (Not Inserted)
2,23 , 1,0,14,0,S, 	(30-MAY-2025 15:48:19)	 (Not Inserted)
2,23 , 1,0,14,0,S, 	(30-MAY-2025 15:48:19)	 (Not Inserted)
2,23 , 1,0,14,0,S, 	(30-MAY-2025 15:48:19)	 (Not Inserted)
2,23 , 1,0,14,0,S, 	(30-MAY-2025 15:48:19)	 (Not Inserted)
2,23 , 1,0,14,0,S, 	(30-MAY-2025 15:48:19)	 (Not Inserted)
2,23 , 1,0,14,0,S, 	(30-MAY-2025 15:48:19)	 (Not Inserted)
2,23 , 1,0,14,0,S, 	(30-MAY-2025 15:48:19)	 (Not Inserted)
2,23 , 1,0,14,0,S, 	(30-MAY-2025 15:48:19)	 (Not Inserted)
2,23 , 1,0,14,0,S, 	(30-MAY-2025 15:48:19)	 (Not Inserted)
2,23 , 1,0,14,0,S, 	(30-MAY-2025 15:48:19)	 (Not Inserted)
2,23 , 1,0,14,0,S, 	(30-MAY-2025 15:48:19)	 (Not Inserted)
2,23 , 1,0,14,0,S, 	(30-MAY-2025 15:48:19)	 (Not Inserted)
2,23 , 1,0,14,0,S, 	(30-MAY-2025 15:48:19)	 (Not Inserted)
2,23 , 1,0,14,0,S, 	(30-MAY-2025 15:48:19)	 (Not Inserted)
2,23 , 1,0,14,0,S, 	(30-MAY-2025 15:48:19)	 (Not Inserted)
2,23 , 1,0,14,0,S, 	(30-MAY-2025 15:48:19)	 (Not Inserted)
2,23 , 1,0,14,0,S, 	(30-MAY-2025 15:48:19)	 (Not Inserted)
2,23 , 1,0,14,0,S, 	(30-MAY-2025 15:48:19)	 (Not Inserted)
2,23 , 1,0,14,0,S, 	(30-MAY-2025 15:48:19)	 (Not Inserted)
2,23 , 1,0,14,0,S, 	(30-MAY-2025 15:48:19)	 (Not Inserted)
2,23 , 1,0,14,0,S, 	(30-MAY-2025 15:48:19)	 (Not Inserted)
2,23 , 1,0,14,0,S, 	(30-MAY-2025 15:48:19)	 (Not Inserted)
2,23 , 1,0,14,0,S, 	(30-MAY-2025 15:48:19)	 (Not Inserted)
2,23 , 1,0,14,0,S, 	(30-MAY-2025 15:48:19)	 (Not Inserted)
2,23 , 1,0,14,0,S, 	(30-MAY-2025 15:48:19)	 (Not Inserted)
2,23 , 1,0,14,0,S, 	(30-MAY-2025 15:48:19)	 (Not Inserted)
2,23 , 1,0,14,0,S, 	(30-MAY-2025 15:48:19)	 (Not Inserted)
2,23 , 1,0,14,0,S, 	(30-MAY-2025 15:48:19)	 (Not Inserted)
2,23 , 1,0,14,0,S, 	(30-MAY-2025 15:48:19)	 (Not Inserted)
2,23 , 1,0,14,0,S, 	(30-MAY-2025 15:48:19)	 (Not Inserted)
2,23 , 1,0,14,0,S, 	(30-MAY-2025 15:48:19)	 (Not Inserted)
2,23 , 1,0,14,0,S, 	(30-MAY-2025 15:48:19)	 (Not Inserted)
2,23 , 1,0,14,0,S, 	(30-MAY-2025 15:48:19)	 (Not Inserted)
2,23 , 1,0,14,0,S, 	(30-MAY-2025 15:48:19)	 (Not Inserted)
2,23 , 1,0,14,0,S, 	(30-MAY-2025 15:48:19)	 (Not Inserted)
2,23 , 1,0,14,0,S, 	(30-MAY-2025 15:48:19)	 (Not Inserted)
2,23 , 1,0,14,0,S, 	(30-MAY-2025 15:48:19)	 (Not Inserted)
2,23 , 1,0,14,0,S, 	(30-MAY-2025 15:48:19)	 (Not Inserted)
2,23 , 1,0,14,0,S, 	(30-MAY-2025 15:48:19)	 (Not Inserted)
2,23 , 1,0,14,0,S, 	(30-MAY-2025 15:48:19)	 (Not Inserted)
2,23 , 1,0,14,0,S, 	(30-MAY-2025 15:48:19)	 (Not Inserted)
2,23 , 1,0,14,0,S, 	(30-MAY-2025 15:48:19)	 (Not Inserted)
2,23 , 1,0,14,0,S, 	(30-MAY-2025 15:48:19)	 (Not Inserted)
2,23 , 1,0,14,0,S, 	(30-MAY-2025 15:48:19)	 (Not Inserted)
2,23 , 1,0,14,0,S, 	(30-MAY-2025 15:48:19)	 (Not Inserted)
2,23 , 1,0,14,0,S, 	(30-MAY-2025 15:48:19)	 (Not Inserted)
2,23 , 1,0,14,0,S, 	(30-MAY-2025 15:48:19)	 (Not Inserted)
2,23 , 1,0,14,0,S, 	(30-MAY-2025 15:48:19)	 (Not Inserted)
2,23 , 1,0,14,0,S, 	(30-MAY-2025 15:48:19)	 (Not Inserted)
2,23 , 1,0,14,0,S, 	(30-MAY-2025 15:48:19)	 (Not Inserted)
2,23 , 1,0,14,0,S, 	(30-MAY-2025 15:48:19)	 (Not Inserted)
2,23 , 1,0,14,0,S, 	(30-MAY-2025 15:48:19)	 (Not Inserted)
2,23 , 1,0,14,0,S, 	(30-MAY-2025 15:48:19)	 (Not Inserted)
2,23 , 1,0,14,0,S, 	(30-MAY-2025 15:48:19)	 (Not Inserted)
2,23 , 1,0,14,0,S, 	(30-MAY-2025 15:48:19)	 (Not Inserted)
2,23 , 1,0,14,0,S, 	(30-MAY-2025 15:48:19)	 (Not Inserted)
2,23 , 1,0,14,0,S, 	(30-MAY-2025 15:48:19)	 (Not Inserted)
2,23 , 1,0,14,0,S, 	(30-MAY-2025 15:48:19)	 (Not Inserted)
2,23 , 1,0,14,0,S, 	(30-MAY-2025 15:48:19)	 (Not Inserted)
2,23 , 1,0,14,0,S, 	(30-MAY-2025 15:48:19)	 (Not Inserted)
2,23 , 1,0,14,0,S, 	(30-MAY-2025 15:48:19)	 (Not Inserted)
2,23 , 1,0,14,0,S, 	(30-MAY-2025 15:48:19)	 (Not Inserted)
2,23 , 1,0,14,0,S, 	(30-MAY-2025 15:48:19)	 (Not Inserted)
2,23 , 1,0,14,0,S, 	(30-MAY-2025 15:48:19)	 (Not Inserted)
2,23 , 1,0,14,0,S, 	(30-MAY-2025 15:48:19)	 (Not Inserted)
2,23 , 1,0,14,0,S, 	(30-MAY-2025 15:48:19)	 (Not Inserted)
2,23 , 1,0,14,0,S, 	(30-MAY-2025 15:48:19)	 (Not Inserted)
2,23 , 1,0,14,0,S, 	(30-MAY-2025 15:48:19)	 (Not Inserted)
2,23 , 1,0,14,0,S, 	(30-MAY-2025 15:48:19)	 (Not Inserted)
2,23 , 1,0,14,0,S, 	(30-MAY-2025 15:48:19)	 (Not Inserted)
2,23 , 1,0,14,0,S, 	(30-MAY-2025 15:48:19)	 (Not Inserted)
2,23 , 1,0,14,0,S, 	(30-MAY-2025 15:48:19)	 (Not Inserted)
2,23 , 1,0,14,0,S, 	(30-MAY-2025 15:48:19)	 (Not Inserted)
2,23 , 1,0,14,0,S, 	(30-MAY-2025 15:48:19)	 (Not Inserted)
2,23 , 1,0,14,0,S, 	(30-MAY-2025 15:48:19)	 (Not Inserted)
2,23 , 1,0,14,0,S, 	(30-MAY-2025 15:48:19)	 (Not Inserted)
2,23 , 1,0,14,0,S, 	(30-MAY-2025 15:48:19)	 (Not Inserted)
2,23 , 1,0,14,0,S, 	(30-MAY-2025 15:48:19)	 (Not Inserted)
2,23 , 1,0,14,0,S, 	(30-MAY-2025 15:48:19)	 (Not Inserted)
2,23 , 1,0,14,0,S, 	(30-MAY-2025 15:48:19)	 (Not Inserted)
2,23 , 1,0,14,0,S, 	(30-MAY-2025 15:48:19)	 (Not Inserted)
2,23 , 1,0,14,0,S, 	(30-MAY-2025 15:48:19)	 (Not Inserted)
2,23 , 1,0,14,0,S, 	(30-MAY-2025 15:48:19)	 (Not Inserted)
2,23 , 1,0,14,0,S, 	(30-MAY-2025 15:48:19)	 (Not Inserted)
2,23 , 1,0,14,0,S, 	(30-MAY-2025 15:48:19)	 (Not Inserted)
2,23 , 1,0,14,0,S, 	(30-MAY-2025 15:48:19)	 (Not Inserted)
2,23 , 1,0,14,0,S, 	(30-MAY-2025 15:48:19)	 (Not Inserted)
2,23 , 1,0,14,0,S, 	(30-MAY-2025 15:48:19)	 (Not Inserted)
2,23 , 1,0,14,0,S, 	(30-MAY-2025 15:48:19)	 (Not Inserted)
2,23 , 1,0,14,0,S, 	(30-MAY-2025 15:48:19)	 (Not Inserted)
2,23 , 1,0,14,0,S, 	(30-MAY-2025 15:48:19)	 (Not Inserted)
2,23 , 1,0,14,0,S, 	(30-MAY-2025 15:48:19)	 (Not Inserted)
2,23 , 1,0,14,0,S, 	(30-MAY-2025 15:48:19)	 (Not Inserted)
2,23 , 1,0,14,0,S, 	(30-MAY-2025 15:48:19)	 (Not Inserted)
2,23 , 1,0,14,0,S, 	(30-MAY-2025 15:48:19)	 (Not Inserted)
2,23 , 1,0,14,0,S, 	(30-MAY-2025 15:48:19)	 (Not Inserted)
2,23 , 1,0,14,0,S, 	(30-MAY-2025 15:48:19)	 (Not Inserted)
2,23 , 1,0,14,0,S, 	(30-MAY-2025 15:48:19)	 (Not Inserted)
2,23 , 1,0,14,0,S, 	(30-MAY-2025 15:48:19)	 (Not Inserted)
2,23 , 1,0,14,0,S, 	(30-MAY-2025 15:48:19)	 (Not Inserted)
2,23 , 1,0,14,0,S, 	(30-MAY-2025 15:48:19)	 (Not Inserted)
2,23 , 1,0,14,0,S, 	(30-MAY-2025 15:48:19)	 (Not Inserted)
2,23 , 1,0,14,0,S, 	(30-MAY-2025 15:48:19)	 (Not Inserted)
2,23 , 1,0,14,0,S, 	(30-MAY-2025 15:48:19)	 (Not Inserted)
2,23 , 1,0,14,0,S, 	(30-MAY-2025 15:48:19)	 (Not Inserted)
2,23 , 1,0,14,0,S, 	(30-MAY-2025 15:48:19)	 (Not Inserted)
2,23 , 1,0,14,0,S, 	(30-MAY-2025 15:48:19)	 (Not Inserted)
2,23 , 1,0,14,0,S, 	(30-MAY-2025 15:48:19)	 (Not Inserted)
2,23 , 1,0,14,0,S, 	(30-MAY-2025 15:48:19)	 (Not Inserted)
2,23 , 1,0,14,0,S, 	(30-MAY-2025 15:48:19)	 (Not Inserted)
2,23 , 1,0,14,0,S, 	(30-MAY-2025 15:48:19)	 (Not Inserted)
2,23 , 1,0,14,0,S, 	(30-MAY-2025 15:48:19)	 (Not Inserted)
2,23 , 1,0,14,0,S, 	(30-MAY-2025 15:48:19)	 (Not Inserted)
2,23 , 1,0,14,0,S, 	(30-MAY-2025 15:48:19)	 (Not Inserted)
2,23 , 1,0,14,0,S, 	(30-MAY-2025 15:48:19)	 (Not Inserted)
2,23 , 1,0,14,0,S, 	(30-MAY-2025 15:48:19)	 (Not Inserted)
2,23 , 1,0,14,0,S, 	(30-MAY-2025 15:48:19)	 (Not Inserted)
2,23 , 1,0,14,0,S, 	(30-MAY-2025 15:48:19)	 (Not Inserted)
2,23 , 1,0,14,0,S, 	(30-MAY-2025 15:48:19)	 (Not Inserted)
2,23 , 1,0,14,0,S, 	(30-MAY-2025 15:48:19)	 (Not Inserted)
2,23 , 1,0,14,0,S, 	(30-MAY-2025 15:48:19)	 (Not Inserted)
2,23 , 1,0,14,0,S, 	(30-MAY-2025 15:48:19)	 (Not Inserted)
2,23 , 1,0,14,0,S, 	(30-MAY-2025 15:48:19)	 (Not Inserted)
2,23 , 1,0,14,0,S, 	(30-MAY-2025 15:48:19)	 (Not Inserted)
2,23 , 1,0,14,0,S, 	(30-MAY-2025 15:48:19)	 (Not Inserted)
2,23 , 1,0,14,0,S, 	(30-MAY-2025 15:48:19)	 (Not Inserted)
2,23 , 1,0,14,0,S, 	(30-MAY-2025 15:48:19)	 (Not Inserted)
2,23 , 1,0,14,0,S, 	(30-MAY-2025 15:48:19)	 (Not Inserted)
2,23 , 1,0,14,0,S, 	(30-MAY-2025 15:48:19)	 (Not Inserted)
2,23 , 1,0,14,0,S, 	(30-MAY-2025 15:48:19)	 (Not Inserted)
2,23 , 1,0,14,0,S, 	(30-MAY-2025 15:48:19)	 (Not Inserted)
2,23 , 1,0,14,0,S, 	(30-MAY-2025 15:48:19)	 (Not Inserted)
2,23 , 1,0,14,0,S, 	(30-MAY-2025 15:48:19)	 (Not Inserted)
2,23 , 1,0,14,0,S, 	(30-MAY-2025 15:48:19)	 (Not Inserted)
2,23 , 1,0,14,0,S, 	(30-MAY-2025 15:48:19)	 (Not Inserted)
2,23 , 1,0,14,0,S, 	(30-MAY-2025 15:48:19)	 (Not Inserted)
2,23 , 1,0,14,0,S, 	(30-MAY-2025 15:48:19)	 (Not Inserted)
2,23 , 1,0,14,0,S, 	(30-MAY-2025 15:48:19)	 (Not Inserted)
2,23 , 1,0,14,0,S, 	(30-MAY-2025 15:48:19)	 (Not Inserted)
2,23 , 1,0,14,0,S, 	(30-MAY-2025 15:48:19)	 (Not Inserted)
2,23 , 1,0,14,0,S, 	(30-MAY-2025 15:48:19)	 (Not Inserted)
2,23 , 1,0,14,0,S, 	(30-MAY-2025 15:48:19)	 (Not Inserted)
2,23 , 1,0,14,0,S, 	(30-MAY-2025 15:48:19)	 (Not Inserted)
2,23 , 1,0,14,0,S, 	(30-MAY-2025 15:48:19)	 (Not Inserted)
2,23 , 1,0,14,0,S, 	(30-MAY-2025 15:48:19)	 (Not Inserted)
2,23 , 1,0,14,0,S, 	(30-MAY-2025 15:48:19)	 (Not Inserted)
2,23 , 1,0,14,0,S, 	(30-MAY-2025 15:48:19)	 (Not Inserted)
2,23 , 1,0,14,0,S, 	(30-MAY-2025 15:48:19)	 (Not Inserted)
2,23 , 1,0,14,0,S, 	(30-MAY-2025 15:48:19)	 (Not Inserted)
2,23 , 1,0,14,0,S, 	(30-MAY-2025 15:48:19)	 (Not Inserted)
2,23 , 1,0,14,0,S, 	(30-MAY-2025 15:48:19)	 (Not Inserted)
2,23 , 1,0,14,0,S, 	(30-MAY-2025 15:48:19)	 (Not Inserted)
2,23 , 1,0,14,0,S, 	(30-MAY-2025 15:48:19)	 (Not Inserted)
2,23 , 1,0,14,0,S, 	(30-MAY-2025 15:48:19)	 (Not Inserted)
2,23 , 1,0,14,0,S, 	(30-MAY-2025 15:48:19)	 (Not Inserted)
2,23 , 1,0,14,0,S, 	(30-MAY-2025 15:48:19)	 (Not Inserted)
2,23 , 1,0,14,0,S, 	(30-MAY-2025 15:48:19)	 (Not Inserted)
2,23 , 1,0,14,0,S, 	(30-MAY-2025 15:48:19)	 (Not Inserted)
2,23 , 1,0,14,0,S, 	(30-MAY-2025 15:48:19)	 (Not Inserted)
2,23 , 1,0,14,0,S, 	(30-MAY-2025 15:48:19)	 (Not Inserted)
2,23 , 1,0,14,0,S, 	(30-MAY-2025 15:48:19)	 (Not Inserted)
2,23 , 1,0,14,0,S, 	(30-MAY-2025 15:48:19)	 (Not Inserted)
2,23 , 1,0,14,0,S, 	(30-MAY-2025 15:48:19)	 (Not Inserted)
2,23 , 1,0,14,0,S, 	(30-MAY-2025 15:48:19)	 (Not Inserted)
2,23 , 1,0,14,0,S, 	(30-MAY-2025 15:48:19)	 (Not Inserted)
2,23 , 1,0,14,0,S, 	(30-MAY-2025 15:48:19)	 (Not Inserted)
2,23 , 1,0,14,0,S, 	(30-MAY-2025 15:48:19)	 (Not Inserted)
2,23 , 1,0,14,0,S, 	(30-MAY-2025 15:48:19)	 (Not Inserted)
2,23 , 1,0,14,0,S, 	(30-MAY-2025 15:48:19)	 (Not Inserted)
2,23 , 1,0,14,0,S, 	(30-MAY-2025 15:48:19)	 (Not Inserted)
2,23 , 1,0,14,0,S, 	(30-MAY-2025 15:48:19)	 (Not Inserted)
2,23 , 1,0,14,0,S, 	(30-MAY-2025 15:48:19)	 (Not Inserted)
2,23 , 1,0,14,0,S, 	(30-MAY-2025 15:48:19)	 (Not Inserted)
2,23 , 1,0,14,0,S, 	(30-MAY-2025 15:48:19)	 (Not Inserted)
2,23 , 1,0,14,0,S, 	(30-MAY-2025 15:48:19)	 (Not Inserted)
2,23 , 1,0,14,0,S, 	(30-MAY-2025 15:48:19)	 (Not Inserted)
2,23 , 1,0,14,0,S, 	(30-MAY-2025 15:48:19)	 (Not Inserted)
2,23 , 1,0,14,0,S, 	(30-MAY-2025 15:48:19)	 (Not Inserted)
2,23 , 1,0,14,0,S, 	(30-MAY-2025 15:48:19)	 (Not Inserted)
2,23 , 1,0,14,0,S, 	(30-MAY-2025 15:48:19)	 (Not Inserted)
2,23 , 1,0,14,0,S, 	(30-MAY-2025 15:48:19)	 (Not Inserted)
2,23 , 1,0,14,0,S, 	(30-MAY-2025 15:48:19)	 (Not Inserted)
2,23 , 1,0,14,0,S, 	(30-MAY-2025 15:48:19)	 (Not Inserted)
2,23 , 1,0,14,0,S, 	(30-MAY-2025 15:48:19)	 (Not Inserted)
2,23 , 1,0,14,0,S, 	(30-MAY-2025 15:48:19)	 (Not Inserted)
2,23 , 1,0,14,0,S, 	(30-MAY-2025 15:48:19)	 (Not Inserted)
2,23 , 1,0,14,0,S, 	(30-MAY-2025 15:48:19)	 (Not Inserted)
2,23 , 1,0,14,0,S, 	(30-MAY-2025 15:48:19)	 (Not Inserted)
2,23 , 1,0,14,0,S, 	(30-MAY-2025 15:48:19)	 (Not Inserted)
2,23 , 1,0,14,0,S, 	(30-MAY-2025 15:48:19)	 (Not Inserted)
2,23 , 1,0,14,0,S, 	(30-MAY-2025 15:48:19)	 (Not Inserted)
2,23 , 1,0,14,0,S, 	(30-MAY-2025 15:48:19)	 (Not Inserted)
2,23 , 1,0,14,0,S, 	(30-MAY-2025 15:48:19)	 (Not Inserted)
2,23 , 1,0,14,0,S, 	(30-MAY-2025 15:48:19)	 (Not Inserted)
2,23 , 1,0,14,0,S, 	(30-MAY-2025 15:48:19)	 (Not Inserted)
2,23 , 1,0,14,0,S, 	(30-MAY-2025 15:48:19)	 (Not Inserted)
2,23 , 1,0,14,0,S, 	(30-MAY-2025 15:48:19)	 (Not Inserted)
2,23 , 1,0,14,0,S, 	(30-MAY-2025 15:48:19)	 (Not Inserted)
2,23 , 1,0,14,0,S, 	(30-MAY-2025 15:48:19)	 (Not Inserted)
2,23 , 1,0,14,0,S, 	(30-MAY-2025 15:48:19)	 (Not Inserted)
2,23 , 1,0,14,0,S, 	(30-MAY-2025 15:48:19)	 (Not Inserted)
2,23 , 1,0,14,0,S, 	(30-MAY-2025 15:48:19)	 (Not Inserted)
2,23 , 1,0,14,0,S, 	(30-MAY-2025 15:48:19)	 (Not Inserted)
2,23 , 1,0,14,0,S, 	(30-MAY-2025 15:48:19)	 (Not Inserted)
2,23 , 1,0,14,0,S, 	(30-MAY-2025 15:48:19)	 (Not Inserted)
2,23 , 1,0,14,0,S, 	(30-MAY-2025 15:48:19)	 (Not Inserted)
2,23 , 1,0,14,0,S, 	(30-MAY-2025 15:48:19)	 (Not Inserted)
2,23 , 1,0,14,0,S, 	(30-MAY-2025 15:48:19)	 (Not Inserted)
2,23 , 1,0,14,0,S, 	(30-MAY-2025 15:48:19)	 (Not Inserted)
2,23 , 1,0,14,0,S, 	(30-MAY-2025 15:48:19)	 (Not Inserted)
2,23 , 1,0,14,0,S, 	(30-MAY-2025 15:48:19)	 (Not Inserted)
2,23 , 1,0,14,0,S, 	(30-MAY-2025 15:48:19)	 (Not Inserted)
2,23 , 1,0,14,0,S, 	(30-MAY-2025 15:48:19)	 (Not Inserted)
2,23 , 1,0,14,0,S, 	(30-MAY-2025 15:48:19)	 (Not Inserted)
2,23 , 1,0,14,0,S, 	(30-MAY-2025 15:48:19)	 (Not Inserted)
2,23 , 1,0,14,0,S, 	(30-MAY-2025 15:48:19)	 (Not Inserted)
2,23 , 1,0,14,0,S, 	(30-MAY-2025 15:48:19)	 (Not Inserted)
2,23 , 1,0,14,0,S, 	(30-MAY-2025 15:48:19)	 (Not Inserted)
2,23 , 1,0,14,0,S, 	(30-MAY-2025 15:48:19)	 (Not Inserted)
2,23 , 1,0,14,0,S, 	(30-MAY-2025 15:48:19)	 (Not Inserted)
2,23 , 1,0,14,0,S, 	(30-MAY-2025 15:48:19)	 (Not Inserted)
2,23 , 1,0,14,0,S, 	(30-MAY-2025 15:48:19)	 (Not Inserted)
2,23 , 1,0,14,0,S, 	(30-MAY-2025 15:48:19)	 (Not Inserted)
2,23 , 1,0,14,0,S, 	(30-MAY-2025 15:48:19)	 (Not Inserted)
2,23 , 1,0,14,0,S, 	(30-MAY-2025 15:48:19)	 (Not Inserted)
2,23 , 1,0,14,0,S, 	(30-MAY-2025 15:48:19)	 (Not Inserted)
2,23 , 1,0,14,0,S, 	(30-MAY-2025 15:48:19)	 (Not Inserted)
2,23 , 1,0,14,0,S, 	(30-MAY-2025 15:48:19)	 (Not Inserted)
2,23 , 1,0,14,0,S, 	(30-MAY-2025 15:48:19)	 (Not Inserted)
2,23 , 1,0,14,0,S, 	(30-MAY-2025 15:48:19)	 (Not Inserted)
2,23 , 1,0,14,0,S, 	(30-MAY-2025 15:48:19)	 (Not Inserted)
2,23 , 1,0,14,0,S, 	(30-MAY-2025 15:48:19)	 (Not Inserted)
2,23 , 1,0,14,0,S, 	(30-MAY-2025 15:48:19)	 (Not Inserted)
2,23 , 1,0,14,0,S, 	(30-MAY-2025 15:48:19)	 (Not Inserted)
2,23 , 1,0,14,0,S, 	(30-MAY-2025 15:48:19)	 (Not Inserted)
2,23 , 1,0,14,0,S, 	(30-MAY-2025 15:48:19)	 (Not Inserted)
2,23 , 1,0,14,0,S, 	(30-MAY-2025 15:48:19)	 (Not Inserted)
2,23 , 1,0,14,0,S, 	(30-MAY-2025 15:48:19)	 (Not Inserted)
2,23 , 1,0,14,0,S, 	(30-MAY-2025 15:48:19)	 (Not Inserted)
2,23 , 1,0,14,0,S, 	(30-MAY-2025 15:48:19)	 (Not Inserted)
2,23 , 1,0,14,0,S, 	(30-MAY-2025 15:48:19)	 (Not Inserted)
2,23 , 1,0,14,0,S, 	(30-MAY-2025 15:48:19)	 (Not Inserted)
2,23 , 1,0,14,0,S, 	(30-MAY-2025 15:48:19)	 (Not Inserted)
2,23 , 1,0,14,0,S, 	(30-MAY-2025 15:48:19)	 (Not Inserted)
2,23 , 1,0,14,0,S, 	(30-MAY-2025 15:48:20)	 (Not Inserted)
2,23 , 1,0,14,0,S, 	(30-MAY-2025 15:48:20)	 (Not Inserted)
2,23 , 1,0,14,0,S, 	(30-MAY-2025 15:48:20)	 (Not Inserted)
2,23 , 1,0,14,0,S, 	(30-MAY-2025 15:48:20)	 (Not Inserted)
2,23 , 1,0,14,0,S, 	(30-MAY-2025 15:48:20)	 (Not Inserted)
2,23 , 1,0,14,0,S, 	(30-MAY-2025 15:48:20)	 (Not Inserted)
2,23 , 1,0,14,0,S, 	(30-MAY-2025 15:48:20)	 (Not Inserted)
2,23 , 1,0,14,0,S, 	(30-MAY-2025 15:48:20)	 (Not Inserted)
2,23 , 1,0,14,0,S, 	(30-MAY-2025 15:48:20)	 (Not Inserted)
2,23 , 1,0,14,0,S, 	(30-MAY-2025 15:48:20)	 (Not Inserted)
2,23 , 1,0,14,0,S, 	(30-MAY-2025 15:48:20)	 (Not Inserted)
2,23 , 1,0,14,0,S, 	(30-MAY-2025 15:48:20)	 (Not Inserted)
2,23 , 1,0,14,0,S, 	(30-MAY-2025 15:48:20)	 (Not Inserted)
2,23 , 1,0,14,0,S, 	(30-MAY-2025 15:48:20)	 (Not Inserted)
2,23 , 1,0,14,0,S, 	(30-MAY-2025 15:48:20)	 (Not Inserted)
2,23 , 1,0,14,0,S, 	(30-MAY-2025 15:48:20)	 (Not Inserted)
2,23 , 1,0,14,0,S, 	(30-MAY-2025 15:48:20)	 (Not Inserted)
2,23 , 1,0,14,0,S, 	(30-MAY-2025 15:48:20)	 (Not Inserted)
2,23 , 1,0,14,0,S, 	(30-MAY-2025 15:48:20)	 (Not Inserted)
2,23 , 1,0,14,0,S, 	(30-MAY-2025 15:48:20)	 (Not Inserted)
2,23 , 1,0,14,0,S, 	(30-MAY-2025 15:48:20)	 (Not Inserted)
2,23 , 1,0,14,0,S, 	(30-MAY-2025 15:48:20)	 (Not Inserted)
2,23 , 1,0,14,0,S, 	(30-MAY-2025 15:48:20)	 (Not Inserted)
2,23 , 1,0,14,0,S, 	(30-MAY-2025 15:48:20)	 (Not Inserted)
2,23 , 1,0,14,0,S, 	(30-MAY-2025 15:48:20)	 (Not Inserted)
2,23 , 1,0,14,0,S, 	(30-MAY-2025 15:48:20)	 (Not Inserted)
2,23 , 1,0,14,0,S, 	(30-MAY-2025 15:48:20)	 (Not Inserted)
2,23 , 1,0,14,0,S, 	(30-MAY-2025 15:48:20)	 (Not Inserted)
2,23 , 1,0,14,0,S, 	(30-MAY-2025 15:48:20)	 (Not Inserted)
2,23 , 1,0,14,0,S, 	(30-MAY-2025 15:48:20)	 (Not Inserted)
2,23 , 1,0,14,0,S, 	(30-MAY-2025 15:48:20)	 (Not Inserted)
2,23 , 1,0,14,0,S, 	(30-MAY-2025 15:48:20)	 (Not Inserted)
2,23 , 1,0,14,0,S, 	(30-MAY-2025 15:48:20)	 (Not Inserted)
2,23 , 1,0,14,0,S, 	(30-MAY-2025 15:48:20)	 (Not Inserted)
2,23 , 1,0,14,0,S, 	(30-MAY-2025 15:48:20)	 (Not Inserted)
2,23 , 1,0,14,0,S, 	(30-MAY-2025 15:48:20)	 (Not Inserted)
2,23 , 1,0,14,0,S, 	(30-MAY-2025 15:48:20)	 (Not Inserted)
2,23 , 1,0,14,0,S, 	(30-MAY-2025 15:48:20)	 (Not Inserted)
2,23 , 1,0,14,0,S, 	(30-MAY-2025 15:48:20)	 (Not Inserted)
2,23 , 1,0,14,0,S, 	(30-MAY-2025 15:48:20)	 (Not Inserted)
2,23 , 1,0,14,0,S, 	(30-MAY-2025 15:48:20)	 (Not Inserted)
2,23 , 1,0,14,0,S, 	(30-MAY-2025 15:48:20)	 (Not Inserted)
2,23 , 1,0,14,0,S, 	(30-MAY-2025 15:48:20)	 (Not Inserted)
2,23 , 1,0,14,0,S, 	(30-MAY-2025 15:48:20)	 (Not Inserted)
2,23 , 1,0,14,0,S, 	(30-MAY-2025 15:48:20)	 (Not Inserted)
2,23 , 1,0,14,0,S, 	(30-MAY-2025 15:48:20)	 (Not Inserted)
2,23 , 1,0,14,0,S, 	(30-MAY-2025 15:48:20)	 (Not Inserted)
2,23 , 1,0,14,0,S, 	(30-MAY-2025 15:48:20)	 (Not Inserted)
2,23 , 1,0,14,0,S, 	(30-MAY-2025 15:48:20)	 (Not Inserted)
2,23 , 1,0,14,0,S, 	(30-MAY-2025 15:48:20)	 (Not Inserted)
2,23 , 1,0,14,0,S, 	(30-MAY-2025 15:48:20)	 (Not Inserted)
2,23 , 1,0,14,0,S, 	(30-MAY-2025 15:48:20)	 (Not Inserted)
2,23 , 1,0,14,0,S, 	(30-MAY-2025 15:48:20)	 (Not Inserted)
2,23 , 1,0,14,0,S, 	(30-MAY-2025 15:48:20)	 (Not Inserted)
2,23 , 1,0,14,0,S, 	(30-MAY-2025 15:48:20)	 (Not Inserted)
2,23 , 1,0,14,0,S, 	(30-MAY-2025 15:48:20)	 (Not Inserted)
2,23 , 1,0,14,0,S, 	(30-MAY-2025 15:48:20)	 (Not Inserted)
2,23 , 1,0,14,0,S, 	(30-MAY-2025 15:48:20)	 (Not Inserted)
2,23 , 1,0,14,0,S, 	(30-MAY-2025 15:48:20)	 (Not Inserted)
2,23 , 1,0,14,0,S, 	(30-MAY-2025 15:48:20)	 (Not Inserted)
2,23 , 1,0,14,0,S, 	(30-MAY-2025 15:48:20)	 (Not Inserted)
2,23 , 1,0,14,0,S, 	(30-MAY-2025 15:48:20)	 (Not Inserted)
2,23 , 1,0,14,0,S, 	(30-MAY-2025 15:48:20)	 (Not Inserted)
2,23 , 1,0,14,0,S, 	(30-MAY-2025 15:48:20)	 (Not Inserted)
2,23 , 1,0,14,0,S, 	(30-MAY-2025 15:48:20)	 (Not Inserted)
2,23 , 1,0,14,0,S, 	(30-MAY-2025 15:48:20)	 (Not Inserted)
2,23 , 1,0,14,0,S, 	(30-MAY-2025 15:48:20)	 (Not Inserted)
2,23 , 1,0,14,0,S, 	(30-MAY-2025 15:48:20)	 (Not Inserted)
2,23 , 1,0,14,0,S, 	(30-MAY-2025 15:48:20)	 (Not Inserted)
2,23 , 1,0,14,0,S, 	(30-MAY-2025 15:48:20)	 (Not Inserted)
2,23 , 1,0,14,0,S, 	(30-MAY-2025 15:48:20)	 (Not Inserted)
2,23 , 1,0,14,0,S, 	(30-MAY-2025 15:48:20)	 (Not Inserted)
2,23 , 1,0,14,0,S, 	(30-MAY-2025 15:48:20)	 (Not Inserted)
2,23 , 1,0,14,0,S, 	(30-MAY-2025 15:48:20)	 (Not Inserted)
2,23 , 1,0,14,0,S, 	(30-MAY-2025 15:48:20)	 (Not Inserted)
2,23 , 1,0,14,0,S, 	(30-MAY-2025 15:48:20)	 (Not Inserted)
2,23 , 1,0,14,0,S, 	(30-MAY-2025 15:48:20)	 (Not Inserted)
2,23 , 1,0,14,0,S, 	(30-MAY-2025 15:48:20)	 (Not Inserted)
2,23 , 1,0,14,0,S, 	(30-MAY-2025 15:48:20)	 (Not Inserted)
2,23 , 1,0,14,0,S, 	(30-MAY-2025 15:48:20)	 (Not Inserted)
2,23 , 1,0,14,0,S, 	(30-MAY-2025 15:48:20)	 (Not Inserted)
2,23 , 1,0,14,0,S, 	(30-MAY-2025 15:48:20)	 (Not Inserted)
2,23 , 1,0,14,0,S, 	(30-MAY-2025 15:48:20)	 (Not Inserted)
2,23 , 1,0,14,0,S, 	(30-MAY-2025 15:48:20)	 (Not Inserted)
2,23 , 1,0,14,0,S, 	(30-MAY-2025 15:48:20)	 (Not Inserted)
2,23 , 1,0,14,0,S, 	(30-MAY-2025 15:48:20)	 (Not Inserted)
2,23 , 1,0,14,0,S, 	(30-MAY-2025 15:48:20)	 (Not Inserted)
2,23 , 1,0,14,0,S, 	(30-MAY-2025 15:48:20)	 (Not Inserted)
2,23 , 1,0,14,0,S, 	(30-MAY-2025 15:48:20)	 (Not Inserted)
2,23 , 1,0,14,0,S, 	(30-MAY-2025 15:48:20)	 (Not Inserted)
2,23 , 1,0,14,0,S, 	(30-MAY-2025 15:48:20)	 (Not Inserted)
2,23 , 1,0,14,0,S, 	(30-MAY-2025 15:48:20)	 (Not Inserted)
2,23 , 1,0,14,0,S, 	(30-MAY-2025 15:48:20)	 (Not Inserted)
2,23 , 1,0,14,0,S, 	(30-MAY-2025 15:48:20)	 (Not Inserted)
2,23 , 1,0,14,0,S, 	(30-MAY-2025 15:48:20)	 (Not Inserted)
2,23 , 1,0,14,0,S, 	(30-MAY-2025 15:48:20)	 (Not Inserted)
2,23 , 1,0,14,0,S, 	(30-MAY-2025 15:48:20)	 (Not Inserted)
2,23 , 1,0,14,0,S, 	(30-MAY-2025 15:48:20)	 (Not Inserted)
2,23 , 1,0,14,0,S, 	(30-MAY-2025 15:48:20)	 (Not Inserted)
2,23 , 1,0,14,0,S, 	(30-MAY-2025 15:48:20)	 (Not Inserted)
2,23 , 1,0,14,0,S, 	(30-MAY-2025 15:48:20)	 (Not Inserted)
2,23 , 1,0,14,0,S, 	(30-MAY-2025 15:48:20)	 (Not Inserted)
2,23 , 1,0,14,0,S, 	(30-MAY-2025 15:48:20)	 (Not Inserted)
2,23 , 1,0,14,0,S, 	(30-MAY-2025 15:48:20)	 (Not Inserted)
2,23 , 1,0,14,0,S, 	(30-MAY-2025 15:48:20)	 (Not Inserted)
2,23 , 1,0,14,0,S, 	(30-MAY-2025 15:48:20)	 (Not Inserted)
2,23 , 1,0,14,0,S, 	(30-MAY-2025 15:48:20)	 (Not Inserted)
2,23 , 1,0,14,0,S, 	(30-MAY-2025 15:48:20)	 (Not Inserted)
2,23 , 1,0,14,0,S, 	(30-MAY-2025 15:48:20)	 (Not Inserted)
2,23 , 1,0,14,0,S, 	(30-MAY-2025 15:48:20)	 (Not Inserted)
2,23 , 1,0,14,0,S, 	(30-MAY-2025 15:48:20)	 (Not Inserted)
2,23 , 1,0,14,0,S, 	(30-MAY-2025 15:48:20)	 (Not Inserted)
2,23 , 1,0,14,0,S, 	(30-MAY-2025 15:48:20)	 (Not Inserted)
2,23 , 1,0,14,0,S, 	(30-MAY-2025 15:48:20)	 (Not Inserted)
2,23 , 1,0,14,0,S, 	(30-MAY-2025 15:48:20)	 (Not Inserted)
2,23 , 1,0,14,0,S, 	(30-MAY-2025 15:48:20)	 (Not Inserted)
2,23 , 1,0,14,0,S, 	(30-MAY-2025 15:48:20)	 (Not Inserted)
2,23 , 1,0,14,0,S, 	(30-MAY-2025 15:48:20)	 (Not Inserted)
2,23 , 1,0,14,0,S, 	(30-MAY-2025 15:48:20)	 (Not Inserted)
2,23 , 1,0,14,0,S, 	(30-MAY-2025 15:48:20)	 (Not Inserted)
2,23 , 1,0,14,0,S, 	(30-MAY-2025 15:48:20)	 (Not Inserted)
2,23 , 1,0,14,0,S, 	(30-MAY-2025 15:48:20)	 (Not Inserted)
2,23 , 1,0,14,0,S, 	(30-MAY-2025 15:48:20)	 (Not Inserted)
2,23 , 1,0,14,0,S, 	(30-MAY-2025 15:48:20)	 (Not Inserted)
2,23 , 1,0,14,0,S, 	(30-MAY-2025 15:48:20)	 (Not Inserted)
2,23 , 1,0,14,0,S, 	(30-MAY-2025 15:48:20)	 (Not Inserted)
2,23 , 1,0,14,0,S, 	(30-MAY-2025 15:48:20)	 (Not Inserted)
2,23 , 1,0,14,0,S, 	(30-MAY-2025 15:48:20)	 (Not Inserted)
2,23 , 1,0,14,0,S, 	(30-MAY-2025 15:48:20)	 (Not Inserted)
2,23 , 1,0,14,0,S, 	(30-MAY-2025 15:48:20)	 (Not Inserted)
2,23 , 1,0,14,0,S, 	(30-MAY-2025 15:48:20)	 (Not Inserted)
2,23 , 1,0,14,0,S, 	(30-MAY-2025 15:48:20)	 (Not Inserted)
2,23 , 1,0,14,0,S, 	(30-MAY-2025 15:48:20)	 (Not Inserted)
2,23 , 1,0,14,0,S, 	(30-MAY-2025 15:48:20)	 (Not Inserted)
2,23 , 1,0,14,0,S, 	(30-MAY-2025 15:48:20)	 (Not Inserted)
2,23 , 1,0,14,0,S, 	(30-MAY-2025 15:48:20)	 (Not Inserted)
2,23 , 1,0,14,0,S, 	(30-MAY-2025 15:48:20)	 (Not Inserted)
2,23 , 1,0,14,0,S, 	(30-MAY-2025 15:48:20)	 (Not Inserted)
2,23 , 1,0,14,0,S, 	(30-MAY-2025 15:48:20)	 (Not Inserted)
2,23 , 1,0,14,0,S, 	(30-MAY-2025 15:48:20)	 (Not Inserted)
2,23 , 1,0,14,0,S, 	(30-MAY-2025 15:48:20)	 (Not Inserted)
2,23 , 1,0,14,0,S, 	(30-MAY-2025 15:48:20)	 (Not Inserted)
2,23 , 1,0,14,0,S, 	(30-MAY-2025 15:48:20)	 (Not Inserted)
2,23 , 1,0,14,0,S, 	(30-MAY-2025 15:48:20)	 (Not Inserted)
2,23 , 1,0,14,0,S, 	(30-MAY-2025 15:48:20)	 (Not Inserted)
2,23 , 1,0,14,0,S, 	(30-MAY-2025 15:48:20)	 (Not Inserted)
2,23 , 1,0,14,0,S, 	(30-MAY-2025 15:48:20)	 (Not Inserted)
2,23 , 1,0,14,0,S, 	(30-MAY-2025 15:48:20)	 (Not Inserted)
2,23 , 1,0,14,0,S, 	(30-MAY-2025 15:48:20)	 (Not Inserted)
2,23 , 1,0,14,0,S, 	(30-MAY-2025 15:48:20)	 (Not Inserted)
2,23 , 1,0,14,0,S, 	(30-MAY-2025 15:48:20)	 (Not Inserted)
2,23 , 1,0,14,0,S, 	(30-MAY-2025 15:48:20)	 (Not Inserted)
2,23 , 1,0,14,0,S, 	(30-MAY-2025 15:48:20)	 (Not Inserted)
2,23 , 1,0,14,0,S, 	(30-MAY-2025 15:48:20)	 (Not Inserted)
2,23 , 1,0,14,0,S, 	(30-MAY-2025 15:48:20)	 (Not Inserted)
2,23 , 1,0,14,0,S, 	(30-MAY-2025 15:48:20)	 (Not Inserted)
2,23 , 1,0,14,0,S, 	(30-MAY-2025 15:48:20)	 (Not Inserted)
2,23 , 1,0,14,0,S, 	(30-MAY-2025 15:48:20)	 (Not Inserted)
2,23 , 1,0,14,0,S, 	(30-MAY-2025 15:48:20)	 (Not Inserted)
2,23 , 1,0,14,0,S, 	(30-MAY-2025 15:48:20)	 (Not Inserted)
2,23 , 1,0,14,0,S, 	(30-MAY-2025 15:48:20)	 (Not Inserted)
2,23 , 1,0,14,0,S, 	(30-MAY-2025 15:48:20)	 (Not Inserted)
2,23 , 1,0,14,0,S, 	(30-MAY-2025 15:48:20)	 (Not Inserted)
2,23 , 1,0,14,0,S, 	(30-MAY-2025 15:48:20)	 (Not Inserted)
2,23 , 1,0,14,0,S, 	(30-MAY-2025 15:48:20)	 (Not Inserted)
2,23 , 1,0,14,0,S, 	(30-MAY-2025 15:48:20)	 (Not Inserted)
2,23 , 1,0,14,0,S, 	(30-MAY-2025 15:48:20)	 (Not Inserted)
2,23 , 1,0,14,0,S, 	(30-MAY-2025 15:48:20)	 (Not Inserted)
2,23 , 1,0,14,0,S, 	(30-MAY-2025 15:48:20)	 (Not Inserted)
2,23 , 1,0,14,0,S, 	(30-MAY-2025 15:48:20)	 (Not Inserted)
2,23 , 1,0,14,0,S, 	(30-MAY-2025 15:48:20)	 (Not Inserted)
2,23 , 1,0,14,0,S, 	(30-MAY-2025 15:48:20)	 (Not Inserted)
2,23 , 1,0,14,0,S, 	(30-MAY-2025 15:48:20)	 (Not Inserted)
2,23 , 1,0,14,0,S, 	(30-MAY-2025 15:48:20)	 (Not Inserted)
2,23 , 1,0,14,0,S, 	(30-MAY-2025 15:48:20)	 (Not Inserted)
2,23 , 1,0,14,0,S, 	(30-MAY-2025 15:48:20)	 (Not Inserted)
2,23 , 1,0,14,0,S, 	(30-MAY-2025 15:48:20)	 (Not Inserted)
2,23 , 1,0,14,0,S, 	(30-MAY-2025 15:48:20)	 (Not Inserted)
2,23 , 1,0,14,0,S, 	(30-MAY-2025 15:48:20)	 (Not Inserted)
2,23 , 1,0,14,0,S, 	(30-MAY-2025 15:48:20)	 (Not Inserted)
2,23 , 1,0,14,0,S, 	(30-MAY-2025 15:48:20)	 (Not Inserted)
2,23 , 1,0,14,0,S, 	(30-MAY-2025 15:48:20)	 (Not Inserted)
2,23 , 1,0,14,0,S, 	(30-MAY-2025 15:48:20)	 (Not Inserted)
2,23 , 1,0,14,0,S, 	(30-MAY-2025 15:48:20)	 (Not Inserted)
2,23 , 1,0,14,0,S, 	(30-MAY-2025 15:48:20)	 (Not Inserted)
2,23 , 1,0,14,0,S, 	(30-MAY-2025 15:48:20)	 (Not Inserted)
2,23 , 1,0,14,0,S, 	(30-MAY-2025 15:48:20)	 (Not Inserted)
2,23 , 1,0,14,0,S, 	(30-MAY-2025 15:48:20)	 (Not Inserted)
2,23 , 1,0,14,0,S, 	(30-MAY-2025 15:48:20)	 (Not Inserted)
2,23 , 1,0,14,0,S, 	(30-MAY-2025 15:48:20)	 (Not Inserted)
2,23 , 1,0,12,0,S, 	(30-MAY-2025 15:48:20)
2,23 , 1,0,12,0,S, 	(30-MAY-2025 15:48:20)
2,23 , 1,0,12,0,S, 	(30-MAY-2025 15:48:20)
2,23 , 1,0,12,0,S, 	(30-MAY-2025 15:48:20)
2,23 , 1,0,12,0,S, 	(30-MAY-2025 15:48:20)
2,23 , 1,0,12,0,S, 	(30-MAY-2025 15:48:20)
2,23 , 1,0,12,0,S, 	(30-MAY-2025 15:48:20)
2,23 , 1,0,12,0,S, 	(30-MAY-2025 15:48:20)
2,23 , 1,0,12,0,S, 	(30-MAY-2025 15:48:20)
2,23 , 1,0,12,0,S, 	(30-MAY-2025 15:48:20)
2,23 , 1,0,12,0,S, 	(30-MAY-2025 15:48:20)
2,23 , 1,0,12,0,S, 	(30-MAY-2025 15:48:20)
2,23 , 1,0,12,0,S, 	(30-MAY-2025 15:48:20)
2,23 , 1,0,12,0,S, 	(30-MAY-2025 15:48:20)
2,23 , 1,0,12,0,S, 	(30-MAY-2025 15:48:20)
2,23 , 1,0,12,0,S, 	(30-MAY-2025 15:48:20)
2,23 , 1,0,12,0,S, 	(30-MAY-2025 15:48:20)
2,23 , 1,0,12,0,S, 	(30-MAY-2025 15:48:20)
2,23 , 1,0,12,0,S, 	(30-MAY-2025 15:48:20)
2,23 , 1,0,12,0,S, 	(30-MAY-2025 15:48:20)
2,23 , 1,0,12,0,S, 	(30-MAY-2025 15:48:20)
2,23 , 1,0,12,0,S, 	(30-MAY-2025 15:48:20)
2,23 , 1,0,12,0,S, 	(30-MAY-2025 15:48:20)
2,23 , 1,0,12,0,S, 	(30-MAY-2025 15:48:20)
2,23 , 1,0,12,0,S, 	(30-MAY-2025 15:48:20)
2,23 , 1,0,12,0,S, 	(30-MAY-2025 15:48:20)
2,23 , 1,0,12,0,S, 	(30-MAY-2025 15:48:20)
2,23 , 1,0,12,0,S, 	(30-MAY-2025 15:48:20)
2,23 , 1,0,12,0,S, 	(30-MAY-2025 15:48:20)
2,23 , 1,0,12,0,S, 	(30-MAY-2025 15:48:20)
2,23 , 1,0,12,0,S, 	(30-MAY-2025 15:48:20)	 (Not Inserted)
2,23 , 1,0,12,0,S, 	(30-MAY-2025 15:48:20)	 (Not Inserted)
2,23 , 1,0,12,0,S, 	(30-MAY-2025 15:48:20)	 (Not Inserted)
2,23 , 1,0,12,0,S, 	(30-MAY-2025 15:48:20)	 (Not Inserted)
2,23 , 1,0,12,0,S, 	(30-MAY-2025 15:48:20)	 (Not Inserted)
2,23 , 1,0,12,0,S, 	(30-MAY-2025 15:48:20)	 (Not Inserted)
2,23 , 1,0,12,0,S, 	(30-MAY-2025 15:48:20)	 (Not Inserted)
2,23 , 1,0,12,0,S, 	(30-MAY-2025 15:48:20)	 (Not Inserted)
2,23 , 1,0,12,0,S, 	(30-MAY-2025 15:48:20)	 (Not Inserted)
2,23 , 1,0,12,0,S, 	(30-MAY-2025 15:48:20)	 (Not Inserted)
2,23 , 1,0,12,0,S, 	(30-MAY-2025 15:48:20)	 (Not Inserted)
2,23 , 1,0,12,0,S, 	(30-MAY-2025 15:48:20)	 (Not Inserted)
2,23 , 1,0,12,0,S, 	(30-MAY-2025 15:48:20)	 (Not Inserted)
2,23 , 1,0,12,0,S, 	(30-MAY-2025 15:48:20)	 (Not Inserted)
2,23 , 1,0,12,0,S, 	(30-MAY-2025 15:48:20)	 (Not Inserted)
2,23 , 1,0,12,0,S, 	(30-MAY-2025 15:48:20)	 (Not Inserted)
2,23 , 1,0,12,0,S, 	(30-MAY-2025 15:48:20)	 (Not Inserted)
2,23 , 1,0,12,0,S, 	(30-MAY-2025 15:48:20)	 (Not Inserted)
2,23 , 1,0,12,0,S, 	(30-MAY-2025 15:48:20)	 (Not Inserted)
2,23 , 1,0,12,0,S, 	(30-MAY-2025 15:48:20)	 (Not Inserted)
2,23 , 1,0,12,0,S, 	(30-MAY-2025 15:48:20)	 (Not Inserted)
2,23 , 1,0,12,0,S, 	(30-MAY-2025 15:48:20)	 (Not Inserted)
2,23 , 1,0,12,0,S, 	(30-MAY-2025 15:48:20)	 (Not Inserted)
2,23 , 1,0,12,0,S, 	(30-MAY-2025 15:48:20)	 (Not Inserted)
2,23 , 1,0,12,0,S, 	(30-MAY-2025 15:48:20)	 (Not Inserted)
2,23 , 1,0,12,0,S, 	(30-MAY-2025 15:48:20)	 (Not Inserted)
2,23 , 1,0,12,0,S, 	(30-MAY-2025 15:48:20)	 (Not Inserted)
2,23 , 1,0,12,0,S, 	(30-MAY-2025 15:48:20)	 (Not Inserted)
2,23 , 1,0,12,0,S, 	(30-MAY-2025 15:48:20)	 (Not Inserted)
2,23 , 1,0,12,0,S, 	(30-MAY-2025 15:48:20)	 (Not Inserted)
2,23 , 1,0,12,0,S, 	(30-MAY-2025 15:48:20)	 (Not Inserted)
2,23 , 1,0,12,0,S, 	(30-MAY-2025 15:48:20)	 (Not Inserted)
2,23 , 1,0,12,0,S, 	(30-MAY-2025 15:48:20)	 (Not Inserted)
2,23 , 1,0,12,0,S, 	(30-MAY-2025 15:48:20)	 (Not Inserted)
2,23 , 1,0,12,0,S, 	(30-MAY-2025 15:48:20)	 (Not Inserted)
2,23 , 1,0,12,0,S, 	(30-MAY-2025 15:48:20)	 (Not Inserted)
2,23 , 1,0,12,0,S, 	(30-MAY-2025 15:48:20)	 (Not Inserted)
2,23 , 1,0,12,0,S, 	(30-MAY-2025 15:48:20)	 (Not Inserted)
2,23 , 1,0,12,0,S, 	(30-MAY-2025 15:48:20)	 (Not Inserted)
2,23 , 1,0,12,0,S, 	(30-MAY-2025 15:48:20)	 (Not Inserted)
2,23 , 1,0,12,0,S, 	(30-MAY-2025 15:48:20)	 (Not Inserted)
2,23 , 1,0,12,0,S, 	(30-MAY-2025 15:48:20)	 (Not Inserted)
2,23 , 1,0,12,0,S, 	(30-MAY-2025 15:48:20)	 (Not Inserted)
2,23 , 1,0,12,0,S, 	(30-MAY-2025 15:48:20)	 (Not Inserted)
2,23 , 1,0,12,0,S, 	(30-MAY-2025 15:48:20)	 (Not Inserted)
2,23 , 1,0,12,0,S, 	(30-MAY-2025 15:48:20)	 (Not Inserted)
2,23 , 1,0,12,0,S, 	(30-MAY-2025 15:48:20)	 (Not Inserted)
2,23 , 1,0,12,0,S, 	(30-MAY-2025 15:48:20)	 (Not Inserted)
2,23 , 1,0,12,0,S, 	(30-MAY-2025 15:48:20)	 (Not Inserted)
2,23 , 1,0,12,0,S, 	(30-MAY-2025 15:48:20)	 (Not Inserted)
2,23 , 1,0,12,0,S, 	(30-MAY-2025 15:48:20)	 (Not Inserted)
2,23 , 1,0,12,0,S, 	(30-MAY-2025 15:48:20)	 (Not Inserted)
2,23 , 1,0,12,0,S, 	(30-MAY-2025 15:48:20)	 (Not Inserted)
2,23 , 1,0,12,0,S, 	(30-MAY-2025 15:48:20)	 (Not Inserted)
2,23 , 1,0,12,0,S, 	(30-MAY-2025 15:48:20)	 (Not Inserted)
2,23 , 1,0,12,0,S, 	(30-MAY-2025 15:48:20)	 (Not Inserted)
2,23 , 1,0,12,0,S, 	(30-MAY-2025 15:48:20)	 (Not Inserted)
2,23 , 1,0,12,0,S, 	(30-MAY-2025 15:48:20)	 (Not Inserted)
2,23 , 1,0,12,0,S, 	(30-MAY-2025 15:48:20)	 (Not Inserted)
2,23 , 1,0,12,0,S, 	(30-MAY-2025 15:48:20)	 (Not Inserted)
2,23 , 1,0,13,0,S, 	(30-MAY-2025 15:48:20)
2,23 , 1,0,13,0,S, 	(30-MAY-2025 15:48:20)
2,23 , 1,0,13,0,S, 	(30-MAY-2025 15:48:20)
2,23 , 1,0,13,0,S, 	(30-MAY-2025 15:48:20)
2,23 , 1,0,13,0,S, 	(30-MAY-2025 15:48:20)
2,23 , 1,0,13,0,S, 	(30-MAY-2025 15:48:20)
2,23 , 1,0,13,0,S, 	(30-MAY-2025 15:48:20)
2,23 , 1,0,13,0,S, 	(30-MAY-2025 15:48:20)
2,23 , 1,0,13,0,S, 	(30-MAY-2025 15:48:20)
2,23 , 1,0,13,0,S, 	(30-MAY-2025 15:48:20)
2,23 , 1,0,13,0,S, 	(30-MAY-2025 15:48:20)
2,23 , 1,0,13,0,S, 	(30-MAY-2025 15:48:20)
2,23 , 1,0,13,0,S, 	(30-MAY-2025 15:48:20)
2,23 , 1,0,13,0,S, 	(30-MAY-2025 15:48:20)
2,23 , 1,0,13,0,S, 	(30-MAY-2025 15:48:20)
2,23 , 1,0,13,0,S, 	(30-MAY-2025 15:48:20)
2,23 , 1,0,13,0,S, 	(30-MAY-2025 15:48:20)
2,23 , 1,0,13,0,S, 	(30-MAY-2025 15:48:20)
2,23 , 1,0,13,0,S, 	(30-MAY-2025 15:48:20)
2,23 , 1,0,13,0,S, 	(30-MAY-2025 15:48:20)
2,23 , 1,0,13,0,S, 	(30-MAY-2025 15:48:20)
2,23 , 1,0,13,0,S, 	(30-MAY-2025 15:48:20)
2,23 , 1,0,13,0,S, 	(30-MAY-2025 15:48:20)
2,23 , 1,0,13,0,S, 	(30-MAY-2025 15:48:20)
2,23 , 1,0,13,0,S, 	(30-MAY-2025 15:48:20)
2,23 , 1,0,13,0,S, 	(30-MAY-2025 15:48:20)
2,23 , 1,0,13,0,S, 	(30-MAY-2025 15:48:20)
2,23 , 1,0,13,0,S, 	(30-MAY-2025 15:48:20)
2,23 , 1,0,13,0,S, 	(30-MAY-2025 15:48:20)
2,23 , 1,0,13,0,S, 	(30-MAY-2025 15:48:20)
2,23 , 1,0,13,0,S, 	(30-MAY-2025 15:48:20)	 (Not Inserted)
2,23 , 1,0,13,0,S, 	(30-MAY-2025 15:48:20)	 (Not Inserted)
2,23 , 1,0,13,0,S, 	(30-MAY-2025 15:48:20)	 (Not Inserted)
2,23 , 1,0,13,0,S, 	(30-MAY-2025 15:48:20)	 (Not Inserted)
2,23 , 1,0,13,0,S, 	(30-MAY-2025 15:48:20)	 (Not Inserted)
2,23 , 1,0,13,0,S, 	(30-MAY-2025 15:48:20)	 (Not Inserted)
2,23 , 1,0,13,0,S, 	(30-MAY-2025 15:48:20)	 (Not Inserted)
2,23 , 1,0,13,0,S, 	(30-MAY-2025 15:48:20)	 (Not Inserted)
2,23 , 1,0,13,0,S, 	(30-MAY-2025 15:48:20)	 (Not Inserted)
2,23 , 1,0,13,0,S, 	(30-MAY-2025 15:48:20)	 (Not Inserted)
2,23 , 1,0,13,0,S, 	(30-MAY-2025 15:48:20)	 (Not Inserted)
2,23 , 1,0,13,0,S, 	(30-MAY-2025 15:48:20)	 (Not Inserted)
2,23 , 1,0,13,0,S, 	(30-MAY-2025 15:48:20)	 (Not Inserted)
2,23 , 1,0,13,0,S, 	(30-MAY-2025 15:48:20)	 (Not Inserted)
2,23 , 1,0,13,0,S, 	(30-MAY-2025 15:48:20)	 (Not Inserted)
2,23 , 1,0,13,0,S, 	(30-MAY-2025 15:48:20)	 (Not Inserted)
2,23 , 1,0,13,0,S, 	(30-MAY-2025 15:48:20)	 (Not Inserted)
2,23 , 1,0,13,0,S, 	(30-MAY-2025 15:48:20)	 (Not Inserted)
2,23 , 1,0,13,0,S, 	(30-MAY-2025 15:48:20)	 (Not Inserted)
2,23 , 1,0,13,0,S, 	(30-MAY-2025 15:48:20)	 (Not Inserted)
2,23 , 1,0,13,0,S, 	(30-MAY-2025 15:48:20)	 (Not Inserted)
2,23 , 1,0,13,0,S, 	(30-MAY-2025 15:48:20)	 (Not Inserted)
2,23 , 1,0,13,0,S, 	(30-MAY-2025 15:48:20)	 (Not Inserted)
2,23 , 1,0,13,0,S, 	(30-MAY-2025 15:48:20)	 (Not Inserted)
2,23 , 1,0,13,0,S, 	(30-MAY-2025 15:48:20)	 (Not Inserted)
2,23 , 1,0,13,0,S, 	(30-MAY-2025 15:48:20)	 (Not Inserted)
2,23 , 1,0,13,0,S, 	(30-MAY-2025 15:48:20)	 (Not Inserted)
2,23 , 1,0,13,0,S, 	(30-MAY-2025 15:48:20)	 (Not Inserted)
2,23 , 1,0,13,0,S, 	(30-MAY-2025 15:48:20)	 (Not Inserted)
2,23 , 1,0,13,0,S, 	(30-MAY-2025 15:48:20)	 (Not Inserted)
2,23 , 1,0,13,0,S, 	(30-MAY-2025 15:48:20)	 (Not Inserted)
2,23 , 1,0,13,0,S, 	(30-MAY-2025 15:48:20)	 (Not Inserted)
2,23 , 1,0,13,0,S, 	(30-MAY-2025 15:48:20)	 (Not Inserted)
2,23 , 1,0,13,0,S, 	(30-MAY-2025 15:48:20)	 (Not Inserted)
2,23 , 1,0,13,0,S, 	(30-MAY-2025 15:48:20)	 (Not Inserted)
2,23 , 1,0,13,0,S, 	(30-MAY-2025 15:48:20)	 (Not Inserted)
2,23 , 1,0,13,0,S, 	(30-MAY-2025 15:48:20)	 (Not Inserted)
2,23 , 1,0,13,0,S, 	(30-MAY-2025 15:48:20)	 (Not Inserted)
2,23 , 1,0,13,0,S, 	(30-MAY-2025 15:48:20)	 (Not Inserted)
2,23 , 1,0,13,0,S, 	(30-MAY-2025 15:48:20)	 (Not Inserted)
2,23 , 1,0,13,0,S, 	(30-MAY-2025 15:48:20)	 (Not Inserted)
2,23 , 1,0,13,0,S, 	(30-MAY-2025 15:48:20)	 (Not Inserted)
2,23 , 1,0,13,0,S, 	(30-MAY-2025 15:48:20)	 (Not Inserted)
2,23 , 1,0,13,0,S, 	(30-MAY-2025 15:48:20)	 (Not Inserted)
2,23 , 1,0,13,0,S, 	(30-MAY-2025 15:48:20)	 (Not Inserted)
2,23 , 1,0,13,0,S, 	(30-MAY-2025 15:48:20)	 (Not Inserted)
2,23 , 1,0,13,0,S, 	(30-MAY-2025 15:48:20)	 (Not Inserted)
2,23 , 1,0,13,0,S, 	(30-MAY-2025 15:48:20)	 (Not Inserted)
2,23 , 1,0,13,0,S, 	(30-MAY-2025 15:48:20)	 (Not Inserted)
2,23 , 1,0,13,0,S, 	(30-MAY-2025 15:48:20)	 (Not Inserted)
2,23 , 1,0,13,0,S, 	(30-MAY-2025 15:48:20)	 (Not Inserted)
2,23 , 1,0,13,0,S, 	(30-MAY-2025 15:48:20)	 (Not Inserted)
2,23 , 1,0,13,0,S, 	(30-MAY-2025 15:48:20)	 (Not Inserted)
2,23 , 1,0,13,0,S, 	(30-MAY-2025 15:48:20)	 (Not Inserted)
2,23 , 1,0,13,0,S, 	(30-MAY-2025 15:48:20)	 (Not Inserted)
2,23 , 1,0,13,0,S, 	(30-MAY-2025 15:48:20)	 (Not Inserted)
2,23 , 1,0,13,0,S, 	(30-MAY-2025 15:48:20)	 (Not Inserted)
2,23 , 1,0,13,0,S, 	(30-MAY-2025 15:48:20)	 (Not Inserted)
2,23 , 1,0,13,0,S, 	(30-MAY-2025 15:48:20)	 (Not Inserted)
2,23 , 1,0,13,0,S, 	(30-MAY-2025 15:48:20)	 (Not Inserted)
2,23 , 1,0,16,0,S, 	(30-MAY-2025 15:48:20)
2,23 , 1,0,16,0,S, 	(30-MAY-2025 15:48:20)
2,23 , 1,0,16,0,S, 	(30-MAY-2025 15:48:20)
2,23 , 1,0,16,0,S, 	(30-MAY-2025 15:48:20)
2,23 , 1,0,16,0,S, 	(30-MAY-2025 15:48:20)
2,23 , 1,0,16,0,S, 	(30-MAY-2025 15:48:20)
2,23 , 1,0,16,0,S, 	(30-MAY-2025 15:48:20)
2,23 , 1,0,16,0,S, 	(30-MAY-2025 15:48:20)
2,23 , 1,0,16,0,S, 	(30-MAY-2025 15:48:20)
2,23 , 1,0,16,0,S, 	(30-MAY-2025 15:48:20)
2,23 , 1,0,16,0,S, 	(30-MAY-2025 15:48:20)
2,23 , 1,0,16,0,S, 	(30-MAY-2025 15:48:20)
2,23 , 1,0,16,0,S, 	(30-MAY-2025 15:48:20)
2,23 , 1,0,16,0,S, 	(30-MAY-2025 15:48:20)
2,23 , 1,0,16,0,S, 	(30-MAY-2025 15:48:20)
2,23 , 1,0,16,0,S, 	(30-MAY-2025 15:48:20)
2,23 , 1,0,16,0,S, 	(30-MAY-2025 15:48:20)
2,23 , 1,0,16,0,S, 	(30-MAY-2025 15:48:20)
2,23 , 1,0,16,0,S, 	(30-MAY-2025 15:48:20)
2,23 , 1,0,16,0,S, 	(30-MAY-2025 15:48:20)
2,23 , 1,0,16,0,S, 	(30-MAY-2025 15:48:20)
2,23 , 1,0,16,0,S, 	(30-MAY-2025 15:48:20)
2,23 , 1,0,16,0,S, 	(30-MAY-2025 15:48:20)
2,23 , 1,0,16,0,S, 	(30-MAY-2025 15:48:20)
2,23 , 1,0,16,0,S, 	(30-MAY-2025 15:48:20)
2,23 , 1,0,16,0,S, 	(30-MAY-2025 15:48:20)
2,23 , 1,0,16,0,S, 	(30-MAY-2025 15:48:20)
2,23 , 1,0,16,0,S, 	(30-MAY-2025 15:48:20)
2,23 , 1,0,16,0,S, 	(30-MAY-2025 15:48:20)	 (Not Inserted)
2,23 , 1,0,16,0,S, 	(30-MAY-2025 15:48:20)	 (Not Inserted)
2,23 , 1,0,16,0,S, 	(30-MAY-2025 15:48:20)	 (Not Inserted)
2,23 , 1,0,16,0,S, 	(30-MAY-2025 15:48:20)	 (Not Inserted)
2,23 , 1,0,16,0,S, 	(30-MAY-2025 15:48:20)	 (Not Inserted)
2,23 , 1,0,16,0,S, 	(30-MAY-2025 15:48:20)	 (Not Inserted)
2,23 , 1,0,16,0,S, 	(30-MAY-2025 15:48:20)	 (Not Inserted)
2,23 , 1,0,16,0,S, 	(30-MAY-2025 15:48:20)	 (Not Inserted)
2,23 , 1,0,16,0,S, 	(30-MAY-2025 15:48:20)	 (Not Inserted)
2,23 , 1,0,16,0,S, 	(30-MAY-2025 15:48:20)	 (Not Inserted)
2,23 , 1,0,16,0,S, 	(30-MAY-2025 15:48:20)	 (Not Inserted)
2,23 , 1,0,16,0,S, 	(30-MAY-2025 15:48:20)	 (Not Inserted)
2,23 , 1,0,16,0,S, 	(30-MAY-2025 15:48:20)	 (Not Inserted)
2,23 , 1,0,16,0,S, 	(30-MAY-2025 15:48:20)	 (Not Inserted)
2,23 , 1,0,16,0,S, 	(30-MAY-2025 15:48:20)	 (Not Inserted)
2,23 , 1,0,16,0,S, 	(30-MAY-2025 15:48:20)	 (Not Inserted)
2,23 , 1,0,16,0,S, 	(30-MAY-2025 15:48:20)	 (Not Inserted)
2,23 , 1,0,16,0,S, 	(30-MAY-2025 15:48:20)	 (Not Inserted)
2,23 , 1,0,16,0,S, 	(30-MAY-2025 15:48:20)	 (Not Inserted)
2,23 , 1,0,16,0,S, 	(30-MAY-2025 15:48:20)	 (Not Inserted)
2,23 , 1,0,16,0,S, 	(30-MAY-2025 15:48:20)	 (Not Inserted)
2,23 , 1,0,16,0,S, 	(30-MAY-2025 15:48:20)	 (Not Inserted)
2,23 , 1,0,16,0,S, 	(30-MAY-2025 15:48:20)	 (Not Inserted)
2,23 , 1,0,16,0,S, 	(30-MAY-2025 15:48:20)	 (Not Inserted)
2,23 , 1,0,16,0,S, 	(30-MAY-2025 15:48:20)	 (Not Inserted)
2,23 , 1,0,16,0,S, 	(30-MAY-2025 15:48:20)	 (Not Inserted)
2,23 , 1,0,16,0,S, 	(30-MAY-2025 15:48:20)	 (Not Inserted)
2,23 , 1,0,16,0,S, 	(30-MAY-2025 15:48:20)	 (Not Inserted)
2,23 , 1,0,16,0,S, 	(30-MAY-2025 15:48:20)	 (Not Inserted)
2,23 , 1,0,16,0,S, 	(30-MAY-2025 15:48:20)	 (Not Inserted)
2,23 , 1,0,16,0,S, 	(30-MAY-2025 15:48:20)	 (Not Inserted)
2,23 , 1,0,16,0,S, 	(30-MAY-2025 15:48:20)	 (Not Inserted)
2,23 , 1,0,16,0,S, 	(30-MAY-2025 15:48:20)	 (Not Inserted)
2,23 , 1,0,16,0,S, 	(30-MAY-2025 15:48:20)	 (Not Inserted)
2,23 , 1,0,16,0,S, 	(30-MAY-2025 15:48:20)	 (Not Inserted)
2,23 , 1,0,16,0,S, 	(30-MAY-2025 15:48:20)	 (Not Inserted)
2,23 , 1,0,16,0,S, 	(30-MAY-2025 15:48:20)	 (Not Inserted)
2,23 , 1,0,16,0,S, 	(30-MAY-2025 15:48:20)	 (Not Inserted)
2,23 , 1,0,16,0,S, 	(30-MAY-2025 15:48:20)	 (Not Inserted)
2,23 , 1,0,16,0,S, 	(30-MAY-2025 15:48:20)	 (Not Inserted)
2,23 , 1,0,16,0,S, 	(30-MAY-2025 15:48:20)	 (Not Inserted)
2,23 , 1,0,16,0,S, 	(30-MAY-2025 15:48:20)	 (Not Inserted)
2,23 , 1,0,16,0,S, 	(30-MAY-2025 15:48:20)	 (Not Inserted)
2,23 , 1,0,16,0,S, 	(30-MAY-2025 15:48:20)	 (Not Inserted)
2,23 , 1,0,16,0,S, 	(30-MAY-2025 15:48:20)	 (Not Inserted)
2,23 , 1,0,16,0,S, 	(30-MAY-2025 15:48:20)	 (Not Inserted)
2,23 , 1,0,16,0,S, 	(30-MAY-2025 15:48:20)	 (Not Inserted)
2,23 , 1,0,16,0,S, 	(30-MAY-2025 15:48:20)	 (Not Inserted)
2,23 , 1,0,16,0,S, 	(30-MAY-2025 15:48:20)	 (Not Inserted)
2,23 , 1,0,16,0,S, 	(30-MAY-2025 15:48:20)	 (Not Inserted)
2,23 , 1,0,16,0,S, 	(30-MAY-2025 15:48:20)	 (Not Inserted)
2,23 , 1,0,16,0,S, 	(30-MAY-2025 15:48:20)	 (Not Inserted)
2,23 , 1,0,16,0,S, 	(30-MAY-2025 15:48:20)	 (Not Inserted)
2,23 , 1,0,16,0,S, 	(30-MAY-2025 15:48:20)	 (Not Inserted)
2,23 , 1,0,16,0,S, 	(30-MAY-2025 15:48:20)	 (Not Inserted)
2,23 , 1,0,16,0,S, 	(30-MAY-2025 15:48:20)	 (Not Inserted)
2,23 , 1,0,17,0,S, 	(30-MAY-2025 15:48:20)
2,23 , 1,0,17,0,S, 	(30-MAY-2025 15:48:20)
2,23 , 1,0,17,0,S, 	(30-MAY-2025 15:48:20)
2,23 , 1,0,17,0,S, 	(30-MAY-2025 15:48:20)
2,23 , 1,0,17,0,S, 	(30-MAY-2025 15:48:20)
2,23 , 1,0,17,0,S, 	(30-MAY-2025 15:48:20)
2,23 , 1,0,17,0,S, 	(30-MAY-2025 15:48:20)
2,23 , 1,0,17,0,S, 	(30-MAY-2025 15:48:20)
2,23 , 1,0,17,0,S, 	(30-MAY-2025 15:48:20)
2,23 , 1,0,17,0,S, 	(30-MAY-2025 15:48:20)
2,23 , 1,0,17,0,S, 	(30-MAY-2025 15:48:20)
2,23 , 1,0,17,0,S, 	(30-MAY-2025 15:48:20)
2,23 , 1,0,17,0,S, 	(30-MAY-2025 15:48:20)
2,23 , 1,0,17,0,S, 	(30-MAY-2025 15:48:20)
2,23 , 1,0,17,0,S, 	(30-MAY-2025 15:48:20)
2,23 , 1,0,17,0,S, 	(30-MAY-2025 15:48:20)
2,23 , 1,0,17,0,S, 	(30-MAY-2025 15:48:20)
2,23 , 1,0,17,0,S, 	(30-MAY-2025 15:48:20)
2,23 , 1,0,17,0,S, 	(30-MAY-2025 15:48:20)
2,23 , 1,0,17,0,S, 	(30-MAY-2025 15:48:20)
2,23 , 1,0,17,0,S, 	(30-MAY-2025 15:48:20)
2,23 , 1,0,17,0,S, 	(30-MAY-2025 15:48:20)
2,23 , 1,0,17,0,S, 	(30-MAY-2025 15:48:20)
2,23 , 1,0,17,0,S, 	(30-MAY-2025 15:48:20)
2,23 , 1,0,17,0,S, 	(30-MAY-2025 15:48:20)
2,23 , 1,0,17,0,S, 	(30-MAY-2025 15:48:20)
2,23 , 1,0,17,0,S, 	(30-MAY-2025 15:48:20)
2,23 , 1,0,17,0,S, 	(30-MAY-2025 15:48:20)
2,23 , 1,0,17,0,S, 	(30-MAY-2025 15:48:20)
2,23 , 1,0,17,0,S, 	(30-MAY-2025 15:48:20)
2,23 , 1,0,17,0,S, 	(30-MAY-2025 15:48:20)
2,23 , 1,0,17,0,S, 	(30-MAY-2025 15:48:20)
2,23 , 1,0,17,0,S, 	(30-MAY-2025 15:48:20)
2,23 , 1,0,17,0,S, 	(30-MAY-2025 15:48:20)
2,23 , 1,0,17,0,S, 	(30-MAY-2025 15:48:20)
2,23 , 1,0,17,0,S, 	(30-MAY-2025 15:48:20)
2,23 , 1,0,17,0,S, 	(30-MAY-2025 15:48:20)
2,23 , 1,0,17,0,S, 	(30-MAY-2025 15:48:20)
2,23 , 1,0,17,0,S, 	(30-MAY-2025 15:48:20)
2,23 , 1,0,17,0,S, 	(30-MAY-2025 15:48:20)
2,23 , 1,0,17,0,S, 	(30-MAY-2025 15:48:20)
2,23 , 1,0,17,0,S, 	(30-MAY-2025 15:48:20)
2,23 , 1,0,17,0,S, 	(30-MAY-2025 15:48:20)
2,23 , 1,0,17,0,S, 	(30-MAY-2025 15:48:20)
2,23 , 1,0,17,0,S, 	(30-MAY-2025 15:48:20)
2,23 , 1,0,17,0,S, 	(30-MAY-2025 15:48:20)
2,23 , 1,0,17,0,S, 	(30-MAY-2025 15:48:20)
2,23 , 1,0,17,0,S, 	(30-MAY-2025 15:48:20)
2,23 , 1,0,17,0,S, 	(30-MAY-2025 15:48:20)
2,23 , 1,0,17,0,S, 	(30-MAY-2025 15:48:20)
2,23 , 1,0,17,0,S, 	(30-MAY-2025 15:48:20)
2,23 , 1,0,17,0,S, 	(30-MAY-2025 15:48:20)
2,23 , 1,0,17,0,S, 	(30-MAY-2025 15:48:20)
2,23 , 1,0,17,0,S, 	(30-MAY-2025 15:48:20)
2,23 , 1,0,17,0,S, 	(30-MAY-2025 15:48:20)
2,23 , 1,0,17,0,S, 	(30-MAY-2025 15:48:20)
2,23 , 1,0,17,0,S, 	(30-MAY-2025 15:48:20)	 (Not Inserted)
2,23 , 1,0,17,0,S, 	(30-MAY-2025 15:48:20)	 (Not Inserted)
2,23 , 1,0,17,0,S, 	(30-MAY-2025 15:48:20)	 (Not Inserted)
2,23 , 1,0,17,0,S, 	(30-MAY-2025 15:48:20)	 (Not Inserted)
2,23 , 1,0,17,0,S, 	(30-MAY-2025 15:48:20)	 (Not Inserted)
2,23 , 1,0,17,0,S, 	(30-MAY-2025 15:48:20)	 (Not Inserted)
2,23 , 1,0,17,0,S, 	(30-MAY-2025 15:48:20)	 (Not Inserted)
2,23 , 1,0,17,0,S, 	(30-MAY-2025 15:48:20)	 (Not Inserted)
2,23 , 1,0,17,0,S, 	(30-MAY-2025 15:48:20)	 (Not Inserted)
2,23 , 1,0,17,0,S, 	(30-MAY-2025 15:48:20)	 (Not Inserted)
2,23 , 1,0,17,0,S, 	(30-MAY-2025 15:48:20)	 (Not Inserted)
2,23 , 1,0,17,0,S, 	(30-MAY-2025 15:48:20)	 (Not Inserted)
2,23 , 1,0,17,0,S, 	(30-MAY-2025 15:48:20)	 (Not Inserted)
2,23 , 1,0,17,0,S, 	(30-MAY-2025 15:48:20)	 (Not Inserted)
2,23 , 1,0,17,0,S, 	(30-MAY-2025 15:48:20)	 (Not Inserted)
2,23 , 1,0,17,0,S, 	(30-MAY-2025 15:48:20)	 (Not Inserted)
2,23 , 1,0,17,0,S, 	(30-MAY-2025 15:48:20)	 (Not Inserted)
2,23 , 1,0,17,0,S, 	(30-MAY-2025 15:48:20)	 (Not Inserted)
2,23 , 1,0,17,0,S, 	(30-MAY-2025 15:48:20)	 (Not Inserted)
2,23 , 1,0,17,0,S, 	(30-MAY-2025 15:48:20)	 (Not Inserted)
2,23 , 1,0,17,0,S, 	(30-MAY-2025 15:48:20)	 (Not Inserted)
2,23 , 1,0,17,0,S, 	(30-MAY-2025 15:48:20)	 (Not Inserted)
2,23 , 1,0,17,0,S, 	(30-MAY-2025 15:48:20)	 (Not Inserted)
2,23 , 1,0,17,0,S, 	(30-MAY-2025 15:48:20)	 (Not Inserted)
2,23 , 1,0,17,0,S, 	(30-MAY-2025 15:48:20)	 (Not Inserted)
2,23 , 1,0,17,0,S, 	(30-MAY-2025 15:48:20)	 (Not Inserted)
2,23 , 1,0,17,0,S, 	(30-MAY-2025 15:48:20)	 (Not Inserted)
2,23 , 1,0,17,0,S, 	(30-MAY-2025 15:48:20)	 (Not Inserted)
2,23 , 1,0,17,0,S, 	(30-MAY-2025 15:48:20)	 (Not Inserted)
2,23 , 1,0,17,0,S, 	(30-MAY-2025 15:48:20)	 (Not Inserted)
2,23 , 1,0,17,0,S, 	(30-MAY-2025 15:48:20)	 (Not Inserted)
2,23 , 1,0,17,0,S, 	(30-MAY-2025 15:48:20)	 (Not Inserted)
2,23 , 1,0,17,0,S, 	(30-MAY-2025 15:48:20)	 (Not Inserted)
2,23 , 1,0,17,0,S, 	(30-MAY-2025 15:48:20)	 (Not Inserted)
2,23 , 1,0,17,0,S, 	(30-MAY-2025 15:48:20)	 (Not Inserted)
2,23 , 1,0,17,0,S, 	(30-MAY-2025 15:48:20)	 (Not Inserted)
2,23 , 1,0,17,0,S, 	(30-MAY-2025 15:48:20)	 (Not Inserted)
2,23 , 1,0,17,0,S, 	(30-MAY-2025 15:48:20)	 (Not Inserted)
2,23 , 1,0,17,0,S, 	(30-MAY-2025 15:48:20)	 (Not Inserted)
2,23 , 1,0,17,0,S, 	(30-MAY-2025 15:48:20)	 (Not Inserted)
2,23 , 1,0,17,0,S, 	(30-MAY-2025 15:48:20)	 (Not Inserted)
2,23 , 1,0,17,0,S, 	(30-MAY-2025 15:48:20)	 (Not Inserted)
2,23 , 1,0,17,0,S, 	(30-MAY-2025 15:48:20)	 (Not Inserted)
2,23 , 1,0,17,0,S, 	(30-MAY-2025 15:48:20)	 (Not Inserted)
2,23 , 1,0,17,0,S, 	(30-MAY-2025 15:48:20)	 (Not Inserted)
2,23 , 1,0,17,0,S, 	(30-MAY-2025 15:48:20)	 (Not Inserted)
2,23 , 1,0,17,0,S, 	(30-MAY-2025 15:48:20)	 (Not Inserted)
2,23 , 1,0,17,0,S, 	(30-MAY-2025 15:48:20)	 (Not Inserted)
2,23 , 1,0,17,0,S, 	(30-MAY-2025 15:48:20)	 (Not Inserted)
2,23 , 1,0,17,0,S, 	(30-MAY-2025 15:48:20)	 (Not Inserted)
2,23 , 1,0,17,0,S, 	(30-MAY-2025 15:48:20)	 (Not Inserted)
2,23 , 1,0,17,0,S, 	(30-MAY-2025 15:48:20)	 (Not Inserted)
2,23 , 1,0,17,0,S, 	(30-MAY-2025 15:48:20)	 (Not Inserted)
2,23 , 1,0,17,0,S, 	(30-MAY-2025 15:48:20)	 (Not Inserted)
2,23 , 1,0,17,0,S, 	(30-MAY-2025 15:48:20)	 (Not Inserted)
2,23 , 1,0,17,0,S, 	(30-MAY-2025 15:48:20)	 (Not Inserted)
2,23 , 1,0,17,0,S, 	(30-MAY-2025 15:48:20)	 (Not Inserted)
2,23 , 1,0,17,0,S, 	(30-MAY-2025 15:48:20)	 (Not Inserted)
2,23 , 1,0,17,0,S, 	(30-MAY-2025 15:48:20)	 (Not Inserted)
2,23 , 1,0,17,0,S, 	(30-MAY-2025 15:48:20)	 (Not Inserted)
2,23 , 1,0,17,0,S, 	(30-MAY-2025 15:48:20)	 (Not Inserted)
2,23 , 1,0,17,0,S, 	(30-MAY-2025 15:48:20)	 (Not Inserted)
2,23 , 1,0,17,0,S, 	(30-MAY-2025 15:48:20)	 (Not Inserted)
2,23 , 1,0,17,0,S, 	(30-MAY-2025 15:48:20)	 (Not Inserted)
2,23 , 1,0,17,0,S, 	(30-MAY-2025 15:48:20)	 (Not Inserted)
2,23 , 1,0,17,0,S, 	(30-MAY-2025 15:48:20)	 (Not Inserted)
2,23 , 1,0,17,0,S, 	(30-MAY-2025 15:48:20)	 (Not Inserted)
2,23 , 1,0,17,0,S, 	(30-MAY-2025 15:48:20)	 (Not Inserted)
2,23 , 1,0,17,0,S, 	(30-MAY-2025 15:48:20)	 (Not Inserted)
2,23 , 1,0,17,0,S, 	(30-MAY-2025 15:48:20)	 (Not Inserted)
2,23 , 1,0,17,0,S, 	(30-MAY-2025 15:48:20)	 (Not Inserted)
2,23 , 1,0,17,0,S, 	(30-MAY-2025 15:48:20)	 (Not Inserted)
2,23 , 1,0,17,0,S, 	(30-MAY-2025 15:48:20)	 (Not Inserted)
2,23 , 1,0,17,0,S, 	(30-MAY-2025 15:48:20)	 (Not Inserted)
2,23 , 1,0,17,0,S, 	(30-MAY-2025 15:48:20)	 (Not Inserted)
2,23 , 1,0,17,0,S, 	(30-MAY-2025 15:48:20)	 (Not Inserted)
2,23 , 1,0,17,0,S, 	(30-MAY-2025 15:48:20)	 (Not Inserted)
2,23 , 1,0,17,0,S, 	(30-MAY-2025 15:48:20)	 (Not Inserted)
2,23 , 1,0,17,0,S, 	(30-MAY-2025 15:48:20)	 (Not Inserted)
2,23 , 1,0,17,0,S, 	(30-MAY-2025 15:48:20)	 (Not Inserted)
2,23 , 1,0,17,0,S, 	(30-MAY-2025 15:48:20)	 (Not Inserted)
2,23 , 1,0,17,0,S, 	(30-MAY-2025 15:48:20)	 (Not Inserted)
2,23 , 1,0,17,0,S, 	(30-MAY-2025 15:48:20)	 (Not Inserted)
2,23 , 1,0,17,0,S, 	(30-MAY-2025 15:48:20)	 (Not Inserted)
2,23 , 1,0,17,0,S, 	(30-MAY-2025 15:48:20)	 (Not Inserted)
2,23 , 1,0,17,0,S, 	(30-MAY-2025 15:48:20)	 (Not Inserted)
2,23 , 1,0,17,0,S, 	(30-MAY-2025 15:48:20)	 (Not Inserted)
2,23 , 1,0,17,0,S, 	(30-MAY-2025 15:48:20)	 (Not Inserted)
2,23 , 1,0,17,0,S, 	(30-MAY-2025 15:48:20)	 (Not Inserted)
2,23 , 1,0,17,0,S, 	(30-MAY-2025 15:48:20)	 (Not Inserted)
2,23 , 1,0,17,0,S, 	(30-MAY-2025 15:48:20)	 (Not Inserted)
2,23 , 1,0,17,0,S, 	(30-MAY-2025 15:48:20)	 (Not Inserted)
2,23 , 1,0,17,0,S, 	(30-MAY-2025 15:48:20)	 (Not Inserted)
2,23 , 1,0,17,0,S, 	(30-MAY-2025 15:48:20)	 (Not Inserted)
2,23 , 1,0,17,0,S, 	(30-MAY-2025 15:48:20)	 (Not Inserted)
2,23 , 1,0,17,0,S, 	(30-MAY-2025 15:48:20)	 (Not Inserted)
2,23 , 1,0,17,0,S, 	(30-MAY-2025 15:48:20)	 (Not Inserted)
2,23 , 1,0,17,0,S, 	(30-MAY-2025 15:48:20)	 (Not Inserted)
2,23 , 1,0,17,0,S, 	(30-MAY-2025 15:48:20)	 (Not Inserted)
2,23 , 1,0,17,0,S, 	(30-MAY-2025 15:48:20)	 (Not Inserted)
2,23 , 1,0,17,0,S, 	(30-MAY-2025 15:48:20)	 (Not Inserted)
2,23 , 1,0,17,0,S, 	(30-MAY-2025 15:48:20)	 (Not Inserted)
2,23 , 1,0,17,0,S, 	(30-MAY-2025 15:48:20)	 (Not Inserted)
2,23 , 1,0,17,0,S, 	(30-MAY-2025 15:48:20)	 (Not Inserted)
2,23 , 1,0,17,0,S, 	(30-MAY-2025 15:48:20)	 (Not Inserted)
2,23 , 1,0,17,0,S, 	(30-MAY-2025 15:48:20)	 (Not Inserted)
2,23 , 1,0,17,0,S, 	(30-MAY-2025 15:48:20)	 (Not Inserted)
2,23 , 1,0,17,0,S, 	(30-MAY-2025 15:48:20)	 (Not Inserted)
2,23 , 1,0,17,0,S, 	(30-MAY-2025 15:48:20)	 (Not Inserted)
2,23 , 1,0,17,0,S, 	(30-MAY-2025 15:48:20)	 (Not Inserted)
2,23 , 1,0,17,0,S, 	(30-MAY-2025 15:48:20)	 (Not Inserted)
2,23 , 1,0,17,0,S, 	(30-MAY-2025 15:48:20)	 (Not Inserted)
2,23 , 0,0,123028,0,X, 	(30-MAY-2025 15:48:20)
2,23 , 0,0,123028,0,X, 	(30-MAY-2025 15:48:20)
2,23 , 0,0,123028,0,X, 	(30-MAY-2025 15:48:20)
2,23 , 0,0,123028,0,X, 	(30-MAY-2025 15:48:20)
2,23 , 0,0,123028,0,X, 	(30-MAY-2025 15:48:20)
2,23 , 0,0,123028,0,X, 	(30-MAY-2025 15:48:20)
2,23 , 0,0,123028,0,X, 	(30-MAY-2025 15:48:20)
2,23 , 0,0,123028,0,X, 	(30-MAY-2025 15:48:20)
2,23 , 0,0,123028,0,X, 	(30-MAY-2025 15:48:20)
2,23 , 0,0,123028,0,X, 	(30-MAY-2025 15:48:20)
2,23 , 0,0,123028,0,X, 	(30-MAY-2025 15:48:20)
2,23 , 0,0,123028,0,X, 	(30-MAY-2025 15:48:20)
2,23 , 0,0,123028,0,X, 	(30-MAY-2025 15:48:20)
2,23 , 0,0,123028,0,X, 	(30-MAY-2025 15:48:20)
2,23 , 0,0,123028,0,X, 	(30-MAY-2025 15:48:20)
2,23 , 0,0,123028,0,X, 	(30-MAY-2025 15:48:20)
2,23 , 0,0,123028,0,X, 	(30-MAY-2025 15:48:20)
2,23 , 0,0,123028,0,X, 	(30-MAY-2025 15:48:20)
2,23 , 0,0,123028,0,X, 	(30-MAY-2025 15:48:20)
2,23 , 0,0,123028,0,X, 	(30-MAY-2025 15:48:20)
2,23 , 0,0,123028,0,X, 	(30-MAY-2025 15:48:20)
2,23 , 0,0,123028,0,X, 	(30-MAY-2025 15:48:20)
2,23 , 0,0,123028,0,X, 	(30-MAY-2025 15:48:20)
2,23 , 0,0,123028,0,X, 	(30-MAY-2025 15:48:20)
2,23 , 0,0,123028,0,X, 	(30-MAY-2025 15:48:20)
2,23 , 0,0,123028,0,X, 	(30-MAY-2025 15:48:20)
2,23 , 0,0,123028,0,X, 	(30-MAY-2025 15:48:20)
2,23 , 0,0,123028,0,X, 	(30-MAY-2025 15:48:20)
2,23 , 0,0,123028,0,X, 	(30-MAY-2025 15:48:20)
2,23 , 0,0,123028,0,X, 	(30-MAY-2025 15:48:20)
2,23 , 0,0,123028,0,X, 	(30-MAY-2025 15:48:20)
2,23 , 0,0,123028,0,X, 	(30-MAY-2025 15:48:20)
2,23 , 0,0,123028,0,X, 	(30-MAY-2025 15:48:20)
2,23 , 0,0,123028,0,X, 	(30-MAY-2025 15:48:20)
2,23 , 0,0,123028,0,X, 	(30-MAY-2025 15:48:20)
2,23 , 0,0,123028,0,X, 	(30-MAY-2025 15:48:20)
2,23 , 0,0,123028,0,X, 	(30-MAY-2025 15:48:20)
2,23 , 0,0,123028,0,X, 	(30-MAY-2025 15:48:20)
2,23 , 0,0,123028,0,X, 	(30-MAY-2025 15:48:20)
2,23 , 0,0,123028,0,X, 	(30-MAY-2025 15:48:20)
2,23 , 0,0,123028,0,X, 	(30-MAY-2025 15:48:20)
2,23 , 0,0,123028,0,X, 	(30-MAY-2025 15:48:20)
2,23 , 0,0,123028,0,X, 	(30-MAY-2025 15:48:20)
2,23 , 0,0,123028,0,X, 	(30-MAY-2025 15:48:20)
2,23 , 0,0,123028,0,X, 	(30-MAY-2025 15:48:20)
2,23 , 0,0,123028,0,X, 	(30-MAY-2025 15:48:20)
2,23 , 0,0,123028,0,X, 	(30-MAY-2025 15:48:20)
2,23 , 0,0,123028,0,X, 	(30-MAY-2025 15:48:20)
2,23 , 0,0,123028,0,X, 	(30-MAY-2025 15:48:20)
2,23 , 0,0,123028,0,X, 	(30-MAY-2025 15:48:20)
2,23 , 0,0,123028,0,X, 	(30-MAY-2025 15:48:20)
2,23 , 0,0,123028,0,X, 	(30-MAY-2025 15:48:20)
2,23 , 0,0,123028,0,X, 	(30-MAY-2025 15:48:20)
2,23 , 0,0,123028,0,X, 	(30-MAY-2025 15:48:20)
2,23 , 0,0,123028,0,X, 	(30-MAY-2025 15:48:21)
2,23 , 0,0,123028,0,X, 	(30-MAY-2025 15:48:21)
2,23 , 0,0,123028,0,X, 	(30-MAY-2025 15:48:21)
2,23 , 0,0,123028,0,X, 	(30-MAY-2025 15:48:21)
2,23 , 0,0,123028,0,X, 	(30-MAY-2025 15:48:21)
2,23 , 0,0,123028,0,X, 	(30-MAY-2025 15:48:21)
2,23 , 0,0,123028,0,X, 	(30-MAY-2025 15:48:21)
2,23 , 0,0,123028,0,X, 	(30-MAY-2025 15:48:21)
2,23 , 0,0,123028,0,X, 	(30-MAY-2025 15:48:21)	 (Not Inserted)
2,23 , 0,0,123028,0,X, 	(30-MAY-2025 15:48:21)	 (Not Inserted)
2,23 , 0,0,123028,0,X, 	(30-MAY-2025 15:48:21)	 (Not Inserted)
2,23 , 0,0,123028,0,X, 	(30-MAY-2025 15:48:21)	 (Not Inserted)
2,23 , 0,0,123028,0,X, 	(30-MAY-2025 15:48:21)	 (Not Inserted)
2,23 , 0,0,123028,0,X, 	(30-MAY-2025 15:48:21)	 (Not Inserted)
2,23 , 0,0,123028,0,X, 	(30-MAY-2025 15:48:21)	 (Not Inserted)
2,23 , 0,0,123028,0,X, 	(30-MAY-2025 15:48:21)	 (Not Inserted)
2,23 , 0,0,123028,0,X, 	(30-MAY-2025 15:48:21)	 (Not Inserted)
2,23 , 0,0,123028,0,X, 	(30-MAY-2025 15:48:21)	 (Not Inserted)
2,23 , 0,0,123028,0,X, 	(30-MAY-2025 15:48:21)	 (Not Inserted)
2,23 , 0,0,123028,0,X, 	(30-MAY-2025 15:48:21)	 (Not Inserted)
2,23 , 0,0,123028,0,X, 	(30-MAY-2025 15:48:21)	 (Not Inserted)
2,23 , 0,0,123028,0,X, 	(30-MAY-2025 15:48:21)	 (Not Inserted)
2,23 , 0,0,123028,0,X, 	(30-MAY-2025 15:48:21)	 (Not Inserted)
2,23 , 0,0,123028,0,X, 	(30-MAY-2025 15:48:21)	 (Not Inserted)
2,23 , 0,0,123028,0,X, 	(30-MAY-2025 15:48:21)	 (Not Inserted)
2,23 , 0,0,123028,0,X, 	(30-MAY-2025 15:48:21)	 (Not Inserted)
2,23 , 0,0,123028,0,X, 	(30-MAY-2025 15:48:21)	 (Not Inserted)
2,23 , 0,0,123028,0,X, 	(30-MAY-2025 15:48:21)	 (Not Inserted)
2,23 , 0,0,123028,0,X, 	(30-MAY-2025 15:48:21)	 (Not Inserted)
2,23 , 0,0,123028,0,X, 	(30-MAY-2025 15:48:21)	 (Not Inserted)
2,23 , 0,0,123028,0,X, 	(30-MAY-2025 15:48:21)	 (Not Inserted)
2,23 , 0,0,123028,0,X, 	(30-MAY-2025 15:48:21)	 (Not Inserted)
2,23 , 0,0,123028,0,X, 	(30-MAY-2025 15:48:21)	 (Not Inserted)
2,23 , 0,0,123028,0,X, 	(30-MAY-2025 15:48:21)	 (Not Inserted)
2,23 , 0,0,123028,0,X, 	(30-MAY-2025 15:48:21)	 (Not Inserted)
2,23 , 0,0,123028,0,X, 	(30-MAY-2025 15:48:21)	 (Not Inserted)
2,23 , 0,0,123028,0,X, 	(30-MAY-2025 15:48:21)	 (Not Inserted)
2,23 , 0,0,123028,0,X, 	(30-MAY-2025 15:48:21)	 (Not Inserted)
2,23 , 0,0,123028,0,X, 	(30-MAY-2025 15:48:21)	 (Not Inserted)
2,23 , 0,0,123028,0,X, 	(30-MAY-2025 15:48:21)	 (Not Inserted)
2,23 , 0,0,123028,0,X, 	(30-MAY-2025 15:48:21)	 (Not Inserted)
2,23 , 0,0,123028,0,X, 	(30-MAY-2025 15:48:21)	 (Not Inserted)
2,23 , 0,0,123028,0,X, 	(30-MAY-2025 15:48:21)	 (Not Inserted)
2,23 , 0,0,123028,0,X, 	(30-MAY-2025 15:48:21)	 (Not Inserted)
2,23 , 0,0,123028,0,X, 	(30-MAY-2025 15:48:21)	 (Not Inserted)
2,23 , 0,0,123028,0,X, 	(30-MAY-2025 15:48:21)	 (Not Inserted)
2,23 , 0,0,123028,0,X, 	(30-MAY-2025 15:48:21)	 (Not Inserted)
2,23 , 0,0,123028,0,X, 	(30-MAY-2025 15:48:21)	 (Not Inserted)
2,23 , 0,0,123028,0,X, 	(30-MAY-2025 15:48:21)	 (Not Inserted)
2,23 , 0,0,123028,0,X, 	(30-MAY-2025 15:48:21)	 (Not Inserted)
2,23 , 0,0,123028,0,X, 	(30-MAY-2025 15:48:21)	 (Not Inserted)
2,23 , 0,0,123028,0,X, 	(30-MAY-2025 15:48:21)	 (Not Inserted)
2,23 , 0,0,123028,0,X, 	(30-MAY-2025 15:48:21)	 (Not Inserted)
2,23 , 0,0,123028,0,X, 	(30-MAY-2025 15:48:21)	 (Not Inserted)
2,23 , 0,0,123028,0,X, 	(30-MAY-2025 15:48:21)	 (Not Inserted)
2,23 , 0,0,123028,0,X, 	(30-MAY-2025 15:48:21)	 (Not Inserted)
2,23 , 0,0,123028,0,X, 	(30-MAY-2025 15:48:21)	 (Not Inserted)
2,23 , 0,0,123028,0,X, 	(30-MAY-2025 15:48:21)	 (Not Inserted)
2,23 , 0,0,123028,0,X, 	(30-MAY-2025 15:48:21)	 (Not Inserted)
2,23 , 0,0,123028,0,X, 	(30-MAY-2025 15:48:21)	 (Not Inserted)
2,23 , 0,0,123028,0,X, 	(30-MAY-2025 15:48:21)	 (Not Inserted)
2,23 , 0,0,123028,0,X, 	(30-MAY-2025 15:48:21)	 (Not Inserted)
2,23 , 0,0,123028,0,X, 	(30-MAY-2025 15:48:21)	 (Not Inserted)
2,23 , 0,0,123028,0,X, 	(30-MAY-2025 15:48:21)	 (Not Inserted)
2,23 , 0,0,123028,0,X, 	(30-MAY-2025 15:48:21)	 (Not Inserted)
2,23 , 0,0,123028,0,X, 	(30-MAY-2025 15:48:21)	 (Not Inserted)
2,23 , 0,0,123028,0,X, 	(30-MAY-2025 15:48:21)	 (Not Inserted)
2,23 , 0,0,123028,0,X, 	(30-MAY-2025 15:48:21)	 (Not Inserted)
2,23 , 0,0,123028,0,X, 	(30-MAY-2025 15:48:21)	 (Not Inserted)
2,23 , 0,0,123028,0,X, 	(30-MAY-2025 15:48:21)	 (Not Inserted)
2,23 , 0,0,123028,0,X, 	(30-MAY-2025 15:48:21)	 (Not Inserted)
2,23 , 0,0,123028,0,X, 	(30-MAY-2025 15:48:21)	 (Not Inserted)
2,23 , 0,0,123028,0,X, 	(30-MAY-2025 15:48:21)	 (Not Inserted)
2,23 , 0,0,123028,0,X, 	(30-MAY-2025 15:48:21)	 (Not Inserted)
2,23 , 0,0,123028,0,X, 	(30-MAY-2025 15:48:21)	 (Not Inserted)
2,23 , 0,0,123028,0,X, 	(30-MAY-2025 15:48:21)	 (Not Inserted)
2,23 , 0,0,123028,0,X, 	(30-MAY-2025 15:48:21)	 (Not Inserted)
2,23 , 0,0,123028,0,X, 	(30-MAY-2025 15:48:21)	 (Not Inserted)
2,23 , 0,0,123028,0,X, 	(30-MAY-2025 15:48:21)	 (Not Inserted)
2,23 , 0,0,123028,0,X, 	(30-MAY-2025 15:48:21)	 (Not Inserted)
2,23 , 0,0,123028,0,X, 	(30-MAY-2025 15:48:21)	 (Not Inserted)
2,23 , 0,0,123028,0,X, 	(30-MAY-2025 15:48:21)	 (Not Inserted)
2,23 , 0,0,123028,0,X, 	(30-MAY-2025 15:48:21)	 (Not Inserted)
2,23 , 0,0,123028,0,X, 	(30-MAY-2025 15:48:21)	 (Not Inserted)
2,23 , 0,0,123028,0,X, 	(30-MAY-2025 15:48:21)	 (Not Inserted)
2,23 , 0,0,123028,0,X, 	(30-MAY-2025 15:48:21)	 (Not Inserted)
2,23 , 0,0,123028,0,X, 	(30-MAY-2025 15:48:21)	 (Not Inserted)
2,23 , 0,0,123028,0,X, 	(30-MAY-2025 15:48:21)	 (Not Inserted)
2,23 , 0,0,123028,0,X, 	(30-MAY-2025 15:48:21)	 (Not Inserted)
2,23 , 0,0,123028,0,X, 	(30-MAY-2025 15:48:21)	 (Not Inserted)
2,23 , 0,0,123028,0,X, 	(30-MAY-2025 15:48:21)	 (Not Inserted)
2,23 , 0,0,123028,0,X, 	(30-MAY-2025 15:48:21)	 (Not Inserted)
2,23 , 0,0,123028,0,X, 	(30-MAY-2025 15:48:21)	 (Not Inserted)
2,23 , 0,0,123028,0,X, 	(30-MAY-2025 15:48:21)	 (Not Inserted)
2,23 , 0,0,123028,0,X, 	(30-MAY-2025 15:48:21)	 (Not Inserted)
2,23 , 0,0,123028,0,X, 	(30-MAY-2025 15:48:21)	 (Not Inserted)
2,23 , 0,0,123028,0,X, 	(30-MAY-2025 15:48:21)	 (Not Inserted)
2,23 , 0,0,123028,0,X, 	(30-MAY-2025 15:48:21)	 (Not Inserted)
2,23 , 0,0,123028,0,X, 	(30-MAY-2025 15:48:21)	 (Not Inserted)
2,23 , 0,0,123028,0,X, 	(30-MAY-2025 15:48:21)	 (Not Inserted)
2,23 , 0,0,123028,0,X, 	(30-MAY-2025 15:48:21)	 (Not Inserted)
2,23 , 0,0,123028,0,X, 	(30-MAY-2025 15:48:21)	 (Not Inserted)
2,23 , 0,0,123028,0,X, 	(30-MAY-2025 15:48:21)	 (Not Inserted)
2,23 , 0,0,123028,0,X, 	(30-MAY-2025 15:48:21)	 (Not Inserted)
2,23 , 0,0,123028,0,X, 	(30-MAY-2025 15:48:21)	 (Not Inserted)
2,23 , 0,0,123028,0,X, 	(30-MAY-2025 15:48:21)	 (Not Inserted)
2,23 , 0,0,123028,0,X, 	(30-MAY-2025 15:48:21)	 (Not Inserted)
2,23 , 0,0,123028,0,X, 	(30-MAY-2025 15:48:21)	 (Not Inserted)
2,23 , 0,0,123028,0,X, 	(30-MAY-2025 15:48:21)	 (Not Inserted)
2,23 , 0,0,123028,0,X, 	(30-MAY-2025 15:48:21)	 (Not Inserted)
2,23 , 0,0,123028,0,X, 	(30-MAY-2025 15:48:21)	 (Not Inserted)
2,23 , 0,0,123028,0,X, 	(30-MAY-2025 15:48:21)	 (Not Inserted)
2,23 , 0,0,123028,0,X, 	(30-MAY-2025 15:48:21)	 (Not Inserted)
2,23 , 0,0,123028,0,X, 	(30-MAY-2025 15:48:21)	 (Not Inserted)
2,23 , 0,0,123028,0,X, 	(30-MAY-2025 15:48:21)	 (Not Inserted)
2,23 , 0,0,123028,0,X, 	(30-MAY-2025 15:48:21)	 (Not Inserted)
2,23 , 0,0,123028,0,X, 	(30-MAY-2025 15:48:21)	 (Not Inserted)
2,23 , 0,0,123028,0,X, 	(30-MAY-2025 15:48:21)	 (Not Inserted)
2,23 , 0,0,123028,0,X, 	(30-MAY-2025 15:48:21)	 (Not Inserted)
2,23 , 0,0,123028,0,X, 	(30-MAY-2025 15:48:21)	 (Not Inserted)
2,23 , 0,0,123028,0,X, 	(30-MAY-2025 15:48:21)	 (Not Inserted)
2,23 , 0,0,123028,0,X, 	(30-MAY-2025 15:48:21)	 (Not Inserted)
2,23 , 0,0,123028,0,X, 	(30-MAY-2025 15:48:21)	 (Not Inserted)
2,23 , 0,0,123028,0,X, 	(30-MAY-2025 15:48:21)	 (Not Inserted)
2,23 , 0,0,123028,0,X, 	(30-MAY-2025 15:48:21)	 (Not Inserted)
2,23 , 0,0,123028,0,X, 	(30-MAY-2025 15:48:21)	 (Not Inserted)
2,23 , 0,0,123028,0,X, 	(30-MAY-2025 15:48:21)	 (Not Inserted)
2,23 , 0,0,123028,0,X, 	(30-MAY-2025 15:48:21)	 (Not Inserted)
2,23 , 0,0,123028,0,X, 	(30-MAY-2025 15:48:21)	 (Not Inserted)
2,23 , 0,0,123028,0,X, 	(30-MAY-2025 15:48:21)	 (Not Inserted)
2,23 , 0,0,123028,0,X, 	(30-MAY-2025 15:48:21)	 (Not Inserted)
2,23 , 0,0,123028,0,X, 	(30-MAY-2025 15:48:21)	 (Not Inserted)
2,23 , 0,0,125003,1,X, 	(30-MAY-2025 15:48:21)
2,23 , 0,0,125003,1,X, 	(30-MAY-2025 15:48:21)
2,23 , 0,0,125003,1,X, 	(30-MAY-2025 15:48:21)
2,23 , 0,0,125003,1,X, 	(30-MAY-2025 15:48:21)
2,23 , 0,0,125003,1,X, 	(30-MAY-2025 15:48:21)
2,23 , 0,0,125003,1,X, 	(30-MAY-2025 15:48:21)
2,23 , 0,0,125003,1,X, 	(30-MAY-2025 15:48:21)
2,23 , 0,0,125003,1,X, 	(30-MAY-2025 15:48:21)
2,23 , 0,0,125003,1,X, 	(30-MAY-2025 15:48:21)
2,23 , 0,0,125003,1,X, 	(30-MAY-2025 15:48:21)
2,23 , 0,0,125003,1,X, 	(30-MAY-2025 15:48:21)
2,23 , 0,0,125003,1,X, 	(30-MAY-2025 15:48:21)
2,23 , 0,0,125003,1,X, 	(30-MAY-2025 15:48:21)
2,23 , 0,0,125003,1,X, 	(30-MAY-2025 15:48:21)
2,23 , 0,0,125003,1,X, 	(30-MAY-2025 15:48:21)
2,23 , 0,0,125003,1,X, 	(30-MAY-2025 15:48:21)
2,23 , 0,0,125003,1,X, 	(30-MAY-2025 15:48:21)
2,23 , 0,0,125003,1,X, 	(30-MAY-2025 15:48:21)
2,23 , 0,0,125003,1,X, 	(30-MAY-2025 15:48:21)
2,23 , 0,0,125003,1,X, 	(30-MAY-2025 15:48:21)
2,23 , 0,0,125003,1,X, 	(30-MAY-2025 15:48:21)
2,23 , 0,0,125003,1,X, 	(30-MAY-2025 15:48:21)
2,23 , 0,0,125003,1,X, 	(30-MAY-2025 15:48:21)
2,23 , 0,0,125003,1,X, 	(30-MAY-2025 15:48:21)
2,23 , 0,0,125003,1,X, 	(30-MAY-2025 15:48:21)
2,23 , 0,0,125003,1,X, 	(30-MAY-2025 15:48:21)
2,23 , 0,0,125003,1,X, 	(30-MAY-2025 15:48:21)
2,23 , 0,0,125003,1,X, 	(30-MAY-2025 15:48:21)
2,23 , 0,0,125003,1,X, 	(30-MAY-2025 15:48:21)	 (Not Inserted)
2,23 , 0,0,125003,1,X, 	(30-MAY-2025 15:48:21)	 (Not Inserted)
2,23 , 0,0,125003,1,X, 	(30-MAY-2025 15:48:21)	 (Not Inserted)
2,23 , 0,0,125003,1,X, 	(30-MAY-2025 15:48:21)	 (Not Inserted)
2,23 , 0,0,125003,1,X, 	(30-MAY-2025 15:48:21)	 (Not Inserted)
2,23 , 0,0,125003,1,X, 	(30-MAY-2025 15:48:21)	 (Not Inserted)
2,23 , 0,0,125003,1,X, 	(30-MAY-2025 15:48:21)	 (Not Inserted)
2,23 , 0,0,125003,1,X, 	(30-MAY-2025 15:48:21)	 (Not Inserted)
2,23 , 0,0,125003,1,X, 	(30-MAY-2025 15:48:21)	 (Not Inserted)
2,23 , 0,0,125003,1,X, 	(30-MAY-2025 15:48:21)	 (Not Inserted)
2,23 , 0,0,125003,1,X, 	(30-MAY-2025 15:48:21)	 (Not Inserted)
2,23 , 0,0,125003,1,X, 	(30-MAY-2025 15:48:21)	 (Not Inserted)
2,23 , 0,0,125003,1,X, 	(30-MAY-2025 15:48:21)	 (Not Inserted)
2,23 , 0,0,125003,1,X, 	(30-MAY-2025 15:48:21)	 (Not Inserted)
2,23 , 0,0,125003,1,X, 	(30-MAY-2025 15:48:21)	 (Not Inserted)
2,23 , 0,0,125003,1,X, 	(30-MAY-2025 15:48:21)	 (Not Inserted)
2,23 , 0,0,125003,1,X, 	(30-MAY-2025 15:48:21)	 (Not Inserted)
2,23 , 0,0,125003,1,X, 	(30-MAY-2025 15:48:21)	 (Not Inserted)
2,23 , 0,0,125003,1,X, 	(30-MAY-2025 15:48:21)	 (Not Inserted)
2,23 , 0,0,125003,1,X, 	(30-MAY-2025 15:48:21)	 (Not Inserted)
2,23 , 0,0,125003,1,X, 	(30-MAY-2025 15:48:21)	 (Not Inserted)
2,23 , 0,0,125003,1,X, 	(30-MAY-2025 15:48:21)	 (Not Inserted)
2,23 , 0,0,125003,1,X, 	(30-MAY-2025 15:48:21)	 (Not Inserted)
2,23 , 0,0,125003,1,X, 	(30-MAY-2025 15:48:21)	 (Not Inserted)
2,23 , 0,0,125003,1,X, 	(30-MAY-2025 15:48:21)	 (Not Inserted)
2,23 , 0,0,125003,1,X, 	(30-MAY-2025 15:48:21)	 (Not Inserted)
2,23 , 0,0,125003,1,X, 	(30-MAY-2025 15:48:21)	 (Not Inserted)
2,23 , 0,0,125003,1,X, 	(30-MAY-2025 15:48:21)	 (Not Inserted)
2,23 , 0,0,125003,1,X, 	(30-MAY-2025 15:48:21)	 (Not Inserted)
2,23 , 0,0,125003,1,X, 	(30-MAY-2025 15:48:21)	 (Not Inserted)
2,23 , 0,0,125003,1,X, 	(30-MAY-2025 15:48:21)	 (Not Inserted)
2,23 , 0,0,125003,1,X, 	(30-MAY-2025 15:48:21)	 (Not Inserted)
2,23 , 0,0,125003,1,X, 	(30-MAY-2025 15:48:21)	 (Not Inserted)
2,23 , 0,0,125003,1,X, 	(30-MAY-2025 15:48:21)	 (Not Inserted)
2,23 , 0,0,125003,1,X, 	(30-MAY-2025 15:48:21)	 (Not Inserted)
2,23 , 0,0,125003,1,X, 	(30-MAY-2025 15:48:21)	 (Not Inserted)
2,23 , 0,0,125003,1,X, 	(30-MAY-2025 15:48:21)	 (Not Inserted)
2,23 , 0,0,125003,1,X, 	(30-MAY-2025 15:48:21)	 (Not Inserted)
2,23 , 0,0,125003,1,X, 	(30-MAY-2025 15:48:21)	 (Not Inserted)
2,23 , 0,0,125003,1,X, 	(30-MAY-2025 15:48:21)	 (Not Inserted)
2,23 , 0,0,125003,1,X, 	(30-MAY-2025 15:48:21)	 (Not Inserted)
2,23 , 0,0,125003,1,X, 	(30-MAY-2025 15:48:21)	 (Not Inserted)
2,23 , 0,0,125003,1,X, 	(30-MAY-2025 15:48:21)	 (Not Inserted)
2,23 , 0,0,125003,1,X, 	(30-MAY-2025 15:48:21)	 (Not Inserted)
2,23 , 0,0,125003,1,X, 	(30-MAY-2025 15:48:21)	 (Not Inserted)
2,23 , 0,0,125003,1,X, 	(30-MAY-2025 15:48:21)	 (Not Inserted)
2,23 , 0,0,125003,1,X, 	(30-MAY-2025 15:48:21)	 (Not Inserted)
2,23 , 0,0,125003,1,X, 	(30-MAY-2025 15:48:21)	 (Not Inserted)
2,23 , 0,0,125003,1,X, 	(30-MAY-2025 15:48:21)	 (Not Inserted)
2,23 , 0,0,125003,1,X, 	(30-MAY-2025 15:48:21)	 (Not Inserted)
2,23 , 0,0,125003,1,X, 	(30-MAY-2025 15:48:21)	 (Not Inserted)
2,23 , 0,0,125003,1,X, 	(30-MAY-2025 15:48:21)	 (Not Inserted)
2,23 , 0,0,125003,1,X, 	(30-MAY-2025 15:48:21)	 (Not Inserted)
2,23 , 0,0,125003,1,X, 	(30-MAY-2025 15:48:21)	 (Not Inserted)
2,23 , 0,0,125003,1,X, 	(30-MAY-2025 15:48:21)	 (Not Inserted)
2,23 , 0,0,125003,1,X, 	(30-MAY-2025 15:48:21)	 (Not Inserted)
2,24 , 1,0,2,0,S, 	(30-MAY-2025 15:48:21)
2,24 , 1,0,2,0,S, 	(30-MAY-2025 15:48:21)
2,24 , 1,0,2,0,S, 	(30-MAY-2025 15:48:21)
2,24 , 1,0,2,0,S, 	(30-MAY-2025 15:48:21)
2,24 , 1,0,2,0,S, 	(30-MAY-2025 15:48:21)
2,24 , 1,0,2,0,S, 	(30-MAY-2025 15:48:21)
2,24 , 1,0,2,0,S, 	(30-MAY-2025 15:48:21)
2,24 , 1,0,2,0,S, 	(30-MAY-2025 15:48:21)
2,24 , 1,0,2,0,S, 	(30-MAY-2025 15:48:21)
2,24 , 1,0,2,0,S, 	(30-MAY-2025 15:48:21)
2,24 , 1,0,2,0,S, 	(30-MAY-2025 15:48:21)
2,24 , 1,0,2,0,S, 	(30-MAY-2025 15:48:21)
2,24 , 1,0,2,0,S, 	(30-MAY-2025 15:48:21)
2,24 , 1,0,2,0,S, 	(30-MAY-2025 15:48:21)
2,24 , 1,0,2,0,S, 	(30-MAY-2025 15:48:21)
2,24 , 1,0,2,0,S, 	(30-MAY-2025 15:48:21)
2,24 , 1,0,2,0,S, 	(30-MAY-2025 15:48:21)
2,24 , 1,0,2,0,S, 	(30-MAY-2025 15:48:21)
2,24 , 1,0,2,0,S, 	(30-MAY-2025 15:48:21)
2,24 , 1,0,2,0,S, 	(30-MAY-2025 15:48:21)
2,24 , 1,0,2,0,S, 	(30-MAY-2025 15:48:21)
2,24 , 1,0,2,0,S, 	(30-MAY-2025 15:48:21)
2,24 , 1,0,2,0,S, 	(30-MAY-2025 15:48:21)
2,24 , 1,0,2,0,S, 	(30-MAY-2025 15:48:21)
2,24 , 1,0,2,0,S, 	(30-MAY-2025 15:48:21)
2,24 , 1,0,2,0,S, 	(30-MAY-2025 15:48:21)
2,24 , 1,0,2,0,S, 	(30-MAY-2025 15:48:21)
2,24 , 1,0,2,0,S, 	(30-MAY-2025 15:48:21)
2,24 , 1,0,2,0,S, 	(30-MAY-2025 15:48:21)
2,24 , 1,0,2,0,S, 	(30-MAY-2025 15:48:21)
2,24 , 1,0,2,0,S, 	(30-MAY-2025 15:48:21)
2,24 , 1,0,2,0,S, 	(30-MAY-2025 15:48:21)
2,24 , 1,0,2,0,S, 	(30-MAY-2025 15:48:21)
2,24 , 1,0,2,0,S, 	(30-MAY-2025 15:48:21)
2,24 , 1,0,2,0,S, 	(30-MAY-2025 15:48:21)
2,24 , 1,0,2,0,S, 	(30-MAY-2025 15:48:21)
2,24 , 1,0,2,0,S, 	(30-MAY-2025 15:48:21)
2,24 , 1,0,2,0,S, 	(30-MAY-2025 15:48:21)
2,24 , 1,0,2,0,S, 	(30-MAY-2025 15:48:21)
2,24 , 1,0,2,0,S, 	(30-MAY-2025 15:48:21)
2,24 , 1,0,2,0,S, 	(30-MAY-2025 15:48:21)
2,24 , 1,0,2,0,S, 	(30-MAY-2025 15:48:21)
2,24 , 1,0,2,0,S, 	(30-MAY-2025 15:48:21)
2,24 , 1,0,2,0,S, 	(30-MAY-2025 15:48:21)
2,24 , 1,0,2,0,S, 	(30-MAY-2025 15:48:21)
2,24 , 1,0,2,0,S, 	(30-MAY-2025 15:48:21)
2,24 , 1,0,2,0,S, 	(30-MAY-2025 15:48:21)
2,24 , 1,0,2,0,S, 	(30-MAY-2025 15:48:21)
2,24 , 1,0,2,0,S, 	(30-MAY-2025 15:48:21)
2,24 , 1,0,2,0,S, 	(30-MAY-2025 15:48:21)
2,24 , 1,0,2,0,S, 	(30-MAY-2025 15:48:21)
2,24 , 1,0,2,0,S, 	(30-MAY-2025 15:48:21)
2,24 , 1,0,2,0,S, 	(30-MAY-2025 15:48:21)
2,24 , 1,0,2,0,S, 	(30-MAY-2025 15:48:21)
2,24 , 1,0,2,0,S, 	(30-MAY-2025 15:48:21)
2,24 , 1,0,2,0,S, 	(30-MAY-2025 15:48:21)
2,24 , 1,0,2,0,S, 	(30-MAY-2025 15:48:21)
2,24 , 1,0,2,0,S, 	(30-MAY-2025 15:48:21)
2,24 , 1,0,2,0,S, 	(30-MAY-2025 15:48:21)
2,24 , 1,0,2,0,S, 	(30-MAY-2025 15:48:21)
2,24 , 1,0,2,0,S, 	(30-MAY-2025 15:48:21)
2,24 , 1,0,2,0,S, 	(30-MAY-2025 15:48:21)
2,24 , 1,0,2,0,S, 	(30-MAY-2025 15:48:21)
2,24 , 1,0,2,0,S, 	(30-MAY-2025 15:48:21)
2,24 , 1,0,2,0,S, 	(30-MAY-2025 15:48:21)
2,24 , 1,0,2,0,S, 	(30-MAY-2025 15:48:21)
2,24 , 1,0,2,0,S, 	(30-MAY-2025 15:48:21)
2,24 , 1,0,2,0,S, 	(30-MAY-2025 15:48:21)
2,24 , 1,0,2,0,S, 	(30-MAY-2025 15:48:21)
2,24 , 1,0,2,0,S, 	(30-MAY-2025 15:48:21)
2,24 , 1,0,2,0,S, 	(30-MAY-2025 15:48:21)
2,24 , 1,0,2,0,S, 	(30-MAY-2025 15:48:21)
2,24 , 1,0,2,0,S, 	(30-MAY-2025 15:48:21)
2,24 , 1,0,2,0,S, 	(30-MAY-2025 15:48:21)
2,24 , 1,0,2,0,S, 	(30-MAY-2025 15:48:21)
2,24 , 1,0,2,0,S, 	(30-MAY-2025 15:48:21)
2,24 , 1,0,2,0,S, 	(30-MAY-2025 15:48:21)
2,24 , 1,0,2,0,S, 	(30-MAY-2025 15:48:21)
2,24 , 1,0,2,0,S, 	(30-MAY-2025 15:48:21)
2,24 , 1,0,2,0,S, 	(30-MAY-2025 15:48:21)
2,24 , 1,0,2,0,S, 	(30-MAY-2025 15:48:21)
2,24 , 1,0,2,0,S, 	(30-MAY-2025 15:48:21)
2,24 , 1,0,2,0,S, 	(30-MAY-2025 15:48:21)
2,24 , 1,0,2,0,S, 	(30-MAY-2025 15:48:21)
2,24 , 1,0,2,0,S, 	(30-MAY-2025 15:48:21)
2,24 , 1,0,2,0,S, 	(30-MAY-2025 15:48:21)
2,24 , 1,0,2,0,S, 	(30-MAY-2025 15:48:21)
2,24 , 1,0,2,0,S, 	(30-MAY-2025 15:48:21)
2,24 , 1,0,2,0,S, 	(30-MAY-2025 15:48:21)
2,24 , 1,0,2,0,S, 	(30-MAY-2025 15:48:21)
2,24 , 1,0,2,0,S, 	(30-MAY-2025 15:48:21)
2,24 , 1,0,2,0,S, 	(30-MAY-2025 15:48:21)
2,24 , 1,0,2,0,S, 	(30-MAY-2025 15:48:21)
2,24 , 1,0,2,0,S, 	(30-MAY-2025 15:48:21)
2,24 , 1,0,2,0,S, 	(30-MAY-2025 15:48:21)
2,24 , 1,0,2,0,S, 	(30-MAY-2025 15:48:21)
2,24 , 1,0,2,0,S, 	(30-MAY-2025 15:48:21)
2,24 , 1,0,2,0,S, 	(30-MAY-2025 15:48:21)
2,24 , 1,0,2,0,S, 	(30-MAY-2025 15:48:21)
2,24 , 1,0,2,0,S, 	(30-MAY-2025 15:48:21)
2,24 , 1,0,2,0,S, 	(30-MAY-2025 15:48:21)
2,24 , 1,0,2,0,S, 	(30-MAY-2025 15:48:21)
2,24 , 1,0,2,0,S, 	(30-MAY-2025 15:48:21)
2,24 , 1,0,2,0,S, 	(30-MAY-2025 15:48:21)
2,24 , 1,0,2,0,S, 	(30-MAY-2025 15:48:21)
2,24 , 1,0,2,0,S, 	(30-MAY-2025 15:48:21)
2,24 , 1,0,2,0,S, 	(30-MAY-2025 15:48:21)
2,24 , 1,0,2,0,S, 	(30-MAY-2025 15:48:21)
2,24 , 1,0,2,0,S, 	(30-MAY-2025 15:48:21)
2,24 , 1,0,2,0,S, 	(30-MAY-2025 15:48:21)
2,24 , 1,0,2,0,S, 	(30-MAY-2025 15:48:21)
2,24 , 1,0,2,0,S, 	(30-MAY-2025 15:48:21)
2,24 , 1,0,2,0,S, 	(30-MAY-2025 15:48:21)
2,24 , 1,0,2,0,S, 	(30-MAY-2025 15:48:21)
2,24 , 1,0,2,0,S, 	(30-MAY-2025 15:48:21)
2,24 , 1,0,2,0,S, 	(30-MAY-2025 15:48:21)
2,24 , 1,0,2,0,S, 	(30-MAY-2025 15:48:21)
2,24 , 1,0,2,0,S, 	(30-MAY-2025 15:48:21)
2,24 , 1,0,2,0,S, 	(30-MAY-2025 15:48:21)
2,24 , 1,0,2,0,S, 	(30-MAY-2025 15:48:21)
2,24 , 1,0,2,0,S, 	(30-MAY-2025 15:48:21)
2,24 , 1,0,2,0,S, 	(30-MAY-2025 15:48:21)
2,24 , 1,0,2,0,S, 	(30-MAY-2025 15:48:21)
2,24 , 1,0,2,0,S, 	(30-MAY-2025 15:48:21)
2,24 , 1,0,2,0,S, 	(30-MAY-2025 15:48:21)
2,24 , 1,0,2,0,S, 	(30-MAY-2025 15:48:21)
2,24 , 1,0,2,0,S, 	(30-MAY-2025 15:48:21)
2,24 , 1,0,2,0,S, 	(30-MAY-2025 15:48:21)
2,24 , 1,0,2,0,S, 	(30-MAY-2025 15:48:21)
2,24 , 1,0,2,0,S, 	(30-MAY-2025 15:48:21)
2,24 , 1,0,2,0,S, 	(30-MAY-2025 15:48:21)
2,24 , 1,0,2,0,S, 	(30-MAY-2025 15:48:21)
2,24 , 1,0,2,0,S, 	(30-MAY-2025 15:48:21)
2,24 , 1,0,2,0,S, 	(30-MAY-2025 15:48:21)
2,24 , 1,0,2,0,S, 	(30-MAY-2025 15:48:21)
2,24 , 1,0,2,0,S, 	(30-MAY-2025 15:48:21)
2,24 , 1,0,2,0,S, 	(30-MAY-2025 15:48:21)
2,24 , 1,0,2,0,S, 	(30-MAY-2025 15:48:21)
2,24 , 1,0,2,0,S, 	(30-MAY-2025 15:48:21)
2,24 , 1,0,2,0,S, 	(30-MAY-2025 15:48:21)
2,24 , 1,0,2,0,S, 	(30-MAY-2025 15:48:21)
2,24 , 1,0,2,0,S, 	(30-MAY-2025 15:48:21)
2,24 , 1,0,2,0,S, 	(30-MAY-2025 15:48:21)
2,24 , 1,0,2,0,S, 	(30-MAY-2025 15:48:21)
2,24 , 1,0,2,0,S, 	(30-MAY-2025 15:48:21)
2,24 , 1,0,2,0,S, 	(30-MAY-2025 15:48:21)
2,24 , 1,0,2,0,S, 	(30-MAY-2025 15:48:21)
2,24 , 1,0,2,0,S, 	(30-MAY-2025 15:48:21)
2,24 , 1,0,2,0,S, 	(30-MAY-2025 15:48:21)
2,24 , 1,0,2,0,S, 	(30-MAY-2025 15:48:21)
2,24 , 1,0,2,0,S, 	(30-MAY-2025 15:48:21)
2,24 , 1,0,2,0,S, 	(30-MAY-2025 15:48:21)
2,24 , 1,0,2,0,S, 	(30-MAY-2025 15:48:21)
2,24 , 1,0,2,0,S, 	(30-MAY-2025 15:48:21)
2,24 , 1,0,2,0,S, 	(30-MAY-2025 15:48:21)
2,24 , 1,0,2,0,S, 	(30-MAY-2025 15:48:21)
2,24 , 1,0,2,0,S, 	(30-MAY-2025 15:48:21)
2,24 , 1,0,2,0,S, 	(30-MAY-2025 15:48:21)
2,24 , 1,0,2,0,S, 	(30-MAY-2025 15:48:21)
2,24 , 1,0,2,0,S, 	(30-MAY-2025 15:48:21)
2,24 , 1,0,2,0,S, 	(30-MAY-2025 15:48:21)
2,24 , 1,0,2,0,S, 	(30-MAY-2025 15:48:21)
2,24 , 1,0,2,0,S, 	(30-MAY-2025 15:48:21)
2,24 , 1,0,2,0,S, 	(30-MAY-2025 15:48:21)
2,24 , 1,0,2,0,S, 	(30-MAY-2025 15:48:21)
2,24 , 1,0,2,0,S, 	(30-MAY-2025 15:48:21)
2,24 , 1,0,2,0,S, 	(30-MAY-2025 15:48:21)
2,24 , 1,0,2,0,S, 	(30-MAY-2025 15:48:21)
2,24 , 1,0,2,0,S, 	(30-MAY-2025 15:48:21)
2,24 , 1,0,2,0,S, 	(30-MAY-2025 15:48:21)
2,24 , 1,0,2,0,S, 	(30-MAY-2025 15:48:21)
2,24 , 1,0,2,0,S, 	(30-MAY-2025 15:48:21)
2,24 , 1,0,2,0,S, 	(30-MAY-2025 15:48:21)
2,24 , 1,0,2,0,S, 	(30-MAY-2025 15:48:21)
2,24 , 1,0,2,0,S, 	(30-MAY-2025 15:48:21)
2,24 , 1,0,2,0,S, 	(30-MAY-2025 15:48:21)
2,24 , 1,0,2,0,S, 	(30-MAY-2025 15:48:21)
2,24 , 1,0,2,0,S, 	(30-MAY-2025 15:48:21)
2,24 , 1,0,2,0,S, 	(30-MAY-2025 15:48:21)
2,24 , 1,0,2,0,S, 	(30-MAY-2025 15:48:21)
2,24 , 1,0,2,0,S, 	(30-MAY-2025 15:48:21)
2,24 , 1,0,2,0,S, 	(30-MAY-2025 15:48:21)
2,24 , 1,0,2,0,S, 	(30-MAY-2025 15:48:21)
2,24 , 1,0,2,0,S, 	(30-MAY-2025 15:48:21)
2,24 , 1,0,2,0,S, 	(30-MAY-2025 15:48:21)
2,24 , 1,0,2,0,S, 	(30-MAY-2025 15:48:21)
2,24 , 1,0,2,0,S, 	(30-MAY-2025 15:48:21)
2,24 , 1,0,2,0,S, 	(30-MAY-2025 15:48:21)
2,24 , 1,0,2,0,S, 	(30-MAY-2025 15:48:21)
2,24 , 1,0,2,0,S, 	(30-MAY-2025 15:48:21)
2,24 , 1,0,2,0,S, 	(30-MAY-2025 15:48:21)
2,24 , 1,0,2,0,S, 	(30-MAY-2025 15:48:21)
2,24 , 1,0,2,0,S, 	(30-MAY-2025 15:48:21)
2,24 , 1,0,2,0,S, 	(30-MAY-2025 15:48:21)
2,24 , 1,0,2,0,S, 	(30-MAY-2025 15:48:21)
2,24 , 1,0,2,0,S, 	(30-MAY-2025 15:48:21)
2,24 , 1,0,2,0,S, 	(30-MAY-2025 15:48:21)
2,24 , 1,0,2,0,S, 	(30-MAY-2025 15:48:21)
2,24 , 1,0,2,0,S, 	(30-MAY-2025 15:48:21)
2,24 , 1,0,2,0,S, 	(30-MAY-2025 15:48:21)
2,24 , 1,0,2,0,S, 	(30-MAY-2025 15:48:21)
2,24 , 1,0,2,0,S, 	(30-MAY-2025 15:48:21)
2,24 , 1,0,2,0,S, 	(30-MAY-2025 15:48:21)
2,24 , 1,0,2,0,S, 	(30-MAY-2025 15:48:21)
2,24 , 1,0,2,0,S, 	(30-MAY-2025 15:48:21)
2,24 , 1,0,2,0,S, 	(30-MAY-2025 15:48:21)
2,24 , 1,0,2,0,S, 	(30-MAY-2025 15:48:21)
2,24 , 1,0,2,0,S, 	(30-MAY-2025 15:48:21)
2,24 , 1,0,2,0,S, 	(30-MAY-2025 15:48:21)
2,24 , 1,0,2,0,S, 	(30-MAY-2025 15:48:21)
2,24 , 1,0,2,0,S, 	(30-MAY-2025 15:48:21)
2,24 , 1,0,2,0,S, 	(30-MAY-2025 15:48:21)
2,24 , 1,0,2,0,S, 	(30-MAY-2025 15:48:21)
2,24 , 1,0,2,0,S, 	(30-MAY-2025 15:48:21)
2,24 , 1,0,2,0,S, 	(30-MAY-2025 15:48:21)
2,24 , 1,0,2,0,S, 	(30-MAY-2025 15:48:21)
2,24 , 1,0,2,0,S, 	(30-MAY-2025 15:48:21)
2,24 , 1,0,2,0,S, 	(30-MAY-2025 15:48:21)
2,24 , 1,0,2,0,S, 	(30-MAY-2025 15:48:21)
2,24 , 1,0,2,0,S, 	(30-MAY-2025 15:48:21)
2,24 , 1,0,2,0,S, 	(30-MAY-2025 15:48:21)
2,24 , 1,0,2,0,S, 	(30-MAY-2025 15:48:21)
2,24 , 1,0,2,0,S, 	(30-MAY-2025 15:48:21)
2,24 , 1,0,2,0,S, 	(30-MAY-2025 15:48:21)
2,24 , 1,0,2,0,S, 	(30-MAY-2025 15:48:21)
2,24 , 1,0,2,0,S, 	(30-MAY-2025 15:48:21)
2,24 , 1,0,2,0,S, 	(30-MAY-2025 15:48:21)
2,24 , 1,0,2,0,S, 	(30-MAY-2025 15:48:21)
2,24 , 1,0,2,0,S, 	(30-MAY-2025 15:48:21)
2,24 , 1,0,2,0,S, 	(30-MAY-2025 15:48:21)
2,24 , 1,0,2,0,S, 	(30-MAY-2025 15:48:21)
2,24 , 1,0,2,0,S, 	(30-MAY-2025 15:48:21)
2,24 , 1,0,2,0,S, 	(30-MAY-2025 15:48:21)
2,24 , 1,0,2,0,S, 	(30-MAY-2025 15:48:21)
2,24 , 1,0,2,0,S, 	(30-MAY-2025 15:48:21)
2,24 , 1,0,2,0,S, 	(30-MAY-2025 15:48:21)
2,24 , 1,0,2,0,S, 	(30-MAY-2025 15:48:21)
2,24 , 1,0,2,0,S, 	(30-MAY-2025 15:48:21)
2,24 , 1,0,2,0,S, 	(30-MAY-2025 15:48:21)
2,24 , 1,0,2,0,S, 	(30-MAY-2025 15:48:21)
2,24 , 1,0,2,0,S, 	(30-MAY-2025 15:48:21)
2,24 , 1,0,2,0,S, 	(30-MAY-2025 15:48:21)
2,24 , 1,0,2,0,S, 	(30-MAY-2025 15:48:21)
2,24 , 1,0,2,0,S, 	(30-MAY-2025 15:48:21)
2,24 , 1,0,2,0,S, 	(30-MAY-2025 15:48:21)
2,24 , 1,0,2,0,S, 	(30-MAY-2025 15:48:21)
2,24 , 1,0,2,0,S, 	(30-MAY-2025 15:48:21)
2,24 , 1,0,2,0,S, 	(30-MAY-2025 15:48:21)
2,24 , 1,0,2,0,S, 	(30-MAY-2025 15:48:21)
2,24 , 1,0,2,0,S, 	(30-MAY-2025 15:48:21)
2,24 , 1,0,2,0,S, 	(30-MAY-2025 15:48:21)
2,24 , 1,0,2,0,S, 	(30-MAY-2025 15:48:21)
2,24 , 1,0,2,0,S, 	(30-MAY-2025 15:48:21)
2,24 , 1,0,2,0,S, 	(30-MAY-2025 15:48:21)
2,24 , 1,0,2,0,S, 	(30-MAY-2025 15:48:21)
2,24 , 1,0,2,0,S, 	(30-MAY-2025 15:48:21)
2,24 , 1,0,2,0,S, 	(30-MAY-2025 15:48:21)
2,24 , 1,0,2,0,S, 	(30-MAY-2025 15:48:21)
2,24 , 1,0,2,0,S, 	(30-MAY-2025 15:48:21)
2,24 , 1,0,2,0,S, 	(30-MAY-2025 15:48:21)
2,24 , 1,0,2,0,S, 	(30-MAY-2025 15:48:21)
2,24 , 1,0,2,0,S, 	(30-MAY-2025 15:48:21)
2,24 , 1,0,2,0,S, 	(30-MAY-2025 15:48:21)
2,24 , 1,0,2,0,S, 	(30-MAY-2025 15:48:21)
2,24 , 1,0,2,0,S, 	(30-MAY-2025 15:48:21)
2,24 , 1,0,2,0,S, 	(30-MAY-2025 15:48:21)
2,24 , 1,0,2,0,S, 	(30-MAY-2025 15:48:21)
2,24 , 1,0,2,0,S, 	(30-MAY-2025 15:48:21)
2,24 , 1,0,2,0,S, 	(30-MAY-2025 15:48:21)
2,24 , 1,0,2,0,S, 	(30-MAY-2025 15:48:21)
2,24 , 1,0,2,0,S, 	(30-MAY-2025 15:48:21)
2,24 , 1,0,2,0,S, 	(30-MAY-2025 15:48:21)
2,24 , 1,0,2,0,S, 	(30-MAY-2025 15:48:21)
2,24 , 1,0,2,0,S, 	(30-MAY-2025 15:48:21)
2,24 , 1,0,2,0,S, 	(30-MAY-2025 15:48:21)
2,24 , 1,0,2,0,S, 	(30-MAY-2025 15:48:21)
2,24 , 1,0,2,0,S, 	(30-MAY-2025 15:48:21)
2,24 , 1,0,2,0,S, 	(30-MAY-2025 15:48:21)
2,24 , 1,0,2,0,S, 	(30-MAY-2025 15:48:21)
2,24 , 1,0,2,0,S, 	(30-MAY-2025 15:48:21)
2,24 , 1,0,2,0,S, 	(30-MAY-2025 15:48:21)
2,24 , 1,0,2,0,S, 	(30-MAY-2025 15:48:21)
2,24 , 1,0,2,0,S, 	(30-MAY-2025 15:48:21)
2,24 , 1,0,2,0,S, 	(30-MAY-2025 15:48:21)
2,24 , 1,0,2,0,S, 	(30-MAY-2025 15:48:21)
2,24 , 1,0,2,0,S, 	(30-MAY-2025 15:48:21)
2,24 , 1,0,2,0,S, 	(30-MAY-2025 15:48:21)
2,24 , 1,0,2,0,S, 	(30-MAY-2025 15:48:21)
2,24 , 1,0,2,0,S, 	(30-MAY-2025 15:48:21)
2,24 , 1,0,2,0,S, 	(30-MAY-2025 15:48:21)
2,24 , 1,0,2,0,S, 	(30-MAY-2025 15:48:21)
2,24 , 1,0,2,0,S, 	(30-MAY-2025 15:48:21)
2,24 , 1,0,2,0,S, 	(30-MAY-2025 15:48:21)
2,24 , 1,0,2,0,S, 	(30-MAY-2025 15:48:21)
2,24 , 1,0,2,0,S, 	(30-MAY-2025 15:48:21)
2,24 , 1,0,2,0,S, 	(30-MAY-2025 15:48:21)
2,24 , 1,0,2,0,S, 	(30-MAY-2025 15:48:21)
2,24 , 1,0,2,0,S, 	(30-MAY-2025 15:48:21)
2,24 , 1,0,2,0,S, 	(30-MAY-2025 15:48:21)
2,24 , 1,0,2,0,S, 	(30-MAY-2025 15:48:21)
2,24 , 1,0,2,0,S, 	(30-MAY-2025 15:48:21)
2,24 , 1,0,2,0,S, 	(30-MAY-2025 15:48:21)
2,24 , 1,0,2,0,S, 	(30-MAY-2025 15:48:21)
2,24 , 1,0,2,0,S, 	(30-MAY-2025 15:48:21)
2,24 , 1,0,2,0,S, 	(30-MAY-2025 15:48:21)
2,24 , 1,0,2,0,S, 	(30-MAY-2025 15:48:21)
2,24 , 1,0,2,0,S, 	(30-MAY-2025 15:48:21)
2,24 , 1,0,2,0,S, 	(30-MAY-2025 15:48:21)
2,24 , 1,0,2,0,S, 	(30-MAY-2025 15:48:21)
2,24 , 1,0,2,0,S, 	(30-MAY-2025 15:48:21)
2,24 , 1,0,2,0,S, 	(30-MAY-2025 15:48:21)
2,24 , 1,0,2,0,S, 	(30-MAY-2025 15:48:21)
2,24 , 1,0,2,0,S, 	(30-MAY-2025 15:48:21)
2,24 , 1,0,2,0,S, 	(30-MAY-2025 15:48:21)
2,24 , 1,0,2,0,S, 	(30-MAY-2025 15:48:21)
2,24 , 1,0,2,0,S, 	(30-MAY-2025 15:48:21)
2,24 , 1,0,2,0,S, 	(30-MAY-2025 15:48:21)
2,24 , 1,0,2,0,S, 	(30-MAY-2025 15:48:21)
2,24 , 1,0,2,0,S, 	(30-MAY-2025 15:48:21)
2,24 , 1,0,2,0,S, 	(30-MAY-2025 15:48:21)
2,24 , 1,0,2,0,S, 	(30-MAY-2025 15:48:21)
2,24 , 1,0,2,0,S, 	(30-MAY-2025 15:48:21)
2,24 , 1,0,2,0,S, 	(30-MAY-2025 15:48:21)
2,24 , 1,0,2,0,S, 	(30-MAY-2025 15:48:21)
2,24 , 1,0,2,0,S, 	(30-MAY-2025 15:48:21)
2,24 , 1,0,2,0,S, 	(30-MAY-2025 15:48:21)
2,24 , 1,0,2,0,S, 	(30-MAY-2025 15:48:21)
2,24 , 1,0,2,0,S, 	(30-MAY-2025 15:48:21)
2,24 , 1,0,2,0,S, 	(30-MAY-2025 15:48:21)
2,24 , 1,0,2,0,S, 	(30-MAY-2025 15:48:21)
2,24 , 1,0,2,0,S, 	(30-MAY-2025 15:48:21)
2,24 , 1,0,2,0,S, 	(30-MAY-2025 15:48:21)
2,24 , 1,0,2,0,S, 	(30-MAY-2025 15:48:21)
2,24 , 1,0,2,0,S, 	(30-MAY-2025 15:48:21)
2,24 , 1,0,2,0,S, 	(30-MAY-2025 15:48:21)
2,24 , 1,0,2,0,S, 	(30-MAY-2025 15:48:21)
2,24 , 1,0,2,0,S, 	(30-MAY-2025 15:48:21)
2,24 , 1,0,3,0,S, 	(30-MAY-2025 15:48:21)
2,24 , 1,0,3,0,S, 	(30-MAY-2025 15:48:21)
2,24 , 1,0,3,0,S, 	(30-MAY-2025 15:48:21)
2,24 , 1,0,3,0,S, 	(30-MAY-2025 15:48:21)
2,24 , 1,0,3,0,S, 	(30-MAY-2025 15:48:21)
2,24 , 1,0,3,0,S, 	(30-MAY-2025 15:48:21)
2,24 , 1,0,3,0,S, 	(30-MAY-2025 15:48:21)
2,24 , 1,0,3,0,S, 	(30-MAY-2025 15:48:21)
2,24 , 1,0,3,0,S, 	(30-MAY-2025 15:48:21)
2,24 , 1,0,5,0,S, 	(30-MAY-2025 15:48:21)
2,24 , 1,0,5,0,S, 	(30-MAY-2025 15:48:21)
2,24 , 1,0,5,0,S, 	(30-MAY-2025 15:48:21)
2,24 , 1,0,5,0,S, 	(30-MAY-2025 15:48:21)
2,24 , 1,0,5,0,S, 	(30-MAY-2025 15:48:21)
2,24 , 1,0,5,0,S, 	(30-MAY-2025 15:48:21)
2,24 , 1,0,5,0,S, 	(30-MAY-2025 15:48:21)
2,24 , 1,0,5,0,S, 	(30-MAY-2025 15:48:21)
2,24 , 1,0,5,0,S, 	(30-MAY-2025 15:48:21)
2,24 , 1,0,5,0,S, 	(30-MAY-2025 15:48:21)
2,24 , 1,0,5,0,S, 	(30-MAY-2025 15:48:21)
2,24 , 1,0,5,0,S, 	(30-MAY-2025 15:48:21)
2,24 , 1,0,5,0,S, 	(30-MAY-2025 15:48:21)
2,24 , 1,0,5,0,S, 	(30-MAY-2025 15:48:21)
2,24 , 1,0,5,0,S, 	(30-MAY-2025 15:48:21)
2,24 , 1,0,5,0,S, 	(30-MAY-2025 15:48:21)
2,24 , 1,0,5,0,S, 	(30-MAY-2025 15:48:21)
2,24 , 1,0,5,0,S, 	(30-MAY-2025 15:48:21)
2,24 , 1,0,5,0,S, 	(30-MAY-2025 15:48:21)
2,24 , 1,0,5,0,S, 	(30-MAY-2025 15:48:21)
2,24 , 1,0,5,0,S, 	(30-MAY-2025 15:48:21)
2,24 , 1,0,5,0,S, 	(30-MAY-2025 15:48:21)
2,24 , 1,0,5,0,S, 	(30-MAY-2025 15:48:21)
2,24 , 1,0,5,0,S, 	(30-MAY-2025 15:48:21)
2,24 , 1,0,5,0,S, 	(30-MAY-2025 15:48:21)
2,24 , 1,0,5,0,S, 	(30-MAY-2025 15:48:21)
2,24 , 1,0,5,0,S, 	(30-MAY-2025 15:48:21)
2,24 , 1,0,5,0,S, 	(30-MAY-2025 15:48:21)
2,24 , 1,0,5,0,S, 	(30-MAY-2025 15:48:21)
2,24 , 1,0,5,0,S, 	(30-MAY-2025 15:48:21)
2,24 , 1,0,1,1,S, 	(30-MAY-2025 15:48:21)
2,24 , 1,0,1,1,S, 	(30-MAY-2025 15:48:21)
2,24 , 1,0,1,1,S, 	(30-MAY-2025 15:48:21)
2,24 , 1,0,1,1,S, 	(30-MAY-2025 15:48:21)
2,24 , 1,0,1,1,S, 	(30-MAY-2025 15:48:21)
2,24 , 1,0,1,1,S, 	(30-MAY-2025 15:48:21)
2,24 , 1,0,1,1,S, 	(30-MAY-2025 15:48:21)
2,24 , 1,0,1,1,S, 	(30-MAY-2025 15:48:21)
2,24 , 1,0,1,1,S, 	(30-MAY-2025 15:48:21)
2,24 , 1,0,1,1,S, 	(30-MAY-2025 15:48:21)
2,24 , 1,0,1,1,S, 	(30-MAY-2025 15:48:21)
2,24 , 1,0,1,1,S, 	(30-MAY-2025 15:48:21)
2,24 , 1,0,1,1,S, 	(30-MAY-2025 15:48:21)
2,24 , 1,0,1,1,S, 	(30-MAY-2025 15:48:21)
2,24 , 1,0,1,1,S, 	(30-MAY-2025 15:48:21)
2,24 , 1,0,1,1,S, 	(30-MAY-2025 15:48:21)
2,24 , 1,0,1,1,S, 	(30-MAY-2025 15:48:21)
2,24 , 1,0,1,1,S, 	(30-MAY-2025 15:48:21)
2,24 , 1,0,1,1,S, 	(30-MAY-2025 15:48:21)
2,24 , 1,0,1,1,S, 	(30-MAY-2025 15:48:21)
2,24 , 1,0,1,1,S, 	(30-MAY-2025 15:48:21)
2,24 , 1,0,1,1,S, 	(30-MAY-2025 15:48:21)
2,24 , 1,0,1,1,S, 	(30-MAY-2025 15:48:21)
2,24 , 1,0,1,1,S, 	(30-MAY-2025 15:48:21)
2,24 , 1,0,1,1,S, 	(30-MAY-2025 15:48:21)
2,24 , 1,0,1,1,S, 	(30-MAY-2025 15:48:21)
2,24 , 1,0,1,1,S, 	(30-MAY-2025 15:48:21)
2,24 , 1,0,1,1,S, 	(30-MAY-2025 15:48:21)
2,24 , 1,0,1,1,S, 	(30-MAY-2025 15:48:21)
2,24 , 1,0,1,1,S, 	(30-MAY-2025 15:48:21)
2,24 , 1,0,1,1,S, 	(30-MAY-2025 15:48:21)
2,24 , 1,0,1,1,S, 	(30-MAY-2025 15:48:21)
2,24 , 1,0,1,1,S, 	(30-MAY-2025 15:48:21)
2,24 , 1,0,1,1,S, 	(30-MAY-2025 15:48:21)
2,24 , 1,0,1,1,S, 	(30-MAY-2025 15:48:21)
2,24 , 1,0,1,1,S, 	(30-MAY-2025 15:48:21)
2,24 , 1,0,1,1,S, 	(30-MAY-2025 15:48:21)
2,24 , 1,0,1,1,S, 	(30-MAY-2025 15:48:21)
2,24 , 1,0,1,1,S, 	(30-MAY-2025 15:48:21)
2,24 , 1,0,1,1,S, 	(30-MAY-2025 15:48:21)
2,24 , 1,0,1,1,S, 	(30-MAY-2025 15:48:21)
2,24 , 1,0,1,1,S, 	(30-MAY-2025 15:48:21)
2,24 , 1,0,1,1,S, 	(30-MAY-2025 15:48:21)
2,24 , 1,0,1,1,S, 	(30-MAY-2025 15:48:21)
2,24 , 1,0,1,1,S, 	(30-MAY-2025 15:48:21)
2,24 , 1,0,1,1,S, 	(30-MAY-2025 15:48:21)
2,24 , 1,0,1,1,S, 	(30-MAY-2025 15:48:21)
2,24 , 1,0,1,1,S, 	(30-MAY-2025 15:48:21)
2,24 , 1,0,1,1,S, 	(30-MAY-2025 15:48:21)
2,24 , 1,0,1,1,S, 	(30-MAY-2025 15:48:21)
2,24 , 1,0,1,1,S, 	(30-MAY-2025 15:48:21)
2,24 , 1,0,1,1,S, 	(30-MAY-2025 15:48:21)
2,24 , 1,0,1,1,S, 	(30-MAY-2025 15:48:21)
2,24 , 1,0,1,1,S, 	(30-MAY-2025 15:48:21)
2,24 , 1,0,1,1,S, 	(30-MAY-2025 15:48:21)
2,24 , 1,0,1,1,S, 	(30-MAY-2025 15:48:21)
2,24 , 1,0,1,1,S, 	(30-MAY-2025 15:48:21)
2,24 , 1,0,1,1,S, 	(30-MAY-2025 15:48:21)
2,24 , 1,0,1,1,S, 	(30-MAY-2025 15:48:21)
2,24 , 1,0,1,1,S, 	(30-MAY-2025 15:48:21)
2,24 , 1,0,1,1,S, 	(30-MAY-2025 15:48:21)
2,24 , 1,0,1,0,S, 	(30-MAY-2025 15:48:21)
2,24 , 1,0,1,0,S, 	(30-MAY-2025 15:48:21)
2,24 , 1,0,1,0,S, 	(30-MAY-2025 15:48:21)
2,24 , 1,0,1,0,S, 	(30-MAY-2025 15:48:21)
2,24 , 1,0,1,0,S, 	(30-MAY-2025 15:48:21)
2,24 , 1,0,1,0,S, 	(30-MAY-2025 15:48:21)
2,24 , 1,0,1,0,S, 	(30-MAY-2025 15:48:21)
2,24 , 1,0,1,0,S, 	(30-MAY-2025 15:48:21)
2,24 , 1,0,1,0,S, 	(30-MAY-2025 15:48:21)
2,24 , 1,0,1,0,S, 	(30-MAY-2025 15:48:21)
2,24 , 1,0,1,0,S, 	(30-MAY-2025 15:48:21)
2,24 , 1,0,1,0,S, 	(30-MAY-2025 15:48:21)
2,24 , 1,0,1,0,S, 	(30-MAY-2025 15:48:21)
2,24 , 1,0,1,0,S, 	(30-MAY-2025 15:48:21)
2,24 , 1,0,1,0,S, 	(30-MAY-2025 15:48:21)
2,24 , 1,0,1,0,S, 	(30-MAY-2025 15:48:21)
2,24 , 1,0,1,0,S, 	(30-MAY-2025 15:48:22)
2,24 , 1,0,1,0,S, 	(30-MAY-2025 15:48:22)
2,24 , 1,0,1,0,S, 	(30-MAY-2025 15:48:22)
2,24 , 1,0,1,0,S, 	(30-MAY-2025 15:48:22)
2,24 , 1,0,1,0,S, 	(30-MAY-2025 15:48:22)
2,24 , 1,0,1,0,S, 	(30-MAY-2025 15:48:22)
2,24 , 1,0,1,0,S, 	(30-MAY-2025 15:48:22)
2,24 , 1,0,1,0,S, 	(30-MAY-2025 15:48:22)
2,24 , 1,0,1,0,S, 	(30-MAY-2025 15:48:22)
2,24 , 1,0,1,0,S, 	(30-MAY-2025 15:48:22)
2,24 , 1,0,1,0,S, 	(30-MAY-2025 15:48:22)
2,24 , 1,0,1,0,S, 	(30-MAY-2025 15:48:22)
2,24 , 1,0,1,0,S, 	(30-MAY-2025 15:48:22)
2,24 , 1,0,1,0,S, 	(30-MAY-2025 15:48:22)
2,24 , 1,0,1,0,S, 	(30-MAY-2025 15:48:22)
2,24 , 1,0,1,0,S, 	(30-MAY-2025 15:48:22)
2,24 , 1,0,1,0,S, 	(30-MAY-2025 15:48:22)
2,24 , 1,0,1,0,S, 	(30-MAY-2025 15:48:22)
2,24 , 1,0,1,0,S, 	(30-MAY-2025 15:48:22)
2,24 , 1,0,1,0,S, 	(30-MAY-2025 15:48:22)
2,24 , 1,0,1,0,S, 	(30-MAY-2025 15:48:22)
2,24 , 1,0,1,0,S, 	(30-MAY-2025 15:48:22)
2,24 , 1,0,1,0,S, 	(30-MAY-2025 15:48:22)
2,24 , 1,0,1,0,S, 	(30-MAY-2025 15:48:22)
2,24 , 1,0,1,0,S, 	(30-MAY-2025 15:48:22)
2,24 , 1,0,1,0,S, 	(30-MAY-2025 15:48:22)
2,24 , 1,0,1,0,S, 	(30-MAY-2025 15:48:22)
2,24 , 1,0,1,0,S, 	(30-MAY-2025 15:48:22)
2,24 , 1,0,1,0,S, 	(30-MAY-2025 15:48:22)
2,24 , 1,0,1,0,S, 	(30-MAY-2025 15:48:22)
2,24 , 1,0,1,0,S, 	(30-MAY-2025 15:48:22)
2,24 , 1,0,1,0,S, 	(30-MAY-2025 15:48:22)
2,24 , 1,0,1,0,S, 	(30-MAY-2025 15:48:22)
2,24 , 1,0,1,0,S, 	(30-MAY-2025 15:48:22)
2,24 , 1,0,1,0,S, 	(30-MAY-2025 15:48:22)
2,24 , 1,0,1,0,S, 	(30-MAY-2025 15:48:22)
2,24 , 1,0,1,0,S, 	(30-MAY-2025 15:48:22)
2,24 , 1,0,1,0,S, 	(30-MAY-2025 15:48:22)
2,24 , 1,0,1,0,S, 	(30-MAY-2025 15:48:22)
2,24 , 1,0,1,0,S, 	(30-MAY-2025 15:48:22)
2,24 , 1,0,1,0,S, 	(30-MAY-2025 15:48:22)
2,24 , 1,0,1,0,S, 	(30-MAY-2025 15:48:22)
2,24 , 1,0,1,0,S, 	(30-MAY-2025 15:48:22)
2,24 , 1,0,1,0,S, 	(30-MAY-2025 15:48:22)
2,24 , 1,0,1,0,S, 	(30-MAY-2025 15:48:22)
2,24 , 1,0,1,0,S, 	(30-MAY-2025 15:48:22)
2,24 , 1,0,1,0,S, 	(30-MAY-2025 15:48:22)
2,24 , 1,0,1,0,S, 	(30-MAY-2025 15:48:22)
2,24 , 1,0,1,0,S, 	(30-MAY-2025 15:48:22)
2,24 , 1,0,1,0,S, 	(30-MAY-2025 15:48:22)
2,24 , 1,0,1,0,S, 	(30-MAY-2025 15:48:22)
2,24 , 1,0,1,0,S, 	(30-MAY-2025 15:48:22)
2,24 , 1,0,1,0,S, 	(30-MAY-2025 15:48:22)
2,24 , 1,0,1,0,S, 	(30-MAY-2025 15:48:22)
2,24 , 1,0,1,0,S, 	(30-MAY-2025 15:48:22)
2,24 , 1,0,1,0,S, 	(30-MAY-2025 15:48:22)
2,24 , 1,0,1,0,S, 	(30-MAY-2025 15:48:22)
2,24 , 1,0,1,0,S, 	(30-MAY-2025 15:48:22)
2,24 , 1,0,1,0,S, 	(30-MAY-2025 15:48:22)
2,24 , 1,0,1,0,S, 	(30-MAY-2025 15:48:22)
2,24 , 1,0,1,0,S, 	(30-MAY-2025 15:48:22)
2,24 , 1,0,1,0,S, 	(30-MAY-2025 15:48:22)
2,24 , 1,0,1,0,S, 	(30-MAY-2025 15:48:22)
2,24 , 1,0,1,0,S, 	(30-MAY-2025 15:48:22)
2,24 , 1,0,1,0,S, 	(30-MAY-2025 15:48:22)
2,24 , 1,0,1,0,S, 	(30-MAY-2025 15:48:22)
2,24 , 1,0,1,0,S, 	(30-MAY-2025 15:48:22)
2,24 , 1,0,1,0,S, 	(30-MAY-2025 15:48:22)
2,24 , 1,0,1,0,S, 	(30-MAY-2025 15:48:22)
2,24 , 1,0,1,0,S, 	(30-MAY-2025 15:48:22)
2,24 , 1,0,1,0,S, 	(30-MAY-2025 15:48:22)
2,24 , 1,0,1,0,S, 	(30-MAY-2025 15:48:22)
2,24 , 1,0,1,0,S, 	(30-MAY-2025 15:48:22)
2,24 , 1,0,1,0,S, 	(30-MAY-2025 15:48:22)
2,24 , 1,0,1,0,S, 	(30-MAY-2025 15:48:22)
2,24 , 1,0,1,0,S, 	(30-MAY-2025 15:48:22)
2,24 , 1,0,1,0,S, 	(30-MAY-2025 15:48:22)
2,24 , 1,0,1,0,S, 	(30-MAY-2025 15:48:22)
2,24 , 1,0,1,0,S, 	(30-MAY-2025 15:48:22)
2,24 , 1,0,1,0,S, 	(30-MAY-2025 15:48:22)
2,24 , 1,0,1,0,S, 	(30-MAY-2025 15:48:22)
2,24 , 1,0,1,0,S, 	(30-MAY-2025 15:48:22)
2,24 , 1,0,1,0,S, 	(30-MAY-2025 15:48:22)
2,24 , 1,0,1,0,S, 	(30-MAY-2025 15:48:22)
2,24 , 1,0,1,0,S, 	(30-MAY-2025 15:48:22)
2,24 , 1,0,1,0,S, 	(30-MAY-2025 15:48:22)
2,24 , 1,0,1,0,S, 	(30-MAY-2025 15:48:22)
2,24 , 1,0,1,0,S, 	(30-MAY-2025 15:48:22)
2,24 , 1,0,1,0,S, 	(30-MAY-2025 15:48:22)
2,24 , 1,0,1,0,S, 	(30-MAY-2025 15:48:22)
2,24 , 1,0,1,0,S, 	(30-MAY-2025 15:48:22)
2,24 , 1,0,1,0,S, 	(30-MAY-2025 15:48:22)
2,24 , 1,0,1,0,S, 	(30-MAY-2025 15:48:22)
2,24 , 1,0,1,0,S, 	(30-MAY-2025 15:48:22)
2,24 , 1,0,1,0,S, 	(30-MAY-2025 15:48:22)
2,24 , 1,0,1,0,S, 	(30-MAY-2025 15:48:22)
2,24 , 1,0,1,0,S, 	(30-MAY-2025 15:48:22)
2,24 , 1,0,1,0,S, 	(30-MAY-2025 15:48:22)
2,24 , 1,0,1,0,S, 	(30-MAY-2025 15:48:22)
2,24 , 1,0,1,0,S, 	(30-MAY-2025 15:48:22)
2,24 , 1,0,1,0,S, 	(30-MAY-2025 15:48:22)
2,24 , 1,0,1,0,S, 	(30-MAY-2025 15:48:22)
2,24 , 1,0,1,0,S, 	(30-MAY-2025 15:48:22)
2,24 , 1,0,1,0,S, 	(30-MAY-2025 15:48:22)
2,24 , 1,0,1,0,S, 	(30-MAY-2025 15:48:22)
2,24 , 1,0,1,0,S, 	(30-MAY-2025 15:48:22)
2,24 , 1,0,1,0,S, 	(30-MAY-2025 15:48:22)
2,24 , 1,0,1,0,S, 	(30-MAY-2025 15:48:22)
2,24 , 1,0,1,0,S, 	(30-MAY-2025 15:48:22)
2,24 , 1,0,1,0,S, 	(30-MAY-2025 15:48:22)
2,24 , 1,0,1,0,S, 	(30-MAY-2025 15:48:22)
2,24 , 1,0,1,0,S, 	(30-MAY-2025 15:48:22)
2,24 , 1,0,1,0,S, 	(30-MAY-2025 15:48:22)
2,24 , 1,0,1,0,S, 	(30-MAY-2025 15:48:22)
2,24 , 1,0,1,0,S, 	(30-MAY-2025 15:48:22)
2,24 , 1,0,1,0,S, 	(30-MAY-2025 15:48:22)
2,24 , 1,0,1,0,S, 	(30-MAY-2025 15:48:22)
2,24 , 1,0,1,0,S, 	(30-MAY-2025 15:48:22)
2,24 , 1,0,1,0,S, 	(30-MAY-2025 15:48:22)
2,24 , 1,0,1,0,S, 	(30-MAY-2025 15:48:22)
2,24 , 1,0,1,0,S, 	(30-MAY-2025 15:48:22)
2,24 , 1,0,1,0,S, 	(30-MAY-2025 15:48:22)
2,24 , 1,0,1,0,S, 	(30-MAY-2025 15:48:22)
2,24 , 1,0,1,0,S, 	(30-MAY-2025 15:48:22)
2,24 , 1,0,1,0,S, 	(30-MAY-2025 15:48:22)
2,24 , 1,0,1,0,S, 	(30-MAY-2025 15:48:22)
2,24 , 1,0,1,0,S, 	(30-MAY-2025 15:48:22)
2,24 , 1,0,1,0,S, 	(30-MAY-2025 15:48:22)
2,24 , 1,0,1,0,S, 	(30-MAY-2025 15:48:22)
2,24 , 1,0,1,0,S, 	(30-MAY-2025 15:48:22)
2,24 , 1,0,1,0,S, 	(30-MAY-2025 15:48:22)
2,24 , 1,0,1,0,S, 	(30-MAY-2025 15:48:22)
2,24 , 1,0,1,0,S, 	(30-MAY-2025 15:48:22)
2,24 , 1,0,1,0,S, 	(30-MAY-2025 15:48:22)
2,24 , 1,0,1,0,S, 	(30-MAY-2025 15:48:22)
2,24 , 1,0,1,0,S, 	(30-MAY-2025 15:48:22)
2,24 , 1,0,1,0,S, 	(30-MAY-2025 15:48:22)
2,24 , 1,0,1,0,S, 	(30-MAY-2025 15:48:22)
2,24 , 1,0,1,0,S, 	(30-MAY-2025 15:48:22)
2,24 , 1,0,1,0,S, 	(30-MAY-2025 15:48:22)
2,24 , 1,0,1,0,S, 	(30-MAY-2025 15:48:22)
2,24 , 1,0,1,0,S, 	(30-MAY-2025 15:48:22)
2,24 , 1,0,1,0,S, 	(30-MAY-2025 15:48:22)
2,24 , 1,0,1,0,S, 	(30-MAY-2025 15:48:22)
2,24 , 1,0,1,0,S, 	(30-MAY-2025 15:48:22)
2,24 , 1,0,1,0,S, 	(30-MAY-2025 15:48:22)
2,24 , 1,0,1,0,S, 	(30-MAY-2025 15:48:22)
2,24 , 1,0,1,0,S, 	(30-MAY-2025 15:48:22)
2,24 , 1,0,1,0,S, 	(30-MAY-2025 15:48:22)
2,24 , 1,0,1,0,S, 	(30-MAY-2025 15:48:22)
2,24 , 1,0,1,0,S, 	(30-MAY-2025 15:48:22)
2,24 , 1,0,1,0,S, 	(30-MAY-2025 15:48:22)
2,24 , 1,0,1,0,S, 	(30-MAY-2025 15:48:22)
2,24 , 1,0,1,0,S, 	(30-MAY-2025 15:48:22)
2,24 , 1,0,1,0,S, 	(30-MAY-2025 15:48:22)
2,24 , 1,0,1,0,S, 	(30-MAY-2025 15:48:22)
2,24 , 1,0,1,0,S, 	(30-MAY-2025 15:48:22)
2,24 , 1,0,1,0,S, 	(30-MAY-2025 15:48:22)
2,24 , 1,0,1,0,S, 	(30-MAY-2025 15:48:22)
2,24 , 1,0,1,0,S, 	(30-MAY-2025 15:48:22)
2,24 , 1,0,1,0,S, 	(30-MAY-2025 15:48:22)
2,24 , 1,0,1,0,S, 	(30-MAY-2025 15:48:22)
2,24 , 1,0,1,0,S, 	(30-MAY-2025 15:48:22)
2,24 , 1,0,1,0,S, 	(30-MAY-2025 15:48:22)
2,24 , 1,0,1,0,S, 	(30-MAY-2025 15:48:22)
2,24 , 1,0,1,0,S, 	(30-MAY-2025 15:48:22)
2,24 , 1,0,1,0,S, 	(30-MAY-2025 15:48:22)
2,24 , 1,0,1,0,S, 	(30-MAY-2025 15:48:22)
2,24 , 1,0,1,0,S, 	(30-MAY-2025 15:48:22)
2,24 , 1,0,1,0,S, 	(30-MAY-2025 15:48:22)
2,24 , 1,0,1,0,S, 	(30-MAY-2025 15:48:22)
2,24 , 1,0,1,0,S, 	(30-MAY-2025 15:48:22)
2,24 , 1,0,1,0,S, 	(30-MAY-2025 15:48:22)
2,24 , 1,0,1,0,S, 	(30-MAY-2025 15:48:22)
2,24 , 1,0,1,0,S, 	(30-MAY-2025 15:48:22)
2,24 , 1,0,1,0,S, 	(30-MAY-2025 15:48:22)
2,24 , 1,0,1,0,S, 	(30-MAY-2025 15:48:22)
2,24 , 1,0,1,0,S, 	(30-MAY-2025 15:48:22)
2,24 , 1,0,1,0,S, 	(30-MAY-2025 15:48:22)
2,24 , 1,0,1,0,S, 	(30-MAY-2025 15:48:22)
2,24 , 1,0,1,0,S, 	(30-MAY-2025 15:48:22)
2,24 , 1,0,1,0,S, 	(30-MAY-2025 15:48:22)
2,24 , 1,0,1,0,S, 	(30-MAY-2025 15:48:22)
2,24 , 1,0,1,0,S, 	(30-MAY-2025 15:48:22)
2,24 , 1,0,1,0,S, 	(30-MAY-2025 15:48:22)
2,24 , 1,0,1,0,S, 	(30-MAY-2025 15:48:22)
2,24 , 1,0,1,0,S, 	(30-MAY-2025 15:48:22)
2,24 , 1,0,1,0,S, 	(30-MAY-2025 15:48:22)
2,24 , 1,0,1,0,S, 	(30-MAY-2025 15:48:22)
2,24 , 1,0,1,0,S, 	(30-MAY-2025 15:48:22)
2,24 , 1,0,1,0,S, 	(30-MAY-2025 15:48:22)
2,24 , 1,0,1,0,S, 	(30-MAY-2025 15:48:22)
2,24 , 1,0,1,0,S, 	(30-MAY-2025 15:48:22)
2,24 , 1,0,1,0,S, 	(30-MAY-2025 15:48:22)
2,24 , 1,0,1,0,S, 	(30-MAY-2025 15:48:22)
2,24 , 1,0,1,0,S, 	(30-MAY-2025 15:48:22)
2,24 , 1,0,1,0,S, 	(30-MAY-2025 15:48:22)
2,24 , 1,0,1,0,S, 	(30-MAY-2025 15:48:22)
2,24 , 1,0,1,0,S, 	(30-MAY-2025 15:48:22)
2,24 , 1,0,1,0,S, 	(30-MAY-2025 15:48:22)
2,24 , 1,0,1,0,S, 	(30-MAY-2025 15:48:22)
2,24 , 1,0,1,0,S, 	(30-MAY-2025 15:48:22)
2,24 , 1,0,1,0,S, 	(30-MAY-2025 15:48:22)
2,24 , 1,0,1,0,S, 	(30-MAY-2025 15:48:22)
2,24 , 1,0,1,0,S, 	(30-MAY-2025 15:48:22)
2,24 , 1,0,1,0,S, 	(30-MAY-2025 15:48:22)
2,24 , 1,0,1,0,S, 	(30-MAY-2025 15:48:22)
2,24 , 1,0,1,0,S, 	(30-MAY-2025 15:48:22)
2,24 , 1,0,1,0,S, 	(30-MAY-2025 15:48:22)
2,24 , 1,0,1,0,S, 	(30-MAY-2025 15:48:22)
2,24 , 1,0,1,0,S, 	(30-MAY-2025 15:48:22)
2,24 , 1,0,1,0,S, 	(30-MAY-2025 15:48:22)
2,24 , 1,0,1,0,S, 	(30-MAY-2025 15:48:22)
2,24 , 1,0,1,0,S, 	(30-MAY-2025 15:48:22)
2,24 , 1,0,1,0,S, 	(30-MAY-2025 15:48:22)
2,24 , 1,0,1,0,S, 	(30-MAY-2025 15:48:22)
2,24 , 1,0,1,0,S, 	(30-MAY-2025 15:48:22)
2,24 , 1,0,1,0,S, 	(30-MAY-2025 15:48:22)
2,24 , 1,0,1,0,S, 	(30-MAY-2025 15:48:22)
2,24 , 1,0,1,0,S, 	(30-MAY-2025 15:48:22)
2,24 , 1,0,1,0,S, 	(30-MAY-2025 15:48:22)
2,24 , 1,0,1,0,S, 	(30-MAY-2025 15:48:22)
2,24 , 1,0,1,0,S, 	(30-MAY-2025 15:48:22)
2,24 , 1,0,1,0,S, 	(30-MAY-2025 15:48:22)
2,24 , 1,0,1,0,S, 	(30-MAY-2025 15:48:22)
2,24 , 1,0,1,0,S, 	(30-MAY-2025 15:48:22)
2,24 , 1,0,1,0,S, 	(30-MAY-2025 15:48:22)
2,24 , 1,0,1,0,S, 	(30-MAY-2025 15:48:22)
2,24 , 1,0,1,0,S, 	(30-MAY-2025 15:48:22)
2,24 , 1,0,1,0,S, 	(30-MAY-2025 15:48:22)
2,24 , 1,0,1,0,S, 	(30-MAY-2025 15:48:22)
2,24 , 1,0,1,0,S, 	(30-MAY-2025 15:48:22)
2,24 , 1,0,1,0,S, 	(30-MAY-2025 15:48:22)
2,24 , 1,0,1,0,S, 	(30-MAY-2025 15:48:22)
2,24 , 1,0,1,0,S, 	(30-MAY-2025 15:48:22)
2,24 , 1,0,1,0,S, 	(30-MAY-2025 15:48:22)
2,24 , 1,0,1,0,S, 	(30-MAY-2025 15:48:22)
2,24 , 1,0,1,0,S, 	(30-MAY-2025 15:48:22)
2,24 , 1,0,1,0,S, 	(30-MAY-2025 15:48:22)
2,24 , 1,0,1,0,S, 	(30-MAY-2025 15:48:22)
2,24 , 1,0,1,0,S, 	(30-MAY-2025 15:48:22)
2,24 , 1,0,1,0,S, 	(30-MAY-2025 15:48:22)
2,24 , 1,0,1,0,S, 	(30-MAY-2025 15:48:22)
2,24 , 1,0,1,0,S, 	(30-MAY-2025 15:48:22)
2,24 , 1,0,1,0,S, 	(30-MAY-2025 15:48:22)
2,24 , 1,0,1,0,S, 	(30-MAY-2025 15:48:22)
2,24 , 1,0,1,0,S, 	(30-MAY-2025 15:48:22)
2,24 , 1,0,1,0,S, 	(30-MAY-2025 15:48:22)
2,24 , 1,0,1,0,S, 	(30-MAY-2025 15:48:22)
2,24 , 1,0,1,0,S, 	(30-MAY-2025 15:48:22)
2,24 , 1,0,1,0,S, 	(30-MAY-2025 15:48:22)
2,24 , 1,0,1,0,S, 	(30-MAY-2025 15:48:22)
2,24 , 1,0,1,0,S, 	(30-MAY-2025 15:48:22)
2,24 , 1,0,1,0,S, 	(30-MAY-2025 15:48:22)
2,24 , 1,0,1,0,S, 	(30-MAY-2025 15:48:22)
2,24 , 1,0,1,0,S, 	(30-MAY-2025 15:48:22)
2,24 , 1,0,1,0,S, 	(30-MAY-2025 15:48:22)
2,24 , 1,0,1,0,S, 	(30-MAY-2025 15:48:22)
2,24 , 1,0,1,0,S, 	(30-MAY-2025 15:48:22)
2,24 , 1,0,1,0,S, 	(30-MAY-2025 15:48:22)
2,24 , 1,0,1,0,S, 	(30-MAY-2025 15:48:22)
2,24 , 1,0,1,0,S, 	(30-MAY-2025 15:48:22)
2,24 , 1,0,1,0,S, 	(30-MAY-2025 15:48:22)
2,24 , 1,0,1,0,S, 	(30-MAY-2025 15:48:22)
2,24 , 1,0,1,0,S, 	(30-MAY-2025 15:48:22)
2,24 , 1,0,1,0,S, 	(30-MAY-2025 15:48:22)
2,24 , 1,0,1,0,S, 	(30-MAY-2025 15:48:22)
2,24 , 1,0,1,0,S, 	(30-MAY-2025 15:48:22)
2,24 , 1,0,1,0,S, 	(30-MAY-2025 15:48:22)
2,24 , 1,0,1,0,S, 	(30-MAY-2025 15:48:22)
2,24 , 1,0,1,0,S, 	(30-MAY-2025 15:48:22)
2,24 , 1,0,1,0,S, 	(30-MAY-2025 15:48:22)
2,24 , 1,0,1,0,S, 	(30-MAY-2025 15:48:22)
2,24 , 1,0,1,0,S, 	(30-MAY-2025 15:48:22)
2,24 , 1,0,1,0,S, 	(30-MAY-2025 15:48:22)
2,24 , 1,0,1,0,S, 	(30-MAY-2025 15:48:22)
2,24 , 1,0,1,0,S, 	(30-MAY-2025 15:48:22)
2,24 , 1,0,1,0,S, 	(30-MAY-2025 15:48:22)
2,24 , 1,0,1,0,S, 	(30-MAY-2025 15:48:22)
2,24 , 1,0,1,0,S, 	(30-MAY-2025 15:48:22)
2,24 , 1,0,1,0,S, 	(30-MAY-2025 15:48:22)
2,24 , 1,0,1,0,S, 	(30-MAY-2025 15:48:22)
2,24 , 1,0,1,0,S, 	(30-MAY-2025 15:48:22)
2,24 , 1,0,1,0,S, 	(30-MAY-2025 15:48:22)
2,24 , 1,0,1,0,S, 	(30-MAY-2025 15:48:22)
2,24 , 1,0,1,0,S, 	(30-MAY-2025 15:48:22)
2,24 , 1,0,1,0,S, 	(30-MAY-2025 15:48:22)
2,24 , 1,0,1,0,S, 	(30-MAY-2025 15:48:22)
2,24 , 1,0,1,0,S, 	(30-MAY-2025 15:48:22)
2,24 , 1,0,1,0,S, 	(30-MAY-2025 15:48:22)
2,24 , 1,0,1,0,S, 	(30-MAY-2025 15:48:22)
2,24 , 1,0,1,0,S, 	(30-MAY-2025 15:48:22)
2,24 , 1,0,1,0,S, 	(30-MAY-2025 15:48:22)
2,24 , 1,0,1,0,S, 	(30-MAY-2025 15:48:22)
2,24 , 1,0,1,0,S, 	(30-MAY-2025 15:48:22)
2,24 , 1,0,1,0,S, 	(30-MAY-2025 15:48:22)
2,24 , 1,0,1,0,S, 	(30-MAY-2025 15:48:22)
2,24 , 1,0,1,0,S, 	(30-MAY-2025 15:48:22)
2,24 , 1,0,1,0,S, 	(30-MAY-2025 15:48:22)
2,24 , 1,0,1,0,S, 	(30-MAY-2025 15:48:22)
2,24 , 1,0,1,0,S, 	(30-MAY-2025 15:48:22)
2,24 , 1,0,1,0,S, 	(30-MAY-2025 15:48:22)
2,24 , 1,0,1,0,S, 	(30-MAY-2025 15:48:22)
2,24 , 1,0,1,0,S, 	(30-MAY-2025 15:48:22)
2,24 , 1,0,1,0,S, 	(30-MAY-2025 15:48:22)
2,24 , 1,0,1,0,S, 	(30-MAY-2025 15:48:22)
2,24 , 1,0,1,0,S, 	(30-MAY-2025 15:48:22)
2,24 , 1,0,1,0,S, 	(30-MAY-2025 15:48:22)
2,24 , 1,0,1,0,S, 	(30-MAY-2025 15:48:22)
2,24 , 1,0,1,0,S, 	(30-MAY-2025 15:48:22)
2,24 , 1,0,1,0,S, 	(30-MAY-2025 15:48:22)
2,24 , 1,0,1,0,S, 	(30-MAY-2025 15:48:22)
2,24 , 1,0,1,0,S, 	(30-MAY-2025 15:48:22)
2,24 , 1,0,1,0,S, 	(30-MAY-2025 15:48:22)
2,24 , 1,0,1,0,S, 	(30-MAY-2025 15:48:22)
2,24 , 1,0,1,0,S, 	(30-MAY-2025 15:48:22)
2,24 , 1,0,1,0,S, 	(30-MAY-2025 15:48:22)
2,24 , 1,0,1,0,S, 	(30-MAY-2025 15:48:22)
2,24 , 1,0,1,0,S, 	(30-MAY-2025 15:48:22)
2,24 , 1,0,1,0,S, 	(30-MAY-2025 15:48:22)
2,24 , 1,0,1,0,S, 	(30-MAY-2025 15:48:22)
2,24 , 1,0,1,0,S, 	(30-MAY-2025 15:48:22)
2,24 , 1,0,1,0,S, 	(30-MAY-2025 15:48:22)
2,24 , 1,0,1,0,S, 	(30-MAY-2025 15:48:22)
2,24 , 1,0,1,0,S, 	(30-MAY-2025 15:48:22)
2,24 , 1,0,1,0,S, 	(30-MAY-2025 15:48:22)
2,24 , 1,0,1,0,S, 	(30-MAY-2025 15:48:22)
2,24 , 1,0,1,0,S, 	(30-MAY-2025 15:48:22)
2,24 , 1,0,1,0,S, 	(30-MAY-2025 15:48:22)
2,24 , 1,0,1,0,S, 	(30-MAY-2025 15:48:22)
2,24 , 1,0,1,0,S, 	(30-MAY-2025 15:48:22)
2,24 , 1,0,1,0,S, 	(30-MAY-2025 15:48:22)
2,24 , 1,0,1,0,S, 	(30-MAY-2025 15:48:22)
2,24 , 1,0,1,0,S, 	(30-MAY-2025 15:48:22)
2,24 , 1,0,1,0,S, 	(30-MAY-2025 15:48:22)
2,24 , 1,0,1,0,S, 	(30-MAY-2025 15:48:22)
2,24 , 1,0,1,0,S, 	(30-MAY-2025 15:48:22)
2,24 , 1,0,1,0,S, 	(30-MAY-2025 15:48:22)
2,24 , 1,0,1,0,S, 	(30-MAY-2025 15:48:22)
2,24 , 1,0,1,0,S, 	(30-MAY-2025 15:48:22)
2,24 , 1,0,1,0,S, 	(30-MAY-2025 15:48:22)
2,24 , 1,0,1,0,S, 	(30-MAY-2025 15:48:22)
2,24 , 1,0,1,0,S, 	(30-MAY-2025 15:48:22)
2,24 , 1,0,1,0,S, 	(30-MAY-2025 15:48:22)
2,24 , 1,0,1,0,S, 	(30-MAY-2025 15:48:22)
2,24 , 1,0,1,0,S, 	(30-MAY-2025 15:48:22)
2,24 , 1,0,1,0,S, 	(30-MAY-2025 15:48:22)
2,24 , 1,0,1,0,S, 	(30-MAY-2025 15:48:22)
2,24 , 1,0,1,0,S, 	(30-MAY-2025 15:48:22)
2,24 , 1,0,1,0,S, 	(30-MAY-2025 15:48:22)
2,24 , 1,0,1,0,S, 	(30-MAY-2025 15:48:22)
2,24 , 1,0,1,0,S, 	(30-MAY-2025 15:48:22)
2,24 , 1,0,1,0,S, 	(30-MAY-2025 15:48:22)
2,24 , 1,0,1,0,S, 	(30-MAY-2025 15:48:22)
2,24 , 1,0,1,0,S, 	(30-MAY-2025 15:48:22)
2,24 , 1,0,1,0,S, 	(30-MAY-2025 15:48:22)
2,24 , 1,0,1,0,S, 	(30-MAY-2025 15:48:22)
2,24 , 1,0,1,0,S, 	(30-MAY-2025 15:48:22)
2,24 , 1,0,1,0,S, 	(30-MAY-2025 15:48:22)
2,24 , 1,0,1,0,S, 	(30-MAY-2025 15:48:22)
2,24 , 1,0,1,0,S, 	(30-MAY-2025 15:48:22)
2,24 , 1,0,1,0,S, 	(30-MAY-2025 15:48:22)
2,24 , 1,0,1,0,S, 	(30-MAY-2025 15:48:22)
2,24 , 1,0,1,0,S, 	(30-MAY-2025 15:48:22)
2,24 , 1,0,1,0,S, 	(30-MAY-2025 15:48:22)
2,24 , 1,0,1,0,S, 	(30-MAY-2025 15:48:22)
2,24 , 1,0,1,0,S, 	(30-MAY-2025 15:48:22)
2,24 , 1,0,1,0,S, 	(30-MAY-2025 15:48:22)
2,24 , 1,0,1,0,S, 	(30-MAY-2025 15:48:22)
2,24 , 1,0,1,0,S, 	(30-MAY-2025 15:48:22)
2,24 , 1,0,1,0,S, 	(30-MAY-2025 15:48:22)
2,24 , 1,0,1,0,S, 	(30-MAY-2025 15:48:22)
2,24 , 1,0,1,0,S, 	(30-MAY-2025 15:48:22)
2,24 , 1,0,1,0,S, 	(30-MAY-2025 15:48:22)
2,24 , 1,0,1,0,S, 	(30-MAY-2025 15:48:22)
2,24 , 1,0,1,0,S, 	(30-MAY-2025 15:48:22)
2,24 , 1,0,1,0,S, 	(30-MAY-2025 15:48:22)
2,24 , 1,0,1,0,S, 	(30-MAY-2025 15:48:22)
2,24 , 1,0,1,0,S, 	(30-MAY-2025 15:48:22)
2,24 , 1,0,1,0,S, 	(30-MAY-2025 15:48:22)
2,24 , 1,0,1,0,S, 	(30-MAY-2025 15:48:22)
2,24 , 1,0,1,0,S, 	(30-MAY-2025 15:48:22)
2,24 , 1,0,1,0,S, 	(30-MAY-2025 15:48:22)
2,24 , 1,0,1,0,S, 	(30-MAY-2025 15:48:22)
2,24 , 1,0,1,0,S, 	(30-MAY-2025 15:48:22)
2,24 , 1,0,1,0,S, 	(30-MAY-2025 15:48:22)
2,24 , 1,0,1,0,S, 	(30-MAY-2025 15:48:22)
2,24 , 1,0,1,0,S, 	(30-MAY-2025 15:48:22)
2,24 , 1,0,1,0,S, 	(30-MAY-2025 15:48:22)
2,24 , 1,0,1,0,S, 	(30-MAY-2025 15:48:22)
2,24 , 1,0,1,0,S, 	(30-MAY-2025 15:48:22)
2,24 , 1,0,1,0,S, 	(30-MAY-2025 15:48:22)
2,24 , 1,0,1,0,S, 	(30-MAY-2025 15:48:22)
2,24 , 1,0,1,0,S, 	(30-MAY-2025 15:48:22)
2,24 , 1,0,1,0,S, 	(30-MAY-2025 15:48:22)
2,24 , 1,0,1,0,S, 	(30-MAY-2025 15:48:22)
2,24 , 1,0,1,0,S, 	(30-MAY-2025 15:48:22)
2,24 , 1,0,1,0,S, 	(30-MAY-2025 15:48:22)
2,24 , 1,0,1,0,S, 	(30-MAY-2025 15:48:22)
2,24 , 1,0,1,0,S, 	(30-MAY-2025 15:48:22)
2,24 , 1,0,1,0,S, 	(30-MAY-2025 15:48:22)
2,24 , 1,0,1,0,S, 	(30-MAY-2025 15:48:22)
2,24 , 1,0,1,0,S, 	(30-MAY-2025 15:48:22)
2,24 , 1,0,1,0,S, 	(30-MAY-2025 15:48:22)
2,24 , 1,0,1,0,S, 	(30-MAY-2025 15:48:22)
2,24 , 1,0,1,0,S, 	(30-MAY-2025 15:48:22)
2,24 , 1,0,1,0,S, 	(30-MAY-2025 15:48:22)
2,24 , 1,0,1,0,S, 	(30-MAY-2025 15:48:22)
2,24 , 1,0,1,0,S, 	(30-MAY-2025 15:48:22)
2,24 , 1,0,1,0,S, 	(30-MAY-2025 15:48:22)
2,24 , 1,0,1,0,S, 	(30-MAY-2025 15:48:22)
2,24 , 1,0,1,0,S, 	(30-MAY-2025 15:48:22)
2,24 , 1,0,1,0,S, 	(30-MAY-2025 15:48:22)
2,24 , 1,0,1,0,S, 	(30-MAY-2025 15:48:22)
2,24 , 1,0,1,0,S, 	(30-MAY-2025 15:48:22)
2,24 , 1,0,1,0,S, 	(30-MAY-2025 15:48:22)
2,24 , 1,0,1,0,S, 	(30-MAY-2025 15:48:22)
2,24 , 1,0,1,0,S, 	(30-MAY-2025 15:48:22)
2,24 , 1,0,1,0,S, 	(30-MAY-2025 15:48:22)
2,24 , 1,0,1,0,S, 	(30-MAY-2025 15:48:22)
2,24 , 1,0,1,0,S, 	(30-MAY-2025 15:48:22)
2,24 , 1,0,1,0,S, 	(30-MAY-2025 15:48:22)
2,24 , 1,0,1,0,S, 	(30-MAY-2025 15:48:22)
2,24 , 1,0,1,0,S, 	(30-MAY-2025 15:48:22)
2,24 , 1,0,1,0,S, 	(30-MAY-2025 15:48:22)
2,24 , 1,0,1,0,S, 	(30-MAY-2025 15:48:22)
2,24 , 1,0,1,0,S, 	(30-MAY-2025 15:48:22)
2,24 , 1,0,1,0,S, 	(30-MAY-2025 15:48:22)
2,24 , 1,0,1,0,S, 	(30-MAY-2025 15:48:22)
2,24 , 1,0,1,0,S, 	(30-MAY-2025 15:48:22)
2,24 , 1,0,1,0,S, 	(30-MAY-2025 15:48:22)
2,24 , 1,0,1,0,S, 	(30-MAY-2025 15:48:22)
2,24 , 1,0,1,0,S, 	(30-MAY-2025 15:48:22)
2,24 , 1,0,1,0,S, 	(30-MAY-2025 15:48:22)
2,24 , 1,0,1,0,S, 	(30-MAY-2025 15:48:22)
2,24 , 1,0,1,0,S, 	(30-MAY-2025 15:48:22)
2,24 , 1,0,1,0,S, 	(30-MAY-2025 15:48:22)
2,24 , 1,0,1,0,S, 	(30-MAY-2025 15:48:22)
2,24 , 1,0,1,0,S, 	(30-MAY-2025 15:48:22)
2,24 , 1,0,1,0,S, 	(30-MAY-2025 15:48:22)
2,24 , 1,0,1,0,S, 	(30-MAY-2025 15:48:22)
2,24 , 1,0,1,0,S, 	(30-MAY-2025 15:48:22)
2,24 , 1,0,1,0,S, 	(30-MAY-2025 15:48:22)
2,24 , 1,0,1,0,S, 	(30-MAY-2025 15:48:22)
2,24 , 1,0,1,0,S, 	(30-MAY-2025 15:48:22)
2,24 , 1,0,1,0,S, 	(30-MAY-2025 15:48:22)
2,24 , 1,0,1,0,S, 	(30-MAY-2025 15:48:22)
2,24 , 1,0,1,0,S, 	(30-MAY-2025 15:48:22)
2,24 , 1,0,1,0,S, 	(30-MAY-2025 15:48:22)
2,24 , 1,0,1,0,S, 	(30-MAY-2025 15:48:22)
2,24 , 1,0,1,0,S, 	(30-MAY-2025 15:48:22)
2,24 , 1,0,1,0,S, 	(30-MAY-2025 15:48:22)
2,24 , 1,0,1,0,S, 	(30-MAY-2025 15:48:22)
2,24 , 1,0,1,0,S, 	(30-MAY-2025 15:48:22)
2,24 , 1,0,4,0,S, 	(30-MAY-2025 15:48:22)
2,24 , 1,0,4,0,S, 	(30-MAY-2025 15:48:22)
2,24 , 1,0,4,0,S, 	(30-MAY-2025 15:48:22)
2,24 , 1,0,4,0,S, 	(30-MAY-2025 15:48:22)
2,24 , 1,0,4,0,S, 	(30-MAY-2025 15:48:22)
2,24 , 1,0,4,0,S, 	(30-MAY-2025 15:48:22)
2,24 , 1,0,4,0,S, 	(30-MAY-2025 15:48:22)
2,24 , 1,0,4,0,S, 	(30-MAY-2025 15:48:22)
2,24 , 1,0,4,0,S, 	(30-MAY-2025 15:48:22)
2,24 , 1,0,4,0,S, 	(30-MAY-2025 15:48:22)
2,24 , 1,0,4,0,S, 	(30-MAY-2025 15:48:22)
2,24 , 1,0,4,0,S, 	(30-MAY-2025 15:48:22)
2,24 , 1,0,4,0,S, 	(30-MAY-2025 15:48:22)
2,24 , 1,0,4,0,S, 	(30-MAY-2025 15:48:22)
2,24 , 1,0,4,0,S, 	(30-MAY-2025 15:48:22)
2,24 , 1,0,4,0,S, 	(30-MAY-2025 15:48:22)
2,24 , 1,0,4,0,S, 	(30-MAY-2025 15:48:22)
2,24 , 1,0,4,0,S, 	(30-MAY-2025 15:48:22)
2,24 , 1,0,4,0,S, 	(30-MAY-2025 15:48:22)
2,24 , 1,0,4,0,S, 	(30-MAY-2025 15:48:22)
2,24 , 1,0,4,0,S, 	(30-MAY-2025 15:48:22)
2,24 , 1,0,4,0,S, 	(30-MAY-2025 15:48:22)
2,24 , 1,0,4,0,S, 	(30-MAY-2025 15:48:22)
2,24 , 1,0,4,0,S, 	(30-MAY-2025 15:48:22)
2,24 , 1,0,4,0,S, 	(30-MAY-2025 15:48:22)
2,24 , 1,0,4,0,S, 	(30-MAY-2025 15:48:22)
2,24 , 1,0,4,0,S, 	(30-MAY-2025 15:48:22)
2,24 , 1,0,4,0,S, 	(30-MAY-2025 15:48:22)
2,24 , 1,0,4,0,S, 	(30-MAY-2025 15:48:22)
2,24 , 1,0,4,0,S, 	(30-MAY-2025 15:48:22)
2,24 , 1,0,7,0,S, 	(30-MAY-2025 15:48:22)
2,24 , 1,0,7,0,S, 	(30-MAY-2025 15:48:22)
2,24 , 1,0,7,0,S, 	(30-MAY-2025 15:48:22)
2,24 , 1,0,7,0,S, 	(30-MAY-2025 15:48:22)
2,24 , 1,0,7,0,S, 	(30-MAY-2025 15:48:22)
2,24 , 1,0,7,0,S, 	(30-MAY-2025 15:48:22)
2,24 , 1,0,7,0,S, 	(30-MAY-2025 15:48:22)
2,24 , 1,0,7,0,S, 	(30-MAY-2025 15:48:22)
2,24 , 1,0,7,0,S, 	(30-MAY-2025 15:48:22)
2,24 , 1,0,7,0,S, 	(30-MAY-2025 15:48:22)
2,24 , 1,0,7,0,S, 	(30-MAY-2025 15:48:22)
2,24 , 1,0,7,0,S, 	(30-MAY-2025 15:48:22)
2,24 , 1,0,7,0,S, 	(30-MAY-2025 15:48:22)
2,24 , 1,0,7,0,S, 	(30-MAY-2025 15:48:22)
2,24 , 1,0,7,0,S, 	(30-MAY-2025 15:48:22)
2,24 , 1,0,7,0,S, 	(30-MAY-2025 15:48:22)
2,24 , 1,0,7,0,S, 	(30-MAY-2025 15:48:22)
2,24 , 1,0,7,0,S, 	(30-MAY-2025 15:48:22)
2,24 , 1,0,7,0,S, 	(30-MAY-2025 15:48:22)
2,24 , 1,0,7,0,S, 	(30-MAY-2025 15:48:22)
2,24 , 1,0,7,0,S, 	(30-MAY-2025 15:48:22)
2,24 , 1,0,7,0,S, 	(30-MAY-2025 15:48:22)
2,24 , 1,0,7,0,S, 	(30-MAY-2025 15:48:22)
2,24 , 1,0,7,0,S, 	(30-MAY-2025 15:48:22)
2,24 , 1,0,7,0,S, 	(30-MAY-2025 15:48:22)
2,24 , 1,0,7,0,S, 	(30-MAY-2025 15:48:22)
2,24 , 1,0,7,0,S, 	(30-MAY-2025 15:48:22)
2,24 , 1,0,7,0,S, 	(30-MAY-2025 15:48:22)
2,24 , 1,0,7,0,S, 	(30-MAY-2025 15:48:22)
2,24 , 1,0,7,0,S, 	(30-MAY-2025 15:48:22)
2,24 , 1,0,7,0,S, 	(30-MAY-2025 15:48:22)
2,24 , 1,0,7,0,S, 	(30-MAY-2025 15:48:22)
2,24 , 1,0,7,0,S, 	(30-MAY-2025 15:48:22)
2,24 , 1,0,7,0,S, 	(30-MAY-2025 15:48:22)
2,24 , 1,0,7,0,S, 	(30-MAY-2025 15:48:22)
2,24 , 1,0,7,0,S, 	(30-MAY-2025 15:48:22)
2,24 , 1,0,7,0,S, 	(30-MAY-2025 15:48:22)
2,24 , 1,0,7,0,S, 	(30-MAY-2025 15:48:22)
2,24 , 1,0,7,0,S, 	(30-MAY-2025 15:48:22)
2,24 , 1,0,7,0,S, 	(30-MAY-2025 15:48:22)
2,24 , 1,0,7,0,S, 	(30-MAY-2025 15:48:22)
2,24 , 1,0,7,0,S, 	(30-MAY-2025 15:48:22)
2,24 , 1,0,7,0,S, 	(30-MAY-2025 15:48:22)
2,24 , 1,0,7,0,S, 	(30-MAY-2025 15:48:22)
2,24 , 1,0,7,0,S, 	(30-MAY-2025 15:48:22)
2,24 , 1,0,7,0,S, 	(30-MAY-2025 15:48:22)
2,24 , 1,0,7,0,S, 	(30-MAY-2025 15:48:22)
2,24 , 1,0,7,0,S, 	(30-MAY-2025 15:48:22)
2,24 , 1,0,7,0,S, 	(30-MAY-2025 15:48:22)
2,24 , 1,0,7,0,S, 	(30-MAY-2025 15:48:22)
2,24 , 1,0,7,0,S, 	(30-MAY-2025 15:48:22)
2,24 , 1,0,7,0,S, 	(30-MAY-2025 15:48:22)
2,24 , 1,0,7,0,S, 	(30-MAY-2025 15:48:22)
2,24 , 1,0,7,0,S, 	(30-MAY-2025 15:48:22)
2,24 , 1,0,7,0,S, 	(30-MAY-2025 15:48:22)
2,24 , 1,0,7,0,S, 	(30-MAY-2025 15:48:22)
2,24 , 1,0,7,0,S, 	(30-MAY-2025 15:48:22)
2,24 , 1,0,7,0,S, 	(30-MAY-2025 15:48:22)
2,24 , 1,0,7,0,S, 	(30-MAY-2025 15:48:22)
2,24 , 1,0,7,0,S, 	(30-MAY-2025 15:48:22)
2,24 , 1,0,7,0,S, 	(30-MAY-2025 15:48:22)
2,24 , 1,0,7,0,S, 	(30-MAY-2025 15:48:22)
2,24 , 1,0,7,0,S, 	(30-MAY-2025 15:48:22)
2,24 , 1,0,7,0,S, 	(30-MAY-2025 15:48:22)
2,24 , 1,0,7,0,S, 	(30-MAY-2025 15:48:22)
2,24 , 1,0,7,0,S, 	(30-MAY-2025 15:48:22)
2,24 , 1,0,7,0,S, 	(30-MAY-2025 15:48:22)
2,24 , 1,0,7,0,S, 	(30-MAY-2025 15:48:22)
2,24 , 1,0,7,0,S, 	(30-MAY-2025 15:48:22)
2,24 , 1,0,7,0,S, 	(30-MAY-2025 15:48:22)
2,24 , 1,0,7,0,S, 	(30-MAY-2025 15:48:22)
2,24 , 1,0,7,0,S, 	(30-MAY-2025 15:48:22)
2,24 , 1,0,7,0,S, 	(30-MAY-2025 15:48:22)
2,24 , 1,0,7,0,S, 	(30-MAY-2025 15:48:22)
2,24 , 1,0,7,0,S, 	(30-MAY-2025 15:48:22)
2,24 , 1,0,7,0,S, 	(30-MAY-2025 15:48:22)
2,24 , 1,0,7,0,S, 	(30-MAY-2025 15:48:22)
2,24 , 1,0,7,0,S, 	(30-MAY-2025 15:48:22)
2,24 , 1,0,7,0,S, 	(30-MAY-2025 15:48:22)
2,24 , 1,0,7,0,S, 	(30-MAY-2025 15:48:22)
2,24 , 1,0,7,0,S, 	(30-MAY-2025 15:48:22)
2,24 , 1,0,7,0,S, 	(30-MAY-2025 15:48:22)
2,24 , 1,0,7,0,S, 	(30-MAY-2025 15:48:22)
2,24 , 1,0,7,0,S, 	(30-MAY-2025 15:48:22)
2,24 , 1,0,7,0,S, 	(30-MAY-2025 15:48:22)
2,24 , 1,0,7,0,S, 	(30-MAY-2025 15:48:22)
2,24 , 1,0,7,0,S, 	(30-MAY-2025 15:48:22)
2,24 , 1,0,7,0,S, 	(30-MAY-2025 15:48:22)
2,24 , 1,0,7,0,S, 	(30-MAY-2025 15:48:22)
2,24 , 1,0,7,0,S, 	(30-MAY-2025 15:48:22)
2,24 , 1,0,7,0,S, 	(30-MAY-2025 15:48:22)
2,24 , 1,0,7,0,S, 	(30-MAY-2025 15:48:22)
2,24 , 1,0,7,0,S, 	(30-MAY-2025 15:48:22)
2,24 , 1,0,7,0,S, 	(30-MAY-2025 15:48:22)
2,24 , 1,0,7,0,S, 	(30-MAY-2025 15:48:22)
2,24 , 1,0,7,0,S, 	(30-MAY-2025 15:48:22)
2,24 , 1,0,7,0,S, 	(30-MAY-2025 15:48:22)
2,24 , 1,0,7,0,S, 	(30-MAY-2025 15:48:22)
2,24 , 1,0,7,0,S, 	(30-MAY-2025 15:48:22)
2,24 , 1,0,7,0,S, 	(30-MAY-2025 15:48:22)
2,24 , 1,0,7,0,S, 	(30-MAY-2025 15:48:22)
2,24 , 1,0,7,0,S, 	(30-MAY-2025 15:48:22)
2,24 , 1,0,7,0,S, 	(30-MAY-2025 15:48:22)
2,24 , 1,0,7,0,S, 	(30-MAY-2025 15:48:22)
2,24 , 1,0,7,0,S, 	(30-MAY-2025 15:48:22)
2,24 , 1,0,7,0,S, 	(30-MAY-2025 15:48:22)
2,24 , 1,0,7,0,S, 	(30-MAY-2025 15:48:22)
2,24 , 1,0,7,0,S, 	(30-MAY-2025 15:48:22)
2,24 , 1,0,7,0,S, 	(30-MAY-2025 15:48:22)
2,24 , 1,0,7,0,S, 	(30-MAY-2025 15:48:22)
2,24 , 1,0,7,0,S, 	(30-MAY-2025 15:48:22)
2,24 , 1,0,7,0,S, 	(30-MAY-2025 15:48:22)
2,24 , 1,0,7,0,S, 	(30-MAY-2025 15:48:22)
2,24 , 1,0,7,0,S, 	(30-MAY-2025 15:48:22)
2,24 , 1,0,7,0,S, 	(30-MAY-2025 15:48:22)
2,24 , 1,0,7,0,S, 	(30-MAY-2025 15:48:22)
2,24 , 1,0,7,0,S, 	(30-MAY-2025 15:48:22)
2,24 , 1,0,7,0,S, 	(30-MAY-2025 15:48:22)
2,24 , 1,0,7,0,S, 	(30-MAY-2025 15:48:22)
2,24 , 1,0,7,0,S, 	(30-MAY-2025 15:48:22)
2,24 , 1,0,7,0,S, 	(30-MAY-2025 15:48:22)
2,24 , 1,0,7,0,S, 	(30-MAY-2025 15:48:22)
2,24 , 1,0,7,0,S, 	(30-MAY-2025 15:48:22)
2,24 , 1,0,7,0,S, 	(30-MAY-2025 15:48:22)
2,24 , 1,0,7,0,S, 	(30-MAY-2025 15:48:22)
2,24 , 1,0,7,0,S, 	(30-MAY-2025 15:48:22)
2,24 , 1,0,7,0,S, 	(30-MAY-2025 15:48:22)
2,24 , 1,0,7,0,S, 	(30-MAY-2025 15:48:22)
2,24 , 1,0,7,0,S, 	(30-MAY-2025 15:48:22)
2,24 , 1,0,7,0,S, 	(30-MAY-2025 15:48:22)
2,24 , 1,0,7,0,S, 	(30-MAY-2025 15:48:22)
2,24 , 1,0,7,0,S, 	(30-MAY-2025 15:48:22)
2,24 , 1,0,7,0,S, 	(30-MAY-2025 15:48:22)
2,24 , 1,0,7,0,S, 	(30-MAY-2025 15:48:22)
2,24 , 1,0,7,0,S, 	(30-MAY-2025 15:48:22)
2,24 , 1,0,7,0,S, 	(30-MAY-2025 15:48:22)
2,24 , 1,0,7,0,S, 	(30-MAY-2025 15:48:22)
2,24 , 1,0,7,0,S, 	(30-MAY-2025 15:48:22)
2,24 , 1,0,7,0,S, 	(30-MAY-2025 15:48:22)
2,24 , 1,0,7,0,S, 	(30-MAY-2025 15:48:22)
2,24 , 1,0,7,0,S, 	(30-MAY-2025 15:48:22)
2,24 , 1,0,7,0,S, 	(30-MAY-2025 15:48:22)
2,24 , 1,0,7,0,S, 	(30-MAY-2025 15:48:22)
2,24 , 1,0,7,0,S, 	(30-MAY-2025 15:48:22)
2,24 , 1,0,7,0,S, 	(30-MAY-2025 15:48:22)
2,24 , 1,0,7,0,S, 	(30-MAY-2025 15:48:22)
2,24 , 1,0,7,0,S, 	(30-MAY-2025 15:48:22)
2,24 , 1,0,7,0,S, 	(30-MAY-2025 15:48:22)
2,24 , 1,0,7,0,S, 	(30-MAY-2025 15:48:22)
2,24 , 1,0,7,0,S, 	(30-MAY-2025 15:48:22)
2,24 , 1,0,7,0,S, 	(30-MAY-2025 15:48:22)
2,24 , 1,0,7,0,S, 	(30-MAY-2025 15:48:22)
2,24 , 1,0,7,0,S, 	(30-MAY-2025 15:48:22)
2,24 , 1,0,7,0,S, 	(30-MAY-2025 15:48:22)
2,24 , 1,0,7,0,S, 	(30-MAY-2025 15:48:22)
2,24 , 1,0,7,0,S, 	(30-MAY-2025 15:48:22)
2,24 , 1,0,7,0,S, 	(30-MAY-2025 15:48:22)
2,24 , 1,0,7,0,S, 	(30-MAY-2025 15:48:22)
2,24 , 1,0,7,0,S, 	(30-MAY-2025 15:48:22)
2,24 , 1,0,7,0,S, 	(30-MAY-2025 15:48:22)
2,24 , 1,0,7,0,S, 	(30-MAY-2025 15:48:22)
2,24 , 1,0,7,0,S, 	(30-MAY-2025 15:48:22)
2,24 , 1,0,7,0,S, 	(30-MAY-2025 15:48:22)
2,24 , 1,0,7,0,S, 	(30-MAY-2025 15:48:22)
2,24 , 1,0,7,0,S, 	(30-MAY-2025 15:48:22)
2,24 , 1,0,7,0,S, 	(30-MAY-2025 15:48:22)
2,24 , 1,0,7,0,S, 	(30-MAY-2025 15:48:22)
2,24 , 1,0,7,0,S, 	(30-MAY-2025 15:48:22)
2,24 , 1,0,7,0,S, 	(30-MAY-2025 15:48:22)
2,24 , 1,0,7,0,S, 	(30-MAY-2025 15:48:22)
2,24 , 1,0,7,0,S, 	(30-MAY-2025 15:48:22)
2,24 , 1,0,7,0,S, 	(30-MAY-2025 15:48:22)
2,24 , 1,0,7,0,S, 	(30-MAY-2025 15:48:22)
2,24 , 1,0,7,0,S, 	(30-MAY-2025 15:48:22)
2,24 , 1,0,7,0,S, 	(30-MAY-2025 15:48:22)
2,24 , 1,0,7,0,S, 	(30-MAY-2025 15:48:22)
2,24 , 1,0,7,0,S, 	(30-MAY-2025 15:48:22)
2,24 , 1,0,7,0,S, 	(30-MAY-2025 15:48:22)
2,24 , 1,0,7,0,S, 	(30-MAY-2025 15:48:22)
2,24 , 1,0,7,0,S, 	(30-MAY-2025 15:48:22)
2,24 , 1,0,7,0,S, 	(30-MAY-2025 15:48:22)
2,24 , 1,0,7,0,S, 	(30-MAY-2025 15:48:22)
2,24 , 1,0,7,0,S, 	(30-MAY-2025 15:48:22)
2,24 , 1,0,6,1,S, 	(30-MAY-2025 15:48:22)
2,24 , 1,0,6,1,S, 	(30-MAY-2025 15:48:22)
2,24 , 1,0,6,1,S, 	(30-MAY-2025 15:48:22)
2,24 , 1,0,6,1,S, 	(30-MAY-2025 15:48:22)
2,24 , 1,0,6,1,S, 	(30-MAY-2025 15:48:22)
2,24 , 1,0,6,1,S, 	(30-MAY-2025 15:48:22)
2,24 , 1,0,6,1,S, 	(30-MAY-2025 15:48:22)
2,24 , 1,0,6,1,S, 	(30-MAY-2025 15:48:22)
2,24 , 1,0,6,1,S, 	(30-MAY-2025 15:48:22)
2,24 , 1,0,6,1,S, 	(30-MAY-2025 15:48:22)
2,24 , 1,0,6,1,S, 	(30-MAY-2025 15:48:22)
2,24 , 1,0,6,1,S, 	(30-MAY-2025 15:48:23)
2,24 , 1,0,6,1,S, 	(30-MAY-2025 15:48:23)
2,24 , 1,0,6,1,S, 	(30-MAY-2025 15:48:23)
2,24 , 1,0,6,1,S, 	(30-MAY-2025 15:48:23)
2,24 , 1,0,6,1,S, 	(30-MAY-2025 15:48:23)
2,24 , 1,0,6,1,S, 	(30-MAY-2025 15:48:23)
2,24 , 1,0,8,0,S, 	(30-MAY-2025 15:48:23)
2,24 , 1,0,8,0,S, 	(30-MAY-2025 15:48:23)
2,24 , 1,0,8,0,S, 	(30-MAY-2025 15:48:23)
2,24 , 1,0,8,0,S, 	(30-MAY-2025 15:48:23)
2,24 , 1,0,8,0,S, 	(30-MAY-2025 15:48:23)
2,24 , 1,0,8,0,S, 	(30-MAY-2025 15:48:23)
2,24 , 1,0,8,0,S, 	(30-MAY-2025 15:48:23)
2,24 , 1,0,8,0,S, 	(30-MAY-2025 15:48:23)
2,24 , 1,0,8,0,S, 	(30-MAY-2025 15:48:23)
2,24 , 1,0,8,0,S, 	(30-MAY-2025 15:48:23)
2,24 , 1,0,8,0,S, 	(30-MAY-2025 15:48:23)
2,24 , 1,0,8,0,S, 	(30-MAY-2025 15:48:23)
2,24 , 1,0,8,0,S, 	(30-MAY-2025 15:48:23)
2,24 , 1,0,8,0,S, 	(30-MAY-2025 15:48:23)
2,24 , 1,0,8,0,S, 	(30-MAY-2025 15:48:23)
2,24 , 1,0,8,0,S, 	(30-MAY-2025 15:48:23)
2,24 , 1,0,8,0,S, 	(30-MAY-2025 15:48:23)
2,24 , 1,0,8,0,S, 	(30-MAY-2025 15:48:23)
2,24 , 1,0,8,0,S, 	(30-MAY-2025 15:48:23)
2,24 , 1,0,8,0,S, 	(30-MAY-2025 15:48:23)
2,24 , 1,0,8,0,S, 	(30-MAY-2025 15:48:23)
2,24 , 1,0,8,0,S, 	(30-MAY-2025 15:48:23)
2,24 , 1,0,8,0,S, 	(30-MAY-2025 15:48:23)
2,24 , 1,0,8,0,S, 	(30-MAY-2025 15:48:23)
2,24 , 1,0,8,0,S, 	(30-MAY-2025 15:48:23)
2,24 , 1,0,8,0,S, 	(30-MAY-2025 15:48:23)
2,24 , 1,0,8,0,S, 	(30-MAY-2025 15:48:23)
2,24 , 1,0,8,0,S, 	(30-MAY-2025 15:48:23)
2,24 , 1,0,8,0,S, 	(30-MAY-2025 15:48:23)
2,24 , 1,0,8,0,S, 	(30-MAY-2025 15:48:23)
2,24 , 1,0,8,0,S, 	(30-MAY-2025 15:48:23)
2,24 , 1,0,8,0,S, 	(30-MAY-2025 15:48:23)
2,24 , 1,0,8,0,S, 	(30-MAY-2025 15:48:23)
2,24 , 1,0,8,0,S, 	(30-MAY-2025 15:48:23)
2,24 , 1,0,8,0,S, 	(30-MAY-2025 15:48:23)
2,24 , 1,0,8,0,S, 	(30-MAY-2025 15:48:23)
2,24 , 1,0,8,0,S, 	(30-MAY-2025 15:48:23)
2,24 , 1,0,8,0,S, 	(30-MAY-2025 15:48:23)
2,24 , 1,0,8,0,S, 	(30-MAY-2025 15:48:23)
2,24 , 1,0,8,0,S, 	(30-MAY-2025 15:48:23)
2,24 , 1,0,8,0,S, 	(30-MAY-2025 15:48:23)
2,24 , 1,0,8,0,S, 	(30-MAY-2025 15:48:23)
2,24 , 1,0,8,0,S, 	(30-MAY-2025 15:48:23)
2,24 , 1,0,8,0,S, 	(30-MAY-2025 15:48:23)
2,24 , 1,0,8,0,S, 	(30-MAY-2025 15:48:23)
2,24 , 1,0,8,0,S, 	(30-MAY-2025 15:48:23)
2,24 , 1,0,8,0,S, 	(30-MAY-2025 15:48:23)
2,24 , 1,0,8,0,S, 	(30-MAY-2025 15:48:23)
2,24 , 1,0,8,0,S, 	(30-MAY-2025 15:48:23)
2,24 , 1,0,8,0,S, 	(30-MAY-2025 15:48:23)
2,24 , 1,0,8,0,S, 	(30-MAY-2025 15:48:23)
2,24 , 1,0,8,0,S, 	(30-MAY-2025 15:48:23)
2,24 , 1,0,8,0,S, 	(30-MAY-2025 15:48:23)
2,24 , 1,0,8,0,S, 	(30-MAY-2025 15:48:23)
2,24 , 1,0,8,0,S, 	(30-MAY-2025 15:48:23)
2,24 , 1,0,8,0,S, 	(30-MAY-2025 15:48:23)
2,24 , 1,0,8,0,S, 	(30-MAY-2025 15:48:23)
2,24 , 1,0,8,0,S, 	(30-MAY-2025 15:48:23)
2,24 , 1,0,8,0,S, 	(30-MAY-2025 15:48:23)
2,24 , 1,0,8,0,S, 	(30-MAY-2025 15:48:23)
2,24 , 1,0,8,0,S, 	(30-MAY-2025 15:48:23)
2,24 , 1,0,8,0,S, 	(30-MAY-2025 15:48:23)
2,24 , 1,0,8,0,S, 	(30-MAY-2025 15:48:23)
2,24 , 1,0,8,0,S, 	(30-MAY-2025 15:48:23)
2,24 , 1,0,8,0,S, 	(30-MAY-2025 15:48:23)
2,24 , 1,0,8,0,S, 	(30-MAY-2025 15:48:23)
2,24 , 1,0,8,0,S, 	(30-MAY-2025 15:48:23)
2,24 , 1,0,8,0,S, 	(30-MAY-2025 15:48:23)
2,24 , 1,0,8,0,S, 	(30-MAY-2025 15:48:23)
2,24 , 1,0,8,0,S, 	(30-MAY-2025 15:48:23)
2,24 , 1,0,8,0,S, 	(30-MAY-2025 15:48:23)
2,24 , 1,0,8,0,S, 	(30-MAY-2025 15:48:23)
2,24 , 1,0,8,0,S, 	(30-MAY-2025 15:48:23)
2,24 , 1,0,8,0,S, 	(30-MAY-2025 15:48:23)
2,24 , 1,0,8,0,S, 	(30-MAY-2025 15:48:23)
2,24 , 1,0,8,0,S, 	(30-MAY-2025 15:48:23)
2,24 , 1,0,8,0,S, 	(30-MAY-2025 15:48:23)
2,24 , 1,0,9,0,S, 	(30-MAY-2025 15:48:23)
2,24 , 1,0,9,0,S, 	(30-MAY-2025 15:48:23)
2,24 , 1,0,9,0,S, 	(30-MAY-2025 15:48:23)
2,24 , 1,0,9,0,S, 	(30-MAY-2025 15:48:23)
2,24 , 1,0,9,0,S, 	(30-MAY-2025 15:48:23)
2,24 , 1,0,9,0,S, 	(30-MAY-2025 15:48:23)
2,24 , 1,0,9,0,S, 	(30-MAY-2025 15:48:23)
2,24 , 1,0,9,0,S, 	(30-MAY-2025 15:48:23)
2,24 , 1,0,9,0,S, 	(30-MAY-2025 15:48:23)
2,24 , 1,0,9,0,S, 	(30-MAY-2025 15:48:23)
2,24 , 1,0,9,0,S, 	(30-MAY-2025 15:48:23)
2,24 , 1,0,9,0,S, 	(30-MAY-2025 15:48:23)
2,24 , 1,0,9,0,S, 	(30-MAY-2025 15:48:23)
2,24 , 1,0,9,0,S, 	(30-MAY-2025 15:48:23)
2,24 , 1,0,9,0,S, 	(30-MAY-2025 15:48:23)
2,24 , 1,0,9,0,S, 	(30-MAY-2025 15:48:23)
2,24 , 1,0,9,0,S, 	(30-MAY-2025 15:48:23)
2,24 , 1,0,9,0,S, 	(30-MAY-2025 15:48:23)
2,24 , 1,0,9,0,S, 	(30-MAY-2025 15:48:23)
2,24 , 1,0,9,0,S, 	(30-MAY-2025 15:48:23)
2,24 , 1,0,9,0,S, 	(30-MAY-2025 15:48:23)
2,24 , 1,0,9,0,S, 	(30-MAY-2025 15:48:23)
2,24 , 1,0,9,0,S, 	(30-MAY-2025 15:48:23)
2,24 , 1,0,9,0,S, 	(30-MAY-2025 15:48:23)
2,24 , 1,0,9,0,S, 	(30-MAY-2025 15:48:23)
2,24 , 1,0,9,0,S, 	(30-MAY-2025 15:48:23)
2,24 , 1,0,9,0,S, 	(30-MAY-2025 15:48:23)
2,24 , 1,0,9,0,S, 	(30-MAY-2025 15:48:23)
2,24 , 1,0,9,0,S, 	(30-MAY-2025 15:48:23)
2,24 , 1,0,9,0,S, 	(30-MAY-2025 15:48:23)
2,24 , 1,0,9,0,S, 	(30-MAY-2025 15:48:23)
2,24 , 1,0,9,0,S, 	(30-MAY-2025 15:48:23)
2,24 , 1,0,9,0,S, 	(30-MAY-2025 15:48:23)
2,24 , 1,0,9,0,S, 	(30-MAY-2025 15:48:23)
2,24 , 1,0,9,0,S, 	(30-MAY-2025 15:48:23)
2,24 , 1,0,9,0,S, 	(30-MAY-2025 15:48:23)
2,24 , 1,0,9,0,S, 	(30-MAY-2025 15:48:23)
2,24 , 1,0,9,0,S, 	(30-MAY-2025 15:48:23)
2,24 , 1,0,9,0,S, 	(30-MAY-2025 15:48:23)
2,24 , 1,0,9,0,S, 	(30-MAY-2025 15:48:23)
2,24 , 1,0,9,0,S, 	(30-MAY-2025 15:48:23)
2,24 , 1,0,9,0,S, 	(30-MAY-2025 15:48:23)
2,24 , 1,0,9,0,S, 	(30-MAY-2025 15:48:23)
2,24 , 1,0,9,0,S, 	(30-MAY-2025 15:48:23)
2,24 , 1,0,9,0,S, 	(30-MAY-2025 15:48:23)
2,24 , 1,0,9,0,S, 	(30-MAY-2025 15:48:23)
2,24 , 1,0,9,0,S, 	(30-MAY-2025 15:48:23)
2,24 , 1,0,9,0,S, 	(30-MAY-2025 15:48:23)
2,24 , 1,0,9,0,S, 	(30-MAY-2025 15:48:23)
2,24 , 1,0,9,0,S, 	(30-MAY-2025 15:48:23)
2,24 , 1,0,9,0,S, 	(30-MAY-2025 15:48:23)
2,24 , 1,0,9,0,S, 	(30-MAY-2025 15:48:23)
2,24 , 1,0,9,0,S, 	(30-MAY-2025 15:48:23)
2,24 , 1,0,9,0,S, 	(30-MAY-2025 15:48:23)
2,24 , 1,0,9,0,S, 	(30-MAY-2025 15:48:23)
2,24 , 1,0,9,0,S, 	(30-MAY-2025 15:48:23)
2,24 , 1,0,9,0,S, 	(30-MAY-2025 15:48:23)
2,24 , 1,0,9,0,S, 	(30-MAY-2025 15:48:23)
2,24 , 1,0,9,0,S, 	(30-MAY-2025 15:48:23)
2,24 , 1,0,9,0,S, 	(30-MAY-2025 15:48:23)
2,24 , 1,0,9,0,S, 	(30-MAY-2025 15:48:23)
2,24 , 1,0,6,0,S, 	(30-MAY-2025 15:48:23)
2,24 , 1,0,6,0,S, 	(30-MAY-2025 15:48:23)
2,24 , 1,0,6,0,S, 	(30-MAY-2025 15:48:23)
2,24 , 1,0,6,0,S, 	(30-MAY-2025 15:48:23)
2,24 , 1,0,6,0,S, 	(30-MAY-2025 15:48:23)
2,24 , 1,0,6,0,S, 	(30-MAY-2025 15:48:23)
2,24 , 1,0,6,0,S, 	(30-MAY-2025 15:48:23)
2,24 , 1,0,6,0,S, 	(30-MAY-2025 15:48:23)
2,24 , 1,0,6,0,S, 	(30-MAY-2025 15:48:23)
2,24 , 1,0,6,0,S, 	(30-MAY-2025 15:48:23)
2,24 , 1,0,6,0,S, 	(30-MAY-2025 15:48:23)
2,24 , 1,0,6,0,S, 	(30-MAY-2025 15:48:23)
2,24 , 1,0,6,0,S, 	(30-MAY-2025 15:48:23)
2,24 , 1,0,6,0,S, 	(30-MAY-2025 15:48:23)
2,24 , 1,0,6,0,S, 	(30-MAY-2025 15:48:23)
2,24 , 1,0,6,0,S, 	(30-MAY-2025 15:48:23)
2,24 , 1,0,6,0,S, 	(30-MAY-2025 15:48:23)
2,24 , 1,0,6,0,S, 	(30-MAY-2025 15:48:23)
2,24 , 1,0,6,0,S, 	(30-MAY-2025 15:48:23)
2,24 , 1,0,6,0,S, 	(30-MAY-2025 15:48:23)
2,24 , 1,0,6,0,S, 	(30-MAY-2025 15:48:23)
2,24 , 1,0,6,0,S, 	(30-MAY-2025 15:48:23)
2,24 , 1,0,6,0,S, 	(30-MAY-2025 15:48:23)
2,24 , 1,0,6,0,S, 	(30-MAY-2025 15:48:23)
2,24 , 1,0,6,0,S, 	(30-MAY-2025 15:48:23)
2,24 , 1,0,6,0,S, 	(30-MAY-2025 15:48:23)
2,24 , 1,0,6,0,S, 	(30-MAY-2025 15:48:23)
2,24 , 1,0,6,0,S, 	(30-MAY-2025 15:48:23)
2,24 , 1,0,6,0,S, 	(30-MAY-2025 15:48:23)
2,24 , 1,0,6,0,S, 	(30-MAY-2025 15:48:23)
2,24 , 1,0,6,0,S, 	(30-MAY-2025 15:48:23)
2,24 , 1,0,6,0,S, 	(30-MAY-2025 15:48:23)
2,24 , 1,0,6,0,S, 	(30-MAY-2025 15:48:23)
2,24 , 1,0,6,0,S, 	(30-MAY-2025 15:48:23)
2,24 , 1,0,6,0,S, 	(30-MAY-2025 15:48:23)
2,24 , 1,0,6,0,S, 	(30-MAY-2025 15:48:23)
2,24 , 1,0,6,0,S, 	(30-MAY-2025 15:48:23)
2,24 , 1,0,6,0,S, 	(30-MAY-2025 15:48:23)
2,24 , 1,0,6,0,S, 	(30-MAY-2025 15:48:23)
2,24 , 1,0,6,0,S, 	(30-MAY-2025 15:48:23)
2,24 , 1,0,6,0,S, 	(30-MAY-2025 15:48:23)
2,24 , 1,0,6,0,S, 	(30-MAY-2025 15:48:23)
2,24 , 1,0,6,0,S, 	(30-MAY-2025 15:48:23)
2,24 , 1,0,6,0,S, 	(30-MAY-2025 15:48:23)
2,24 , 1,0,6,0,S, 	(30-MAY-2025 15:48:23)
2,24 , 1,0,6,0,S, 	(30-MAY-2025 15:48:23)
2,24 , 1,0,6,0,S, 	(30-MAY-2025 15:48:23)
2,24 , 1,0,6,0,S, 	(30-MAY-2025 15:48:23)
2,24 , 1,0,6,0,S, 	(30-MAY-2025 15:48:23)
2,24 , 1,0,6,0,S, 	(30-MAY-2025 15:48:23)
2,24 , 1,0,6,0,S, 	(30-MAY-2025 15:48:23)
2,24 , 1,0,6,0,S, 	(30-MAY-2025 15:48:23)
2,24 , 1,0,6,0,S, 	(30-MAY-2025 15:48:23)
2,24 , 1,0,6,0,S, 	(30-MAY-2025 15:48:23)
2,24 , 1,0,6,0,S, 	(30-MAY-2025 15:48:23)
2,24 , 1,0,6,0,S, 	(30-MAY-2025 15:48:23)
2,24 , 1,0,6,0,S, 	(30-MAY-2025 15:48:23)
2,24 , 1,0,6,0,S, 	(30-MAY-2025 15:48:23)
2,24 , 1,0,6,0,S, 	(30-MAY-2025 15:48:23)
2,24 , 1,0,6,0,S, 	(30-MAY-2025 15:48:23)
2,24 , 1,0,6,0,S, 	(30-MAY-2025 15:48:23)
2,24 , 1,0,6,0,S, 	(30-MAY-2025 15:48:23)
2,24 , 1,0,6,0,S, 	(30-MAY-2025 15:48:23)
2,24 , 1,0,6,0,S, 	(30-MAY-2025 15:48:23)
2,24 , 1,0,6,0,S, 	(30-MAY-2025 15:48:23)
2,24 , 1,0,6,0,S, 	(30-MAY-2025 15:48:23)
2,24 , 1,0,6,0,S, 	(30-MAY-2025 15:48:23)
2,24 , 1,0,6,0,S, 	(30-MAY-2025 15:48:23)
2,24 , 1,0,6,0,S, 	(30-MAY-2025 15:48:23)
2,24 , 1,0,6,0,S, 	(30-MAY-2025 15:48:23)
2,24 , 1,0,6,0,S, 	(30-MAY-2025 15:48:23)
2,24 , 1,0,6,0,S, 	(30-MAY-2025 15:48:23)
2,24 , 1,0,6,0,S, 	(30-MAY-2025 15:48:23)
2,24 , 1,0,6,0,S, 	(30-MAY-2025 15:48:23)
2,24 , 1,0,6,0,S, 	(30-MAY-2025 15:48:23)
2,24 , 1,0,6,0,S, 	(30-MAY-2025 15:48:23)
2,24 , 1,0,6,0,S, 	(30-MAY-2025 15:48:23)
2,24 , 1,0,6,0,S, 	(30-MAY-2025 15:48:23)
2,24 , 1,0,6,0,S, 	(30-MAY-2025 15:48:23)
2,24 , 1,0,6,0,S, 	(30-MAY-2025 15:48:23)
2,24 , 1,0,6,0,S, 	(30-MAY-2025 15:48:23)
2,24 , 1,0,6,0,S, 	(30-MAY-2025 15:48:23)
2,24 , 1,0,6,0,S, 	(30-MAY-2025 15:48:23)
2,24 , 1,0,6,0,S, 	(30-MAY-2025 15:48:23)
2,24 , 1,0,6,0,S, 	(30-MAY-2025 15:48:23)
2,24 , 1,0,6,0,S, 	(30-MAY-2025 15:48:23)
2,24 , 1,0,6,0,S, 	(30-MAY-2025 15:48:23)
2,24 , 1,0,6,0,S, 	(30-MAY-2025 15:48:23)
2,24 , 1,0,6,0,S, 	(30-MAY-2025 15:48:23)
2,24 , 1,0,6,0,S, 	(30-MAY-2025 15:48:23)
2,24 , 1,0,6,0,S, 	(30-MAY-2025 15:48:23)
2,24 , 1,0,6,0,S, 	(30-MAY-2025 15:48:23)
2,24 , 1,0,6,0,S, 	(30-MAY-2025 15:48:23)
2,24 , 1,0,6,0,S, 	(30-MAY-2025 15:48:23)
2,24 , 1,0,6,0,S, 	(30-MAY-2025 15:48:23)
2,24 , 1,0,6,0,S, 	(30-MAY-2025 15:48:23)
2,24 , 1,0,6,0,S, 	(30-MAY-2025 15:48:23)
2,24 , 1,0,6,0,S, 	(30-MAY-2025 15:48:23)
2,24 , 1,0,6,0,S, 	(30-MAY-2025 15:48:23)
2,24 , 1,0,6,0,S, 	(30-MAY-2025 15:48:23)
2,24 , 1,0,6,0,S, 	(30-MAY-2025 15:48:23)
2,24 , 1,0,6,0,S, 	(30-MAY-2025 15:48:23)
2,24 , 1,0,6,0,S, 	(30-MAY-2025 15:48:23)
2,24 , 1,0,6,0,S, 	(30-MAY-2025 15:48:23)
2,24 , 1,0,6,0,S, 	(30-MAY-2025 15:48:23)
2,24 , 1,0,6,0,S, 	(30-MAY-2025 15:48:23)
2,24 , 1,0,6,0,S, 	(30-MAY-2025 15:48:23)
2,24 , 1,0,6,0,S, 	(30-MAY-2025 15:48:23)
2,24 , 1,0,6,0,S, 	(30-MAY-2025 15:48:23)
2,24 , 1,0,6,0,S, 	(30-MAY-2025 15:48:23)
2,24 , 1,0,6,0,S, 	(30-MAY-2025 15:48:23)
2,24 , 1,0,6,0,S, 	(30-MAY-2025 15:48:23)
2,24 , 1,0,6,0,S, 	(30-MAY-2025 15:48:23)
2,24 , 1,0,6,0,S, 	(30-MAY-2025 15:48:23)
2,24 , 1,0,6,0,S, 	(30-MAY-2025 15:48:23)
2,24 , 1,0,6,0,S, 	(30-MAY-2025 15:48:23)
2,24 , 1,0,6,0,S, 	(30-MAY-2025 15:48:23)
2,24 , 1,0,6,0,S, 	(30-MAY-2025 15:48:23)
2,24 , 1,0,6,0,S, 	(30-MAY-2025 15:48:23)
2,24 , 1,0,6,0,S, 	(30-MAY-2025 15:48:23)
2,24 , 1,0,6,0,S, 	(30-MAY-2025 15:48:23)
2,24 , 1,0,6,0,S, 	(30-MAY-2025 15:48:23)
2,24 , 1,0,6,0,S, 	(30-MAY-2025 15:48:23)
2,24 , 1,0,6,0,S, 	(30-MAY-2025 15:48:23)
2,24 , 1,0,6,0,S, 	(30-MAY-2025 15:48:23)
2,24 , 1,0,6,0,S, 	(30-MAY-2025 15:48:23)
2,24 , 1,0,6,0,S, 	(30-MAY-2025 15:48:23)
2,24 , 1,0,6,0,S, 	(30-MAY-2025 15:48:23)
2,24 , 1,0,6,0,S, 	(30-MAY-2025 15:48:23)
2,24 , 1,0,6,0,S, 	(30-MAY-2025 15:48:23)
2,24 , 1,0,6,0,S, 	(30-MAY-2025 15:48:23)
2,24 , 1,0,6,0,S, 	(30-MAY-2025 15:48:23)
2,24 , 1,0,6,0,S, 	(30-MAY-2025 15:48:23)
2,24 , 1,0,6,0,S, 	(30-MAY-2025 15:48:23)
2,24 , 1,0,6,0,S, 	(30-MAY-2025 15:48:23)
2,24 , 1,0,6,0,S, 	(30-MAY-2025 15:48:23)
2,24 , 1,0,6,0,S, 	(30-MAY-2025 15:48:23)
2,24 , 1,0,6,0,S, 	(30-MAY-2025 15:48:23)
2,24 , 1,0,6,0,S, 	(30-MAY-2025 15:48:23)
2,24 , 1,0,6,0,S, 	(30-MAY-2025 15:48:23)
2,24 , 1,0,6,0,S, 	(30-MAY-2025 15:48:23)
2,24 , 1,0,6,0,S, 	(30-MAY-2025 15:48:23)
2,24 , 1,0,6,0,S, 	(30-MAY-2025 15:48:23)
2,24 , 1,0,6,0,S, 	(30-MAY-2025 15:48:23)
2,24 , 1,0,6,0,S, 	(30-MAY-2025 15:48:23)
2,24 , 1,0,6,0,S, 	(30-MAY-2025 15:48:23)
2,24 , 1,0,6,0,S, 	(30-MAY-2025 15:48:23)
2,24 , 1,0,6,0,S, 	(30-MAY-2025 15:48:23)
2,24 , 1,0,6,0,S, 	(30-MAY-2025 15:48:23)
2,24 , 1,0,6,0,S, 	(30-MAY-2025 15:48:23)
2,24 , 1,0,6,0,S, 	(30-MAY-2025 15:48:23)
2,24 , 1,0,6,0,S, 	(30-MAY-2025 15:48:23)
2,24 , 1,0,6,0,S, 	(30-MAY-2025 15:48:23)
2,24 , 1,0,6,0,S, 	(30-MAY-2025 15:48:23)
2,24 , 1,0,6,0,S, 	(30-MAY-2025 15:48:23)
2,24 , 1,0,6,0,S, 	(30-MAY-2025 15:48:23)
2,24 , 1,0,6,0,S, 	(30-MAY-2025 15:48:23)
2,24 , 1,0,6,0,S, 	(30-MAY-2025 15:48:23)
2,24 , 1,0,6,0,S, 	(30-MAY-2025 15:48:23)
2,24 , 1,0,6,0,S, 	(30-MAY-2025 15:48:23)
2,24 , 1,0,6,0,S, 	(30-MAY-2025 15:48:23)
2,24 , 1,0,6,0,S, 	(30-MAY-2025 15:48:23)
2,24 , 1,0,6,0,S, 	(30-MAY-2025 15:48:23)
2,24 , 1,0,6,0,S, 	(30-MAY-2025 15:48:23)
2,24 , 1,0,6,0,S, 	(30-MAY-2025 15:48:23)
2,24 , 1,0,6,0,S, 	(30-MAY-2025 15:48:23)
2,24 , 1,0,6,0,S, 	(30-MAY-2025 15:48:23)
2,25 , 1,0,1,0,S, 	(30-MAY-2025 15:48:23)
2,25 , 1,0,1,0,S, 	(30-MAY-2025 15:48:23)
2,25 , 1,0,1,0,S, 	(30-MAY-2025 15:48:23)
2,25 , 1,0,1,0,S, 	(30-MAY-2025 15:48:23)
2,25 , 1,0,1,0,S, 	(30-MAY-2025 15:48:23)
2,25 , 1,0,1,0,S, 	(30-MAY-2025 15:48:23)
2,25 , 1,0,1,0,S, 	(30-MAY-2025 15:48:23)
2,25 , 1,0,1,0,S, 	(30-MAY-2025 15:48:23)
2,25 , 1,0,1,0,S, 	(30-MAY-2025 15:48:23)
2,25 , 1,0,1,0,S, 	(30-MAY-2025 15:48:23)
2,25 , 1,0,1,0,S, 	(30-MAY-2025 15:48:23)
2,25 , 1,0,1,0,S, 	(30-MAY-2025 15:48:23)
2,25 , 1,0,1,0,S, 	(30-MAY-2025 15:48:23)
2,25 , 1,0,1,0,S, 	(30-MAY-2025 15:48:23)
2,25 , 1,0,1,0,S, 	(30-MAY-2025 15:48:23)
2,25 , 1,0,1,0,S, 	(30-MAY-2025 15:48:23)
2,25 , 1,0,1,0,S, 	(30-MAY-2025 15:48:23)
2,25 , 1,0,1,0,S, 	(30-MAY-2025 15:48:23)
2,25 , 1,0,1,0,S, 	(30-MAY-2025 15:48:23)
2,25 , 1,0,1,0,S, 	(30-MAY-2025 15:48:23)
2,25 , 1,0,1,0,S, 	(30-MAY-2025 15:48:23)
2,25 , 1,0,1,0,S, 	(30-MAY-2025 15:48:23)
2,25 , 1,0,1,0,S, 	(30-MAY-2025 15:48:23)
2,25 , 1,0,1,0,S, 	(30-MAY-2025 15:48:23)
2,25 , 1,0,1,0,S, 	(30-MAY-2025 15:48:23)
2,25 , 1,0,1,0,S, 	(30-MAY-2025 15:48:23)
2,25 , 1,0,1,0,S, 	(30-MAY-2025 15:48:23)
2,25 , 1,0,1,0,S, 	(30-MAY-2025 15:48:23)
2,25 , 1,0,1,0,S, 	(30-MAY-2025 15:48:23)
2,25 , 1,0,1,0,S, 	(30-MAY-2025 15:48:23)
2,25 , 1,0,1,0,S, 	(30-MAY-2025 15:48:23)
2,25 , 1,0,1,0,S, 	(30-MAY-2025 15:48:23)
2,25 , 1,0,1,0,S, 	(30-MAY-2025 15:48:23)
2,25 , 1,0,1,0,S, 	(30-MAY-2025 15:48:23)
2,25 , 1,0,1,0,S, 	(30-MAY-2025 15:48:23)
2,25 , 1,0,1,0,S, 	(30-MAY-2025 15:48:23)
2,25 , 1,0,1,0,S, 	(30-MAY-2025 15:48:23)
2,25 , 1,0,1,0,S, 	(30-MAY-2025 15:48:23)
2,25 , 1,0,1,0,S, 	(30-MAY-2025 15:48:23)
2,25 , 1,0,1,0,S, 	(30-MAY-2025 15:48:23)
2,25 , 1,0,1,0,S, 	(30-MAY-2025 15:48:23)
2,25 , 1,0,1,0,S, 	(30-MAY-2025 15:48:23)
2,25 , 1,0,1,0,S, 	(30-MAY-2025 15:48:23)
2,25 , 1,0,1,0,S, 	(30-MAY-2025 15:48:23)
2,25 , 1,0,1,0,S, 	(30-MAY-2025 15:48:23)
2,25 , 1,0,1,0,S, 	(30-MAY-2025 15:48:23)
2,25 , 1,0,1,0,S, 	(30-MAY-2025 15:48:23)
2,25 , 1,0,1,0,S, 	(30-MAY-2025 15:48:23)
2,25 , 1,0,1,0,S, 	(30-MAY-2025 15:48:23)
2,25 , 1,0,1,0,S, 	(30-MAY-2025 15:48:23)
2,25 , 1,0,1,0,S, 	(30-MAY-2025 15:48:23)
2,25 , 1,0,1,0,S, 	(30-MAY-2025 15:48:23)
2,25 , 1,0,1,0,S, 	(30-MAY-2025 15:48:23)
2,25 , 1,0,1,0,S, 	(30-MAY-2025 15:48:23)
2,25 , 1,0,1,0,S, 	(30-MAY-2025 15:48:23)
2,25 , 1,0,1,0,S, 	(30-MAY-2025 15:48:23)
2,25 , 1,0,1,0,S, 	(30-MAY-2025 15:48:23)
2,25 , 1,0,1,0,S, 	(30-MAY-2025 15:48:23)
2,25 , 1,0,1,0,S, 	(30-MAY-2025 15:48:23)
2,25 , 1,0,1,0,S, 	(30-MAY-2025 15:48:23)
2,25 , 1,0,1,0,S, 	(30-MAY-2025 15:48:23)
2,25 , 1,0,1,0,S, 	(30-MAY-2025 15:48:23)
2,25 , 1,0,1,0,S, 	(30-MAY-2025 15:48:23)
2,25 , 1,0,1,0,S, 	(30-MAY-2025 15:48:23)
2,25 , 1,0,1,0,S, 	(30-MAY-2025 15:48:23)
2,25 , 1,0,1,0,S, 	(30-MAY-2025 15:48:23)
2,25 , 1,0,1,0,S, 	(30-MAY-2025 15:48:23)
2,25 , 1,0,1,0,S, 	(30-MAY-2025 15:48:23)
2,25 , 1,0,1,0,S, 	(30-MAY-2025 15:48:23)
2,25 , 1,0,1,0,S, 	(30-MAY-2025 15:48:23)
2,25 , 1,0,1,0,S, 	(30-MAY-2025 15:48:23)
2,25 , 1,0,1,0,S, 	(30-MAY-2025 15:48:23)
2,25 , 1,0,1,0,S, 	(30-MAY-2025 15:48:23)
2,25 , 1,0,1,0,S, 	(30-MAY-2025 15:48:23)
2,25 , 1,0,1,0,S, 	(30-MAY-2025 15:48:23)
2,25 , 1,0,1,0,S, 	(30-MAY-2025 15:48:23)
2,25 , 1,0,1,0,S, 	(30-MAY-2025 15:48:23)
2,25 , 1,0,1,0,S, 	(30-MAY-2025 15:48:23)
2,25 , 1,0,1,0,S, 	(30-MAY-2025 15:48:23)
2,25 , 1,0,1,0,S, 	(30-MAY-2025 15:48:23)
2,25 , 1,0,1,0,S, 	(30-MAY-2025 15:48:23)
2,25 , 1,0,1,0,S, 	(30-MAY-2025 15:48:23)
2,25 , 1,0,1,0,S, 	(30-MAY-2025 15:48:23)
2,25 , 1,0,1,0,S, 	(30-MAY-2025 15:48:23)
2,25 , 1,0,1,0,S, 	(30-MAY-2025 15:48:23)
2,25 , 1,0,1,0,S, 	(30-MAY-2025 15:48:23)
2,25 , 1,0,1,0,S, 	(30-MAY-2025 15:48:23)
2,25 , 1,0,1,0,S, 	(30-MAY-2025 15:48:23)
2,25 , 1,0,1,0,S, 	(30-MAY-2025 15:48:23)
2,25 , 1,0,1,0,S, 	(30-MAY-2025 15:48:23)
2,25 , 1,0,1,0,S, 	(30-MAY-2025 15:48:23)
2,25 , 1,0,1,0,S, 	(30-MAY-2025 15:48:23)
2,25 , 1,0,1,0,S, 	(30-MAY-2025 15:48:23)
2,25 , 1,0,1,0,S, 	(30-MAY-2025 15:48:23)
2,25 , 1,0,1,0,S, 	(30-MAY-2025 15:48:23)
2,25 , 1,0,1,0,S, 	(30-MAY-2025 15:48:23)
2,25 , 1,0,1,0,S, 	(30-MAY-2025 15:48:23)
2,25 , 1,0,1,0,S, 	(30-MAY-2025 15:48:23)
2,25 , 1,0,1,0,S, 	(30-MAY-2025 15:48:23)
2,25 , 1,0,1,0,S, 	(30-MAY-2025 15:48:23)
2,25 , 1,0,1,0,S, 	(30-MAY-2025 15:48:23)
2,25 , 1,0,1,0,S, 	(30-MAY-2025 15:48:23)
2,25 , 1,0,1,0,S, 	(30-MAY-2025 15:48:23)
2,25 , 1,0,1,0,S, 	(30-MAY-2025 15:48:23)
2,25 , 1,0,1,0,S, 	(30-MAY-2025 15:48:23)
2,25 , 1,0,1,0,S, 	(30-MAY-2025 15:48:23)
2,25 , 1,0,1,0,S, 	(30-MAY-2025 15:48:23)
2,25 , 1,0,1,0,S, 	(30-MAY-2025 15:48:23)
2,25 , 1,0,1,0,S, 	(30-MAY-2025 15:48:23)
2,25 , 1,0,1,0,S, 	(30-MAY-2025 15:48:23)
2,25 , 1,0,1,0,S, 	(30-MAY-2025 15:48:23)
2,25 , 1,0,1,0,S, 	(30-MAY-2025 15:48:23)
2,25 , 1,0,1,0,S, 	(30-MAY-2025 15:48:23)
2,25 , 1,0,1,0,S, 	(30-MAY-2025 15:48:23)
2,25 , 1,0,1,0,S, 	(30-MAY-2025 15:48:23)
2,25 , 1,0,1,0,S, 	(30-MAY-2025 15:48:23)
2,25 , 1,0,1,0,S, 	(30-MAY-2025 15:48:23)
2,25 , 1,0,1,0,S, 	(30-MAY-2025 15:48:23)
2,25 , 1,0,1,0,S, 	(30-MAY-2025 15:48:23)
2,25 , 1,0,1,0,S, 	(30-MAY-2025 15:48:23)
2,25 , 1,0,1,0,S, 	(30-MAY-2025 15:48:23)
2,25 , 1,0,1,0,S, 	(30-MAY-2025 15:48:23)
2,25 , 1,0,1,0,S, 	(30-MAY-2025 15:48:23)
2,25 , 1,0,1,0,S, 	(30-MAY-2025 15:48:23)
2,25 , 1,0,1,0,S, 	(30-MAY-2025 15:48:23)
2,25 , 1,0,1,0,S, 	(30-MAY-2025 15:48:23)
2,25 , 1,0,1,0,S, 	(30-MAY-2025 15:48:23)
2,25 , 1,0,1,0,S, 	(30-MAY-2025 15:48:23)
2,25 , 1,0,1,0,S, 	(30-MAY-2025 15:48:23)
2,25 , 1,0,1,0,S, 	(30-MAY-2025 15:48:23)
2,25 , 1,0,1,0,S, 	(30-MAY-2025 15:48:23)
2,25 , 1,0,1,0,S, 	(30-MAY-2025 15:48:23)
2,25 , 1,0,1,0,S, 	(30-MAY-2025 15:48:23)
2,25 , 1,0,1,0,S, 	(30-MAY-2025 15:48:23)
2,25 , 1,0,1,0,S, 	(30-MAY-2025 15:48:23)
2,25 , 1,0,1,0,S, 	(30-MAY-2025 15:48:23)
2,25 , 1,0,1,0,S, 	(30-MAY-2025 15:48:23)
2,25 , 1,0,1,0,S, 	(30-MAY-2025 15:48:23)
2,25 , 1,0,1,0,S, 	(30-MAY-2025 15:48:23)
2,25 , 1,0,1,0,S, 	(30-MAY-2025 15:48:23)
2,25 , 1,0,1,0,S, 	(30-MAY-2025 15:48:23)
2,25 , 1,0,1,0,S, 	(30-MAY-2025 15:48:23)
2,25 , 1,0,1,0,S, 	(30-MAY-2025 15:48:23)
2,25 , 1,0,1,0,S, 	(30-MAY-2025 15:48:23)
2,25 , 1,0,1,0,S, 	(30-MAY-2025 15:48:23)
2,25 , 1,0,1,0,S, 	(30-MAY-2025 15:48:23)
2,25 , 1,0,1,0,S, 	(30-MAY-2025 15:48:23)
2,25 , 1,0,1,0,S, 	(30-MAY-2025 15:48:23)
2,25 , 1,0,1,0,S, 	(30-MAY-2025 15:48:23)
2,25 , 1,0,1,0,S, 	(30-MAY-2025 15:48:23)
2,25 , 1,0,1,0,S, 	(30-MAY-2025 15:48:23)
2,25 , 1,0,1,0,S, 	(30-MAY-2025 15:48:23)
2,25 , 1,0,1,0,S, 	(30-MAY-2025 15:48:23)
2,25 , 1,0,1,0,S, 	(30-MAY-2025 15:48:23)
2,25 , 1,0,1,0,S, 	(30-MAY-2025 15:48:23)
2,25 , 1,0,1,0,S, 	(30-MAY-2025 15:48:23)
2,25 , 1,0,1,0,S, 	(30-MAY-2025 15:48:23)
2,25 , 1,0,1,0,S, 	(30-MAY-2025 15:48:23)
2,25 , 1,0,1,0,S, 	(30-MAY-2025 15:48:23)
2,25 , 1,0,1,0,S, 	(30-MAY-2025 15:48:23)
2,25 , 1,0,1,0,S, 	(30-MAY-2025 15:48:23)
2,25 , 1,0,1,0,S, 	(30-MAY-2025 15:48:23)
2,25 , 1,0,1,0,S, 	(30-MAY-2025 15:48:23)
2,25 , 1,0,1,0,S, 	(30-MAY-2025 15:48:23)
2,25 , 1,0,1,0,S, 	(30-MAY-2025 15:48:23)
2,25 , 1,0,1,0,S, 	(30-MAY-2025 15:48:23)
2,25 , 1,0,1,0,S, 	(30-MAY-2025 15:48:23)
2,25 , 1,0,1,0,S, 	(30-MAY-2025 15:48:23)
2,25 , 1,0,1,0,S, 	(30-MAY-2025 15:48:23)
2,25 , 1,0,1,0,S, 	(30-MAY-2025 15:48:23)
2,25 , 1,0,1,0,S, 	(30-MAY-2025 15:48:23)
2,25 , 1,0,1,0,S, 	(30-MAY-2025 15:48:23)
2,25 , 1,0,1,0,S, 	(30-MAY-2025 15:48:23)
2,25 , 1,0,1,0,S, 	(30-MAY-2025 15:48:23)
2,25 , 1,0,1,0,S, 	(30-MAY-2025 15:48:23)
2,25 , 1,0,1,0,S, 	(30-MAY-2025 15:48:23)
2,25 , 1,0,1,0,S, 	(30-MAY-2025 15:48:23)
2,25 , 1,0,1,0,S, 	(30-MAY-2025 15:48:23)
2,25 , 1,0,1,0,S, 	(30-MAY-2025 15:48:23)
2,25 , 1,0,1,0,S, 	(30-MAY-2025 15:48:23)
2,25 , 1,0,1,0,S, 	(30-MAY-2025 15:48:23)
2,25 , 1,0,1,0,S, 	(30-MAY-2025 15:48:23)
2,25 , 1,0,1,0,S, 	(30-MAY-2025 15:48:23)
2,25 , 1,0,1,0,S, 	(30-MAY-2025 15:48:23)
2,25 , 1,0,1,0,S, 	(30-MAY-2025 15:48:23)
2,25 , 1,0,1,0,S, 	(30-MAY-2025 15:48:23)
2,25 , 1,0,1,0,S, 	(30-MAY-2025 15:48:23)
2,25 , 1,0,1,0,S, 	(30-MAY-2025 15:48:23)
2,25 , 1,0,1,0,S, 	(30-MAY-2025 15:48:23)
2,25 , 1,0,1,0,S, 	(30-MAY-2025 15:48:23)
2,25 , 1,0,1,0,S, 	(30-MAY-2025 15:48:23)
2,25 , 1,0,1,0,S, 	(30-MAY-2025 15:48:23)
2,25 , 1,0,1,0,S, 	(30-MAY-2025 15:48:23)
2,25 , 1,0,1,0,S, 	(30-MAY-2025 15:48:23)
2,25 , 1,0,1,0,S, 	(30-MAY-2025 15:48:23)
2,25 , 1,0,1,0,S, 	(30-MAY-2025 15:48:23)
2,25 , 1,0,1,0,S, 	(30-MAY-2025 15:48:23)
2,25 , 1,0,1,0,S, 	(30-MAY-2025 15:48:23)
2,25 , 1,0,1,0,S, 	(30-MAY-2025 15:48:23)
2,25 , 1,0,1,0,S, 	(30-MAY-2025 15:48:23)
2,25 , 1,0,1,0,S, 	(30-MAY-2025 15:48:23)
2,25 , 1,0,1,0,S, 	(30-MAY-2025 15:48:23)
2,25 , 1,0,1,0,S, 	(30-MAY-2025 15:48:23)
2,25 , 1,0,1,0,S, 	(30-MAY-2025 15:48:23)
2,25 , 1,0,1,0,S, 	(30-MAY-2025 15:48:23)
2,25 , 1,0,1,0,S, 	(30-MAY-2025 15:48:23)
2,25 , 1,0,1,0,S, 	(30-MAY-2025 15:48:23)
2,25 , 1,0,1,0,S, 	(30-MAY-2025 15:48:23)
2,25 , 1,0,1,0,S, 	(30-MAY-2025 15:48:23)
2,25 , 1,0,1,0,S, 	(30-MAY-2025 15:48:23)
2,25 , 1,0,1,0,S, 	(30-MAY-2025 15:48:23)
2,25 , 1,0,1,0,S, 	(30-MAY-2025 15:48:23)
2,25 , 1,0,1,0,S, 	(30-MAY-2025 15:48:23)
2,25 , 1,0,1,0,S, 	(30-MAY-2025 15:48:23)
2,25 , 1,0,1,0,S, 	(30-MAY-2025 15:48:23)
2,25 , 1,0,1,0,S, 	(30-MAY-2025 15:48:23)
2,25 , 1,0,1,0,S, 	(30-MAY-2025 15:48:23)
2,25 , 1,0,1,0,S, 	(30-MAY-2025 15:48:23)
2,25 , 1,0,1,0,S, 	(30-MAY-2025 15:48:23)
2,25 , 1,0,1,0,S, 	(30-MAY-2025 15:48:23)
2,25 , 1,0,1,0,S, 	(30-MAY-2025 15:48:23)
2,25 , 1,0,1,0,S, 	(30-MAY-2025 15:48:23)
2,25 , 1,0,1,0,S, 	(30-MAY-2025 15:48:23)
2,25 , 1,0,1,0,S, 	(30-MAY-2025 15:48:23)
2,25 , 1,0,1,0,S, 	(30-MAY-2025 15:48:23)
2,25 , 1,0,1,0,S, 	(30-MAY-2025 15:48:23)
2,25 , 1,0,1,0,S, 	(30-MAY-2025 15:48:23)
2,25 , 1,0,1,0,S, 	(30-MAY-2025 15:48:23)
2,25 , 1,0,1,0,S, 	(30-MAY-2025 15:48:23)
2,25 , 1,0,1,0,S, 	(30-MAY-2025 15:48:23)
2,25 , 1,0,1,0,S, 	(30-MAY-2025 15:48:23)
2,25 , 1,0,1,0,S, 	(30-MAY-2025 15:48:23)
2,25 , 1,0,1,0,S, 	(30-MAY-2025 15:48:23)
2,25 , 1,0,1,0,S, 	(30-MAY-2025 15:48:23)
2,25 , 1,0,1,0,S, 	(30-MAY-2025 15:48:23)
2,25 , 1,0,1,0,S, 	(30-MAY-2025 15:48:23)
2,25 , 1,0,1,0,S, 	(30-MAY-2025 15:48:23)
2,25 , 1,0,1,0,S, 	(30-MAY-2025 15:48:23)
2,25 , 1,0,1,0,S, 	(30-MAY-2025 15:48:23)
2,25 , 1,0,1,0,S, 	(30-MAY-2025 15:48:23)
2,25 , 1,0,1,0,S, 	(30-MAY-2025 15:48:23)
2,25 , 1,0,1,0,S, 	(30-MAY-2025 15:48:23)
2,25 , 1,0,1,0,S, 	(30-MAY-2025 15:48:23)
2,25 , 1,0,1,0,S, 	(30-MAY-2025 15:48:23)
2,25 , 1,0,1,0,S, 	(30-MAY-2025 15:48:23)
2,25 , 1,0,1,0,S, 	(30-MAY-2025 15:48:23)
2,25 , 1,0,1,0,S, 	(30-MAY-2025 15:48:23)
2,25 , 1,0,1,0,S, 	(30-MAY-2025 15:48:23)
2,25 , 1,0,1,0,S, 	(30-MAY-2025 15:48:23)
2,25 , 1,0,1,0,S, 	(30-MAY-2025 15:48:23)
2,25 , 1,0,1,0,S, 	(30-MAY-2025 15:48:23)
2,25 , 1,0,1,0,S, 	(30-MAY-2025 15:48:23)
2,25 , 1,0,1,0,S, 	(30-MAY-2025 15:48:23)
2,25 , 1,0,1,0,S, 	(30-MAY-2025 15:48:23)
2,25 , 1,0,1,0,S, 	(30-MAY-2025 15:48:23)
2,25 , 1,0,1,0,S, 	(30-MAY-2025 15:48:23)
2,25 , 1,0,1,0,S, 	(30-MAY-2025 15:48:23)
2,25 , 1,0,1,0,S, 	(30-MAY-2025 15:48:23)
2,25 , 1,0,1,0,S, 	(30-MAY-2025 15:48:23)
2,25 , 1,0,1,0,S, 	(30-MAY-2025 15:48:23)
2,25 , 1,0,1,0,S, 	(30-MAY-2025 15:48:23)
2,25 , 1,0,1,0,S, 	(30-MAY-2025 15:48:23)
2,25 , 1,0,1,0,S, 	(30-MAY-2025 15:48:23)
2,25 , 1,0,1,0,S, 	(30-MAY-2025 15:48:23)
2,25 , 1,0,1,0,S, 	(30-MAY-2025 15:48:23)
2,25 , 1,0,1,0,S, 	(30-MAY-2025 15:48:23)
2,25 , 1,0,1,0,S, 	(30-MAY-2025 15:48:23)
2,25 , 1,0,1,0,S, 	(30-MAY-2025 15:48:23)
2,25 , 1,0,1,0,S, 	(30-MAY-2025 15:48:23)
2,25 , 1,0,1,0,S, 	(30-MAY-2025 15:48:23)
2,25 , 1,0,1,0,S, 	(30-MAY-2025 15:48:23)
2,25 , 1,0,1,0,S, 	(30-MAY-2025 15:48:23)
2,25 , 1,0,1,0,S, 	(30-MAY-2025 15:48:23)
2,25 , 1,0,1,0,S, 	(30-MAY-2025 15:48:23)
2,25 , 1,0,1,0,S, 	(30-MAY-2025 15:48:23)
2,25 , 1,0,1,0,S, 	(30-MAY-2025 15:48:23)
2,25 , 1,0,1,0,S, 	(30-MAY-2025 15:48:23)
2,25 , 1,0,1,0,S, 	(30-MAY-2025 15:48:23)
2,25 , 1,0,1,0,S, 	(30-MAY-2025 15:48:23)
2,25 , 1,0,1,0,S, 	(30-MAY-2025 15:48:23)
2,25 , 1,0,1,0,S, 	(30-MAY-2025 15:48:23)
2,25 , 1,0,1,0,S, 	(30-MAY-2025 15:48:23)
2,25 , 1,0,1,0,S, 	(30-MAY-2025 15:48:23)
2,25 , 1,0,1,0,S, 	(30-MAY-2025 15:48:23)
2,25 , 1,0,1,0,S, 	(30-MAY-2025 15:48:23)
2,25 , 1,0,1,0,S, 	(30-MAY-2025 15:48:23)
2,25 , 1,0,1,0,S, 	(30-MAY-2025 15:48:23)
2,25 , 1,0,1,0,S, 	(30-MAY-2025 15:48:23)
2,25 , 1,0,1,0,S, 	(30-MAY-2025 15:48:23)
2,25 , 1,0,1,0,S, 	(30-MAY-2025 15:48:23)
2,25 , 1,0,1,0,S, 	(30-MAY-2025 15:48:23)
2,25 , 1,0,1,0,S, 	(30-MAY-2025 15:48:23)
2,25 , 1,0,1,0,S, 	(30-MAY-2025 15:48:23)
2,25 , 1,0,1,0,S, 	(30-MAY-2025 15:48:23)
2,25 , 1,0,1,0,S, 	(30-MAY-2025 15:48:23)
2,25 , 1,0,1,0,S, 	(30-MAY-2025 15:48:23)
2,25 , 1,0,1,0,S, 	(30-MAY-2025 15:48:23)
2,25 , 1,0,1,0,S, 	(30-MAY-2025 15:48:23)
2,25 , 1,0,1,0,S, 	(30-MAY-2025 15:48:23)
2,25 , 1,0,1,0,S, 	(30-MAY-2025 15:48:23)
2,25 , 1,0,1,0,S, 	(30-MAY-2025 15:48:23)
2,25 , 1,0,1,0,S, 	(30-MAY-2025 15:48:23)
2,25 , 1,0,1,0,S, 	(30-MAY-2025 15:48:23)
2,25 , 1,0,1,0,S, 	(30-MAY-2025 15:48:23)
2,25 , 1,0,1,0,S, 	(30-MAY-2025 15:48:23)
2,25 , 1,0,1,0,S, 	(30-MAY-2025 15:48:23)
2,25 , 1,0,1,0,S, 	(30-MAY-2025 15:48:23)
2,25 , 1,0,1,0,S, 	(30-MAY-2025 15:48:23)
2,25 , 1,0,1,0,S, 	(30-MAY-2025 15:48:23)
2,25 , 1,0,1,0,S, 	(30-MAY-2025 15:48:23)
2,25 , 1,0,1,0,S, 	(30-MAY-2025 15:48:23)
2,25 , 1,0,1,0,S, 	(30-MAY-2025 15:48:23)
2,25 , 1,0,1,0,S, 	(30-MAY-2025 15:48:23)
2,25 , 1,0,1,0,S, 	(30-MAY-2025 15:48:23)
2,25 , 1,0,1,0,S, 	(30-MAY-2025 15:48:23)
2,25 , 1,0,1,0,S, 	(30-MAY-2025 15:48:23)
2,25 , 1,0,1,0,S, 	(30-MAY-2025 15:48:23)
2,25 , 1,0,1,0,S, 	(30-MAY-2025 15:48:23)
2,25 , 1,0,1,0,S, 	(30-MAY-2025 15:48:23)
2,25 , 1,0,1,0,S, 	(30-MAY-2025 15:48:23)
2,25 , 1,0,1,0,S, 	(30-MAY-2025 15:48:23)
2,25 , 1,0,1,0,S, 	(30-MAY-2025 15:48:23)
2,25 , 1,0,1,0,S, 	(30-MAY-2025 15:48:23)
2,25 , 1,0,1,0,S, 	(30-MAY-2025 15:48:23)
2,25 , 1,0,1,0,S, 	(30-MAY-2025 15:48:23)
2,25 , 1,0,1,0,S, 	(30-MAY-2025 15:48:23)
2,25 , 1,0,1,0,S, 	(30-MAY-2025 15:48:23)
2,25 , 1,0,1,0,S, 	(30-MAY-2025 15:48:23)
2,25 , 1,0,1,0,S, 	(30-MAY-2025 15:48:23)
2,25 , 1,0,1,0,S, 	(30-MAY-2025 15:48:23)
2,25 , 1,0,1,0,S, 	(30-MAY-2025 15:48:23)
2,25 , 1,0,1,0,S, 	(30-MAY-2025 15:48:23)
2,25 , 1,0,1,0,S, 	(30-MAY-2025 15:48:23)
2,25 , 1,0,1,0,S, 	(30-MAY-2025 15:48:23)
2,25 , 1,0,1,0,S, 	(30-MAY-2025 15:48:23)
2,25 , 1,0,1,0,S, 	(30-MAY-2025 15:48:23)
2,25 , 1,0,1,0,S, 	(30-MAY-2025 15:48:23)
2,25 , 1,0,1,0,S, 	(30-MAY-2025 15:48:23)
2,25 , 1,0,1,0,S, 	(30-MAY-2025 15:48:23)
2,25 , 1,0,1,0,S, 	(30-MAY-2025 15:48:23)
2,25 , 1,0,1,0,S, 	(30-MAY-2025 15:48:23)
2,25 , 1,0,1,0,S, 	(30-MAY-2025 15:48:23)
2,25 , 1,0,1,0,S, 	(30-MAY-2025 15:48:23)
2,25 , 1,0,1,0,S, 	(30-MAY-2025 15:48:23)
2,25 , 1,0,1,0,S, 	(30-MAY-2025 15:48:23)
2,25 , 1,0,1,0,S, 	(30-MAY-2025 15:48:23)
2,25 , 1,0,1,0,S, 	(30-MAY-2025 15:48:23)
2,25 , 1,0,1,0,S, 	(30-MAY-2025 15:48:23)
2,25 , 1,0,1,0,S, 	(30-MAY-2025 15:48:23)
2,25 , 1,0,1,0,S, 	(30-MAY-2025 15:48:23)
2,25 , 1,0,1,0,S, 	(30-MAY-2025 15:48:23)
2,25 , 1,0,1,0,S, 	(30-MAY-2025 15:48:23)
2,25 , 1,0,1,0,S, 	(30-MAY-2025 15:48:23)
2,25 , 1,0,1,0,S, 	(30-MAY-2025 15:48:23)
2,25 , 1,0,1,0,S, 	(30-MAY-2025 15:48:23)
2,25 , 1,0,1,0,S, 	(30-MAY-2025 15:48:23)
2,25 , 1,0,1,0,S, 	(30-MAY-2025 15:48:23)
2,25 , 1,0,1,0,S, 	(30-MAY-2025 15:48:23)
2,25 , 1,0,1,0,S, 	(30-MAY-2025 15:48:23)
2,25 , 1,0,1,0,S, 	(30-MAY-2025 15:48:23)
2,25 , 1,0,1,0,S, 	(30-MAY-2025 15:48:23)
2,25 , 1,0,1,0,S, 	(30-MAY-2025 15:48:23)
2,25 , 1,0,1,0,S, 	(30-MAY-2025 15:48:23)
2,25 , 1,0,1,0,S, 	(30-MAY-2025 15:48:23)
2,25 , 1,0,1,0,S, 	(30-MAY-2025 15:48:23)
2,25 , 1,0,1,0,S, 	(30-MAY-2025 15:48:23)
2,25 , 1,0,1,0,S, 	(30-MAY-2025 15:48:23)
2,25 , 1,0,1,0,S, 	(30-MAY-2025 15:48:23)
2,25 , 1,0,1,0,S, 	(30-MAY-2025 15:48:23)
2,25 , 1,0,1,0,S, 	(30-MAY-2025 15:48:23)
2,25 , 1,0,1,0,S, 	(30-MAY-2025 15:48:24)
2,25 , 1,0,1,0,S, 	(30-MAY-2025 15:48:24)
2,25 , 1,0,1,0,S, 	(30-MAY-2025 15:48:24)
2,25 , 1,0,1,0,S, 	(30-MAY-2025 15:48:24)
2,25 , 1,0,1,0,S, 	(30-MAY-2025 15:48:24)
2,25 , 1,0,1,0,S, 	(30-MAY-2025 15:48:24)
2,25 , 1,0,1,0,S, 	(30-MAY-2025 15:48:24)
2,25 , 1,0,1,0,S, 	(30-MAY-2025 15:48:24)
2,25 , 1,0,1,0,S, 	(30-MAY-2025 15:48:24)
2,25 , 1,0,1,0,S, 	(30-MAY-2025 15:48:24)
2,25 , 1,0,1,0,S, 	(30-MAY-2025 15:48:24)
2,25 , 1,0,1,0,S, 	(30-MAY-2025 15:48:24)
2,25 , 1,0,1,0,S, 	(30-MAY-2025 15:48:24)
2,25 , 1,0,1,0,S, 	(30-MAY-2025 15:48:24)
2,25 , 1,0,1,0,S, 	(30-MAY-2025 15:48:24)
2,25 , 1,0,1,0,S, 	(30-MAY-2025 15:48:24)
2,25 , 1,0,1,0,S, 	(30-MAY-2025 15:48:24)
2,25 , 1,0,1,0,S, 	(30-MAY-2025 15:48:24)
2,25 , 1,0,1,0,S, 	(30-MAY-2025 15:48:24)
2,25 , 1,0,1,0,S, 	(30-MAY-2025 15:48:24)
2,25 , 1,0,1,0,S, 	(30-MAY-2025 15:48:24)
2,25 , 1,0,1,0,S, 	(30-MAY-2025 15:48:24)
2,25 , 1,0,1,0,S, 	(30-MAY-2025 15:48:24)
2,25 , 1,0,1,0,S, 	(30-MAY-2025 15:48:24)
2,25 , 1,0,1,0,S, 	(30-MAY-2025 15:48:24)
2,25 , 1,0,1,0,S, 	(30-MAY-2025 15:48:24)
2,25 , 1,0,1,0,S, 	(30-MAY-2025 15:48:24)
2,25 , 1,0,1,0,S, 	(30-MAY-2025 15:48:24)
2,25 , 1,0,1,0,S, 	(30-MAY-2025 15:48:24)
2,25 , 1,0,1,0,S, 	(30-MAY-2025 15:48:24)
2,25 , 1,0,1,0,S, 	(30-MAY-2025 15:48:24)
2,25 , 1,0,1,0,S, 	(30-MAY-2025 15:48:24)
2,25 , 1,0,1,0,S, 	(30-MAY-2025 15:48:24)
2,25 , 1,0,1,0,S, 	(30-MAY-2025 15:48:24)
2,25 , 1,0,1,0,S, 	(30-MAY-2025 15:48:24)
2,25 , 1,0,1,0,S, 	(30-MAY-2025 15:48:24)
2,25 , 1,0,1,0,S, 	(30-MAY-2025 15:48:24)
2,25 , 1,0,1,0,S, 	(30-MAY-2025 15:48:24)
2,25 , 1,0,1,0,S, 	(30-MAY-2025 15:48:24)
2,25 , 1,0,1,0,S, 	(30-MAY-2025 15:48:24)
2,25 , 1,0,1,0,S, 	(30-MAY-2025 15:48:24)
2,25 , 1,0,1,0,S, 	(30-MAY-2025 15:48:24)
2,25 , 1,0,1,0,S, 	(30-MAY-2025 15:48:24)
2,25 , 1,0,1,0,S, 	(30-MAY-2025 15:48:24)
2,25 , 1,0,1,0,S, 	(30-MAY-2025 15:48:24)
2,25 , 1,0,1,0,S, 	(30-MAY-2025 15:48:24)
2,25 , 1,0,1,0,S, 	(30-MAY-2025 15:48:24)
2,25 , 1,0,1,0,S, 	(30-MAY-2025 15:48:24)
2,25 , 1,0,1,0,S, 	(30-MAY-2025 15:48:24)
2,25 , 1,0,1,0,S, 	(30-MAY-2025 15:48:24)
2,25 , 1,0,1,0,S, 	(30-MAY-2025 15:48:24)
2,25 , 1,0,1,0,S, 	(30-MAY-2025 15:48:24)
2,25 , 1,0,1,0,S, 	(30-MAY-2025 15:48:24)
2,25 , 1,0,1,0,S, 	(30-MAY-2025 15:48:24)
2,25 , 1,0,1,0,S, 	(30-MAY-2025 15:48:24)
2,25 , 1,0,1,0,S, 	(30-MAY-2025 15:48:24)
2,25 , 1,0,1,0,S, 	(30-MAY-2025 15:48:24)
2,25 , 1,0,1,0,S, 	(30-MAY-2025 15:48:24)
2,25 , 1,0,1,0,S, 	(30-MAY-2025 15:48:24)
2,25 , 1,0,1,0,S, 	(30-MAY-2025 15:48:24)
2,25 , 1,0,1,0,S, 	(30-MAY-2025 15:48:24)
2,25 , 1,0,1,0,S, 	(30-MAY-2025 15:48:24)
2,25 , 1,0,1,0,S, 	(30-MAY-2025 15:48:24)
2,25 , 1,0,1,0,S, 	(30-MAY-2025 15:48:24)
2,25 , 1,0,1,0,S, 	(30-MAY-2025 15:48:24)
2,25 , 1,0,1,0,S, 	(30-MAY-2025 15:48:24)
2,25 , 1,0,1,0,S, 	(30-MAY-2025 15:48:24)
2,25 , 1,0,1,0,S, 	(30-MAY-2025 15:48:24)
2,25 , 1,0,1,0,S, 	(30-MAY-2025 15:48:24)
2,25 , 1,0,1,0,S, 	(30-MAY-2025 15:48:24)
2,25 , 1,0,3,2,S, 	(30-MAY-2025 15:48:24)
2,25 , 1,0,3,2,S, 	(30-MAY-2025 15:48:24)
2,25 , 1,0,3,2,S, 	(30-MAY-2025 15:48:24)
2,25 , 1,0,3,2,S, 	(30-MAY-2025 15:48:24)
2,25 , 1,0,3,2,S, 	(30-MAY-2025 15:48:24)
2,25 , 1,0,3,2,S, 	(30-MAY-2025 15:48:24)
2,25 , 1,0,3,2,S, 	(30-MAY-2025 15:48:24)
2,25 , 1,0,3,2,S, 	(30-MAY-2025 15:48:24)
2,25 , 1,0,3,2,S, 	(30-MAY-2025 15:48:24)
2,25 , 1,0,3,2,S, 	(30-MAY-2025 15:48:24)
2,25 , 1,0,3,2,S, 	(30-MAY-2025 15:48:24)
2,25 , 1,0,3,2,S, 	(30-MAY-2025 15:48:24)
2,25 , 1,0,3,2,S, 	(30-MAY-2025 15:48:24)
2,25 , 1,0,3,2,S, 	(30-MAY-2025 15:48:24)
2,25 , 1,0,3,2,S, 	(30-MAY-2025 15:48:24)
2,25 , 1,0,3,2,S, 	(30-MAY-2025 15:48:24)
2,25 , 1,0,3,2,S, 	(30-MAY-2025 15:48:24)
2,25 , 1,0,3,2,S, 	(30-MAY-2025 15:48:24)
2,25 , 1,0,3,2,S, 	(30-MAY-2025 15:48:24)
2,25 , 1,0,3,2,S, 	(30-MAY-2025 15:48:24)
2,25 , 1,0,3,2,S, 	(30-MAY-2025 15:48:24)
2,25 , 1,0,3,2,S, 	(30-MAY-2025 15:48:24)
2,25 , 1,0,3,2,S, 	(30-MAY-2025 15:48:24)
2,25 , 1,0,3,2,S, 	(30-MAY-2025 15:48:24)
2,25 , 1,0,3,2,S, 	(30-MAY-2025 15:48:24)
2,25 , 1,0,3,2,S, 	(30-MAY-2025 15:48:24)
2,25 , 1,0,3,2,S, 	(30-MAY-2025 15:48:24)
2,25 , 1,0,3,2,S, 	(30-MAY-2025 15:48:24)
2,25 , 1,0,3,2,S, 	(30-MAY-2025 15:48:24)
2,25 , 1,0,3,2,S, 	(30-MAY-2025 15:48:24)
2,25 , 1,0,3,2,S, 	(30-MAY-2025 15:48:24)
2,25 , 1,0,3,2,S, 	(30-MAY-2025 15:48:24)
2,25 , 1,0,3,2,S, 	(30-MAY-2025 15:48:24)
2,25 , 1,0,3,2,S, 	(30-MAY-2025 15:48:24)
2,25 , 1,0,3,2,S, 	(30-MAY-2025 15:48:24)
2,25 , 1,0,3,2,S, 	(30-MAY-2025 15:48:24)
2,25 , 1,0,3,2,S, 	(30-MAY-2025 15:48:24)
2,25 , 1,0,3,2,S, 	(30-MAY-2025 15:48:24)
2,25 , 1,0,3,2,S, 	(30-MAY-2025 15:48:24)
2,25 , 1,0,3,2,S, 	(30-MAY-2025 15:48:24)
2,25 , 1,0,3,2,S, 	(30-MAY-2025 15:48:24)
2,25 , 1,0,3,2,S, 	(30-MAY-2025 15:48:24)
2,25 , 1,0,3,2,S, 	(30-MAY-2025 15:48:24)
2,25 , 1,0,3,2,S, 	(30-MAY-2025 15:48:24)
2,25 , 1,0,3,2,S, 	(30-MAY-2025 15:48:24)
2,25 , 1,0,3,2,S, 	(30-MAY-2025 15:48:24)
2,25 , 1,0,5,0,S, 	(30-MAY-2025 15:48:24)
2,25 , 1,0,5,0,S, 	(30-MAY-2025 15:48:24)
2,25 , 1,0,5,0,S, 	(30-MAY-2025 15:48:24)
2,25 , 1,0,5,0,S, 	(30-MAY-2025 15:48:24)
2,25 , 1,0,5,0,S, 	(30-MAY-2025 15:48:24)
2,25 , 1,0,5,0,S, 	(30-MAY-2025 15:48:24)
2,25 , 1,0,5,0,S, 	(30-MAY-2025 15:48:24)
2,25 , 1,0,5,0,S, 	(30-MAY-2025 15:48:24)
2,25 , 1,0,5,0,S, 	(30-MAY-2025 15:48:24)
2,25 , 1,0,5,0,S, 	(30-MAY-2025 15:48:24)
2,25 , 1,0,5,0,S, 	(30-MAY-2025 15:48:24)
2,25 , 1,0,5,0,S, 	(30-MAY-2025 15:48:24)
2,25 , 1,0,5,0,S, 	(30-MAY-2025 15:48:24)
2,25 , 1,0,5,0,S, 	(30-MAY-2025 15:48:24)
2,25 , 1,0,5,0,S, 	(30-MAY-2025 15:48:24)
2,25 , 1,0,5,0,S, 	(30-MAY-2025 15:48:24)
2,25 , 1,0,5,0,S, 	(30-MAY-2025 15:48:24)
2,25 , 1,0,5,0,S, 	(30-MAY-2025 15:48:24)
2,25 , 1,0,5,0,S, 	(30-MAY-2025 15:48:24)
2,25 , 1,0,5,0,S, 	(30-MAY-2025 15:48:24)
2,25 , 1,0,5,0,S, 	(30-MAY-2025 15:48:24)
2,25 , 1,0,5,0,S, 	(30-MAY-2025 15:48:24)
2,25 , 1,0,5,0,S, 	(30-MAY-2025 15:48:24)
2,25 , 1,0,5,0,S, 	(30-MAY-2025 15:48:24)
2,25 , 1,0,5,0,S, 	(30-MAY-2025 15:48:24)
2,25 , 1,0,5,0,S, 	(30-MAY-2025 15:48:24)
2,25 , 1,0,5,0,S, 	(30-MAY-2025 15:48:24)
2,25 , 1,0,5,0,S, 	(30-MAY-2025 15:48:24)
2,25 , 1,0,5,0,S, 	(30-MAY-2025 15:48:24)
2,25 , 1,0,5,0,S, 	(30-MAY-2025 15:48:24)
2,25 , 1,0,5,0,S, 	(30-MAY-2025 15:48:24)
2,25 , 1,0,5,0,S, 	(30-MAY-2025 15:48:24)
2,25 , 1,0,5,0,S, 	(30-MAY-2025 15:48:24)
2,25 , 1,0,5,0,S, 	(30-MAY-2025 15:48:24)
2,25 , 1,0,5,0,S, 	(30-MAY-2025 15:48:24)
2,25 , 1,0,5,0,S, 	(30-MAY-2025 15:48:24)
2,25 , 1,0,5,0,S, 	(30-MAY-2025 15:48:24)
2,25 , 1,0,5,0,S, 	(30-MAY-2025 15:48:24)
2,25 , 1,0,5,0,S, 	(30-MAY-2025 15:48:24)
2,25 , 1,0,5,0,S, 	(30-MAY-2025 15:48:24)
2,25 , 1,0,5,0,S, 	(30-MAY-2025 15:48:24)
2,25 , 1,0,5,0,S, 	(30-MAY-2025 15:48:24)
2,25 , 1,0,5,0,S, 	(30-MAY-2025 15:48:24)
2,25 , 1,0,5,0,S, 	(30-MAY-2025 15:48:24)
2,25 , 1,0,5,0,S, 	(30-MAY-2025 15:48:24)
2,25 , 1,0,5,0,S, 	(30-MAY-2025 15:48:24)
2,25 , 1,0,5,0,S, 	(30-MAY-2025 15:48:24)
2,25 , 1,0,5,0,S, 	(30-MAY-2025 15:48:24)
2,25 , 1,0,5,0,S, 	(30-MAY-2025 15:48:24)
2,25 , 1,0,5,0,S, 	(30-MAY-2025 15:48:24)
2,25 , 1,0,5,0,S, 	(30-MAY-2025 15:48:24)
2,25 , 1,0,5,0,S, 	(30-MAY-2025 15:48:24)
2,25 , 1,0,5,0,S, 	(30-MAY-2025 15:48:24)
2,25 , 1,0,5,0,S, 	(30-MAY-2025 15:48:24)
2,25 , 1,0,5,0,S, 	(30-MAY-2025 15:48:24)
2,25 , 1,0,5,0,S, 	(30-MAY-2025 15:48:24)
2,25 , 1,0,5,0,S, 	(30-MAY-2025 15:48:24)
2,25 , 1,0,5,0,S, 	(30-MAY-2025 15:48:24)
2,25 , 1,0,5,0,S, 	(30-MAY-2025 15:48:24)
2,25 , 1,0,5,0,S, 	(30-MAY-2025 15:48:24)
2,25 , 1,0,5,0,S, 	(30-MAY-2025 15:48:24)
2,25 , 1,0,5,0,S, 	(30-MAY-2025 15:48:24)
2,25 , 1,0,5,0,S, 	(30-MAY-2025 15:48:24)
2,25 , 1,0,5,0,S, 	(30-MAY-2025 15:48:24)
2,25 , 1,0,5,0,S, 	(30-MAY-2025 15:48:24)
2,25 , 1,0,5,0,S, 	(30-MAY-2025 15:48:24)
2,25 , 1,0,5,0,S, 	(30-MAY-2025 15:48:24)
2,25 , 1,0,5,0,S, 	(30-MAY-2025 15:48:24)
2,25 , 1,0,5,0,S, 	(30-MAY-2025 15:48:24)
2,25 , 1,0,5,0,S, 	(30-MAY-2025 15:48:24)
2,25 , 1,0,5,0,S, 	(30-MAY-2025 15:48:24)
2,25 , 1,0,5,0,S, 	(30-MAY-2025 15:48:24)
2,25 , 1,0,5,0,S, 	(30-MAY-2025 15:48:24)
2,25 , 1,0,5,0,S, 	(30-MAY-2025 15:48:24)
2,25 , 1,0,5,0,S, 	(30-MAY-2025 15:48:24)
2,25 , 1,0,5,0,S, 	(30-MAY-2025 15:48:24)
2,25 , 1,0,5,0,S, 	(30-MAY-2025 15:48:24)
2,25 , 1,0,5,0,S, 	(30-MAY-2025 15:48:24)
2,25 , 1,0,5,0,S, 	(30-MAY-2025 15:48:24)
2,25 , 1,0,5,0,S, 	(30-MAY-2025 15:48:24)
2,25 , 1,0,5,0,S, 	(30-MAY-2025 15:48:24)
2,25 , 1,0,5,0,S, 	(30-MAY-2025 15:48:24)
2,25 , 1,0,5,0,S, 	(30-MAY-2025 15:48:24)
2,25 , 1,0,5,0,S, 	(30-MAY-2025 15:48:24)
2,25 , 1,0,5,0,S, 	(30-MAY-2025 15:48:24)
2,25 , 1,0,5,0,S, 	(30-MAY-2025 15:48:24)
2,25 , 1,0,5,0,S, 	(30-MAY-2025 15:48:24)
2,25 , 1,0,5,0,S, 	(30-MAY-2025 15:48:24)
2,25 , 1,0,5,0,S, 	(30-MAY-2025 15:48:24)
2,25 , 1,0,5,0,S, 	(30-MAY-2025 15:48:24)
2,25 , 1,0,5,0,S, 	(30-MAY-2025 15:48:24)
2,25 , 1,0,5,0,S, 	(30-MAY-2025 15:48:24)
2,25 , 1,0,5,0,S, 	(30-MAY-2025 15:48:24)
2,25 , 1,0,5,0,S, 	(30-MAY-2025 15:48:24)
2,25 , 1,0,5,0,S, 	(30-MAY-2025 15:48:24)
2,25 , 1,0,5,0,S, 	(30-MAY-2025 15:48:24)
2,25 , 1,0,5,0,S, 	(30-MAY-2025 15:48:24)
2,25 , 1,0,5,0,S, 	(30-MAY-2025 15:48:24)
2,25 , 1,0,5,0,S, 	(30-MAY-2025 15:48:24)
2,25 , 1,0,5,0,S, 	(30-MAY-2025 15:48:24)
2,25 , 1,0,5,0,S, 	(30-MAY-2025 15:48:24)
2,25 , 1,0,5,0,S, 	(30-MAY-2025 15:48:24)
2,25 , 1,0,5,0,S, 	(30-MAY-2025 15:48:24)
2,25 , 1,0,5,0,S, 	(30-MAY-2025 15:48:24)
2,25 , 1,0,5,0,S, 	(30-MAY-2025 15:48:24)
2,25 , 1,0,5,0,S, 	(30-MAY-2025 15:48:24)
2,25 , 1,0,5,0,S, 	(30-MAY-2025 15:48:24)
2,25 , 1,0,5,0,S, 	(30-MAY-2025 15:48:24)
2,25 , 1,0,5,0,S, 	(30-MAY-2025 15:48:24)
2,25 , 1,0,5,0,S, 	(30-MAY-2025 15:48:24)
2,25 , 1,0,5,0,S, 	(30-MAY-2025 15:48:24)
2,25 , 1,0,5,0,S, 	(30-MAY-2025 15:48:24)
2,25 , 1,0,5,0,S, 	(30-MAY-2025 15:48:24)
2,25 , 1,0,5,0,S, 	(30-MAY-2025 15:48:24)
2,25 , 1,0,5,0,S, 	(30-MAY-2025 15:48:24)
2,25 , 1,0,5,0,S, 	(30-MAY-2025 15:48:24)
2,25 , 1,0,5,0,S, 	(30-MAY-2025 15:48:24)
2,25 , 1,0,5,0,S, 	(30-MAY-2025 15:48:24)
2,25 , 1,0,5,0,S, 	(30-MAY-2025 15:48:24)
2,25 , 1,0,5,0,S, 	(30-MAY-2025 15:48:24)
2,25 , 1,0,5,0,S, 	(30-MAY-2025 15:48:24)
2,25 , 1,0,5,0,S, 	(30-MAY-2025 15:48:24)
2,25 , 1,0,5,0,S, 	(30-MAY-2025 15:48:24)
2,25 , 1,0,5,0,S, 	(30-MAY-2025 15:48:24)
2,25 , 1,0,5,0,S, 	(30-MAY-2025 15:48:24)
2,25 , 1,0,5,0,S, 	(30-MAY-2025 15:48:24)
2,25 , 1,0,5,0,S, 	(30-MAY-2025 15:48:24)
2,25 , 1,0,5,0,S, 	(30-MAY-2025 15:48:24)
2,25 , 1,0,5,0,S, 	(30-MAY-2025 15:48:24)
2,25 , 1,0,5,0,S, 	(30-MAY-2025 15:48:24)
2,25 , 1,0,5,0,S, 	(30-MAY-2025 15:48:24)
2,25 , 1,0,5,0,S, 	(30-MAY-2025 15:48:24)
2,25 , 1,0,5,0,S, 	(30-MAY-2025 15:48:24)
2,25 , 1,0,5,0,S, 	(30-MAY-2025 15:48:24)
2,25 , 1,0,5,0,S, 	(30-MAY-2025 15:48:24)
2,25 , 1,0,5,0,S, 	(30-MAY-2025 15:48:24)
2,25 , 1,0,5,0,S, 	(30-MAY-2025 15:48:24)
2,25 , 1,0,5,0,S, 	(30-MAY-2025 15:48:24)
2,25 , 1,0,5,0,S, 	(30-MAY-2025 15:48:24)
2,25 , 1,0,5,0,S, 	(30-MAY-2025 15:48:24)
2,25 , 1,0,5,0,S, 	(30-MAY-2025 15:48:24)
2,25 , 1,0,5,0,S, 	(30-MAY-2025 15:48:24)
2,25 , 1,0,5,0,S, 	(30-MAY-2025 15:48:24)
2,25 , 1,0,5,0,S, 	(30-MAY-2025 15:48:24)
2,25 , 1,0,5,0,S, 	(30-MAY-2025 15:48:24)
2,25 , 1,0,5,0,S, 	(30-MAY-2025 15:48:24)
2,25 , 1,0,5,0,S, 	(30-MAY-2025 15:48:24)
2,25 , 1,0,5,0,S, 	(30-MAY-2025 15:48:24)
2,25 , 1,0,5,0,S, 	(30-MAY-2025 15:48:24)
2,25 , 1,0,5,0,S, 	(30-MAY-2025 15:48:24)
2,25 , 1,0,5,0,S, 	(30-MAY-2025 15:48:24)
2,25 , 1,0,5,0,S, 	(30-MAY-2025 15:48:24)
2,25 , 1,0,5,0,S, 	(30-MAY-2025 15:48:24)
2,25 , 1,0,5,0,S, 	(30-MAY-2025 15:48:24)
2,25 , 1,0,5,0,S, 	(30-MAY-2025 15:48:24)
2,25 , 1,0,5,0,S, 	(30-MAY-2025 15:48:24)
2,25 , 1,0,5,0,S, 	(30-MAY-2025 15:48:24)
2,25 , 1,0,5,0,S, 	(30-MAY-2025 15:48:24)
2,25 , 1,0,5,0,S, 	(30-MAY-2025 15:48:24)
2,25 , 1,0,5,0,S, 	(30-MAY-2025 15:48:24)
2,25 , 1,0,5,0,S, 	(30-MAY-2025 15:48:24)
2,25 , 1,0,5,0,S, 	(30-MAY-2025 15:48:24)
2,25 , 1,0,5,0,S, 	(30-MAY-2025 15:48:24)
2,25 , 1,0,5,0,S, 	(30-MAY-2025 15:48:24)
2,25 , 1,0,5,0,S, 	(30-MAY-2025 15:48:24)
2,25 , 1,0,5,0,S, 	(30-MAY-2025 15:48:24)
2,25 , 1,0,5,0,S, 	(30-MAY-2025 15:48:24)
2,25 , 1,0,5,0,S, 	(30-MAY-2025 15:48:24)
2,25 , 1,0,5,0,S, 	(30-MAY-2025 15:48:24)
2,25 , 1,0,5,0,S, 	(30-MAY-2025 15:48:24)
2,25 , 1,0,5,0,S, 	(30-MAY-2025 15:48:24)
2,25 , 1,0,5,0,S, 	(30-MAY-2025 15:48:24)
2,25 , 1,0,5,0,S, 	(30-MAY-2025 15:48:24)
2,25 , 1,0,5,0,S, 	(30-MAY-2025 15:48:24)
2,25 , 1,0,5,0,S, 	(30-MAY-2025 15:48:24)
2,25 , 1,0,5,0,S, 	(30-MAY-2025 15:48:24)
2,25 , 1,0,5,0,S, 	(30-MAY-2025 15:48:24)
2,25 , 1,0,5,0,S, 	(30-MAY-2025 15:48:24)
2,25 , 1,0,5,0,S, 	(30-MAY-2025 15:48:24)
2,25 , 1,0,5,0,S, 	(30-MAY-2025 15:48:24)
2,25 , 1,0,5,0,S, 	(30-MAY-2025 15:48:24)
2,25 , 1,0,5,0,S, 	(30-MAY-2025 15:48:24)
2,25 , 1,0,5,0,S, 	(30-MAY-2025 15:48:24)
2,25 , 1,0,5,0,S, 	(30-MAY-2025 15:48:24)
2,25 , 1,0,5,0,S, 	(30-MAY-2025 15:48:24)
2,25 , 1,0,5,0,S, 	(30-MAY-2025 15:48:24)
2,25 , 1,0,5,0,S, 	(30-MAY-2025 15:48:24)
2,25 , 1,0,5,0,S, 	(30-MAY-2025 15:48:24)
2,25 , 1,0,5,0,S, 	(30-MAY-2025 15:48:24)
2,25 , 1,0,5,0,S, 	(30-MAY-2025 15:48:24)
2,25 , 1,0,5,0,S, 	(30-MAY-2025 15:48:24)
2,25 , 1,0,5,0,S, 	(30-MAY-2025 15:48:24)
2,25 , 1,0,5,0,S, 	(30-MAY-2025 15:48:24)
2,25 , 1,0,5,0,S, 	(30-MAY-2025 15:48:24)
2,25 , 1,0,5,0,S, 	(30-MAY-2025 15:48:24)
2,25 , 1,0,5,0,S, 	(30-MAY-2025 15:48:24)
2,25 , 1,0,5,0,S, 	(30-MAY-2025 15:48:24)
2,25 , 1,0,5,0,S, 	(30-MAY-2025 15:48:24)
2,25 , 1,0,5,0,S, 	(30-MAY-2025 15:48:24)
2,25 , 1,0,5,0,S, 	(30-MAY-2025 15:48:24)
2,25 , 1,0,5,0,S, 	(30-MAY-2025 15:48:24)
2,25 , 1,0,5,0,S, 	(30-MAY-2025 15:48:24)
2,25 , 1,0,5,0,S, 	(30-MAY-2025 15:48:24)
2,25 , 1,0,5,0,S, 	(30-MAY-2025 15:48:24)
2,25 , 1,0,5,0,S, 	(30-MAY-2025 15:48:24)
2,25 , 1,0,5,0,S, 	(30-MAY-2025 15:48:24)
2,25 , 1,0,5,0,S, 	(30-MAY-2025 15:48:24)
2,25 , 1,0,5,0,S, 	(30-MAY-2025 15:48:24)
2,25 , 1,0,5,0,S, 	(30-MAY-2025 15:48:24)
2,25 , 1,0,5,0,S, 	(30-MAY-2025 15:48:24)
2,25 , 1,0,5,0,S, 	(30-MAY-2025 15:48:24)
2,25 , 1,0,5,0,S, 	(30-MAY-2025 15:48:24)
2,25 , 1,0,5,0,S, 	(30-MAY-2025 15:48:24)
2,25 , 1,0,5,0,S, 	(30-MAY-2025 15:48:24)
2,25 , 1,0,5,0,S, 	(30-MAY-2025 15:48:24)
2,25 , 1,0,5,0,S, 	(30-MAY-2025 15:48:24)
2,25 , 1,0,5,0,S, 	(30-MAY-2025 15:48:24)
2,25 , 1,0,5,0,S, 	(30-MAY-2025 15:48:24)
2,25 , 1,0,5,0,S, 	(30-MAY-2025 15:48:24)
2,25 , 1,0,5,0,S, 	(30-MAY-2025 15:48:24)
2,25 , 1,0,5,0,S, 	(30-MAY-2025 15:48:24)
2,25 , 1,0,5,0,S, 	(30-MAY-2025 15:48:24)
2,25 , 1,0,5,0,S, 	(30-MAY-2025 15:48:24)
2,25 , 1,0,5,0,S, 	(30-MAY-2025 15:48:24)
2,25 , 1,0,5,0,S, 	(30-MAY-2025 15:48:24)
2,25 , 1,0,5,0,S, 	(30-MAY-2025 15:48:24)
2,25 , 1,0,5,0,S, 	(30-MAY-2025 15:48:24)
2,25 , 1,0,5,0,S, 	(30-MAY-2025 15:48:24)
2,25 , 1,0,5,0,S, 	(30-MAY-2025 15:48:24)
2,25 , 1,0,5,0,S, 	(30-MAY-2025 15:48:24)
2,25 , 1,0,5,0,S, 	(30-MAY-2025 15:48:24)
2,25 , 1,0,5,0,S, 	(30-MAY-2025 15:48:24)
2,25 , 1,0,5,0,S, 	(30-MAY-2025 15:48:24)
2,25 , 1,0,5,0,S, 	(30-MAY-2025 15:48:24)
2,25 , 1,0,5,0,S, 	(30-MAY-2025 15:48:24)
2,25 , 1,0,5,0,S, 	(30-MAY-2025 15:48:24)
2,25 , 1,0,5,0,S, 	(30-MAY-2025 15:48:24)
2,25 , 1,0,5,0,S, 	(30-MAY-2025 15:48:24)
2,25 , 1,0,5,0,S, 	(30-MAY-2025 15:48:24)
2,25 , 1,0,5,0,S, 	(30-MAY-2025 15:48:24)
2,25 , 1,0,5,0,S, 	(30-MAY-2025 15:48:24)
2,25 , 1,0,5,0,S, 	(30-MAY-2025 15:48:24)
2,25 , 1,0,5,0,S, 	(30-MAY-2025 15:48:24)
2,25 , 1,0,5,0,S, 	(30-MAY-2025 15:48:24)
2,25 , 1,0,5,0,S, 	(30-MAY-2025 15:48:24)
2,25 , 1,0,5,0,S, 	(30-MAY-2025 15:48:24)
2,25 , 1,0,5,0,S, 	(30-MAY-2025 15:48:24)
2,25 , 1,0,5,0,S, 	(30-MAY-2025 15:48:24)
2,25 , 1,0,5,0,S, 	(30-MAY-2025 15:48:24)
2,25 , 1,0,5,0,S, 	(30-MAY-2025 15:48:24)
2,25 , 1,0,5,0,S, 	(30-MAY-2025 15:48:24)
2,25 , 1,0,5,0,S, 	(30-MAY-2025 15:48:24)
2,25 , 1,0,5,0,S, 	(30-MAY-2025 15:48:24)
2,25 , 1,0,5,0,S, 	(30-MAY-2025 15:48:24)
2,25 , 1,0,5,0,S, 	(30-MAY-2025 15:48:24)
2,25 , 1,0,5,0,S, 	(30-MAY-2025 15:48:24)
2,25 , 1,0,5,0,S, 	(30-MAY-2025 15:48:24)
2,25 , 1,0,5,0,S, 	(30-MAY-2025 15:48:24)
2,25 , 1,0,5,0,S, 	(30-MAY-2025 15:48:24)
2,25 , 1,0,5,0,S, 	(30-MAY-2025 15:48:24)
2,25 , 1,0,5,0,S, 	(30-MAY-2025 15:48:24)
2,25 , 1,0,5,0,S, 	(30-MAY-2025 15:48:24)
2,25 , 1,0,5,0,S, 	(30-MAY-2025 15:48:24)
2,25 , 1,0,5,0,S, 	(30-MAY-2025 15:48:24)
2,25 , 1,0,5,0,S, 	(30-MAY-2025 15:48:24)
2,25 , 1,0,5,0,S, 	(30-MAY-2025 15:48:24)
2,25 , 1,0,5,0,S, 	(30-MAY-2025 15:48:24)
2,25 , 1,0,5,0,S, 	(30-MAY-2025 15:48:24)
2,25 , 1,0,5,0,S, 	(30-MAY-2025 15:48:24)
2,25 , 1,0,5,0,S, 	(30-MAY-2025 15:48:24)
2,25 , 1,0,5,0,S, 	(30-MAY-2025 15:48:24)
2,25 , 1,0,5,0,S, 	(30-MAY-2025 15:48:24)
2,25 , 1,0,5,0,S, 	(30-MAY-2025 15:48:24)
2,25 , 1,0,5,0,S, 	(30-MAY-2025 15:48:24)
2,25 , 1,0,5,0,S, 	(30-MAY-2025 15:48:24)
2,25 , 1,0,5,0,S, 	(30-MAY-2025 15:48:24)
2,25 , 1,0,5,0,S, 	(30-MAY-2025 15:48:24)
2,25 , 1,0,5,0,S, 	(30-MAY-2025 15:48:24)
2,25 , 1,0,5,0,S, 	(30-MAY-2025 15:48:24)
2,25 , 1,0,5,0,S, 	(30-MAY-2025 15:48:24)
2,25 , 1,0,5,0,S, 	(30-MAY-2025 15:48:24)
2,25 , 1,0,5,0,S, 	(30-MAY-2025 15:48:24)
2,25 , 1,0,5,0,S, 	(30-MAY-2025 15:48:24)
2,25 , 1,0,5,0,S, 	(30-MAY-2025 15:48:24)
2,25 , 1,0,5,0,S, 	(30-MAY-2025 15:48:24)
2,25 , 1,0,5,0,S, 	(30-MAY-2025 15:48:24)
2,25 , 1,0,5,0,S, 	(30-MAY-2025 15:48:24)
2,25 , 1,0,5,0,S, 	(30-MAY-2025 15:48:24)
2,25 , 1,0,5,0,S, 	(30-MAY-2025 15:48:24)
2,25 , 1,0,5,0,S, 	(30-MAY-2025 15:48:24)
2,25 , 1,0,5,0,S, 	(30-MAY-2025 15:48:24)
2,25 , 1,0,5,0,S, 	(30-MAY-2025 15:48:24)
2,25 , 1,0,5,0,S, 	(30-MAY-2025 15:48:24)
2,25 , 1,0,5,0,S, 	(30-MAY-2025 15:48:24)
2,25 , 1,0,5,0,S, 	(30-MAY-2025 15:48:24)
2,25 , 1,0,5,0,S, 	(30-MAY-2025 15:48:24)
2,25 , 1,0,5,0,S, 	(30-MAY-2025 15:48:24)
2,25 , 1,0,5,0,S, 	(30-MAY-2025 15:48:24)
2,25 , 1,0,5,0,S, 	(30-MAY-2025 15:48:24)
2,25 , 1,0,5,0,S, 	(30-MAY-2025 15:48:24)
2,25 , 1,0,5,0,S, 	(30-MAY-2025 15:48:24)
2,25 , 1,0,5,0,S, 	(30-MAY-2025 15:48:24)
2,25 , 1,0,5,0,S, 	(30-MAY-2025 15:48:24)
2,25 , 1,0,5,0,S, 	(30-MAY-2025 15:48:24)
2,25 , 1,0,5,0,S, 	(30-MAY-2025 15:48:24)
2,25 , 1,0,5,0,S, 	(30-MAY-2025 15:48:24)
2,25 , 1,0,5,0,S, 	(30-MAY-2025 15:48:24)
2,25 , 1,0,5,0,S, 	(30-MAY-2025 15:48:24)
2,25 , 1,0,5,0,S, 	(30-MAY-2025 15:48:24)
2,25 , 1,0,5,0,S, 	(30-MAY-2025 15:48:24)
2,25 , 1,0,5,0,S, 	(30-MAY-2025 15:48:24)
2,25 , 1,0,5,0,S, 	(30-MAY-2025 15:48:24)
2,25 , 1,0,5,0,S, 	(30-MAY-2025 15:48:24)
2,25 , 1,0,5,0,S, 	(30-MAY-2025 15:48:24)
2,25 , 1,0,5,0,S, 	(30-MAY-2025 15:48:24)
2,25 , 1,0,5,0,S, 	(30-MAY-2025 15:48:24)
2,25 , 1,0,5,0,S, 	(30-MAY-2025 15:48:24)
2,25 , 1,0,5,0,S, 	(30-MAY-2025 15:48:24)
2,25 , 1,0,5,0,S, 	(30-MAY-2025 15:48:24)
2,25 , 1,0,5,0,S, 	(30-MAY-2025 15:48:24)
2,25 , 1,0,5,0,S, 	(30-MAY-2025 15:48:24)
2,25 , 1,0,5,0,S, 	(30-MAY-2025 15:48:24)
2,25 , 1,0,5,0,S, 	(30-MAY-2025 15:48:24)
2,25 , 1,0,5,0,S, 	(30-MAY-2025 15:48:24)
2,25 , 1,0,5,0,S, 	(30-MAY-2025 15:48:24)
2,25 , 1,0,5,0,S, 	(30-MAY-2025 15:48:24)
2,25 , 1,0,5,0,S, 	(30-MAY-2025 15:48:24)
2,25 , 1,0,5,0,S, 	(30-MAY-2025 15:48:24)
2,25 , 1,0,5,0,S, 	(30-MAY-2025 15:48:24)
2,25 , 1,0,5,0,S, 	(30-MAY-2025 15:48:24)
2,25 , 1,0,5,0,S, 	(30-MAY-2025 15:48:24)
2,25 , 1,0,5,0,S, 	(30-MAY-2025 15:48:24)
2,25 , 1,0,5,0,S, 	(30-MAY-2025 15:48:24)
2,25 , 1,0,5,0,S, 	(30-MAY-2025 15:48:24)
2,25 , 1,0,5,0,S, 	(30-MAY-2025 15:48:24)
2,25 , 1,0,5,0,S, 	(30-MAY-2025 15:48:24)
2,25 , 1,0,5,0,S, 	(30-MAY-2025 15:48:24)
2,25 , 1,0,5,0,S, 	(30-MAY-2025 15:48:24)
2,25 , 1,0,5,0,S, 	(30-MAY-2025 15:48:24)
2,25 , 1,0,5,0,S, 	(30-MAY-2025 15:48:24)
2,25 , 1,0,5,0,S, 	(30-MAY-2025 15:48:24)
2,25 , 1,0,5,0,S, 	(30-MAY-2025 15:48:24)
2,25 , 1,0,5,0,S, 	(30-MAY-2025 15:48:24)
2,25 , 1,0,5,0,S, 	(30-MAY-2025 15:48:24)
2,25 , 1,0,5,0,S, 	(30-MAY-2025 15:48:24)
2,25 , 1,0,5,0,S, 	(30-MAY-2025 15:48:24)
2,25 , 1,0,5,0,S, 	(30-MAY-2025 15:48:24)
2,25 , 1,0,5,0,S, 	(30-MAY-2025 15:48:24)
2,25 , 1,0,5,0,S, 	(30-MAY-2025 15:48:24)
2,25 , 1,0,5,0,S, 	(30-MAY-2025 15:48:24)
2,25 , 1,0,5,0,S, 	(30-MAY-2025 15:48:24)
2,25 , 1,0,5,0,S, 	(30-MAY-2025 15:48:24)
2,25 , 1,0,5,0,S, 	(30-MAY-2025 15:48:24)
2,25 , 1,0,5,0,S, 	(30-MAY-2025 15:48:24)
2,25 , 1,0,5,0,S, 	(30-MAY-2025 15:48:24)
2,25 , 1,0,5,0,S, 	(30-MAY-2025 15:48:24)
2,25 , 1,0,5,0,S, 	(30-MAY-2025 15:48:24)
2,25 , 1,0,5,0,S, 	(30-MAY-2025 15:48:24)
2,25 , 1,0,5,0,S, 	(30-MAY-2025 15:48:24)
2,25 , 1,0,5,0,S, 	(30-MAY-2025 15:48:24)
2,25 , 1,0,5,0,S, 	(30-MAY-2025 15:48:24)
2,25 , 1,0,5,0,S, 	(30-MAY-2025 15:48:24)
2,25 , 1,0,5,0,S, 	(30-MAY-2025 15:48:24)
2,25 , 1,0,5,0,S, 	(30-MAY-2025 15:48:24)
2,25 , 1,0,5,0,S, 	(30-MAY-2025 15:48:24)
2,25 , 1,0,5,0,S, 	(30-MAY-2025 15:48:24)
2,25 , 1,0,5,0,S, 	(30-MAY-2025 15:48:24)
2,25 , 1,0,5,0,S, 	(30-MAY-2025 15:48:24)
2,25 , 1,0,5,0,S, 	(30-MAY-2025 15:48:24)
2,25 , 1,0,5,0,S, 	(30-MAY-2025 15:48:24)
2,25 , 1,0,5,0,S, 	(30-MAY-2025 15:48:24)
2,25 , 1,0,5,0,S, 	(30-MAY-2025 15:48:24)
2,25 , 1,0,5,0,S, 	(30-MAY-2025 15:48:24)
2,25 , 1,0,5,0,S, 	(30-MAY-2025 15:48:24)
2,25 , 1,0,5,0,S, 	(30-MAY-2025 15:48:24)
2,25 , 1,0,5,0,S, 	(30-MAY-2025 15:48:24)
2,25 , 1,0,5,0,S, 	(30-MAY-2025 15:48:24)
2,25 , 1,0,5,0,S, 	(30-MAY-2025 15:48:24)
2,25 , 1,0,5,0,S, 	(30-MAY-2025 15:48:24)
2,25 , 1,0,5,0,S, 	(30-MAY-2025 15:48:24)
2,25 , 1,0,5,0,S, 	(30-MAY-2025 15:48:24)
2,25 , 1,0,5,0,S, 	(30-MAY-2025 15:48:24)
2,25 , 1,0,5,0,S, 	(30-MAY-2025 15:48:24)
2,25 , 1,0,5,0,S, 	(30-MAY-2025 15:48:24)
2,25 , 1,0,5,0,S, 	(30-MAY-2025 15:48:24)
2,25 , 1,0,5,0,S, 	(30-MAY-2025 15:48:24)
2,25 , 1,0,5,0,S, 	(30-MAY-2025 15:48:24)
2,25 , 1,0,5,0,S, 	(30-MAY-2025 15:48:24)
2,25 , 1,0,5,0,S, 	(30-MAY-2025 15:48:24)
2,25 , 1,0,5,0,S, 	(30-MAY-2025 15:48:24)
2,25 , 1,0,5,0,S, 	(30-MAY-2025 15:48:24)
2,25 , 1,0,5,0,S, 	(30-MAY-2025 15:48:24)
2,25 , 1,0,5,0,S, 	(30-MAY-2025 15:48:24)
2,25 , 1,0,5,0,S, 	(30-MAY-2025 15:48:24)
2,25 , 1,0,5,0,S, 	(30-MAY-2025 15:48:24)
2,25 , 1,0,5,0,S, 	(30-MAY-2025 15:48:24)
2,25 , 1,0,5,0,S, 	(30-MAY-2025 15:48:24)
2,25 , 1,0,5,0,S, 	(30-MAY-2025 15:48:24)
2,25 , 1,0,5,0,S, 	(30-MAY-2025 15:48:24)
2,25 , 1,0,5,0,S, 	(30-MAY-2025 15:48:24)
2,25 , 1,0,5,0,S, 	(30-MAY-2025 15:48:24)
2,25 , 1,0,5,0,S, 	(30-MAY-2025 15:48:24)
2,25 , 1,0,5,0,S, 	(30-MAY-2025 15:48:24)
2,25 , 1,0,5,0,S, 	(30-MAY-2025 15:48:24)
2,25 , 1,0,5,0,S, 	(30-MAY-2025 15:48:24)
2,25 , 1,0,5,0,S, 	(30-MAY-2025 15:48:24)
2,25 , 1,0,5,0,S, 	(30-MAY-2025 15:48:24)
2,25 , 1,0,5,0,S, 	(30-MAY-2025 15:48:24)
2,25 , 1,0,5,0,S, 	(30-MAY-2025 15:48:24)
2,25 , 1,0,5,0,S, 	(30-MAY-2025 15:48:24)
2,25 , 1,0,5,0,S, 	(30-MAY-2025 15:48:24)
2,25 , 1,0,5,0,S, 	(30-MAY-2025 15:48:24)
2,25 , 1,0,5,0,S, 	(30-MAY-2025 15:48:24)
2,25 , 1,0,5,0,S, 	(30-MAY-2025 15:48:24)
2,25 , 1,0,5,0,S, 	(30-MAY-2025 15:48:24)
2,25 , 1,0,5,0,S, 	(30-MAY-2025 15:48:24)
2,25 , 1,0,5,0,S, 	(30-MAY-2025 15:48:24)
2,25 , 1,0,5,0,S, 	(30-MAY-2025 15:48:24)
2,25 , 1,0,5,0,S, 	(30-MAY-2025 15:48:24)
2,25 , 1,0,5,0,S, 	(30-MAY-2025 15:48:24)
2,25 , 1,0,5,0,S, 	(30-MAY-2025 15:48:24)
2,25 , 1,0,5,0,S, 	(30-MAY-2025 15:48:24)
2,25 , 1,0,5,0,S, 	(30-MAY-2025 15:48:24)
2,25 , 1,0,5,0,S, 	(30-MAY-2025 15:48:24)
2,25 , 1,0,5,0,S, 	(30-MAY-2025 15:48:24)
2,25 , 1,0,5,0,S, 	(30-MAY-2025 15:48:24)
2,25 , 1,0,5,0,S, 	(30-MAY-2025 15:48:24)
2,25 , 1,0,5,0,S, 	(30-MAY-2025 15:48:24)
2,25 , 1,0,5,0,S, 	(30-MAY-2025 15:48:24)
2,25 , 1,0,5,0,S, 	(30-MAY-2025 15:48:24)
2,25 , 1,0,5,0,S, 	(30-MAY-2025 15:48:24)
2,25 , 1,0,5,0,S, 	(30-MAY-2025 15:48:24)
2,25 , 1,0,5,0,S, 	(30-MAY-2025 15:48:24)
2,25 , 1,0,5,0,S, 	(30-MAY-2025 15:48:24)
2,25 , 1,0,5,0,S, 	(30-MAY-2025 15:48:24)
2,25 , 1,0,5,0,S, 	(30-MAY-2025 15:48:24)
2,25 , 1,0,5,0,S, 	(30-MAY-2025 15:48:24)
2,25 , 1,0,5,0,S, 	(30-MAY-2025 15:48:24)
2,25 , 1,0,5,0,S, 	(30-MAY-2025 15:48:24)
2,25 , 1,0,5,0,S, 	(30-MAY-2025 15:48:24)
2,25 , 1,0,5,0,S, 	(30-MAY-2025 15:48:24)
2,25 , 1,0,5,0,S, 	(30-MAY-2025 15:48:24)
2,25 , 1,0,5,0,S, 	(30-MAY-2025 15:48:24)
2,25 , 1,0,5,0,S, 	(30-MAY-2025 15:48:24)
2,25 , 1,0,5,0,S, 	(30-MAY-2025 15:48:24)
2,25 , 1,0,5,0,S, 	(30-MAY-2025 15:48:24)
2,25 , 1,0,5,0,S, 	(30-MAY-2025 15:48:24)
2,25 , 1,0,5,0,S, 	(30-MAY-2025 15:48:24)
2,25 , 1,0,5,0,S, 	(30-MAY-2025 15:48:24)
2,25 , 1,0,5,0,S, 	(30-MAY-2025 15:48:24)
2,25 , 1,0,5,0,S, 	(30-MAY-2025 15:48:24)
2,25 , 1,0,5,0,S, 	(30-MAY-2025 15:48:24)
2,25 , 1,0,5,0,S, 	(30-MAY-2025 15:48:24)
2,25 , 1,0,5,0,S, 	(30-MAY-2025 15:48:24)
2,25 , 1,0,5,0,S, 	(30-MAY-2025 15:48:24)
2,25 , 1,0,5,0,S, 	(30-MAY-2025 15:48:24)
2,25 , 1,0,5,0,S, 	(30-MAY-2025 15:48:24)
2,25 , 1,0,5,0,S, 	(30-MAY-2025 15:48:24)
2,25 , 1,0,5,0,S, 	(30-MAY-2025 15:48:24)
2,25 , 1,0,5,0,S, 	(30-MAY-2025 15:48:24)
2,25 , 1,0,5,0,S, 	(30-MAY-2025 15:48:24)
2,25 , 1,0,5,0,S, 	(30-MAY-2025 15:48:24)
2,25 , 1,0,5,0,S, 	(30-MAY-2025 15:48:24)
2,25 , 1,0,5,0,S, 	(30-MAY-2025 15:48:24)
2,25 , 1,0,5,0,S, 	(30-MAY-2025 15:48:24)
2,25 , 1,0,5,0,S, 	(30-MAY-2025 15:48:24)
2,25 , 1,0,5,0,S, 	(30-MAY-2025 15:48:24)
2,25 , 1,0,5,0,S, 	(30-MAY-2025 15:48:24)
2,25 , 1,0,5,0,S, 	(30-MAY-2025 15:48:24)
2,25 , 1,0,5,0,S, 	(30-MAY-2025 15:48:24)
2,25 , 1,0,5,0,S, 	(30-MAY-2025 15:48:24)
2,25 , 1,0,5,0,S, 	(30-MAY-2025 15:48:24)
2,25 , 1,0,5,0,S, 	(30-MAY-2025 15:48:24)
2,25 , 1,0,5,0,S, 	(30-MAY-2025 15:48:24)
2,25 , 1,0,5,0,S, 	(30-MAY-2025 15:48:24)
2,25 , 1,0,5,0,S, 	(30-MAY-2025 15:48:24)
2,25 , 1,0,5,0,S, 	(30-MAY-2025 15:48:24)
2,25 , 1,0,5,0,S, 	(30-MAY-2025 15:48:24)
2,25 , 1,0,5,0,S, 	(30-MAY-2025 15:48:24)
2,25 , 1,0,5,0,S, 	(30-MAY-2025 15:48:24)
2,25 , 1,0,5,0,S, 	(30-MAY-2025 15:48:24)
2,25 , 1,0,5,0,S, 	(30-MAY-2025 15:48:24)
2,25 , 1,0,5,0,S, 	(30-MAY-2025 15:48:24)
2,25 , 1,0,5,0,S, 	(30-MAY-2025 15:48:24)
2,25 , 1,0,5,0,S, 	(30-MAY-2025 15:48:24)
2,25 , 1,0,5,0,S, 	(30-MAY-2025 15:48:24)
2,25 , 1,0,5,0,S, 	(30-MAY-2025 15:48:24)
2,25 , 1,0,5,0,S, 	(30-MAY-2025 15:48:24)
2,25 , 1,0,5,0,S, 	(30-MAY-2025 15:48:24)
2,25 , 1,0,5,0,S, 	(30-MAY-2025 15:48:24)
2,25 , 1,0,5,0,S, 	(30-MAY-2025 15:48:24)
2,25 , 1,0,5,0,S, 	(30-MAY-2025 15:48:24)
2,25 , 1,0,5,0,S, 	(30-MAY-2025 15:48:24)
2,25 , 1,0,5,0,S, 	(30-MAY-2025 15:48:24)
2,25 , 1,0,5,0,S, 	(30-MAY-2025 15:48:24)
2,25 , 1,0,5,0,S, 	(30-MAY-2025 15:48:24)
2,25 , 1,0,5,0,S, 	(30-MAY-2025 15:48:24)
2,25 , 1,0,5,0,S, 	(30-MAY-2025 15:48:24)
2,25 , 1,0,5,0,S, 	(30-MAY-2025 15:48:24)
2,25 , 1,0,5,0,S, 	(30-MAY-2025 15:48:24)
2,25 , 1,0,5,0,S, 	(30-MAY-2025 15:48:24)
2,25 , 1,0,5,0,S, 	(30-MAY-2025 15:48:24)
2,25 , 1,0,5,0,S, 	(30-MAY-2025 15:48:24)
2,25 , 1,0,5,0,S, 	(30-MAY-2025 15:48:24)
2,25 , 1,0,5,0,S, 	(30-MAY-2025 15:48:24)
2,25 , 1,0,5,0,S, 	(30-MAY-2025 15:48:24)
2,25 , 1,0,5,0,S, 	(30-MAY-2025 15:48:24)
2,25 , 1,0,5,0,S, 	(30-MAY-2025 15:48:24)
2,25 , 1,0,5,0,S, 	(30-MAY-2025 15:48:24)
2,25 , 1,0,5,0,S, 	(30-MAY-2025 15:48:24)
2,25 , 1,0,5,0,S, 	(30-MAY-2025 15:48:24)
2,25 , 1,0,5,0,S, 	(30-MAY-2025 15:48:24)
2,25 , 1,0,5,0,S, 	(30-MAY-2025 15:48:24)
2,25 , 1,0,5,0,S, 	(30-MAY-2025 15:48:24)
2,25 , 1,0,5,0,S, 	(30-MAY-2025 15:48:24)
2,25 , 1,0,5,0,S, 	(30-MAY-2025 15:48:24)
2,25 , 1,0,5,0,S, 	(30-MAY-2025 15:48:24)
2,25 , 1,0,5,0,S, 	(30-MAY-2025 15:48:24)
2,25 , 1,0,5,0,S, 	(30-MAY-2025 15:48:24)
2,25 , 1,0,5,0,S, 	(30-MAY-2025 15:48:24)
2,25 , 1,0,5,0,S, 	(30-MAY-2025 15:48:24)
2,25 , 1,0,5,0,S, 	(30-MAY-2025 15:48:24)
2,25 , 1,0,5,0,S, 	(30-MAY-2025 15:48:24)
2,25 , 1,0,5,0,S, 	(30-MAY-2025 15:48:24)
2,25 , 1,0,5,0,S, 	(30-MAY-2025 15:48:24)
2,25 , 1,0,5,0,S, 	(30-MAY-2025 15:48:24)
2,25 , 1,0,5,0,S, 	(30-MAY-2025 15:48:24)
2,25 , 1,0,5,0,S, 	(30-MAY-2025 15:48:24)
2,25 , 1,0,5,0,S, 	(30-MAY-2025 15:48:24)
2,25 , 1,0,5,0,S, 	(30-MAY-2025 15:48:24)
2,25 , 1,0,5,0,S, 	(30-MAY-2025 15:48:24)
2,25 , 1,0,5,0,S, 	(30-MAY-2025 15:48:24)
2,25 , 1,0,5,0,S, 	(30-MAY-2025 15:48:24)
2,25 , 1,0,5,0,S, 	(30-MAY-2025 15:48:24)
2,25 , 1,0,5,0,S, 	(30-MAY-2025 15:48:24)
2,25 , 1,0,5,0,S, 	(30-MAY-2025 15:48:24)
2,25 , 1,0,5,0,S, 	(30-MAY-2025 15:48:24)
2,25 , 1,0,5,0,S, 	(30-MAY-2025 15:48:24)
2,25 , 1,0,5,0,S, 	(30-MAY-2025 15:48:24)
2,25 , 1,0,5,0,S, 	(30-MAY-2025 15:48:24)
2,25 , 1,0,5,0,S, 	(30-MAY-2025 15:48:24)
2,25 , 1,0,5,0,S, 	(30-MAY-2025 15:48:24)
2,25 , 1,0,5,0,S, 	(30-MAY-2025 15:48:24)
2,25 , 1,0,5,0,S, 	(30-MAY-2025 15:48:24)
2,25 , 1,0,5,0,S, 	(30-MAY-2025 15:48:24)
2,25 , 1,0,5,0,S, 	(30-MAY-2025 15:48:24)
2,25 , 1,0,5,0,S, 	(30-MAY-2025 15:48:24)
2,25 , 1,0,5,0,S, 	(30-MAY-2025 15:48:24)
2,25 , 1,0,5,0,S, 	(30-MAY-2025 15:48:24)
2,25 , 1,0,5,0,S, 	(30-MAY-2025 15:48:24)
2,25 , 1,0,5,0,S, 	(30-MAY-2025 15:48:24)
2,25 , 1,0,5,0,S, 	(30-MAY-2025 15:48:24)
2,25 , 1,0,5,0,S, 	(30-MAY-2025 15:48:24)
2,25 , 1,0,5,0,S, 	(30-MAY-2025 15:48:24)
2,25 , 1,0,5,0,S, 	(30-MAY-2025 15:48:24)
2,25 , 1,0,5,0,S, 	(30-MAY-2025 15:48:24)
2,25 , 1,0,5,0,S, 	(30-MAY-2025 15:48:24)
2,25 , 1,0,5,0,S, 	(30-MAY-2025 15:48:24)
2,25 , 1,0,5,0,S, 	(30-MAY-2025 15:48:24)
2,25 , 1,0,5,0,S, 	(30-MAY-2025 15:48:24)
2,25 , 1,0,5,0,S, 	(30-MAY-2025 15:48:24)
2,25 , 1,0,5,0,S, 	(30-MAY-2025 15:48:24)
2,25 , 1,0,5,0,S, 	(30-MAY-2025 15:48:24)
2,25 , 1,0,5,0,S, 	(30-MAY-2025 15:48:24)
2,25 , 1,0,5,0,S, 	(30-MAY-2025 15:48:24)
2,25 , 1,0,5,0,S, 	(30-MAY-2025 15:48:24)
2,25 , 1,0,5,0,S, 	(30-MAY-2025 15:48:24)
2,25 , 1,0,5,0,S, 	(30-MAY-2025 15:48:24)
2,25 , 1,0,5,0,S, 	(30-MAY-2025 15:48:24)
2,25 , 1,0,5,0,S, 	(30-MAY-2025 15:48:24)
2,25 , 1,0,5,0,S, 	(30-MAY-2025 15:48:24)
2,25 , 1,0,5,0,S, 	(30-MAY-2025 15:48:24)
2,25 , 1,0,5,0,S, 	(30-MAY-2025 15:48:24)
2,25 , 1,0,5,0,S, 	(30-MAY-2025 15:48:24)
2,25 , 1,0,5,0,S, 	(30-MAY-2025 15:48:24)
2,25 , 1,0,5,0,S, 	(30-MAY-2025 15:48:24)
2,25 , 1,0,5,0,S, 	(30-MAY-2025 15:48:24)
2,25 , 1,0,5,0,S, 	(30-MAY-2025 15:48:24)
2,25 , 1,0,5,0,S, 	(30-MAY-2025 15:48:24)
2,25 , 1,0,5,0,S, 	(30-MAY-2025 15:48:25)
2,25 , 1,0,5,0,S, 	(30-MAY-2025 15:48:25)
2,25 , 1,0,5,0,S, 	(30-MAY-2025 15:48:25)
2,25 , 1,0,5,0,S, 	(30-MAY-2025 15:48:25)
2,25 , 1,0,5,0,S, 	(30-MAY-2025 15:48:25)
2,25 , 1,0,5,0,S, 	(30-MAY-2025 15:48:25)
2,25 , 1,0,5,0,S, 	(30-MAY-2025 15:48:25)
2,25 , 1,0,5,0,S, 	(30-MAY-2025 15:48:25)
2,25 , 1,0,5,0,S, 	(30-MAY-2025 15:48:25)
2,25 , 1,0,5,0,S, 	(30-MAY-2025 15:48:25)
2,25 , 1,0,5,0,S, 	(30-MAY-2025 15:48:25)
2,25 , 1,0,5,0,S, 	(30-MAY-2025 15:48:25)
2,25 , 1,0,5,0,S, 	(30-MAY-2025 15:48:25)
2,25 , 1,0,5,0,S, 	(30-MAY-2025 15:48:25)
2,25 , 1,0,5,0,S, 	(30-MAY-2025 15:48:25)
2,25 , 1,0,5,0,S, 	(30-MAY-2025 15:48:25)
2,25 , 1,0,5,0,S, 	(30-MAY-2025 15:48:25)
2,25 , 1,0,5,0,S, 	(30-MAY-2025 15:48:25)
2,25 , 1,0,5,0,S, 	(30-MAY-2025 15:48:25)
2,25 , 1,0,5,0,S, 	(30-MAY-2025 15:48:25)
2,25 , 1,0,5,0,S, 	(30-MAY-2025 15:48:25)
2,25 , 1,0,5,0,S, 	(30-MAY-2025 15:48:25)
2,25 , 1,0,5,0,S, 	(30-MAY-2025 15:48:25)
2,25 , 1,0,5,0,S, 	(30-MAY-2025 15:48:25)
2,25 , 1,0,5,0,S, 	(30-MAY-2025 15:48:25)
2,25 , 1,0,5,0,S, 	(30-MAY-2025 15:48:25)
2,25 , 1,0,5,0,S, 	(30-MAY-2025 15:48:25)
2,25 , 1,0,5,0,S, 	(30-MAY-2025 15:48:25)
2,25 , 1,0,5,0,S, 	(30-MAY-2025 15:48:25)
2,25 , 1,0,5,0,S, 	(30-MAY-2025 15:48:25)
2,25 , 1,0,5,0,S, 	(30-MAY-2025 15:48:25)
2,25 , 1,0,5,0,S, 	(30-MAY-2025 15:48:25)
2,25 , 1,0,5,0,S, 	(30-MAY-2025 15:48:25)
2,25 , 1,0,5,0,S, 	(30-MAY-2025 15:48:25)
2,25 , 1,0,5,0,S, 	(30-MAY-2025 15:48:25)
2,25 , 1,0,5,0,S, 	(30-MAY-2025 15:48:25)
2,25 , 1,0,5,0,S, 	(30-MAY-2025 15:48:25)
2,25 , 1,0,5,0,S, 	(30-MAY-2025 15:48:25)
2,25 , 1,0,5,0,S, 	(30-MAY-2025 15:48:25)
2,25 , 1,0,5,0,S, 	(30-MAY-2025 15:48:25)
2,25 , 1,0,5,0,S, 	(30-MAY-2025 15:48:25)
2,25 , 1,0,5,0,S, 	(30-MAY-2025 15:48:25)
2,25 , 1,0,5,0,S, 	(30-MAY-2025 15:48:25)
2,25 , 1,0,5,0,S, 	(30-MAY-2025 15:48:25)
2,25 , 1,0,5,0,S, 	(30-MAY-2025 15:48:25)
2,25 , 1,0,5,0,S, 	(30-MAY-2025 15:48:25)
2,25 , 1,0,5,0,S, 	(30-MAY-2025 15:48:25)
2,25 , 1,0,5,0,S, 	(30-MAY-2025 15:48:25)
2,25 , 1,0,5,0,S, 	(30-MAY-2025 15:48:25)
2,25 , 1,0,5,0,S, 	(30-MAY-2025 15:48:25)
2,25 , 1,0,5,0,S, 	(30-MAY-2025 15:48:25)
2,25 , 1,0,5,0,S, 	(30-MAY-2025 15:48:25)
2,25 , 1,0,5,0,S, 	(30-MAY-2025 15:48:25)
2,25 , 1,0,5,0,S, 	(30-MAY-2025 15:48:25)
2,25 , 1,0,5,0,S, 	(30-MAY-2025 15:48:25)
2,25 , 1,0,5,0,S, 	(30-MAY-2025 15:48:25)
2,25 , 1,0,5,0,S, 	(30-MAY-2025 15:48:25)
2,25 , 1,0,5,0,S, 	(30-MAY-2025 15:48:25)
2,25 , 1,0,5,0,S, 	(30-MAY-2025 15:48:25)
2,25 , 1,0,5,0,S, 	(30-MAY-2025 15:48:25)
2,25 , 1,0,5,0,S, 	(30-MAY-2025 15:48:25)
2,25 , 1,0,5,0,S, 	(30-MAY-2025 15:48:25)
2,25 , 1,0,5,0,S, 	(30-MAY-2025 15:48:25)
2,25 , 1,0,5,0,S, 	(30-MAY-2025 15:48:25)
2,25 , 1,0,5,0,S, 	(30-MAY-2025 15:48:25)
2,25 , 1,0,5,0,S, 	(30-MAY-2025 15:48:25)
2,25 , 1,0,5,0,S, 	(30-MAY-2025 15:48:25)
2,25 , 1,0,5,0,S, 	(30-MAY-2025 15:48:25)
2,25 , 1,0,5,0,S, 	(30-MAY-2025 15:48:25)
2,25 , 1,0,5,0,S, 	(30-MAY-2025 15:48:25)
2,25 , 1,0,5,0,S, 	(30-MAY-2025 15:48:25)
2,25 , 1,0,5,0,S, 	(30-MAY-2025 15:48:25)
2,25 , 1,0,5,0,S, 	(30-MAY-2025 15:48:25)
2,25 , 1,0,5,0,S, 	(30-MAY-2025 15:48:25)
2,25 , 1,0,5,0,S, 	(30-MAY-2025 15:48:25)
2,25 , 1,0,5,0,S, 	(30-MAY-2025 15:48:25)
2,25 , 1,0,5,0,S, 	(30-MAY-2025 15:48:25)
2,25 , 1,0,5,0,S, 	(30-MAY-2025 15:48:25)
2,25 , 1,0,5,0,S, 	(30-MAY-2025 15:48:25)
2,25 , 1,0,5,0,S, 	(30-MAY-2025 15:48:25)
2,25 , 1,0,5,0,S, 	(30-MAY-2025 15:48:25)
2,25 , 1,0,5,0,S, 	(30-MAY-2025 15:48:25)
2,25 , 1,0,5,0,S, 	(30-MAY-2025 15:48:25)
2,25 , 1,0,5,0,S, 	(30-MAY-2025 15:48:25)
2,25 , 1,0,5,0,S, 	(30-MAY-2025 15:48:25)
2,25 , 1,0,5,0,S, 	(30-MAY-2025 15:48:25)
2,25 , 1,0,5,0,S, 	(30-MAY-2025 15:48:25)
2,25 , 1,0,5,0,S, 	(30-MAY-2025 15:48:25)
2,25 , 1,0,5,0,S, 	(30-MAY-2025 15:48:25)
2,25 , 1,0,5,0,S, 	(30-MAY-2025 15:48:25)
2,25 , 1,0,5,0,S, 	(30-MAY-2025 15:48:25)
2,25 , 1,0,5,0,S, 	(30-MAY-2025 15:48:25)
2,25 , 1,0,5,0,S, 	(30-MAY-2025 15:48:25)
2,25 , 1,0,5,0,S, 	(30-MAY-2025 15:48:25)
2,25 , 1,0,5,0,S, 	(30-MAY-2025 15:48:25)
2,25 , 1,0,5,0,S, 	(30-MAY-2025 15:48:25)
2,25 , 1,0,5,0,S, 	(30-MAY-2025 15:48:25)
2,25 , 1,0,5,0,S, 	(30-MAY-2025 15:48:25)
2,25 , 1,0,5,0,S, 	(30-MAY-2025 15:48:25)
2,25 , 1,0,5,0,S, 	(30-MAY-2025 15:48:25)
2,25 , 1,0,5,0,S, 	(30-MAY-2025 15:48:25)
2,25 , 1,0,5,0,S, 	(30-MAY-2025 15:48:25)
2,25 , 1,0,5,0,S, 	(30-MAY-2025 15:48:25)
2,25 , 1,0,5,0,S, 	(30-MAY-2025 15:48:25)
2,25 , 1,0,5,0,S, 	(30-MAY-2025 15:48:25)
2,25 , 1,0,5,0,S, 	(30-MAY-2025 15:48:25)
2,25 , 1,0,5,0,S, 	(30-MAY-2025 15:48:25)
2,25 , 1,0,5,0,S, 	(30-MAY-2025 15:48:25)
2,25 , 1,0,5,0,S, 	(30-MAY-2025 15:48:25)
2,25 , 1,0,5,0,S, 	(30-MAY-2025 15:48:25)
2,25 , 1,0,5,0,S, 	(30-MAY-2025 15:48:25)
2,25 , 1,0,5,0,S, 	(30-MAY-2025 15:48:25)
2,25 , 1,0,5,0,S, 	(30-MAY-2025 15:48:25)
2,25 , 1,0,5,0,S, 	(30-MAY-2025 15:48:25)
2,25 , 1,0,5,0,S, 	(30-MAY-2025 15:48:25)
2,25 , 1,0,5,0,S, 	(30-MAY-2025 15:48:25)
2,25 , 1,0,5,0,S, 	(30-MAY-2025 15:48:25)
2,25 , 1,0,5,0,S, 	(30-MAY-2025 15:48:25)
2,25 , 1,0,5,0,S, 	(30-MAY-2025 15:48:25)
2,25 , 1,0,5,0,S, 	(30-MAY-2025 15:48:25)
2,25 , 1,0,5,0,S, 	(30-MAY-2025 15:48:25)
2,25 , 1,0,5,0,S, 	(30-MAY-2025 15:48:25)
2,25 , 1,0,5,0,S, 	(30-MAY-2025 15:48:25)
2,25 , 1,0,5,0,S, 	(30-MAY-2025 15:48:25)
2,25 , 1,0,5,0,S, 	(30-MAY-2025 15:48:25)
2,25 , 1,0,5,0,S, 	(30-MAY-2025 15:48:25)
2,25 , 1,0,5,0,S, 	(30-MAY-2025 15:48:25)
2,25 , 1,0,5,0,S, 	(30-MAY-2025 15:48:25)
2,25 , 1,0,5,0,S, 	(30-MAY-2025 15:48:25)
2,25 , 1,0,5,0,S, 	(30-MAY-2025 15:48:25)
2,25 , 1,0,5,0,S, 	(30-MAY-2025 15:48:25)
2,25 , 1,0,5,0,S, 	(30-MAY-2025 15:48:25)
2,25 , 1,0,5,0,S, 	(30-MAY-2025 15:48:25)
2,25 , 1,0,5,0,S, 	(30-MAY-2025 15:48:25)
2,25 , 1,0,5,0,S, 	(30-MAY-2025 15:48:25)
2,25 , 1,0,5,0,S, 	(30-MAY-2025 15:48:25)
2,25 , 1,0,5,0,S, 	(30-MAY-2025 15:48:25)
2,25 , 1,0,5,0,S, 	(30-MAY-2025 15:48:25)
2,25 , 1,0,5,0,S, 	(30-MAY-2025 15:48:25)
2,25 , 1,0,5,0,S, 	(30-MAY-2025 15:48:25)
2,25 , 1,0,5,0,S, 	(30-MAY-2025 15:48:25)
2,25 , 1,0,5,0,S, 	(30-MAY-2025 15:48:25)
2,25 , 1,0,5,0,S, 	(30-MAY-2025 15:48:25)
2,25 , 1,0,5,0,S, 	(30-MAY-2025 15:48:25)
2,25 , 1,0,5,0,S, 	(30-MAY-2025 15:48:25)
2,25 , 1,0,5,0,S, 	(30-MAY-2025 15:48:25)
2,25 , 1,0,5,0,S, 	(30-MAY-2025 15:48:25)
2,25 , 1,0,5,0,S, 	(30-MAY-2025 15:48:25)
2,25 , 1,0,5,0,S, 	(30-MAY-2025 15:48:25)
2,25 , 1,0,5,0,S, 	(30-MAY-2025 15:48:25)
2,25 , 1,0,5,0,S, 	(30-MAY-2025 15:48:25)
2,25 , 1,0,5,0,S, 	(30-MAY-2025 15:48:25)
2,25 , 1,0,5,0,S, 	(30-MAY-2025 15:48:25)
2,25 , 1,0,5,0,S, 	(30-MAY-2025 15:48:25)
2,25 , 1,0,5,0,S, 	(30-MAY-2025 15:48:25)
2,25 , 1,0,5,0,S, 	(30-MAY-2025 15:48:25)
2,25 , 1,0,5,0,S, 	(30-MAY-2025 15:48:25)
2,25 , 1,0,5,0,S, 	(30-MAY-2025 15:48:25)
2,25 , 1,0,5,0,S, 	(30-MAY-2025 15:48:25)
2,25 , 1,0,5,0,S, 	(30-MAY-2025 15:48:25)
2,25 , 1,0,5,0,S, 	(30-MAY-2025 15:48:25)
2,25 , 1,0,5,0,S, 	(30-MAY-2025 15:48:25)
2,25 , 1,0,5,0,S, 	(30-MAY-2025 15:48:25)
2,25 , 1,0,5,0,S, 	(30-MAY-2025 15:48:25)
2,25 , 1,0,5,0,S, 	(30-MAY-2025 15:48:25)
2,25 , 1,0,5,0,S, 	(30-MAY-2025 15:48:25)
2,25 , 1,0,5,0,S, 	(30-MAY-2025 15:48:25)
2,25 , 1,0,5,0,S, 	(30-MAY-2025 15:48:25)
2,25 , 1,0,5,0,S, 	(30-MAY-2025 15:48:25)
2,25 , 1,0,5,0,S, 	(30-MAY-2025 15:48:25)
2,25 , 1,0,5,0,S, 	(30-MAY-2025 15:48:25)
2,25 , 1,0,5,0,S, 	(30-MAY-2025 15:48:25)
2,25 , 1,0,5,0,S, 	(30-MAY-2025 15:48:25)
2,25 , 1,0,5,0,S, 	(30-MAY-2025 15:48:25)
2,25 , 1,0,5,0,S, 	(30-MAY-2025 15:48:25)
2,25 , 1,0,5,0,S, 	(30-MAY-2025 15:48:25)
2,25 , 1,0,5,0,S, 	(30-MAY-2025 15:48:25)
2,25 , 1,0,5,0,S, 	(30-MAY-2025 15:48:25)
2,25 , 1,0,5,0,S, 	(30-MAY-2025 15:48:25)
2,25 , 1,0,5,0,S, 	(30-MAY-2025 15:48:25)
2,25 , 1,0,5,0,S, 	(30-MAY-2025 15:48:25)
2,25 , 1,0,5,0,S, 	(30-MAY-2025 15:48:25)
2,25 , 1,0,5,0,S, 	(30-MAY-2025 15:48:25)
2,25 , 1,0,5,0,S, 	(30-MAY-2025 15:48:25)
2,25 , 1,0,5,0,S, 	(30-MAY-2025 15:48:25)
2,25 , 1,0,5,0,S, 	(30-MAY-2025 15:48:25)
2,25 , 1,0,5,0,S, 	(30-MAY-2025 15:48:25)
2,25 , 1,0,5,0,S, 	(30-MAY-2025 15:48:25)
2,25 , 1,0,5,0,S, 	(30-MAY-2025 15:48:25)
2,25 , 1,0,5,0,S, 	(30-MAY-2025 15:48:25)
2,25 , 1,0,5,0,S, 	(30-MAY-2025 15:48:25)
2,25 , 1,0,5,0,S, 	(30-MAY-2025 15:48:25)
2,25 , 1,0,5,0,S, 	(30-MAY-2025 15:48:25)
2,25 , 1,0,5,0,S, 	(30-MAY-2025 15:48:25)
2,25 , 1,0,5,0,S, 	(30-MAY-2025 15:48:25)
2,25 , 1,0,5,0,S, 	(30-MAY-2025 15:48:25)
2,25 , 1,0,5,0,S, 	(30-MAY-2025 15:48:25)
2,25 , 1,0,5,0,S, 	(30-MAY-2025 15:48:25)
2,25 , 1,0,5,0,S, 	(30-MAY-2025 15:48:25)
2,25 , 1,0,5,0,S, 	(30-MAY-2025 15:48:25)
2,25 , 1,0,5,0,S, 	(30-MAY-2025 15:48:25)
2,25 , 1,0,5,0,S, 	(30-MAY-2025 15:48:25)
2,25 , 1,0,5,0,S, 	(30-MAY-2025 15:48:25)
2,25 , 1,0,5,0,S, 	(30-MAY-2025 15:48:25)
2,25 , 1,0,5,0,S, 	(30-MAY-2025 15:48:25)
2,25 , 1,0,5,0,S, 	(30-MAY-2025 15:48:25)
2,25 , 1,0,5,0,S, 	(30-MAY-2025 15:48:25)
2,25 , 1,0,5,0,S, 	(30-MAY-2025 15:48:25)
2,25 , 1,0,5,0,S, 	(30-MAY-2025 15:48:25)
2,25 , 1,0,5,0,S, 	(30-MAY-2025 15:48:25)
2,25 , 1,0,5,0,S, 	(30-MAY-2025 15:48:25)
2,25 , 1,0,5,0,S, 	(30-MAY-2025 15:48:25)
2,25 , 1,0,5,0,S, 	(30-MAY-2025 15:48:25)
2,25 , 1,0,5,0,S, 	(30-MAY-2025 15:48:25)
2,25 , 1,0,5,0,S, 	(30-MAY-2025 15:48:25)
2,25 , 1,0,5,0,S, 	(30-MAY-2025 15:48:25)
2,25 , 1,0,5,0,S, 	(30-MAY-2025 15:48:25)
2,25 , 1,0,5,0,S, 	(30-MAY-2025 15:48:25)
2,25 , 1,0,5,0,S, 	(30-MAY-2025 15:48:25)
2,25 , 1,0,5,0,S, 	(30-MAY-2025 15:48:25)
2,25 , 1,0,5,0,S, 	(30-MAY-2025 15:48:25)
2,25 , 1,0,5,0,S, 	(30-MAY-2025 15:48:25)
2,25 , 1,0,5,0,S, 	(30-MAY-2025 15:48:25)
2,25 , 1,0,5,0,S, 	(30-MAY-2025 15:48:25)
2,25 , 1,0,5,0,S, 	(30-MAY-2025 15:48:25)
2,25 , 1,0,5,0,S, 	(30-MAY-2025 15:48:25)
2,25 , 1,0,5,0,S, 	(30-MAY-2025 15:48:25)
2,25 , 1,0,5,0,S, 	(30-MAY-2025 15:48:25)
2,25 , 1,0,5,0,S, 	(30-MAY-2025 15:48:25)
2,25 , 1,0,5,0,S, 	(30-MAY-2025 15:48:25)
2,25 , 1,0,5,0,S, 	(30-MAY-2025 15:48:25)
2,25 , 1,0,5,0,S, 	(30-MAY-2025 15:48:25)
2,25 , 1,0,5,0,S, 	(30-MAY-2025 15:48:25)
2,25 , 1,0,5,0,S, 	(30-MAY-2025 15:48:25)
2,25 , 1,0,5,0,S, 	(30-MAY-2025 15:48:25)
2,25 , 1,0,5,0,S, 	(30-MAY-2025 15:48:25)
2,25 , 1,0,5,0,S, 	(30-MAY-2025 15:48:25)
2,25 , 1,0,5,0,S, 	(30-MAY-2025 15:48:25)
2,25 , 1,0,5,0,S, 	(30-MAY-2025 15:48:25)
2,25 , 1,0,5,0,S, 	(30-MAY-2025 15:48:25)
2,25 , 1,0,5,0,S, 	(30-MAY-2025 15:48:25)
2,25 , 1,0,5,0,S, 	(30-MAY-2025 15:48:25)
2,25 , 1,0,5,0,S, 	(30-MAY-2025 15:48:25)
2,25 , 1,0,5,0,S, 	(30-MAY-2025 15:48:25)
2,25 , 1,0,5,0,S, 	(30-MAY-2025 15:48:25)
2,25 , 1,0,5,0,S, 	(30-MAY-2025 15:48:25)
2,25 , 1,0,5,0,S, 	(30-MAY-2025 15:48:25)
2,25 , 1,0,5,0,S, 	(30-MAY-2025 15:48:25)
2,25 , 1,0,5,0,S, 	(30-MAY-2025 15:48:25)
2,25 , 1,0,5,0,S, 	(30-MAY-2025 15:48:25)
2,25 , 1,0,5,0,S, 	(30-MAY-2025 15:48:25)
2,25 , 1,0,5,0,S, 	(30-MAY-2025 15:48:25)
2,25 , 1,0,5,0,S, 	(30-MAY-2025 15:48:25)
2,25 , 1,0,5,0,S, 	(30-MAY-2025 15:48:25)
2,25 , 1,0,5,0,S, 	(30-MAY-2025 15:48:25)
2,25 , 1,0,5,0,S, 	(30-MAY-2025 15:48:25)
2,25 , 1,0,5,0,S, 	(30-MAY-2025 15:48:25)
2,25 , 1,0,5,0,S, 	(30-MAY-2025 15:48:25)
2,25 , 1,0,5,0,S, 	(30-MAY-2025 15:48:25)
2,25 , 1,0,5,0,S, 	(30-MAY-2025 15:48:25)
2,25 , 1,0,5,0,S, 	(30-MAY-2025 15:48:25)
2,25 , 1,0,5,0,S, 	(30-MAY-2025 15:48:25)
2,25 , 1,0,5,0,S, 	(30-MAY-2025 15:48:25)
2,25 , 1,0,5,0,S, 	(30-MAY-2025 15:48:25)
2,25 , 1,0,5,0,S, 	(30-MAY-2025 15:48:25)
2,25 , 1,0,5,0,S, 	(30-MAY-2025 15:48:25)
2,25 , 1,0,5,0,S, 	(30-MAY-2025 15:48:25)
2,25 , 1,0,5,0,S, 	(30-MAY-2025 15:48:25)
2,25 , 1,0,5,0,S, 	(30-MAY-2025 15:48:25)
2,25 , 1,0,5,0,S, 	(30-MAY-2025 15:48:25)
2,25 , 1,0,5,0,S, 	(30-MAY-2025 15:48:25)
2,25 , 1,0,5,0,S, 	(30-MAY-2025 15:48:25)
2,25 , 1,0,3,1,S, 	(30-MAY-2025 15:48:25)
2,25 , 1,0,3,1,S, 	(30-MAY-2025 15:48:25)
2,25 , 1,0,3,1,S, 	(30-MAY-2025 15:48:25)
2,25 , 1,0,3,1,S, 	(30-MAY-2025 15:48:25)
2,25 , 1,0,3,1,S, 	(30-MAY-2025 15:48:25)
2,25 , 1,0,3,1,S, 	(30-MAY-2025 15:48:25)
2,25 , 1,0,3,1,S, 	(30-MAY-2025 15:48:25)
2,25 , 1,0,3,1,S, 	(30-MAY-2025 15:48:25)
2,25 , 1,0,3,1,S, 	(30-MAY-2025 15:48:25)
2,25 , 1,0,3,1,S, 	(30-MAY-2025 15:48:25)
2,25 , 1,0,3,1,S, 	(30-MAY-2025 15:48:25)
2,25 , 1,0,3,1,S, 	(30-MAY-2025 15:48:25)
2,25 , 1,0,3,1,S, 	(30-MAY-2025 15:48:25)
2,25 , 1,0,3,1,S, 	(30-MAY-2025 15:48:25)
2,25 , 1,0,3,1,S, 	(30-MAY-2025 15:48:25)
2,25 , 1,0,3,1,S, 	(30-MAY-2025 15:48:25)
2,25 , 1,0,3,1,S, 	(30-MAY-2025 15:48:25)
2,25 , 1,0,3,1,S, 	(30-MAY-2025 15:48:25)
2,25 , 1,0,3,1,S, 	(30-MAY-2025 15:48:25)
2,25 , 1,0,3,1,S, 	(30-MAY-2025 15:48:25)
2,25 , 1,0,3,1,S, 	(30-MAY-2025 15:48:25)
2,25 , 1,0,3,1,S, 	(30-MAY-2025 15:48:25)
2,25 , 1,0,3,1,S, 	(30-MAY-2025 15:48:25)
2,25 , 1,0,3,1,S, 	(30-MAY-2025 15:48:25)
2,25 , 1,0,3,1,S, 	(30-MAY-2025 15:48:25)
2,25 , 1,0,3,1,S, 	(30-MAY-2025 15:48:25)
2,25 , 1,0,3,1,S, 	(30-MAY-2025 15:48:25)
2,25 , 1,0,3,1,S, 	(30-MAY-2025 15:48:25)
2,25 , 1,0,3,1,S, 	(30-MAY-2025 15:48:25)
2,25 , 1,0,3,1,S, 	(30-MAY-2025 15:48:25)
2,25 , 1,0,3,1,S, 	(30-MAY-2025 15:48:25)
2,25 , 1,0,3,1,S, 	(30-MAY-2025 15:48:25)
2,25 , 1,0,3,1,S, 	(30-MAY-2025 15:48:25)
2,25 , 1,0,3,1,S, 	(30-MAY-2025 15:48:25)
2,25 , 1,0,3,1,S, 	(30-MAY-2025 15:48:25)
2,25 , 1,0,3,1,S, 	(30-MAY-2025 15:48:25)
2,25 , 1,0,3,1,S, 	(30-MAY-2025 15:48:25)
2,25 , 1,0,3,1,S, 	(30-MAY-2025 15:48:25)
2,25 , 1,0,3,1,S, 	(30-MAY-2025 15:48:25)
2,25 , 1,0,3,1,S, 	(30-MAY-2025 15:48:25)
2,25 , 1,0,3,1,S, 	(30-MAY-2025 15:48:25)
2,25 , 1,0,3,1,S, 	(30-MAY-2025 15:48:25)
2,25 , 1,0,3,1,S, 	(30-MAY-2025 15:48:25)
2,25 , 1,0,3,1,S, 	(30-MAY-2025 15:48:25)
2,25 , 1,0,3,1,S, 	(30-MAY-2025 15:48:25)
2,25 , 1,0,3,1,S, 	(30-MAY-2025 15:48:25)
2,25 , 1,0,3,1,S, 	(30-MAY-2025 15:48:25)
2,25 , 1,0,3,1,S, 	(30-MAY-2025 15:48:25)
2,25 , 1,0,3,1,S, 	(30-MAY-2025 15:48:25)
2,25 , 1,0,3,1,S, 	(30-MAY-2025 15:48:25)
2,25 , 1,0,3,1,S, 	(30-MAY-2025 15:48:25)
2,25 , 1,0,3,1,S, 	(30-MAY-2025 15:48:25)
2,25 , 1,0,3,1,S, 	(30-MAY-2025 15:48:25)
2,25 , 1,0,3,1,S, 	(30-MAY-2025 15:48:25)
2,25 , 1,0,3,1,S, 	(30-MAY-2025 15:48:25)
2,25 , 1,0,3,1,S, 	(30-MAY-2025 15:48:25)
2,25 , 1,0,3,1,S, 	(30-MAY-2025 15:48:25)
2,25 , 1,0,3,1,S, 	(30-MAY-2025 15:48:25)
2,25 , 1,0,3,1,S, 	(30-MAY-2025 15:48:25)
2,25 , 1,0,3,1,S, 	(30-MAY-2025 15:48:25)
2,25 , 1,0,3,1,S, 	(30-MAY-2025 15:48:25)
2,25 , 1,0,3,1,S, 	(30-MAY-2025 15:48:25)
2,25 , 1,0,3,1,S, 	(30-MAY-2025 15:48:25)
2,25 , 1,0,3,1,S, 	(30-MAY-2025 15:48:25)
2,25 , 1,0,3,1,S, 	(30-MAY-2025 15:48:25)
2,25 , 1,0,3,1,S, 	(30-MAY-2025 15:48:25)
2,25 , 1,0,3,1,S, 	(30-MAY-2025 15:48:25)
2,25 , 1,0,3,1,S, 	(30-MAY-2025 15:48:25)
2,25 , 1,0,3,1,S, 	(30-MAY-2025 15:48:25)
2,25 , 1,0,3,1,S, 	(30-MAY-2025 15:48:25)
2,25 , 1,0,3,1,S, 	(30-MAY-2025 15:48:25)
2,25 , 1,0,3,1,S, 	(30-MAY-2025 15:48:25)
2,25 , 1,0,3,1,S, 	(30-MAY-2025 15:48:25)
2,25 , 1,0,3,1,S, 	(30-MAY-2025 15:48:25)
2,25 , 1,0,3,1,S, 	(30-MAY-2025 15:48:25)
2,25 , 1,0,3,1,S, 	(30-MAY-2025 15:48:25)
2,25 , 1,0,3,1,S, 	(30-MAY-2025 15:48:25)
2,25 , 1,0,3,1,S, 	(30-MAY-2025 15:48:25)
2,25 , 1,0,3,1,S, 	(30-MAY-2025 15:48:25)
2,25 , 1,0,3,1,S, 	(30-MAY-2025 15:48:25)
2,25 , 1,0,3,1,S, 	(30-MAY-2025 15:48:25)
2,25 , 1,0,3,1,S, 	(30-MAY-2025 15:48:25)
2,25 , 1,0,3,1,S, 	(30-MAY-2025 15:48:25)
2,25 , 1,0,3,1,S, 	(30-MAY-2025 15:48:25)
2,25 , 1,0,3,1,S, 	(30-MAY-2025 15:48:25)
2,25 , 1,0,3,1,S, 	(30-MAY-2025 15:48:25)
2,25 , 1,0,3,1,S, 	(30-MAY-2025 15:48:25)
2,25 , 1,0,3,1,S, 	(30-MAY-2025 15:48:25)
2,25 , 1,0,3,1,S, 	(30-MAY-2025 15:48:25)
2,25 , 1,0,3,1,S, 	(30-MAY-2025 15:48:25)
2,25 , 1,0,3,1,S, 	(30-MAY-2025 15:48:25)
2,25 , 1,0,3,1,S, 	(30-MAY-2025 15:48:25)
2,25 , 1,0,3,1,S, 	(30-MAY-2025 15:48:25)
2,25 , 1,0,3,1,S, 	(30-MAY-2025 15:48:25)
2,25 , 1,0,3,1,S, 	(30-MAY-2025 15:48:25)
2,25 , 1,0,3,1,S, 	(30-MAY-2025 15:48:25)
2,25 , 1,0,3,1,S, 	(30-MAY-2025 15:48:25)
2,25 , 1,0,3,1,S, 	(30-MAY-2025 15:48:25)
2,25 , 1,0,3,1,S, 	(30-MAY-2025 15:48:25)
2,25 , 1,0,3,1,S, 	(30-MAY-2025 15:48:25)
2,25 , 1,0,3,1,S, 	(30-MAY-2025 15:48:25)
2,25 , 1,0,3,1,S, 	(30-MAY-2025 15:48:25)
2,25 , 1,0,3,1,S, 	(30-MAY-2025 15:48:25)
2,25 , 1,0,3,1,S, 	(30-MAY-2025 15:48:25)
2,25 , 1,0,3,1,S, 	(30-MAY-2025 15:48:25)
2,25 , 1,0,3,1,S, 	(30-MAY-2025 15:48:25)
2,25 , 1,0,3,1,S, 	(30-MAY-2025 15:48:25)
2,25 , 1,0,2,0,S, 	(30-MAY-2025 15:48:25)
2,25 , 1,0,2,0,S, 	(30-MAY-2025 15:48:25)
2,25 , 1,0,2,0,S, 	(30-MAY-2025 15:48:25)
2,25 , 1,0,2,0,S, 	(30-MAY-2025 15:48:25)
2,25 , 1,0,2,0,S, 	(30-MAY-2025 15:48:25)
2,25 , 1,0,2,0,S, 	(30-MAY-2025 15:48:25)
2,25 , 1,0,2,0,S, 	(30-MAY-2025 15:48:25)
2,25 , 1,0,2,0,S, 	(30-MAY-2025 15:48:25)
2,25 , 1,0,2,0,S, 	(30-MAY-2025 15:48:25)
2,25 , 1,0,2,0,S, 	(30-MAY-2025 15:48:25)
2,25 , 1,0,2,0,S, 	(30-MAY-2025 15:48:25)
2,25 , 1,0,2,0,S, 	(30-MAY-2025 15:48:25)
2,25 , 1,0,2,0,S, 	(30-MAY-2025 15:48:25)
2,25 , 1,0,2,0,S, 	(30-MAY-2025 15:48:25)
2,25 , 1,0,2,0,S, 	(30-MAY-2025 15:48:25)
2,25 , 1,0,2,0,S, 	(30-MAY-2025 15:48:25)
2,25 , 1,0,2,0,S, 	(30-MAY-2025 15:48:25)
2,25 , 1,0,2,0,S, 	(30-MAY-2025 15:48:25)
2,25 , 1,0,2,0,S, 	(30-MAY-2025 15:48:25)
2,25 , 1,0,2,0,S, 	(30-MAY-2025 15:48:25)
2,25 , 1,0,2,0,S, 	(30-MAY-2025 15:48:25)
2,25 , 1,0,2,0,S, 	(30-MAY-2025 15:48:25)
2,25 , 1,0,2,0,S, 	(30-MAY-2025 15:48:25)
2,25 , 1,0,2,0,S, 	(30-MAY-2025 15:48:25)
2,25 , 1,0,2,0,S, 	(30-MAY-2025 15:48:25)
2,25 , 1,0,2,0,S, 	(30-MAY-2025 15:48:25)
2,25 , 1,0,2,0,S, 	(30-MAY-2025 15:48:25)
2,25 , 1,0,2,0,S, 	(30-MAY-2025 15:48:25)
2,25 , 1,0,2,0,S, 	(30-MAY-2025 15:48:25)
2,25 , 1,0,2,0,S, 	(30-MAY-2025 15:48:25)
2,25 , 1,0,2,0,S, 	(30-MAY-2025 15:48:25)
2,25 , 1,0,3,0,S, 	(30-MAY-2025 15:48:25)
2,25 , 1,0,3,0,S, 	(30-MAY-2025 15:48:25)
2,25 , 1,0,3,0,S, 	(30-MAY-2025 15:48:25)
2,25 , 1,0,3,0,S, 	(30-MAY-2025 15:48:25)
2,25 , 1,0,3,0,S, 	(30-MAY-2025 15:48:25)
2,25 , 1,0,3,0,S, 	(30-MAY-2025 15:48:25)
2,25 , 1,0,3,0,S, 	(30-MAY-2025 15:48:25)
2,25 , 1,0,3,0,S, 	(30-MAY-2025 15:48:25)
2,25 , 1,0,3,0,S, 	(30-MAY-2025 15:48:25)
2,25 , 1,0,3,0,S, 	(30-MAY-2025 15:48:25)
2,25 , 1,0,3,0,S, 	(30-MAY-2025 15:48:25)
2,25 , 1,0,3,0,S, 	(30-MAY-2025 15:48:25)
2,25 , 1,0,3,0,S, 	(30-MAY-2025 15:48:25)
2,25 , 1,0,3,0,S, 	(30-MAY-2025 15:48:25)
2,25 , 1,0,3,0,S, 	(30-MAY-2025 15:48:25)
2,25 , 1,0,3,0,S, 	(30-MAY-2025 15:48:25)
2,25 , 1,0,3,0,S, 	(30-MAY-2025 15:48:25)
2,25 , 1,0,3,0,S, 	(30-MAY-2025 15:48:25)
2,25 , 1,0,3,0,S, 	(30-MAY-2025 15:48:25)
2,25 , 1,0,3,0,S, 	(30-MAY-2025 15:48:25)
2,25 , 1,0,3,0,S, 	(30-MAY-2025 15:48:25)
2,25 , 1,0,3,0,S, 	(30-MAY-2025 15:48:25)
2,25 , 1,0,3,0,S, 	(30-MAY-2025 15:48:25)
2,25 , 1,0,3,0,S, 	(30-MAY-2025 15:48:25)
2,25 , 1,0,3,0,S, 	(30-MAY-2025 15:48:25)
2,25 , 1,0,3,0,S, 	(30-MAY-2025 15:48:25)
2,25 , 1,0,3,0,S, 	(30-MAY-2025 15:48:25)
2,25 , 1,0,3,0,S, 	(30-MAY-2025 15:48:25)
2,25 , 1,0,3,0,S, 	(30-MAY-2025 15:48:25)
2,25 , 1,0,3,0,S, 	(30-MAY-2025 15:48:25)
2,25 , 1,0,4,1,S, 	(30-MAY-2025 15:48:25)
2,25 , 1,0,4,1,S, 	(30-MAY-2025 15:48:25)
2,25 , 1,0,4,1,S, 	(30-MAY-2025 15:48:25)
2,25 , 1,0,4,1,S, 	(30-MAY-2025 15:48:25)
2,25 , 1,0,4,1,S, 	(30-MAY-2025 15:48:25)
2,25 , 1,0,4,1,S, 	(30-MAY-2025 15:48:25)
2,25 , 1,0,4,1,S, 	(30-MAY-2025 15:48:25)
2,25 , 1,0,4,1,S, 	(30-MAY-2025 15:48:25)
2,25 , 1,0,4,1,S, 	(30-MAY-2025 15:48:25)
2,25 , 1,0,4,1,S, 	(30-MAY-2025 15:48:25)
2,25 , 1,0,4,1,S, 	(30-MAY-2025 15:48:25)
2,25 , 1,0,4,1,S, 	(30-MAY-2025 15:48:25)
2,25 , 1,0,4,1,S, 	(30-MAY-2025 15:48:25)
2,25 , 1,0,4,1,S, 	(30-MAY-2025 15:48:25)
2,25 , 1,0,4,1,S, 	(30-MAY-2025 15:48:25)
2,25 , 1,0,4,1,S, 	(30-MAY-2025 15:48:25)
2,25 , 1,0,4,1,S, 	(30-MAY-2025 15:48:25)
2,25 , 1,0,4,1,S, 	(30-MAY-2025 15:48:25)
2,25 , 1,0,4,1,S, 	(30-MAY-2025 15:48:25)
2,25 , 1,0,4,1,S, 	(30-MAY-2025 15:48:25)
2,25 , 1,0,4,1,S, 	(30-MAY-2025 15:48:25)
2,25 , 1,0,4,1,S, 	(30-MAY-2025 15:48:25)
2,25 , 1,0,4,1,S, 	(30-MAY-2025 15:48:25)
2,25 , 1,0,4,1,S, 	(30-MAY-2025 15:48:25)
2,25 , 1,0,4,1,S, 	(30-MAY-2025 15:48:25)
2,25 , 1,0,4,1,S, 	(30-MAY-2025 15:48:25)
2,25 , 1,0,4,1,S, 	(30-MAY-2025 15:48:25)
2,25 , 1,0,4,1,S, 	(30-MAY-2025 15:48:25)
2,25 , 1,0,4,1,S, 	(30-MAY-2025 15:48:25)
2,25 , 1,0,4,1,S, 	(30-MAY-2025 15:48:25)
2,25 , 1,0,4,1,S, 	(30-MAY-2025 15:48:25)
2,25 , 1,0,4,1,S, 	(30-MAY-2025 15:48:25)
2,25 , 1,0,4,1,S, 	(30-MAY-2025 15:48:25)
2,25 , 1,0,4,1,S, 	(30-MAY-2025 15:48:25)
2,25 , 1,0,4,1,S, 	(30-MAY-2025 15:48:25)
2,25 , 1,0,4,1,S, 	(30-MAY-2025 15:48:25)
2,25 , 1,0,4,1,S, 	(30-MAY-2025 15:48:25)
2,25 , 1,0,4,1,S, 	(30-MAY-2025 15:48:25)
2,25 , 1,0,4,1,S, 	(30-MAY-2025 15:48:25)
2,25 , 1,0,4,1,S, 	(30-MAY-2025 15:48:25)
2,25 , 1,0,4,1,S, 	(30-MAY-2025 15:48:25)
2,25 , 1,0,4,1,S, 	(30-MAY-2025 15:48:25)
2,25 , 1,0,4,1,S, 	(30-MAY-2025 15:48:25)
2,25 , 1,0,4,1,S, 	(30-MAY-2025 15:48:25)
2,25 , 1,0,4,1,S, 	(30-MAY-2025 15:48:25)
2,25 , 1,0,4,1,S, 	(30-MAY-2025 15:48:25)
2,25 , 1,0,4,1,S, 	(30-MAY-2025 15:48:25)
2,25 , 1,0,4,1,S, 	(30-MAY-2025 15:48:25)
2,25 , 1,0,4,1,S, 	(30-MAY-2025 15:48:25)
2,25 , 1,0,4,1,S, 	(30-MAY-2025 15:48:25)
2,25 , 1,0,4,1,S, 	(30-MAY-2025 15:48:25)
2,25 , 1,0,4,1,S, 	(30-MAY-2025 15:48:25)
2,25 , 1,0,4,1,S, 	(30-MAY-2025 15:48:25)
2,25 , 1,0,4,1,S, 	(30-MAY-2025 15:48:25)
2,25 , 1,0,4,1,S, 	(30-MAY-2025 15:48:25)
2,25 , 1,0,4,1,S, 	(30-MAY-2025 15:48:25)
2,25 , 1,0,4,1,S, 	(30-MAY-2025 15:48:25)
2,25 , 1,0,4,1,S, 	(30-MAY-2025 15:48:25)
2,25 , 1,0,4,1,S, 	(30-MAY-2025 15:48:25)
2,25 , 1,0,4,1,S, 	(30-MAY-2025 15:48:25)
2,25 , 1,0,4,1,S, 	(30-MAY-2025 15:48:25)
2,25 , 1,0,4,1,S, 	(30-MAY-2025 15:48:25)
2,25 , 1,0,4,1,S, 	(30-MAY-2025 15:48:25)
2,25 , 1,0,4,1,S, 	(30-MAY-2025 15:48:25)
2,25 , 1,0,4,1,S, 	(30-MAY-2025 15:48:25)
2,25 , 1,0,4,1,S, 	(30-MAY-2025 15:48:25)
2,25 , 1,0,4,1,S, 	(30-MAY-2025 15:48:25)
2,25 , 1,0,4,1,S, 	(30-MAY-2025 15:48:25)
2,25 , 1,0,4,1,S, 	(30-MAY-2025 15:48:25)
2,25 , 1,0,4,1,S, 	(30-MAY-2025 15:48:25)
2,25 , 1,0,4,1,S, 	(30-MAY-2025 15:48:25)
2,25 , 1,0,4,1,S, 	(30-MAY-2025 15:48:25)
2,25 , 1,0,4,1,S, 	(30-MAY-2025 15:48:25)
2,25 , 1,0,4,1,S, 	(30-MAY-2025 15:48:25)
2,25 , 1,0,4,1,S, 	(30-MAY-2025 15:48:25)
2,25 , 1,0,4,1,S, 	(30-MAY-2025 15:48:25)
2,25 , 1,0,4,1,S, 	(30-MAY-2025 15:48:25)
2,25 , 1,0,4,1,S, 	(30-MAY-2025 15:48:25)
2,25 , 1,0,4,1,S, 	(30-MAY-2025 15:48:25)
2,25 , 1,0,4,1,S, 	(30-MAY-2025 15:48:25)
2,25 , 1,0,4,1,S, 	(30-MAY-2025 15:48:25)
2,25 , 1,0,4,1,S, 	(30-MAY-2025 15:48:25)
2,25 , 1,0,4,1,S, 	(30-MAY-2025 15:48:25)
2,25 , 1,0,4,1,S, 	(30-MAY-2025 15:48:25)
2,25 , 1,0,4,1,S, 	(30-MAY-2025 15:48:25)
2,25 , 1,0,4,1,S, 	(30-MAY-2025 15:48:25)
2,25 , 1,0,4,1,S, 	(30-MAY-2025 15:48:25)
2,25 , 1,0,4,1,S, 	(30-MAY-2025 15:48:25)
2,25 , 1,0,4,1,S, 	(30-MAY-2025 15:48:25)
2,25 , 1,0,4,1,S, 	(30-MAY-2025 15:48:25)
2,25 , 1,0,4,1,S, 	(30-MAY-2025 15:48:25)
2,25 , 1,0,4,1,S, 	(30-MAY-2025 15:48:25)
2,25 , 1,0,4,1,S, 	(30-MAY-2025 15:48:25)
2,25 , 1,0,4,1,S, 	(30-MAY-2025 15:48:25)
2,25 , 1,0,4,1,S, 	(30-MAY-2025 15:48:25)
2,25 , 1,0,4,1,S, 	(30-MAY-2025 15:48:25)
2,25 , 1,0,4,1,S, 	(30-MAY-2025 15:48:25)
2,25 , 1,0,4,1,S, 	(30-MAY-2025 15:48:25)
2,25 , 1,0,4,1,S, 	(30-MAY-2025 15:48:25)
2,25 , 1,0,4,1,S, 	(30-MAY-2025 15:48:25)
2,25 , 1,0,4,1,S, 	(30-MAY-2025 15:48:25)
2,25 , 1,0,4,1,S, 	(30-MAY-2025 15:48:25)
2,25 , 1,0,4,1,S, 	(30-MAY-2025 15:48:25)
2,25 , 1,0,4,1,S, 	(30-MAY-2025 15:48:25)
2,25 , 1,0,4,1,S, 	(30-MAY-2025 15:48:25)
2,25 , 1,0,4,1,S, 	(30-MAY-2025 15:48:25)
2,25 , 1,0,4,1,S, 	(30-MAY-2025 15:48:25)
2,25 , 1,0,4,1,S, 	(30-MAY-2025 15:48:25)
2,25 , 1,0,4,1,S, 	(30-MAY-2025 15:48:25)
2,25 , 1,0,4,1,S, 	(30-MAY-2025 15:48:25)
2,25 , 1,0,4,1,S, 	(30-MAY-2025 15:48:25)
2,25 , 1,0,4,1,S, 	(30-MAY-2025 15:48:25)
2,25 , 1,0,4,1,S, 	(30-MAY-2025 15:48:25)
2,25 , 1,0,4,1,S, 	(30-MAY-2025 15:48:25)
2,25 , 1,0,4,1,S, 	(30-MAY-2025 15:48:25)
2,25 , 1,0,4,1,S, 	(30-MAY-2025 15:48:25)
2,25 , 1,0,4,1,S, 	(30-MAY-2025 15:48:25)
2,25 , 1,0,4,1,S, 	(30-MAY-2025 15:48:25)
2,25 , 1,0,4,1,S, 	(30-MAY-2025 15:48:25)
2,25 , 1,0,4,1,S, 	(30-MAY-2025 15:48:25)
2,25 , 1,0,4,1,S, 	(30-MAY-2025 15:48:25)
2,25 , 1,0,4,1,S, 	(30-MAY-2025 15:48:25)
2,25 , 1,0,4,1,S, 	(30-MAY-2025 15:48:25)
2,25 , 1,0,4,1,S, 	(30-MAY-2025 15:48:25)
2,25 , 1,0,4,1,S, 	(30-MAY-2025 15:48:25)
2,25 , 1,0,4,1,S, 	(30-MAY-2025 15:48:25)
2,25 , 1,0,4,1,S, 	(30-MAY-2025 15:48:25)
2,25 , 1,0,4,1,S, 	(30-MAY-2025 15:48:25)
2,25 , 1,0,4,1,S, 	(30-MAY-2025 15:48:25)
2,25 , 1,0,4,1,S, 	(30-MAY-2025 15:48:25)
2,25 , 1,0,4,1,S, 	(30-MAY-2025 15:48:25)
2,25 , 1,0,4,1,S, 	(30-MAY-2025 15:48:25)
2,25 , 1,0,4,1,S, 	(30-MAY-2025 15:48:25)
2,25 , 1,0,4,1,S, 	(30-MAY-2025 15:48:25)
2,25 , 1,0,4,1,S, 	(30-MAY-2025 15:48:25)
2,25 , 1,0,4,1,S, 	(30-MAY-2025 15:48:25)
2,25 , 1,0,4,1,S, 	(30-MAY-2025 15:48:25)
2,25 , 1,0,4,1,S, 	(30-MAY-2025 15:48:25)
2,25 , 1,0,4,1,S, 	(30-MAY-2025 15:48:25)
2,25 , 1,0,4,1,S, 	(30-MAY-2025 15:48:25)
2,25 , 1,0,4,1,S, 	(30-MAY-2025 15:48:25)
2,25 , 1,0,4,1,S, 	(30-MAY-2025 15:48:25)
2,25 , 1,0,4,1,S, 	(30-MAY-2025 15:48:25)
2,25 , 1,0,4,1,S, 	(30-MAY-2025 15:48:25)
2,25 , 1,0,4,1,S, 	(30-MAY-2025 15:48:25)
2,25 , 1,0,4,1,S, 	(30-MAY-2025 15:48:25)
2,25 , 1,0,4,1,S, 	(30-MAY-2025 15:48:25)
2,25 , 1,0,4,1,S, 	(30-MAY-2025 15:48:25)
2,25 , 1,0,4,1,S, 	(30-MAY-2025 15:48:25)
2,25 , 1,0,4,1,S, 	(30-MAY-2025 15:48:25)
2,25 , 1,0,4,1,S, 	(30-MAY-2025 15:48:25)
2,25 , 1,0,4,1,S, 	(30-MAY-2025 15:48:25)
2,25 , 1,0,4,1,S, 	(30-MAY-2025 15:48:25)
2,25 , 1,0,4,1,S, 	(30-MAY-2025 15:48:25)
2,25 , 1,0,4,1,S, 	(30-MAY-2025 15:48:25)
2,25 , 1,0,4,1,S, 	(30-MAY-2025 15:48:25)
2,25 , 1,0,4,1,S, 	(30-MAY-2025 15:48:25)
2,25 , 1,0,4,1,S, 	(30-MAY-2025 15:48:25)
2,25 , 1,0,4,1,S, 	(30-MAY-2025 15:48:25)
2,25 , 1,0,4,1,S, 	(30-MAY-2025 15:48:25)
2,25 , 1,0,4,1,S, 	(30-MAY-2025 15:48:25)
2,25 , 1,0,4,1,S, 	(30-MAY-2025 15:48:25)
2,25 , 1,0,4,1,S, 	(30-MAY-2025 15:48:25)
2,25 , 1,0,4,1,S, 	(30-MAY-2025 15:48:25)
2,25 , 1,0,4,1,S, 	(30-MAY-2025 15:48:25)
2,25 , 1,0,4,1,S, 	(30-MAY-2025 15:48:25)
2,25 , 1,0,4,1,S, 	(30-MAY-2025 15:48:25)
2,25 , 1,0,4,1,S, 	(30-MAY-2025 15:48:25)
2,25 , 1,0,6,0,S, 	(30-MAY-2025 15:48:25)
2,25 , 1,0,6,0,S, 	(30-MAY-2025 15:48:25)
2,25 , 1,0,6,0,S, 	(30-MAY-2025 15:48:25)
2,25 , 1,0,6,0,S, 	(30-MAY-2025 15:48:25)
2,25 , 1,0,6,0,S, 	(30-MAY-2025 15:48:25)
2,25 , 1,0,6,0,S, 	(30-MAY-2025 15:48:25)
2,25 , 1,0,6,0,S, 	(30-MAY-2025 15:48:25)
2,25 , 1,0,6,0,S, 	(30-MAY-2025 15:48:25)
2,25 , 1,0,6,0,S, 	(30-MAY-2025 15:48:25)
2,25 , 1,0,6,0,S, 	(30-MAY-2025 15:48:25)
2,25 , 1,0,6,0,S, 	(30-MAY-2025 15:48:25)
2,25 , 1,0,6,0,S, 	(30-MAY-2025 15:48:25)
2,25 , 1,0,6,0,S, 	(30-MAY-2025 15:48:25)
2,25 , 1,0,6,0,S, 	(30-MAY-2025 15:48:25)
2,25 , 1,0,6,0,S, 	(30-MAY-2025 15:48:25)
2,25 , 1,0,6,0,S, 	(30-MAY-2025 15:48:25)
2,25 , 1,0,6,0,S, 	(30-MAY-2025 15:48:25)
2,25 , 1,0,6,0,S, 	(30-MAY-2025 15:48:25)
2,25 , 1,0,6,0,S, 	(30-MAY-2025 15:48:25)
2,25 , 1,0,6,0,S, 	(30-MAY-2025 15:48:25)
2,25 , 1,0,6,0,S, 	(30-MAY-2025 15:48:25)
2,25 , 1,0,6,0,S, 	(30-MAY-2025 15:48:25)
2,25 , 1,0,6,0,S, 	(30-MAY-2025 15:48:25)
2,25 , 1,0,6,0,S, 	(30-MAY-2025 15:48:25)
2,25 , 1,0,6,0,S, 	(30-MAY-2025 15:48:25)
2,25 , 1,0,6,0,S, 	(30-MAY-2025 15:48:25)
2,25 , 1,0,6,0,S, 	(30-MAY-2025 15:48:25)
2,25 , 1,0,6,0,S, 	(30-MAY-2025 15:48:25)
2,25 , 1,0,9,0,S, 	(30-MAY-2025 15:48:25)
2,25 , 1,0,9,0,S, 	(30-MAY-2025 15:48:25)
2,25 , 1,0,9,0,S, 	(30-MAY-2025 15:48:25)
2,25 , 1,0,9,0,S, 	(30-MAY-2025 15:48:25)
2,25 , 1,0,9,0,S, 	(30-MAY-2025 15:48:25)
2,25 , 1,0,9,0,S, 	(30-MAY-2025 15:48:25)
2,25 , 1,0,9,0,S, 	(30-MAY-2025 15:48:25)
2,25 , 1,0,9,0,S, 	(30-MAY-2025 15:48:25)
2,25 , 1,0,9,0,S, 	(30-MAY-2025 15:48:25)
2,25 , 1,0,9,0,S, 	(30-MAY-2025 15:48:25)
2,25 , 1,0,9,0,S, 	(30-MAY-2025 15:48:25)
2,25 , 1,0,9,0,S, 	(30-MAY-2025 15:48:25)
2,25 , 1,0,9,0,S, 	(30-MAY-2025 15:48:25)
2,25 , 1,0,9,0,S, 	(30-MAY-2025 15:48:25)
2,25 , 1,0,9,0,S, 	(30-MAY-2025 15:48:25)
2,25 , 1,0,9,0,S, 	(30-MAY-2025 15:48:25)
2,25 , 1,0,9,0,S, 	(30-MAY-2025 15:48:25)
2,25 , 1,0,9,0,S, 	(30-MAY-2025 15:48:25)
2,25 , 1,0,9,0,S, 	(30-MAY-2025 15:48:25)
2,25 , 1,0,9,0,S, 	(30-MAY-2025 15:48:25)
2,25 , 1,0,9,0,S, 	(30-MAY-2025 15:48:25)
2,25 , 1,0,9,0,S, 	(30-MAY-2025 15:48:25)
2,25 , 1,0,9,0,S, 	(30-MAY-2025 15:48:25)
2,25 , 1,0,9,0,S, 	(30-MAY-2025 15:48:25)
2,25 , 1,0,9,0,S, 	(30-MAY-2025 15:48:25)
2,25 , 1,0,9,0,S, 	(30-MAY-2025 15:48:25)
2,25 , 1,0,9,0,S, 	(30-MAY-2025 15:48:25)
2,25 , 1,0,9,0,S, 	(30-MAY-2025 15:48:25)
2,25 , 1,0,9,0,S, 	(30-MAY-2025 15:48:25)
2,25 , 1,0,9,0,S, 	(30-MAY-2025 15:48:25)
2,25 , 1,0,9,0,S, 	(30-MAY-2025 15:48:25)
2,25 , 1,0,9,0,S, 	(30-MAY-2025 15:48:25)
2,25 , 1,0,9,0,S, 	(30-MAY-2025 15:48:25)
2,25 , 1,0,9,0,S, 	(30-MAY-2025 15:48:25)
2,25 , 1,0,9,0,S, 	(30-MAY-2025 15:48:26)
2,25 , 1,0,9,0,S, 	(30-MAY-2025 15:48:26)
2,25 , 1,0,9,0,S, 	(30-MAY-2025 15:48:26)
2,25 , 1,0,9,0,S, 	(30-MAY-2025 15:48:26)
2,25 , 1,0,9,0,S, 	(30-MAY-2025 15:48:26)
2,25 , 1,0,9,0,S, 	(30-MAY-2025 15:48:26)
2,25 , 1,0,9,0,S, 	(30-MAY-2025 15:48:26)
2,25 , 1,0,9,0,S, 	(30-MAY-2025 15:48:26)
2,25 , 1,0,9,0,S, 	(30-MAY-2025 15:48:26)
2,25 , 1,0,9,0,S, 	(30-MAY-2025 15:48:26)
2,25 , 1,0,9,0,S, 	(30-MAY-2025 15:48:26)
2,25 , 1,0,9,0,S, 	(30-MAY-2025 15:48:26)
2,25 , 1,0,9,0,S, 	(30-MAY-2025 15:48:26)
2,25 , 1,0,9,0,S, 	(30-MAY-2025 15:48:26)
2,25 , 1,0,9,0,S, 	(30-MAY-2025 15:48:26)
2,25 , 1,0,9,0,S, 	(30-MAY-2025 15:48:26)
2,25 , 1,0,9,0,S, 	(30-MAY-2025 15:48:26)
2,25 , 1,0,9,0,S, 	(30-MAY-2025 15:48:26)
2,25 , 1,0,9,0,S, 	(30-MAY-2025 15:48:26)
2,25 , 1,0,9,0,S, 	(30-MAY-2025 15:48:26)
2,25 , 1,0,9,0,S, 	(30-MAY-2025 15:48:26)
2,25 , 1,0,9,0,S, 	(30-MAY-2025 15:48:26)
2,25 , 1,0,9,0,S, 	(30-MAY-2025 15:48:26)
2,25 , 1,0,9,0,S, 	(30-MAY-2025 15:48:26)
2,25 , 1,0,9,0,S, 	(30-MAY-2025 15:48:26)
2,25 , 1,0,9,0,S, 	(30-MAY-2025 15:48:26)
2,25 , 1,0,9,0,S, 	(30-MAY-2025 15:48:26)
2,25 , 1,0,9,0,S, 	(30-MAY-2025 15:48:26)
2,25 , 1,0,9,0,S, 	(30-MAY-2025 15:48:26)
2,25 , 1,0,9,0,S, 	(30-MAY-2025 15:48:26)
2,25 , 1,0,9,0,S, 	(30-MAY-2025 15:48:26)
2,25 , 1,0,9,0,S, 	(30-MAY-2025 15:48:26)
2,25 , 1,0,9,0,S, 	(30-MAY-2025 15:48:26)
2,25 , 1,0,9,0,S, 	(30-MAY-2025 15:48:26)
2,25 , 1,0,9,0,S, 	(30-MAY-2025 15:48:26)
2,25 , 1,0,9,0,S, 	(30-MAY-2025 15:48:26)
2,25 , 1,0,9,0,S, 	(30-MAY-2025 15:48:26)
2,25 , 1,0,9,0,S, 	(30-MAY-2025 15:48:26)
2,25 , 1,0,9,0,S, 	(30-MAY-2025 15:48:26)
2,25 , 1,0,9,0,S, 	(30-MAY-2025 15:48:26)
2,25 , 1,0,9,0,S, 	(30-MAY-2025 15:48:26)
2,25 , 1,0,9,0,S, 	(30-MAY-2025 15:48:26)
2,25 , 1,0,9,0,S, 	(30-MAY-2025 15:48:26)
2,25 , 1,0,9,0,S, 	(30-MAY-2025 15:48:26)
2,25 , 1,0,9,0,S, 	(30-MAY-2025 15:48:26)
2,25 , 1,0,9,0,S, 	(30-MAY-2025 15:48:26)
2,25 , 1,0,9,0,S, 	(30-MAY-2025 15:48:26)
2,25 , 1,0,9,0,S, 	(30-MAY-2025 15:48:26)
2,25 , 1,0,9,0,S, 	(30-MAY-2025 15:48:26)
2,25 , 1,0,9,0,S, 	(30-MAY-2025 15:48:26)
2,25 , 1,0,9,0,S, 	(30-MAY-2025 15:48:26)
2,25 , 1,0,9,0,S, 	(30-MAY-2025 15:48:26)
2,25 , 1,0,9,0,S, 	(30-MAY-2025 15:48:26)
2,25 , 1,0,9,0,S, 	(30-MAY-2025 15:48:26)
2,25 , 1,0,9,0,S, 	(30-MAY-2025 15:48:26)
2,25 , 1,0,9,0,S, 	(30-MAY-2025 15:48:26)
2,25 , 1,0,9,0,S, 	(30-MAY-2025 15:48:26)
2,25 , 1,0,9,0,S, 	(30-MAY-2025 15:48:26)
2,25 , 1,0,9,0,S, 	(30-MAY-2025 15:48:26)
2,25 , 1,0,9,0,S, 	(30-MAY-2025 15:48:26)
2,25 , 1,0,9,0,S, 	(30-MAY-2025 15:48:26)
2,25 , 1,0,9,0,S, 	(30-MAY-2025 15:48:26)
2,25 , 1,0,9,0,S, 	(30-MAY-2025 15:48:26)
2,25 , 1,0,9,0,S, 	(30-MAY-2025 15:48:26)
2,25 , 1,0,9,0,S, 	(30-MAY-2025 15:48:26)
2,25 , 1,0,9,0,S, 	(30-MAY-2025 15:48:26)
2,25 , 1,0,9,0,S, 	(30-MAY-2025 15:48:26)
2,25 , 1,0,9,0,S, 	(30-MAY-2025 15:48:26)
2,25 , 1,0,9,0,S, 	(30-MAY-2025 15:48:26)
2,25 , 1,0,9,0,S, 	(30-MAY-2025 15:48:26)
2,25 , 1,0,9,0,S, 	(30-MAY-2025 15:48:26)
2,25 , 1,0,9,0,S, 	(30-MAY-2025 15:48:26)
2,25 , 1,0,9,0,S, 	(30-MAY-2025 15:48:26)
2,25 , 1,0,9,0,S, 	(30-MAY-2025 15:48:26)
2,25 , 1,0,9,0,S, 	(30-MAY-2025 15:48:26)
2,25 , 1,0,9,0,S, 	(30-MAY-2025 15:48:26)
2,25 , 1,0,9,0,S, 	(30-MAY-2025 15:48:26)
2,25 , 1,0,9,0,S, 	(30-MAY-2025 15:48:26)
2,25 , 1,0,9,0,S, 	(30-MAY-2025 15:48:26)
2,25 , 1,0,9,0,S, 	(30-MAY-2025 15:48:26)
2,25 , 1,0,9,0,S, 	(30-MAY-2025 15:48:26)
2,25 , 1,0,9,0,S, 	(30-MAY-2025 15:48:26)
2,25 , 1,0,9,0,S, 	(30-MAY-2025 15:48:26)
2,25 , 1,0,9,0,S, 	(30-MAY-2025 15:48:26)
2,25 , 1,0,9,0,S, 	(30-MAY-2025 15:48:26)
2,25 , 1,0,9,0,S, 	(30-MAY-2025 15:48:26)
2,25 , 1,0,9,0,S, 	(30-MAY-2025 15:48:26)
2,25 , 1,0,9,0,S, 	(30-MAY-2025 15:48:26)
2,25 , 1,0,9,0,S, 	(30-MAY-2025 15:48:26)
2,25 , 1,0,9,0,S, 	(30-MAY-2025 15:48:26)
2,25 , 1,0,9,0,S, 	(30-MAY-2025 15:48:26)
2,25 , 1,0,9,0,S, 	(30-MAY-2025 15:48:26)
2,25 , 1,0,9,0,S, 	(30-MAY-2025 15:48:26)
2,25 , 1,0,9,0,S, 	(30-MAY-2025 15:48:26)
2,25 , 1,0,9,0,S, 	(30-MAY-2025 15:48:26)
2,25 , 1,0,9,0,S, 	(30-MAY-2025 15:48:26)
2,25 , 1,0,9,0,S, 	(30-MAY-2025 15:48:26)
2,25 , 1,0,9,0,S, 	(30-MAY-2025 15:48:26)
2,25 , 1,0,9,0,S, 	(30-MAY-2025 15:48:26)
2,25 , 1,0,9,0,S, 	(30-MAY-2025 15:48:26)
2,25 , 1,0,9,0,S, 	(30-MAY-2025 15:48:26)
2,25 , 1,0,9,0,S, 	(30-MAY-2025 15:48:26)
2,25 , 1,0,9,0,S, 	(30-MAY-2025 15:48:26)
2,25 , 1,0,9,0,S, 	(30-MAY-2025 15:48:26)
2,25 , 1,0,9,0,S, 	(30-MAY-2025 15:48:26)
2,25 , 1,0,9,0,S, 	(30-MAY-2025 15:48:26)
2,25 , 1,0,9,0,S, 	(30-MAY-2025 15:48:26)
2,25 , 1,0,9,0,S, 	(30-MAY-2025 15:48:26)
2,25 , 1,0,9,0,S, 	(30-MAY-2025 15:48:26)
2,25 , 1,0,9,0,S, 	(30-MAY-2025 15:48:26)
2,25 , 1,0,9,0,S, 	(30-MAY-2025 15:48:26)
2,25 , 1,0,9,0,S, 	(30-MAY-2025 15:48:26)
2,25 , 1,0,9,0,S, 	(30-MAY-2025 15:48:26)
2,25 , 1,0,9,0,S, 	(30-MAY-2025 15:48:26)
2,25 , 1,0,9,0,S, 	(30-MAY-2025 15:48:26)
2,25 , 1,0,9,0,S, 	(30-MAY-2025 15:48:26)
2,25 , 1,0,9,0,S, 	(30-MAY-2025 15:48:26)
2,25 , 1,0,9,0,S, 	(30-MAY-2025 15:48:26)
2,25 , 1,0,9,0,S, 	(30-MAY-2025 15:48:26)
2,25 , 1,0,9,0,S, 	(30-MAY-2025 15:48:26)
2,25 , 1,0,9,0,S, 	(30-MAY-2025 15:48:26)
2,25 , 1,0,9,0,S, 	(30-MAY-2025 15:48:26)
2,25 , 1,0,9,0,S, 	(30-MAY-2025 15:48:26)
2,25 , 1,0,9,0,S, 	(30-MAY-2025 15:48:26)
2,25 , 1,0,9,0,S, 	(30-MAY-2025 15:48:26)
2,25 , 1,0,9,0,S, 	(30-MAY-2025 15:48:26)
2,25 , 1,0,9,0,S, 	(30-MAY-2025 15:48:26)
2,25 , 1,0,9,0,S, 	(30-MAY-2025 15:48:26)
2,25 , 1,0,9,0,S, 	(30-MAY-2025 15:48:26)
2,25 , 1,0,9,0,S, 	(30-MAY-2025 15:48:26)
2,25 , 1,0,9,0,S, 	(30-MAY-2025 15:48:26)
2,25 , 1,0,9,0,S, 	(30-MAY-2025 15:48:26)
2,25 , 1,0,9,0,S, 	(30-MAY-2025 15:48:26)
2,25 , 1,0,9,0,S, 	(30-MAY-2025 15:48:26)
2,25 , 1,0,9,0,S, 	(30-MAY-2025 15:48:26)
2,25 , 1,0,9,0,S, 	(30-MAY-2025 15:48:26)
2,25 , 1,0,9,0,S, 	(30-MAY-2025 15:48:26)
2,25 , 1,0,9,0,S, 	(30-MAY-2025 15:48:26)
2,25 , 1,0,9,0,S, 	(30-MAY-2025 15:48:26)
2,25 , 1,0,9,0,S, 	(30-MAY-2025 15:48:26)
2,25 , 1,0,9,0,S, 	(30-MAY-2025 15:48:26)
2,25 , 1,0,9,0,S, 	(30-MAY-2025 15:48:26)
2,25 , 1,0,9,0,S, 	(30-MAY-2025 15:48:26)
2,25 , 1,0,9,0,S, 	(30-MAY-2025 15:48:26)
2,25 , 1,0,9,0,S, 	(30-MAY-2025 15:48:26)
2,25 , 1,0,9,0,S, 	(30-MAY-2025 15:48:26)
2,25 , 1,0,9,0,S, 	(30-MAY-2025 15:48:26)
2,25 , 1,0,9,0,S, 	(30-MAY-2025 15:48:26)
2,25 , 1,0,9,0,S, 	(30-MAY-2025 15:48:26)
2,25 , 1,0,9,0,S, 	(30-MAY-2025 15:48:26)
2,25 , 1,0,9,0,S, 	(30-MAY-2025 15:48:26)
2,25 , 1,0,9,0,S, 	(30-MAY-2025 15:48:26)
2,25 , 1,0,9,0,S, 	(30-MAY-2025 15:48:26)
2,25 , 1,0,9,0,S, 	(30-MAY-2025 15:48:26)
2,25 , 1,0,9,0,S, 	(30-MAY-2025 15:48:26)
2,25 , 1,0,9,0,S, 	(30-MAY-2025 15:48:26)
2,25 , 1,0,9,0,S, 	(30-MAY-2025 15:48:26)
2,25 , 1,0,9,0,S, 	(30-MAY-2025 15:48:26)
2,25 , 1,0,9,0,S, 	(30-MAY-2025 15:48:26)
2,25 , 1,0,9,0,S, 	(30-MAY-2025 15:48:26)
2,25 , 1,0,9,0,S, 	(30-MAY-2025 15:48:26)
2,25 , 1,0,9,0,S, 	(30-MAY-2025 15:48:26)
2,25 , 1,0,9,0,S, 	(30-MAY-2025 15:48:26)
2,25 , 1,0,9,0,S, 	(30-MAY-2025 15:48:26)
2,25 , 1,0,9,0,S, 	(30-MAY-2025 15:48:26)
2,25 , 1,0,9,0,S, 	(30-MAY-2025 15:48:26)
2,25 , 1,0,9,0,S, 	(30-MAY-2025 15:48:26)
2,25 , 1,0,9,0,S, 	(30-MAY-2025 15:48:26)
2,25 , 1,0,9,0,S, 	(30-MAY-2025 15:48:26)
2,25 , 1,0,9,0,S, 	(30-MAY-2025 15:48:26)
2,25 , 1,0,9,0,S, 	(30-MAY-2025 15:48:26)
2,25 , 1,0,9,0,S, 	(30-MAY-2025 15:48:26)
2,25 , 1,0,9,0,S, 	(30-MAY-2025 15:48:26)
2,25 , 1,0,9,0,S, 	(30-MAY-2025 15:48:26)
2,25 , 1,0,9,0,S, 	(30-MAY-2025 15:48:26)
2,25 , 1,0,9,0,S, 	(30-MAY-2025 15:48:26)
2,25 , 1,0,9,0,S, 	(30-MAY-2025 15:48:26)
2,25 , 1,0,9,0,S, 	(30-MAY-2025 15:48:26)
2,25 , 1,0,9,0,S, 	(30-MAY-2025 15:48:26)
2,25 , 1,0,9,0,S, 	(30-MAY-2025 15:48:26)
2,25 , 1,0,9,0,S, 	(30-MAY-2025 15:48:26)
2,25 , 1,0,9,0,S, 	(30-MAY-2025 15:48:26)
2,25 , 1,0,9,0,S, 	(30-MAY-2025 15:48:26)
2,25 , 1,0,9,0,S, 	(30-MAY-2025 15:48:26)
2,25 , 1,0,9,0,S, 	(30-MAY-2025 15:48:26)
2,25 , 1,0,9,0,S, 	(30-MAY-2025 15:48:26)
2,25 , 1,0,9,0,S, 	(30-MAY-2025 15:48:26)
2,25 , 1,0,9,0,S, 	(30-MAY-2025 15:48:26)
2,25 , 1,0,9,0,S, 	(30-MAY-2025 15:48:26)
2,25 , 1,0,9,0,S, 	(30-MAY-2025 15:48:26)
2,25 , 1,0,9,0,S, 	(30-MAY-2025 15:48:26)
2,25 , 1,0,9,0,S, 	(30-MAY-2025 15:48:26)
2,25 , 1,0,9,0,S, 	(30-MAY-2025 15:48:26)
2,25 , 1,0,9,0,S, 	(30-MAY-2025 15:48:26)
2,25 , 1,0,9,0,S, 	(30-MAY-2025 15:48:26)
2,25 , 1,0,9,0,S, 	(30-MAY-2025 15:48:26)
2,25 , 1,0,9,0,S, 	(30-MAY-2025 15:48:26)
2,25 , 1,0,9,0,S, 	(30-MAY-2025 15:48:26)
2,25 , 1,0,9,0,S, 	(30-MAY-2025 15:48:26)
2,25 , 1,0,9,0,S, 	(30-MAY-2025 15:48:26)
2,25 , 1,0,9,0,S, 	(30-MAY-2025 15:48:26)
2,25 , 1,0,9,0,S, 	(30-MAY-2025 15:48:26)
2,25 , 1,0,9,0,S, 	(30-MAY-2025 15:48:26)
2,25 , 1,0,9,0,S, 	(30-MAY-2025 15:48:26)
2,25 , 1,0,9,0,S, 	(30-MAY-2025 15:48:26)
2,25 , 1,0,9,0,S, 	(30-MAY-2025 15:48:26)
2,25 , 1,0,9,0,S, 	(30-MAY-2025 15:48:26)
2,25 , 1,0,9,0,S, 	(30-MAY-2025 15:48:26)
2,25 , 1,0,9,0,S, 	(30-MAY-2025 15:48:26)
2,25 , 1,0,9,0,S, 	(30-MAY-2025 15:48:26)
2,25 , 1,0,9,0,S, 	(30-MAY-2025 15:48:26)
2,25 , 1,0,10,0,S, 	(30-MAY-2025 15:48:26)
2,25 , 1,0,10,0,S, 	(30-MAY-2025 15:48:26)
2,25 , 1,0,10,0,S, 	(30-MAY-2025 15:48:26)
2,25 , 1,0,10,0,S, 	(30-MAY-2025 15:48:26)
2,25 , 1,0,10,0,S, 	(30-MAY-2025 15:48:26)
2,25 , 1,0,10,0,S, 	(30-MAY-2025 15:48:26)
2,25 , 1,0,10,0,S, 	(30-MAY-2025 15:48:26)
2,25 , 1,0,10,0,S, 	(30-MAY-2025 15:48:26)
2,25 , 1,0,10,0,S, 	(30-MAY-2025 15:48:26)
2,25 , 1,0,10,0,S, 	(30-MAY-2025 15:48:26)
2,25 , 1,0,10,0,S, 	(30-MAY-2025 15:48:26)
2,25 , 1,0,10,0,S, 	(30-MAY-2025 15:48:26)
2,25 , 1,0,10,0,S, 	(30-MAY-2025 15:48:26)
2,25 , 1,0,10,0,S, 	(30-MAY-2025 15:48:26)
2,25 , 1,0,10,0,S, 	(30-MAY-2025 15:48:26)
2,25 , 1,0,10,0,S, 	(30-MAY-2025 15:48:26)
2,25 , 1,0,10,0,S, 	(30-MAY-2025 15:48:26)
2,25 , 1,0,10,0,S, 	(30-MAY-2025 15:48:26)
2,25 , 1,0,10,0,S, 	(30-MAY-2025 15:48:26)
2,25 , 1,0,10,0,S, 	(30-MAY-2025 15:48:26)
2,25 , 1,0,10,0,S, 	(30-MAY-2025 15:48:26)
2,25 , 1,0,10,0,S, 	(30-MAY-2025 15:48:26)
2,25 , 1,0,10,0,S, 	(30-MAY-2025 15:48:26)
2,25 , 1,0,10,0,S, 	(30-MAY-2025 15:48:26)
2,25 , 1,0,10,0,S, 	(30-MAY-2025 15:48:26)
2,25 , 1,0,10,0,S, 	(30-MAY-2025 15:48:26)
2,25 , 1,0,10,0,S, 	(30-MAY-2025 15:48:26)
2,25 , 1,0,10,0,S, 	(30-MAY-2025 15:48:26)
2,25 , 1,0,10,0,S, 	(30-MAY-2025 15:48:26)
2,25 , 1,0,10,0,S, 	(30-MAY-2025 15:48:26)
2,25 , 1,0,11,0,S, 	(30-MAY-2025 15:48:26)
2,25 , 1,0,11,0,S, 	(30-MAY-2025 15:48:26)
2,25 , 1,0,11,0,S, 	(30-MAY-2025 15:48:26)
2,25 , 1,0,11,0,S, 	(30-MAY-2025 15:48:26)
2,25 , 1,0,11,0,S, 	(30-MAY-2025 15:48:26)
2,25 , 1,0,11,0,S, 	(30-MAY-2025 15:48:26)
2,25 , 1,0,11,0,S, 	(30-MAY-2025 15:48:26)
2,25 , 1,0,11,0,S, 	(30-MAY-2025 15:48:26)
2,25 , 1,0,11,0,S, 	(30-MAY-2025 15:48:26)
2,25 , 1,0,11,0,S, 	(30-MAY-2025 15:48:26)
2,25 , 1,0,11,0,S, 	(30-MAY-2025 15:48:26)
2,25 , 1,0,11,0,S, 	(30-MAY-2025 15:48:26)
2,25 , 1,0,11,0,S, 	(30-MAY-2025 15:48:26)
2,25 , 1,0,11,0,S, 	(30-MAY-2025 15:48:26)
2,25 , 1,0,11,0,S, 	(30-MAY-2025 15:48:26)
2,25 , 1,0,7,0,S, 	(30-MAY-2025 15:48:26)
2,25 , 1,0,7,0,S, 	(30-MAY-2025 15:48:26)
2,25 , 1,0,7,0,S, 	(30-MAY-2025 15:48:26)
2,25 , 1,0,7,0,S, 	(30-MAY-2025 15:48:26)
2,25 , 1,0,7,0,S, 	(30-MAY-2025 15:48:26)
2,25 , 1,0,7,0,S, 	(30-MAY-2025 15:48:26)
2,25 , 1,0,7,0,S, 	(30-MAY-2025 15:48:26)
2,25 , 1,0,7,0,S, 	(30-MAY-2025 15:48:26)
2,25 , 1,0,7,0,S, 	(30-MAY-2025 15:48:26)
2,25 , 1,0,7,0,S, 	(30-MAY-2025 15:48:26)
2,25 , 1,0,7,0,S, 	(30-MAY-2025 15:48:26)
2,25 , 1,0,7,0,S, 	(30-MAY-2025 15:48:26)
2,25 , 1,0,7,0,S, 	(30-MAY-2025 15:48:26)
2,25 , 1,0,7,0,S, 	(30-MAY-2025 15:48:26)
2,25 , 1,0,8,0,S, 	(30-MAY-2025 15:48:26)
2,25 , 1,0,8,0,S, 	(30-MAY-2025 15:48:26)
2,25 , 1,0,8,0,S, 	(30-MAY-2025 15:48:26)
2,25 , 1,0,8,0,S, 	(30-MAY-2025 15:48:26)
2,25 , 1,0,8,0,S, 	(30-MAY-2025 15:48:26)
2,25 , 1,0,8,0,S, 	(30-MAY-2025 15:48:26)
2,25 , 1,0,8,0,S, 	(30-MAY-2025 15:48:26)
2,25 , 1,0,8,0,S, 	(30-MAY-2025 15:48:26)
2,25 , 1,0,8,0,S, 	(30-MAY-2025 15:48:26)
2,25 , 1,0,8,0,S, 	(30-MAY-2025 15:48:26)
2,25 , 1,0,8,0,S, 	(30-MAY-2025 15:48:26)
2,25 , 1,0,8,0,S, 	(30-MAY-2025 15:48:26)
2,25 , 1,0,8,0,S, 	(30-MAY-2025 15:48:26)
2,25 , 1,0,8,0,S, 	(30-MAY-2025 15:48:26)
2,25 , 1,0,8,0,S, 	(30-MAY-2025 15:48:26)
2,25 , 1,0,8,0,S, 	(30-MAY-2025 15:48:26)
2,25 , 1,0,8,0,S, 	(30-MAY-2025 15:48:26)
2,25 , 1,0,8,0,S, 	(30-MAY-2025 15:48:26)
2,25 , 1,0,8,0,S, 	(30-MAY-2025 15:48:26)
2,25 , 1,0,8,0,S, 	(30-MAY-2025 15:48:26)
2,25 , 1,0,8,0,S, 	(30-MAY-2025 15:48:26)
2,25 , 1,0,8,0,S, 	(30-MAY-2025 15:48:26)
2,25 , 1,0,8,0,S, 	(30-MAY-2025 15:48:26)
2,25 , 1,0,8,0,S, 	(30-MAY-2025 15:48:26)
2,25 , 1,0,8,0,S, 	(30-MAY-2025 15:48:26)
2,25 , 1,0,8,0,S, 	(30-MAY-2025 15:48:26)
2,25 , 1,0,8,0,S, 	(30-MAY-2025 15:48:26)
2,25 , 1,0,8,0,S, 	(30-MAY-2025 15:48:26)
2,25 , 1,0,8,0,S, 	(30-MAY-2025 15:48:26)
2,25 , 1,0,8,0,S, 	(30-MAY-2025 15:48:26)
2,25 , 1,0,8,0,S, 	(30-MAY-2025 15:48:26)
2,25 , 1,0,8,0,S, 	(30-MAY-2025 15:48:26)
2,25 , 1,0,8,0,S, 	(30-MAY-2025 15:48:26)
2,25 , 1,0,8,0,S, 	(30-MAY-2025 15:48:26)
2,25 , 1,0,8,0,S, 	(30-MAY-2025 15:48:26)
2,25 , 1,0,8,0,S, 	(30-MAY-2025 15:48:26)
2,25 , 1,0,8,0,S, 	(30-MAY-2025 15:48:26)
2,25 , 1,0,8,0,S, 	(30-MAY-2025 15:48:26)
2,25 , 1,0,8,0,S, 	(30-MAY-2025 15:48:26)
2,25 , 1,0,8,0,S, 	(30-MAY-2025 15:48:26)
2,25 , 1,0,8,0,S, 	(30-MAY-2025 15:48:26)
2,25 , 1,0,8,0,S, 	(30-MAY-2025 15:48:26)
2,25 , 1,0,8,0,S, 	(30-MAY-2025 15:48:26)
2,25 , 1,0,8,0,S, 	(30-MAY-2025 15:48:26)
2,25 , 1,0,8,0,S, 	(30-MAY-2025 15:48:26)
2,25 , 1,0,8,0,S, 	(30-MAY-2025 15:48:26)
2,25 , 1,0,8,0,S, 	(30-MAY-2025 15:48:26)
2,25 , 1,0,8,0,S, 	(30-MAY-2025 15:48:26)
2,25 , 1,0,8,0,S, 	(30-MAY-2025 15:48:26)
2,25 , 1,0,8,0,S, 	(30-MAY-2025 15:48:26)
2,25 , 1,0,8,0,S, 	(30-MAY-2025 15:48:26)
2,25 , 1,0,8,0,S, 	(30-MAY-2025 15:48:26)
2,25 , 1,0,8,0,S, 	(30-MAY-2025 15:48:26)
2,25 , 1,0,8,0,S, 	(30-MAY-2025 15:48:26)
2,25 , 1,0,8,0,S, 	(30-MAY-2025 15:48:26)
2,25 , 1,0,8,0,S, 	(30-MAY-2025 15:48:26)
2,25 , 1,0,8,0,S, 	(30-MAY-2025 15:48:26)
2,25 , 1,0,8,0,S, 	(30-MAY-2025 15:48:26)
2,25 , 1,0,8,0,S, 	(30-MAY-2025 15:48:26)
2,25 , 1,0,8,0,S, 	(30-MAY-2025 15:48:26)
2,25 , 1,0,8,0,S, 	(30-MAY-2025 15:48:26)
2,25 , 1,0,8,0,S, 	(30-MAY-2025 15:48:26)
2,25 , 1,0,8,0,S, 	(30-MAY-2025 15:48:26)
2,25 , 1,0,8,0,S, 	(30-MAY-2025 15:48:26)
2,25 , 1,0,8,0,S, 	(30-MAY-2025 15:48:26)
2,25 , 1,0,8,0,S, 	(30-MAY-2025 15:48:26)
2,25 , 1,0,8,0,S, 	(30-MAY-2025 15:48:26)
2,25 , 1,0,8,0,S, 	(30-MAY-2025 15:48:26)
2,25 , 1,0,8,0,S, 	(30-MAY-2025 15:48:26)
2,25 , 1,0,8,0,S, 	(30-MAY-2025 15:48:26)
2,25 , 1,0,8,0,S, 	(30-MAY-2025 15:48:26)
2,25 , 1,0,8,0,S, 	(30-MAY-2025 15:48:26)
2,25 , 1,0,8,0,S, 	(30-MAY-2025 15:48:26)
2,25 , 1,0,8,0,S, 	(30-MAY-2025 15:48:26)
2,25 , 1,0,8,0,S, 	(30-MAY-2025 15:48:26)
2,25 , 1,0,8,0,S, 	(30-MAY-2025 15:48:26)
2,25 , 1,0,8,0,S, 	(30-MAY-2025 15:48:26)
2,25 , 1,0,8,0,S, 	(30-MAY-2025 15:48:26)
2,25 , 1,0,8,0,S, 	(30-MAY-2025 15:48:26)
2,25 , 1,0,8,0,S, 	(30-MAY-2025 15:48:26)
2,25 , 1,0,8,0,S, 	(30-MAY-2025 15:48:26)
2,25 , 1,0,8,0,S, 	(30-MAY-2025 15:48:26)
2,25 , 1,0,8,0,S, 	(30-MAY-2025 15:48:26)
2,25 , 1,0,8,0,S, 	(30-MAY-2025 15:48:26)
2,25 , 1,0,8,0,S, 	(30-MAY-2025 15:48:26)
2,25 , 1,0,8,0,S, 	(30-MAY-2025 15:48:26)
2,25 , 1,0,8,0,S, 	(30-MAY-2025 15:48:26)
2,25 , 1,0,8,0,S, 	(30-MAY-2025 15:48:26)
2,25 , 1,0,8,0,S, 	(30-MAY-2025 15:48:26)
2,25 , 1,0,8,0,S, 	(30-MAY-2025 15:48:26)
2,25 , 1,0,8,0,S, 	(30-MAY-2025 15:48:26)
2,25 , 1,0,8,0,S, 	(30-MAY-2025 15:48:26)
2,25 , 1,0,8,0,S, 	(30-MAY-2025 15:48:26)
2,25 , 1,0,8,0,S, 	(30-MAY-2025 15:48:26)
2,25 , 1,0,8,0,S, 	(30-MAY-2025 15:48:26)
2,25 , 1,0,8,0,S, 	(30-MAY-2025 15:48:26)
2,25 , 1,0,8,0,S, 	(30-MAY-2025 15:48:26)
2,25 , 1,0,8,0,S, 	(30-MAY-2025 15:48:26)
2,25 , 1,0,8,0,S, 	(30-MAY-2025 15:48:26)
2,25 , 1,0,8,0,S, 	(30-MAY-2025 15:48:26)
2,25 , 1,0,8,0,S, 	(30-MAY-2025 15:48:26)
2,25 , 1,0,8,0,S, 	(30-MAY-2025 15:48:26)
2,25 , 1,0,8,0,S, 	(30-MAY-2025 15:48:26)
2,25 , 1,0,8,0,S, 	(30-MAY-2025 15:48:26)
2,25 , 1,0,8,0,S, 	(30-MAY-2025 15:48:26)
2,25 , 1,0,8,0,S, 	(30-MAY-2025 15:48:26)
2,25 , 1,0,8,0,S, 	(30-MAY-2025 15:48:26)
2,25 , 1,0,8,0,S, 	(30-MAY-2025 15:48:26)
2,25 , 1,0,8,0,S, 	(30-MAY-2025 15:48:26)
2,25 , 1,0,8,0,S, 	(30-MAY-2025 15:48:26)
2,25 , 1,0,8,0,S, 	(30-MAY-2025 15:48:26)
2,25 , 1,0,8,0,S, 	(30-MAY-2025 15:48:26)
2,25 , 1,0,8,0,S, 	(30-MAY-2025 15:48:26)
2,25 , 1,0,8,0,S, 	(30-MAY-2025 15:48:26)
2,25 , 1,0,8,0,S, 	(30-MAY-2025 15:48:26)
2,25 , 1,0,8,0,S, 	(30-MAY-2025 15:48:26)
2,25 , 1,0,8,0,S, 	(30-MAY-2025 15:48:26)
2,25 , 1,0,8,0,S, 	(30-MAY-2025 15:48:26)
2,25 , 1,0,8,0,S, 	(30-MAY-2025 15:48:26)
2,25 , 1,0,8,0,S, 	(30-MAY-2025 15:48:26)
2,25 , 1,0,8,0,S, 	(30-MAY-2025 15:48:26)
2,25 , 1,0,8,0,S, 	(30-MAY-2025 15:48:26)
2,25 , 1,0,8,0,S, 	(30-MAY-2025 15:48:26)
2,25 , 1,0,8,0,S, 	(30-MAY-2025 15:48:26)
2,25 , 1,0,8,0,S, 	(30-MAY-2025 15:48:26)
2,25 , 1,0,8,0,S, 	(30-MAY-2025 15:48:26)
2,25 , 1,0,8,0,S, 	(30-MAY-2025 15:48:26)
2,25 , 1,0,8,0,S, 	(30-MAY-2025 15:48:26)
2,25 , 1,0,8,0,S, 	(30-MAY-2025 15:48:26)
2,25 , 1,0,8,0,S, 	(30-MAY-2025 15:48:26)
2,25 , 1,0,8,0,S, 	(30-MAY-2025 15:48:26)
2,25 , 1,0,8,0,S, 	(30-MAY-2025 15:48:26)
2,25 , 1,0,8,0,S, 	(30-MAY-2025 15:48:26)
2,25 , 1,0,8,0,S, 	(30-MAY-2025 15:48:26)
2,25 , 1,0,8,0,S, 	(30-MAY-2025 15:48:26)
2,25 , 1,0,8,0,S, 	(30-MAY-2025 15:48:26)
2,25 , 1,0,8,0,S, 	(30-MAY-2025 15:48:26)
2,25 , 1,0,8,0,S, 	(30-MAY-2025 15:48:26)
2,25 , 1,0,8,0,S, 	(30-MAY-2025 15:48:26)
2,25 , 1,0,8,0,S, 	(30-MAY-2025 15:48:26)
2,25 , 1,0,8,0,S, 	(30-MAY-2025 15:48:26)
2,25 , 1,0,8,0,S, 	(30-MAY-2025 15:48:26)
2,25 , 1,0,8,0,S, 	(30-MAY-2025 15:48:26)
2,25 , 1,0,8,0,S, 	(30-MAY-2025 15:48:26)
2,25 , 1,0,8,0,S, 	(30-MAY-2025 15:48:26)
2,25 , 1,0,8,0,S, 	(30-MAY-2025 15:48:26)
2,25 , 1,0,8,0,S, 	(30-MAY-2025 15:48:26)
2,25 , 1,0,8,0,S, 	(30-MAY-2025 15:48:26)
2,25 , 1,0,8,0,S, 	(30-MAY-2025 15:48:26)
2,25 , 1,0,8,0,S, 	(30-MAY-2025 15:48:26)
2,25 , 1,0,8,0,S, 	(30-MAY-2025 15:48:26)
2,25 , 1,0,8,0,S, 	(30-MAY-2025 15:48:26)
2,25 , 1,0,8,0,S, 	(30-MAY-2025 15:48:26)
2,25 , 1,0,8,0,S, 	(30-MAY-2025 15:48:26)
2,25 , 1,0,8,0,S, 	(30-MAY-2025 15:48:26)
2,25 , 1,0,8,0,S, 	(30-MAY-2025 15:48:26)
2,25 , 1,0,8,0,S, 	(30-MAY-2025 15:48:26)
2,25 , 1,0,8,0,S, 	(30-MAY-2025 15:48:26)
2,25 , 1,0,8,0,S, 	(30-MAY-2025 15:48:26)
2,25 , 1,0,8,0,S, 	(30-MAY-2025 15:48:26)
2,25 , 1,0,8,0,S, 	(30-MAY-2025 15:48:26)
2,25 , 1,0,8,0,S, 	(30-MAY-2025 15:48:26)
2,25 , 1,0,8,0,S, 	(30-MAY-2025 15:48:26)
2,25 , 1,0,8,0,S, 	(30-MAY-2025 15:48:26)
2,25 , 1,0,8,0,S, 	(30-MAY-2025 15:48:26)
2,25 , 1,0,8,0,S, 	(30-MAY-2025 15:48:26)
2,25 , 1,0,8,0,S, 	(30-MAY-2025 15:48:26)
2,25 , 1,0,8,0,S, 	(30-MAY-2025 15:48:26)
2,25 , 1,0,8,0,S, 	(30-MAY-2025 15:48:26)
2,25 , 1,0,8,0,S, 	(30-MAY-2025 15:48:26)
2,25 , 1,0,8,0,S, 	(30-MAY-2025 15:48:26)
2,25 , 1,0,8,0,S, 	(30-MAY-2025 15:48:26)
2,25 , 1,0,8,0,S, 	(30-MAY-2025 15:48:26)
2,25 , 1,0,8,0,S, 	(30-MAY-2025 15:48:26)
2,25 , 1,0,8,0,S, 	(30-MAY-2025 15:48:26)
2,25 , 1,0,8,0,S, 	(30-MAY-2025 15:48:26)
2,25 , 1,0,8,0,S, 	(30-MAY-2025 15:48:26)
2,25 , 1,0,8,0,S, 	(30-MAY-2025 15:48:26)
2,25 , 1,0,8,0,S, 	(30-MAY-2025 15:48:26)
2,25 , 1,0,8,0,S, 	(30-MAY-2025 15:48:26)
2,25 , 1,0,8,0,S, 	(30-MAY-2025 15:48:26)
2,25 , 1,0,8,0,S, 	(30-MAY-2025 15:48:26)
2,25 , 1,0,8,0,S, 	(30-MAY-2025 15:48:26)
2,25 , 1,0,8,0,S, 	(30-MAY-2025 15:48:26)
2,25 , 1,0,8,0,S, 	(30-MAY-2025 15:48:26)
2,25 , 1,0,8,0,S, 	(30-MAY-2025 15:48:26)
2,25 , 1,0,8,0,S, 	(30-MAY-2025 15:48:26)
2,25 , 1,0,8,0,S, 	(30-MAY-2025 15:48:26)
2,25 , 1,0,8,0,S, 	(30-MAY-2025 15:48:26)
2,25 , 1,0,8,0,S, 	(30-MAY-2025 15:48:26)
2,25 , 1,0,8,0,S, 	(30-MAY-2025 15:48:26)
2,25 , 1,0,8,0,S, 	(30-MAY-2025 15:48:26)
2,25 , 1,0,8,0,S, 	(30-MAY-2025 15:48:26)
2,25 , 1,0,8,0,S, 	(30-MAY-2025 15:48:26)
2,25 , 1,0,8,0,S, 	(30-MAY-2025 15:48:26)
2,25 , 1,0,8,0,S, 	(30-MAY-2025 15:48:26)
2,25 , 1,0,8,0,S, 	(30-MAY-2025 15:48:26)
2,25 , 1,0,8,0,S, 	(30-MAY-2025 15:48:26)
2,25 , 1,0,8,0,S, 	(30-MAY-2025 15:48:26)
2,25 , 1,0,8,0,S, 	(30-MAY-2025 15:48:26)
2,25 , 1,0,8,0,S, 	(30-MAY-2025 15:48:26)
2,25 , 1,0,8,0,S, 	(30-MAY-2025 15:48:26)
2,25 , 1,0,8,0,S, 	(30-MAY-2025 15:48:26)
2,25 , 1,0,8,0,S, 	(30-MAY-2025 15:48:26)
2,25 , 1,0,8,0,S, 	(30-MAY-2025 15:48:26)
2,25 , 1,0,8,0,S, 	(30-MAY-2025 15:48:26)
2,25 , 1,0,8,0,S, 	(30-MAY-2025 15:48:26)
2,25 , 1,0,8,0,S, 	(30-MAY-2025 15:48:26)
2,25 , 1,0,8,0,S, 	(30-MAY-2025 15:48:26)
2,25 , 1,0,8,0,S, 	(30-MAY-2025 15:48:26)
2,25 , 1,0,8,0,S, 	(30-MAY-2025 15:48:26)
2,25 , 1,0,8,0,S, 	(30-MAY-2025 15:48:26)
2,25 , 1,0,8,0,S, 	(30-MAY-2025 15:48:26)
2,25 , 1,0,8,0,S, 	(30-MAY-2025 15:48:26)
2,25 , 1,0,8,0,S, 	(30-MAY-2025 15:48:26)
2,25 , 1,0,8,0,S, 	(30-MAY-2025 15:48:26)
2,25 , 1,0,8,0,S, 	(30-MAY-2025 15:48:26)
2,25 , 1,0,8,0,S, 	(30-MAY-2025 15:48:26)
2,25 , 1,0,8,0,S, 	(30-MAY-2025 15:48:26)
2,25 , 1,0,8,0,S, 	(30-MAY-2025 15:48:26)
2,25 , 1,0,8,0,S, 	(30-MAY-2025 15:48:26)
2,25 , 1,0,8,0,S, 	(30-MAY-2025 15:48:26)
2,25 , 1,0,8,0,S, 	(30-MAY-2025 15:48:26)
2,25 , 1,0,8,0,S, 	(30-MAY-2025 15:48:26)
2,25 , 1,0,8,0,S, 	(30-MAY-2025 15:48:26)
2,25 , 1,0,8,0,S, 	(30-MAY-2025 15:48:26)
2,25 , 1,0,8,0,S, 	(30-MAY-2025 15:48:26)
2,25 , 1,0,8,0,S, 	(30-MAY-2025 15:48:26)
2,25 , 1,0,8,0,S, 	(30-MAY-2025 15:48:26)
2,25 , 1,0,8,0,S, 	(30-MAY-2025 15:48:26)
2,25 , 1,0,8,0,S, 	(30-MAY-2025 15:48:26)
2,25 , 1,0,8,0,S, 	(30-MAY-2025 15:48:26)
2,25 , 1,0,8,0,S, 	(30-MAY-2025 15:48:26)
2,25 , 1,0,8,0,S, 	(30-MAY-2025 15:48:26)
2,25 , 1,0,8,0,S, 	(30-MAY-2025 15:48:26)
2,25 , 1,0,8,0,S, 	(30-MAY-2025 15:48:26)
2,25 , 1,0,8,0,S, 	(30-MAY-2025 15:48:26)
2,25 , 1,0,8,0,S, 	(30-MAY-2025 15:48:26)
2,25 , 1,0,8,0,S, 	(30-MAY-2025 15:48:26)
2,25 , 1,0,8,0,S, 	(30-MAY-2025 15:48:26)
2,25 , 1,0,8,0,S, 	(30-MAY-2025 15:48:26)
2,25 , 1,0,8,0,S, 	(30-MAY-2025 15:48:26)
2,25 , 1,0,8,0,S, 	(30-MAY-2025 15:48:26)
2,25 , 1,0,8,0,S, 	(30-MAY-2025 15:48:26)
2,25 , 1,0,8,0,S, 	(30-MAY-2025 15:48:26)
2,25 , 1,0,8,0,S, 	(30-MAY-2025 15:48:26)
2,25 , 1,0,8,0,S, 	(30-MAY-2025 15:48:26)
2,25 , 1,0,8,0,S, 	(30-MAY-2025 15:48:26)
2,25 , 1,0,8,0,S, 	(30-MAY-2025 15:48:26)
2,25 , 1,0,8,0,S, 	(30-MAY-2025 15:48:26)
2,25 , 1,0,8,0,S, 	(30-MAY-2025 15:48:26)
2,25 , 1,0,8,0,S, 	(30-MAY-2025 15:48:26)
2,25 , 1,0,8,0,S, 	(30-MAY-2025 15:48:26)
2,25 , 1,0,8,0,S, 	(30-MAY-2025 15:48:26)
2,25 , 1,0,8,0,S, 	(30-MAY-2025 15:48:26)
2,25 , 1,0,8,0,S, 	(30-MAY-2025 15:48:26)
2,25 , 1,0,8,0,S, 	(30-MAY-2025 15:48:26)
2,25 , 1,0,8,0,S, 	(30-MAY-2025 15:48:26)
2,25 , 0,0,125004,0,X, 	(30-MAY-2025 15:48:26)
2,25 , 0,0,125004,0,X, 	(30-MAY-2025 15:48:26)
2,25 , 0,0,125004,0,X, 	(30-MAY-2025 15:48:26)
2,25 , 0,0,125004,0,X, 	(30-MAY-2025 15:48:26)
2,25 , 0,0,125004,0,X, 	(30-MAY-2025 15:48:26)
2,25 , 0,0,125004,0,X, 	(30-MAY-2025 15:48:26)
2,25 , 0,0,125004,0,X, 	(30-MAY-2025 15:48:26)
2,25 , 0,0,125005,2,X, 	(30-MAY-2025 15:48:26)
2,25 , 0,0,125005,2,X, 	(30-MAY-2025 15:48:26)
2,25 , 0,0,125005,2,X, 	(30-MAY-2025 15:48:26)
2,25 , 0,0,125005,2,X, 	(30-MAY-2025 15:48:26)
2,25 , 0,0,125005,2,X, 	(30-MAY-2025 15:48:26)
2,25 , 0,0,125005,2,X, 	(30-MAY-2025 15:48:26)
2,25 , 0,0,125005,2,X, 	(30-MAY-2025 15:48:26)
2,26 , 0,0,220013,0,L, 	(30-MAY-2025 15:48:26)
2,26 , 0,0,220013,0,L, 	(30-MAY-2025 15:48:26)
2,26 , 0,0,220013,0,L, 	(30-MAY-2025 15:48:26)
2,26 , 0,0,220013,0,L, 	(30-MAY-2025 15:48:26)
2,26 , 0,0,220013,0,L, 	(30-MAY-2025 15:48:26)
2,26 , 0,0,220013,0,L, 	(30-MAY-2025 15:48:26)
2,26 , 0,0,220013,0,L, 	(30-MAY-2025 15:48:26)
2,26 , 0,0,220013,0,L, 	(30-MAY-2025 15:48:26)
2,26 , 0,0,220013,0,L, 	(30-MAY-2025 15:48:26)
2,26 , 0,0,220013,0,L, 	(30-MAY-2025 15:48:26)
2,26 , 0,0,220013,0,L, 	(30-MAY-2025 15:48:26)
2,26 , 0,0,220013,0,L, 	(30-MAY-2025 15:48:26)
2,26 , 0,0,220013,0,L, 	(30-MAY-2025 15:48:26)
2,26 , 0,0,220013,0,L, 	(30-MAY-2025 15:48:26)
2,26 , 0,0,220013,0,L, 	(30-MAY-2025 15:48:26)
2,26 , 0,0,220013,0,L, 	(30-MAY-2025 15:48:26)
2,26 , 0,0,220013,0,L, 	(30-MAY-2025 15:48:26)
2,26 , 0,0,220013,0,L, 	(30-MAY-2025 15:48:26)
2,26 , 0,0,220013,0,L, 	(30-MAY-2025 15:48:26)
2,26 , 0,0,220013,0,L, 	(30-MAY-2025 15:48:26)
2,26 , 0,0,220013,0,L, 	(30-MAY-2025 15:48:26)
2,26 , 0,0,220013,0,L, 	(30-MAY-2025 15:48:26)
2,26 , 0,0,220013,0,L, 	(30-MAY-2025 15:48:26)
2,26 , 0,0,220013,0,L, 	(30-MAY-2025 15:48:26)
2,26 , 0,0,220013,0,L, 	(30-MAY-2025 15:48:26)
2,26 , 0,0,220013,0,L, 	(30-MAY-2025 15:48:26)
2,26 , 0,0,220013,0,L, 	(30-MAY-2025 15:48:26)
2,26 , 0,0,220013,0,L, 	(30-MAY-2025 15:48:26)
2,26 , 0,0,220013,0,L, 	(30-MAY-2025 15:48:26)
2,26 , 0,0,220013,0,L, 	(30-MAY-2025 15:48:26)
2,26 , 0,0,220013,0,L, 	(30-MAY-2025 15:48:26)
2,26 , 0,0,220014,0,L, 	(30-MAY-2025 15:48:26)
2,26 , 0,0,220014,0,L, 	(30-MAY-2025 15:48:26)
2,26 , 0,0,220014,0,L, 	(30-MAY-2025 15:48:26)
2,26 , 0,0,220014,0,L, 	(30-MAY-2025 15:48:26)
2,26 , 0,0,220014,0,L, 	(30-MAY-2025 15:48:26)
2,26 , 0,0,220014,0,L, 	(30-MAY-2025 15:48:26)
2,26 , 0,0,220014,0,L, 	(30-MAY-2025 15:48:26)
2,26 , 0,0,220014,0,L, 	(30-MAY-2025 15:48:26)
2,26 , 0,0,220014,0,L, 	(30-MAY-2025 15:48:26)
2,26 , 0,0,220014,0,L, 	(30-MAY-2025 15:48:26)
2,26 , 0,0,220014,0,L, 	(30-MAY-2025 15:48:26)
2,26 , 0,0,220014,0,L, 	(30-MAY-2025 15:48:26)
2,26 , 0,0,220014,0,L, 	(30-MAY-2025 15:48:26)
2,26 , 0,0,220014,0,L, 	(30-MAY-2025 15:48:26)
2,26 , 0,0,220014,0,L, 	(30-MAY-2025 15:48:26)
2,26 , 0,0,220014,0,L, 	(30-MAY-2025 15:48:26)
2,26 , 0,0,220014,0,L, 	(30-MAY-2025 15:48:26)
2,26 , 0,0,220014,0,L, 	(30-MAY-2025 15:48:26)
2,26 , 0,0,220014,0,L, 	(30-MAY-2025 15:48:26)
2,26 , 0,0,220014,0,L, 	(30-MAY-2025 15:48:26)
2,26 , 0,0,220014,0,L, 	(30-MAY-2025 15:48:26)
2,26 , 0,0,220014,0,L, 	(30-MAY-2025 15:48:26)
2,26 , 0,0,220014,0,L, 	(30-MAY-2025 15:48:26)
2,26 , 0,0,220014,0,L, 	(30-MAY-2025 15:48:26)
2,26 , 0,0,220014,0,L, 	(30-MAY-2025 15:48:26)
2,26 , 0,0,220014,0,L, 	(30-MAY-2025 15:48:26)
2,26 , 0,0,220014,0,L, 	(30-MAY-2025 15:48:26)
2,26 , 0,0,220014,0,L, 	(30-MAY-2025 15:48:26)
2,26 , 0,0,220014,0,L, 	(30-MAY-2025 15:48:26)
2,26 , 0,0,220014,0,L, 	(30-MAY-2025 15:48:26)
2,26 , 0,0,220014,0,L, 	(30-MAY-2025 15:48:26)
2,26 , 0,0,220015,0,L, 	(30-MAY-2025 15:48:26)
2,26 , 0,0,220015,0,L, 	(30-MAY-2025 15:48:26)
2,26 , 0,0,220015,0,L, 	(30-MAY-2025 15:48:26)
2,26 , 0,0,220015,0,L, 	(30-MAY-2025 15:48:26)
2,26 , 0,0,220015,0,L, 	(30-MAY-2025 15:48:26)
2,26 , 0,0,220015,0,L, 	(30-MAY-2025 15:48:26)
2,26 , 0,0,220015,0,L, 	(30-MAY-2025 15:48:26)
2,26 , 0,0,220015,0,L, 	(30-MAY-2025 15:48:26)
2,26 , 0,0,220015,0,L, 	(30-MAY-2025 15:48:26)
2,26 , 0,0,220015,0,L, 	(30-MAY-2025 15:48:26)
2,26 , 0,0,220015,0,L, 	(30-MAY-2025 15:48:26)
2,26 , 0,0,220015,0,L, 	(30-MAY-2025 15:48:26)
2,26 , 0,0,220015,0,L, 	(30-MAY-2025 15:48:26)
2,26 , 0,0,220015,0,L, 	(30-MAY-2025 15:48:26)
2,26 , 0,0,220015,0,L, 	(30-MAY-2025 15:48:26)
2,26 , 0,0,220016,0,L, 	(30-MAY-2025 15:48:26)
2,26 , 0,0,220016,0,L, 	(30-MAY-2025 15:48:26)
2,26 , 0,0,220016,0,L, 	(30-MAY-2025 15:48:26)
2,26 , 0,0,220016,0,L, 	(30-MAY-2025 15:48:26)
2,26 , 0,0,220016,0,L, 	(30-MAY-2025 15:48:27)
2,26 , 0,0,220016,0,L, 	(30-MAY-2025 15:48:27)
2,26 , 0,0,220016,0,L, 	(30-MAY-2025 15:48:27)
2,26 , 0,0,220016,0,L, 	(30-MAY-2025 15:48:27)
2,26 , 0,0,220016,0,L, 	(30-MAY-2025 15:48:27)
2,26 , 0,0,220016,0,L, 	(30-MAY-2025 15:48:27)
2,26 , 0,0,220016,0,L, 	(30-MAY-2025 15:48:27)
2,26 , 0,0,220016,0,L, 	(30-MAY-2025 15:48:27)
2,26 , 0,0,220016,0,L, 	(30-MAY-2025 15:48:27)
2,26 , 0,0,220016,0,L, 	(30-MAY-2025 15:48:27)
2,26 , 0,0,220016,0,L, 	(30-MAY-2025 15:48:27)
2,26 , 0,0,220016,1,L, 	(30-MAY-2025 15:48:27)
2,26 , 0,0,220016,1,L, 	(30-MAY-2025 15:48:27)
2,26 , 0,0,220016,1,L, 	(30-MAY-2025 15:48:27)
2,26 , 0,0,220016,1,L, 	(30-MAY-2025 15:48:27)
2,26 , 0,0,220016,1,L, 	(30-MAY-2025 15:48:27)
2,26 , 0,0,220016,1,L, 	(30-MAY-2025 15:48:27)
2,26 , 0,0,220016,1,L, 	(30-MAY-2025 15:48:27)
2,26 , 0,0,220016,1,L, 	(30-MAY-2025 15:48:27)
2,26 , 0,0,220016,1,L, 	(30-MAY-2025 15:48:27)
2,26 , 0,0,220016,1,L, 	(30-MAY-2025 15:48:27)
2,26 , 0,0,220016,1,L, 	(30-MAY-2025 15:48:27)
2,26 , 0,0,220016,1,L, 	(30-MAY-2025 15:48:27)
2,26 , 0,0,220016,1,L, 	(30-MAY-2025 15:48:27)
2,26 , 0,0,220016,1,L, 	(30-MAY-2025 15:48:27)
2,26 , 0,0,220016,1,L, 	(30-MAY-2025 15:48:27)
2,26 , 0,0,220017,0,L, 	(30-MAY-2025 15:48:27)
2,26 , 0,0,220017,0,L, 	(30-MAY-2025 15:48:27)
2,26 , 0,0,220017,0,L, 	(30-MAY-2025 15:48:27)
2,26 , 0,0,220017,0,L, 	(30-MAY-2025 15:48:27)
2,26 , 0,0,220017,0,L, 	(30-MAY-2025 15:48:27)
2,26 , 0,0,220017,0,L, 	(30-MAY-2025 15:48:27)
2,26 , 0,0,220017,0,L, 	(30-MAY-2025 15:48:27)
2,26 , 0,0,220017,0,L, 	(30-MAY-2025 15:48:27)
2,26 , 0,0,220017,0,L, 	(30-MAY-2025 15:48:27)
2,26 , 0,0,220017,0,L, 	(30-MAY-2025 15:48:27)
2,26 , 0,0,220017,0,L, 	(30-MAY-2025 15:48:27)
2,26 , 0,0,220017,0,L, 	(30-MAY-2025 15:48:27)
2,26 , 0,0,220017,0,L, 	(30-MAY-2025 15:48:27)
2,26 , 0,0,220017,0,L, 	(30-MAY-2025 15:48:27)
2,26 , 0,0,220017,0,L, 	(30-MAY-2025 15:48:27)
2,26 , 0,0,220017,0,L, 	(30-MAY-2025 15:48:27)
2,26 , 0,0,220017,0,L, 	(30-MAY-2025 15:48:27)
2,26 , 0,0,220017,0,L, 	(30-MAY-2025 15:48:27)
2,26 , 0,0,220017,0,L, 	(30-MAY-2025 15:48:27)
2,26 , 0,0,220017,0,L, 	(30-MAY-2025 15:48:27)
2,26 , 0,0,220017,0,L, 	(30-MAY-2025 15:48:27)
2,26 , 0,0,220017,0,L, 	(30-MAY-2025 15:48:27)
2,26 , 0,0,220017,0,L, 	(30-MAY-2025 15:48:27)
2,26 , 0,0,220017,0,L, 	(30-MAY-2025 15:48:27)
2,26 , 0,0,220017,0,L, 	(30-MAY-2025 15:48:27)
2,26 , 0,0,220017,0,L, 	(30-MAY-2025 15:48:27)
2,26 , 0,0,220017,0,L, 	(30-MAY-2025 15:48:27)
2,26 , 0,0,220017,0,L, 	(30-MAY-2025 15:48:27)
2,26 , 0,0,220017,0,L, 	(30-MAY-2025 15:48:27)
2,26 , 0,0,220015,1,L, 	(30-MAY-2025 15:48:27)
2,26 , 0,0,220015,1,L, 	(30-MAY-2025 15:48:27)
2,26 , 0,0,220015,1,L, 	(30-MAY-2025 15:48:27)
2,26 , 0,0,220015,1,L, 	(30-MAY-2025 15:48:27)
2,26 , 0,0,220015,1,L, 	(30-MAY-2025 15:48:27)
2,26 , 0,0,220015,1,L, 	(30-MAY-2025 15:48:27)
2,26 , 0,0,220015,1,L, 	(30-MAY-2025 15:48:27)
2,26 , 0,0,220015,1,L, 	(30-MAY-2025 15:48:27)
2,26 , 0,0,220015,1,L, 	(30-MAY-2025 15:48:27)
2,26 , 0,0,220015,1,L, 	(30-MAY-2025 15:48:27)
2,26 , 0,0,220015,1,L, 	(30-MAY-2025 15:48:27)
2,26 , 0,0,220015,1,L, 	(30-MAY-2025 15:48:27)
2,26 , 0,0,220015,1,L, 	(30-MAY-2025 15:48:27)
2,26 , 0,0,220015,1,L, 	(30-MAY-2025 15:48:27)
2,26 , 0,0,220015,1,L, 	(30-MAY-2025 15:48:27)
2,26 , 0,0,220018,0,L, 	(30-MAY-2025 15:48:27)
2,26 , 0,0,220018,0,L, 	(30-MAY-2025 15:48:27)
2,26 , 0,0,220018,0,L, 	(30-MAY-2025 15:48:27)
2,26 , 0,0,220018,0,L, 	(30-MAY-2025 15:48:27)
2,26 , 0,0,220018,0,L, 	(30-MAY-2025 15:48:27)
2,26 , 0,0,220018,0,L, 	(30-MAY-2025 15:48:27)
2,26 , 0,0,220018,0,L, 	(30-MAY-2025 15:48:27)
2,26 , 0,0,220018,0,L, 	(30-MAY-2025 15:48:27)
2,26 , 0,0,220018,0,L, 	(30-MAY-2025 15:48:27)
2,26 , 0,0,220018,0,L, 	(30-MAY-2025 15:48:27)
2,26 , 0,0,220018,0,L, 	(30-MAY-2025 15:48:27)
2,26 , 0,0,220018,0,L, 	(30-MAY-2025 15:48:27)
2,26 , 0,0,220018,0,L, 	(30-MAY-2025 15:48:27)
2,26 , 0,0,220018,0,L, 	(30-MAY-2025 15:48:27)
2,26 , 0,0,220018,0,L, 	(30-MAY-2025 15:48:27)
2,26 , 0,0,220018,0,L, 	(30-MAY-2025 15:48:27)
2,26 , 0,0,220018,0,L, 	(30-MAY-2025 15:48:27)
2,26 , 0,0,220018,0,L, 	(30-MAY-2025 15:48:27)
2,26 , 0,0,220018,0,L, 	(30-MAY-2025 15:48:27)
2,26 , 0,0,220018,0,L, 	(30-MAY-2025 15:48:27)
2,26 , 0,0,220018,0,L, 	(30-MAY-2025 15:48:27)
2,26 , 0,0,220018,0,L, 	(30-MAY-2025 15:48:27)
2,26 , 0,0,220018,0,L, 	(30-MAY-2025 15:48:27)
2,26 , 0,0,220018,0,L, 	(30-MAY-2025 15:48:27)
2,26 , 0,0,220018,0,L, 	(30-MAY-2025 15:48:27)
2,26 , 0,0,220018,0,L, 	(30-MAY-2025 15:48:27)
2,26 , 0,0,220018,0,L, 	(30-MAY-2025 15:48:27)
2,26 , 0,0,220018,0,L, 	(30-MAY-2025 15:48:27)
2,26 , 0,0,220018,0,L, 	(30-MAY-2025 15:48:27)
2,26 , 0,0,223077,0,L, 	(30-MAY-2025 15:48:27)
2,26 , 0,0,223077,0,L, 	(30-MAY-2025 15:48:27)
2,26 , 0,0,223077,0,L, 	(30-MAY-2025 15:48:27)
2,26 , 0,0,223077,0,L, 	(30-MAY-2025 15:48:27)
2,26 , 0,0,223077,0,L, 	(30-MAY-2025 15:48:27)
2,26 , 0,0,223077,0,L, 	(30-MAY-2025 15:48:27)
2,26 , 0,0,223077,0,L, 	(30-MAY-2025 15:48:27)
2,26 , 0,0,223077,0,L, 	(30-MAY-2025 15:48:27)
2,26 , 0,0,223077,0,L, 	(30-MAY-2025 15:48:27)
2,26 , 0,0,223077,0,L, 	(30-MAY-2025 15:48:27)
2,26 , 0,0,223077,0,L, 	(30-MAY-2025 15:48:27)
2,26 , 0,0,223077,0,L, 	(30-MAY-2025 15:48:27)
2,26 , 0,0,223077,0,L, 	(30-MAY-2025 15:48:27)
2,26 , 0,0,223077,0,L, 	(30-MAY-2025 15:48:27)
2,26 , 0,0,223077,0,L, 	(30-MAY-2025 15:48:27)
2,26 , 0,0,223077,0,L, 	(30-MAY-2025 15:48:27)
2,26 , 0,0,223077,0,L, 	(30-MAY-2025 15:48:27)
2,26 , 0,0,223077,0,L, 	(30-MAY-2025 15:48:27)
2,26 , 0,0,223077,0,L, 	(30-MAY-2025 15:48:27)
2,26 , 0,0,223077,0,L, 	(30-MAY-2025 15:48:27)
2,26 , 0,0,223077,0,L, 	(30-MAY-2025 15:48:27)
2,26 , 0,0,223077,0,L, 	(30-MAY-2025 15:48:27)
2,26 , 0,0,223077,0,L, 	(30-MAY-2025 15:48:27)
2,26 , 0,0,223077,0,L, 	(30-MAY-2025 15:48:27)
2,26 , 0,0,223077,0,L, 	(30-MAY-2025 15:48:27)
2,26 , 0,0,223077,0,L, 	(30-MAY-2025 15:48:27)
2,26 , 0,0,223077,0,L, 	(30-MAY-2025 15:48:27)
2,26 , 0,0,223077,0,L, 	(30-MAY-2025 15:48:27)
2,26 , 0,0,223077,0,L, 	(30-MAY-2025 15:48:27)
2,26 , 0,0,223077,0,L, 	(30-MAY-2025 15:48:27)
2,26 , 0,0,223077,0,L, 	(30-MAY-2025 15:48:27)
2,26 , 0,0,223078,0,L, 	(30-MAY-2025 15:48:27)
2,26 , 0,0,223078,0,L, 	(30-MAY-2025 15:48:27)
2,26 , 0,0,223078,0,L, 	(30-MAY-2025 15:48:27)
2,26 , 0,0,223078,0,L, 	(30-MAY-2025 15:48:27)
2,26 , 0,0,223078,0,L, 	(30-MAY-2025 15:48:27)
2,26 , 0,0,223078,0,L, 	(30-MAY-2025 15:48:27)
2,26 , 0,0,223078,0,L, 	(30-MAY-2025 15:48:27)
2,26 , 0,0,223078,0,L, 	(30-MAY-2025 15:48:27)
2,26 , 0,0,223078,0,L, 	(30-MAY-2025 15:48:27)
2,26 , 0,0,223078,0,L, 	(30-MAY-2025 15:48:27)
2,26 , 0,0,223078,0,L, 	(30-MAY-2025 15:48:27)
2,26 , 0,0,223078,0,L, 	(30-MAY-2025 15:48:27)
2,26 , 0,0,223078,0,L, 	(30-MAY-2025 15:48:27)
2,26 , 0,0,223078,0,L, 	(30-MAY-2025 15:48:27)
2,26 , 0,0,223078,0,L, 	(30-MAY-2025 15:48:27)
2,26 , 0,0,223078,0,L, 	(30-MAY-2025 15:48:27)
2,26 , 0,0,223078,0,L, 	(30-MAY-2025 15:48:27)
2,26 , 0,0,223078,0,L, 	(30-MAY-2025 15:48:27)
2,26 , 0,0,223078,0,L, 	(30-MAY-2025 15:48:27)
2,26 , 0,0,223078,0,L, 	(30-MAY-2025 15:48:27)
2,26 , 0,0,223078,0,L, 	(30-MAY-2025 15:48:27)
2,26 , 0,0,223078,0,L, 	(30-MAY-2025 15:48:27)
2,26 , 0,0,223078,0,L, 	(30-MAY-2025 15:48:27)
2,26 , 0,0,223078,0,L, 	(30-MAY-2025 15:48:27)
2,26 , 0,0,223078,0,L, 	(30-MAY-2025 15:48:27)
2,26 , 0,0,223078,0,L, 	(30-MAY-2025 15:48:27)
2,26 , 0,0,223078,0,L, 	(30-MAY-2025 15:48:27)
2,26 , 0,0,223078,0,L, 	(30-MAY-2025 15:48:27)
2,26 , 0,0,223078,0,L, 	(30-MAY-2025 15:48:27)
2,26 , 0,0,223078,0,L, 	(30-MAY-2025 15:48:27)
2,26 , 0,0,223078,0,L, 	(30-MAY-2025 15:48:27)
2,26 , 0,0,223078,0,L, 	(30-MAY-2025 15:48:27)
2,26 , 0,0,223078,0,L, 	(30-MAY-2025 15:48:27)
2,26 , 0,0,223078,0,L, 	(30-MAY-2025 15:48:27)
2,26 , 0,0,223078,0,L, 	(30-MAY-2025 15:48:27)
2,26 , 0,0,223078,0,L, 	(30-MAY-2025 15:48:27)
2,26 , 0,0,223078,0,L, 	(30-MAY-2025 15:48:27)
2,26 , 0,0,223078,0,L, 	(30-MAY-2025 15:48:27)
2,26 , 0,0,223078,0,L, 	(30-MAY-2025 15:48:27)
2,26 , 0,0,223078,0,L, 	(30-MAY-2025 15:48:27)
2,26 , 0,0,223078,0,L, 	(30-MAY-2025 15:48:27)
2,26 , 0,0,223078,0,L, 	(30-MAY-2025 15:48:27)
2,26 , 0,0,223078,0,L, 	(30-MAY-2025 15:48:27)
2,26 , 0,0,223078,0,L, 	(30-MAY-2025 15:48:27)
2,26 , 0,0,223078,0,L, 	(30-MAY-2025 15:48:27)
2,26 , 0,0,223078,0,L, 	(30-MAY-2025 15:48:27)
2,26 , 0,0,223078,0,L, 	(30-MAY-2025 15:48:27)
2,26 , 0,0,223078,0,L, 	(30-MAY-2025 15:48:27)
2,26 , 0,0,223078,0,L, 	(30-MAY-2025 15:48:27)
2,26 , 0,0,223078,0,L, 	(30-MAY-2025 15:48:27)
2,26 , 0,0,223078,0,L, 	(30-MAY-2025 15:48:27)
2,26 , 0,0,223078,0,L, 	(30-MAY-2025 15:48:27)
2,26 , 0,0,223078,0,L, 	(30-MAY-2025 15:48:27)
2,26 , 0,0,223078,0,L, 	(30-MAY-2025 15:48:27)
2,26 , 0,0,223078,0,L, 	(30-MAY-2025 15:48:27)
2,26 , 0,0,223078,0,L, 	(30-MAY-2025 15:48:27)
2,26 , 0,0,223078,0,L, 	(30-MAY-2025 15:48:27)
2,26 , 0,0,223078,0,L, 	(30-MAY-2025 15:48:27)
2,26 , 0,0,223078,0,L, 	(30-MAY-2025 15:48:27)
2,26 , 0,0,223078,0,L, 	(30-MAY-2025 15:48:27)
2,26 , 0,0,223079,0,L, 	(30-MAY-2025 15:48:27)
2,26 , 0,0,223079,0,L, 	(30-MAY-2025 15:48:27)
2,26 , 0,0,223079,0,L, 	(30-MAY-2025 15:48:27)
2,26 , 0,0,223079,0,L, 	(30-MAY-2025 15:48:27)
2,26 , 0,0,223079,0,L, 	(30-MAY-2025 15:48:27)
2,26 , 0,0,223079,0,L, 	(30-MAY-2025 15:48:27)
2,26 , 0,0,223079,0,L, 	(30-MAY-2025 15:48:27)
2,26 , 0,0,223079,0,L, 	(30-MAY-2025 15:48:27)
2,26 , 0,0,223079,0,L, 	(30-MAY-2025 15:48:27)
2,26 , 0,0,223079,0,L, 	(30-MAY-2025 15:48:27)
2,26 , 0,0,223079,0,L, 	(30-MAY-2025 15:48:27)
2,26 , 0,0,223079,0,L, 	(30-MAY-2025 15:48:27)
2,26 , 0,0,223079,0,L, 	(30-MAY-2025 15:48:27)
2,26 , 0,0,223079,0,L, 	(30-MAY-2025 15:48:27)
2,26 , 0,0,223079,0,L, 	(30-MAY-2025 15:48:27)
2,26 , 0,0,223079,0,L, 	(30-MAY-2025 15:48:27)
2,26 , 0,0,223079,0,L, 	(30-MAY-2025 15:48:27)
2,26 , 0,0,223079,0,L, 	(30-MAY-2025 15:48:27)
2,26 , 0,0,223079,0,L, 	(30-MAY-2025 15:48:27)
2,26 , 0,0,223079,0,L, 	(30-MAY-2025 15:48:27)
2,26 , 0,0,223079,0,L, 	(30-MAY-2025 15:48:27)
2,26 , 0,0,223079,0,L, 	(30-MAY-2025 15:48:27)
2,26 , 0,0,223079,0,L, 	(30-MAY-2025 15:48:27)
2,26 , 0,0,223079,0,L, 	(30-MAY-2025 15:48:27)
2,26 , 0,0,223079,0,L, 	(30-MAY-2025 15:48:27)
2,26 , 0,0,223079,0,L, 	(30-MAY-2025 15:48:27)
2,26 , 0,0,223079,0,L, 	(30-MAY-2025 15:48:27)
2,26 , 0,0,223079,0,L, 	(30-MAY-2025 15:48:27)
2,26 , 0,0,223079,0,L, 	(30-MAY-2025 15:48:27)
2,26 , 0,0,223079,0,L, 	(30-MAY-2025 15:48:27)
2,26 , 0,0,223080,0,L, 	(30-MAY-2025 15:48:27)
2,26 , 0,0,223080,0,L, 	(30-MAY-2025 15:48:27)
2,26 , 0,0,223080,0,L, 	(30-MAY-2025 15:48:27)
2,26 , 0,0,223080,0,L, 	(30-MAY-2025 15:48:27)
2,26 , 0,0,223080,0,L, 	(30-MAY-2025 15:48:27)
2,26 , 0,0,223080,0,L, 	(30-MAY-2025 15:48:27)
2,26 , 0,0,223080,0,L, 	(30-MAY-2025 15:48:27)
2,26 , 0,0,223080,0,L, 	(30-MAY-2025 15:48:27)
2,26 , 0,0,223080,0,L, 	(30-MAY-2025 15:48:27)
2,26 , 0,0,223080,0,L, 	(30-MAY-2025 15:48:27)
2,26 , 0,0,223080,0,L, 	(30-MAY-2025 15:48:27)
2,26 , 0,0,223080,0,L, 	(30-MAY-2025 15:48:27)
2,26 , 0,0,223080,0,L, 	(30-MAY-2025 15:48:27)
2,26 , 0,0,223080,0,L, 	(30-MAY-2025 15:48:27)
2,26 , 0,0,223080,0,L, 	(30-MAY-2025 15:48:27)
2,26 , 0,0,223080,0,L, 	(30-MAY-2025 15:48:27)
2,26 , 0,0,223080,0,L, 	(30-MAY-2025 15:48:27)
2,26 , 0,0,223080,0,L, 	(30-MAY-2025 15:48:27)
2,26 , 0,0,223080,0,L, 	(30-MAY-2025 15:48:27)
2,26 , 0,0,223080,0,L, 	(30-MAY-2025 15:48:27)
2,26 , 0,0,223080,0,L, 	(30-MAY-2025 15:48:27)
2,26 , 0,0,223080,0,L, 	(30-MAY-2025 15:48:27)
2,26 , 0,0,223080,0,L, 	(30-MAY-2025 15:48:27)
2,26 , 0,0,223080,0,L, 	(30-MAY-2025 15:48:27)
2,26 , 0,0,223080,0,L, 	(30-MAY-2025 15:48:27)
2,26 , 0,0,223080,0,L, 	(30-MAY-2025 15:48:27)
2,26 , 0,0,223080,0,L, 	(30-MAY-2025 15:48:27)
2,26 , 0,0,223080,0,L, 	(30-MAY-2025 15:48:27)
2,26 , 0,0,223080,0,L, 	(30-MAY-2025 15:48:27)
2,26 , 0,0,223080,0,L, 	(30-MAY-2025 15:48:27)
2,26 , 0,0,223080,0,L, 	(30-MAY-2025 15:48:27)
2,26 , 0,0,223080,0,L, 	(30-MAY-2025 15:48:27)
2,26 , 0,0,223080,0,L, 	(30-MAY-2025 15:48:27)
2,26 , 0,0,223080,0,L, 	(30-MAY-2025 15:48:27)
2,26 , 0,0,223080,0,L, 	(30-MAY-2025 15:48:27)
2,26 , 0,0,223080,0,L, 	(30-MAY-2025 15:48:27)
2,26 , 0,0,223080,0,L, 	(30-MAY-2025 15:48:27)
2,26 , 0,0,223080,0,L, 	(30-MAY-2025 15:48:27)
2,26 , 0,0,223080,0,L, 	(30-MAY-2025 15:48:27)
2,26 , 0,0,223080,0,L, 	(30-MAY-2025 15:48:27)
2,26 , 0,0,223080,0,L, 	(30-MAY-2025 15:48:27)
2,26 , 0,0,223080,0,L, 	(30-MAY-2025 15:48:27)
2,26 , 0,0,223080,0,L, 	(30-MAY-2025 15:48:27)
2,26 , 0,0,223080,0,L, 	(30-MAY-2025 15:48:27)
2,26 , 0,0,223080,0,L, 	(30-MAY-2025 15:48:27)
2,26 , 0,0,223080,0,L, 	(30-MAY-2025 15:48:27)
2,26 , 0,0,223080,0,L, 	(30-MAY-2025 15:48:27)
2,26 , 0,0,223080,0,L, 	(30-MAY-2025 15:48:27)
2,26 , 0,0,223080,0,L, 	(30-MAY-2025 15:48:27)
2,26 , 0,0,223080,0,L, 	(30-MAY-2025 15:48:27)
2,26 , 0,0,223080,0,L, 	(30-MAY-2025 15:48:27)
2,26 , 0,0,223080,0,L, 	(30-MAY-2025 15:48:27)
2,26 , 0,0,223080,0,L, 	(30-MAY-2025 15:48:27)
2,26 , 0,0,223080,0,L, 	(30-MAY-2025 15:48:27)
2,26 , 0,0,223080,0,L, 	(30-MAY-2025 15:48:27)
2,26 , 0,0,223080,0,L, 	(30-MAY-2025 15:48:27)
2,26 , 0,0,223081,0,L, 	(30-MAY-2025 15:48:27)
2,26 , 0,0,223081,0,L, 	(30-MAY-2025 15:48:27)
2,26 , 0,0,223081,0,L, 	(30-MAY-2025 15:48:27)
2,26 , 0,0,223081,0,L, 	(30-MAY-2025 15:48:27)
2,26 , 0,0,223081,0,L, 	(30-MAY-2025 15:48:27)
2,26 , 0,0,223081,0,L, 	(30-MAY-2025 15:48:27)
2,26 , 0,0,223081,0,L, 	(30-MAY-2025 15:48:27)
2,26 , 0,0,223081,0,L, 	(30-MAY-2025 15:48:27)
2,26 , 0,0,223081,0,L, 	(30-MAY-2025 15:48:27)
2,26 , 0,0,223081,0,L, 	(30-MAY-2025 15:48:27)
2,26 , 0,0,223081,0,L, 	(30-MAY-2025 15:48:27)
2,26 , 0,0,223081,0,L, 	(30-MAY-2025 15:48:27)
2,26 , 0,0,223081,0,L, 	(30-MAY-2025 15:48:27)
2,26 , 0,0,223081,0,L, 	(30-MAY-2025 15:48:27)
2,26 , 0,0,223081,0,L, 	(30-MAY-2025 15:48:27)
2,26 , 0,0,223081,0,L, 	(30-MAY-2025 15:48:27)
2,26 , 0,0,223081,0,L, 	(30-MAY-2025 15:48:27)
2,26 , 0,0,223081,0,L, 	(30-MAY-2025 15:48:27)
2,26 , 0,0,223081,0,L, 	(30-MAY-2025 15:48:27)
2,26 , 0,0,223081,0,L, 	(30-MAY-2025 15:48:27)
2,26 , 0,0,223081,0,L, 	(30-MAY-2025 15:48:27)
2,26 , 0,0,223081,0,L, 	(30-MAY-2025 15:48:27)
2,26 , 0,0,223081,0,L, 	(30-MAY-2025 15:48:27)
2,26 , 0,0,223081,0,L, 	(30-MAY-2025 15:48:27)
2,26 , 0,0,223081,0,L, 	(30-MAY-2025 15:48:27)
2,26 , 0,0,223081,0,L, 	(30-MAY-2025 15:48:27)
2,26 , 0,0,223081,0,L, 	(30-MAY-2025 15:48:27)
2,26 , 0,0,223081,0,L, 	(30-MAY-2025 15:48:27)
2,26 , 0,0,223081,0,L, 	(30-MAY-2025 15:48:27)
2,26 , 0,0,223081,0,L, 	(30-MAY-2025 15:48:27)
2,26 , 0,0,223081,0,L, 	(30-MAY-2025 15:48:27)
2,26 , 0,0,223081,0,L, 	(30-MAY-2025 15:48:27)
2,26 , 0,0,223081,0,L, 	(30-MAY-2025 15:48:27)
2,26 , 0,0,223081,0,L, 	(30-MAY-2025 15:48:27)
2,26 , 0,0,223081,0,L, 	(30-MAY-2025 15:48:27)
2,26 , 0,0,223081,0,L, 	(30-MAY-2025 15:48:27)
2,26 , 0,0,223081,0,L, 	(30-MAY-2025 15:48:27)
2,26 , 0,0,223081,0,L, 	(30-MAY-2025 15:48:27)
2,26 , 0,0,223081,0,L, 	(30-MAY-2025 15:48:27)
2,26 , 0,0,223081,0,L, 	(30-MAY-2025 15:48:27)
2,26 , 0,0,223081,0,L, 	(30-MAY-2025 15:48:27)
2,26 , 0,0,223081,0,L, 	(30-MAY-2025 15:48:27)
2,26 , 0,0,223081,0,L, 	(30-MAY-2025 15:48:27)
2,26 , 0,0,223081,0,L, 	(30-MAY-2025 15:48:27)
2,26 , 0,0,223081,0,L, 	(30-MAY-2025 15:48:27)
2,26 , 0,0,223081,0,L, 	(30-MAY-2025 15:48:27)
2,26 , 0,0,223081,0,L, 	(30-MAY-2025 15:48:27)
2,26 , 0,0,223081,0,L, 	(30-MAY-2025 15:48:27)
2,26 , 0,0,223081,0,L, 	(30-MAY-2025 15:48:27)
2,26 , 0,0,223081,0,L, 	(30-MAY-2025 15:48:27)
2,26 , 0,0,223081,0,L, 	(30-MAY-2025 15:48:27)
2,26 , 0,0,223081,0,L, 	(30-MAY-2025 15:48:27)
2,26 , 0,0,223081,0,L, 	(30-MAY-2025 15:48:27)
2,26 , 0,0,223081,0,L, 	(30-MAY-2025 15:48:27)
2,26 , 0,0,223081,0,L, 	(30-MAY-2025 15:48:27)
2,26 , 0,0,223081,0,L, 	(30-MAY-2025 15:48:27)
2,26 , 0,0,223081,0,L, 	(30-MAY-2025 15:48:27)
2,26 , 0,0,223081,0,L, 	(30-MAY-2025 15:48:27)
2,26 , 0,0,223081,0,L, 	(30-MAY-2025 15:48:27)
2,26 , 0,0,223081,0,L, 	(30-MAY-2025 15:48:27)
2,26 , 0,0,223081,0,L, 	(30-MAY-2025 15:48:27)
2,26 , 0,0,223081,0,L, 	(30-MAY-2025 15:48:27)
2,27 , 0,0,221004,0,L, 	(30-MAY-2025 15:48:27)
2,27 , 0,0,221004,0,L, 	(30-MAY-2025 15:48:27)
2,27 , 0,0,221004,0,L, 	(30-MAY-2025 15:48:27)
2,27 , 0,0,221004,0,L, 	(30-MAY-2025 15:48:27)
2,27 , 0,0,221004,0,L, 	(30-MAY-2025 15:48:27)
2,27 , 0,0,221004,0,L, 	(30-MAY-2025 15:48:27)
2,27 , 0,0,221004,0,L, 	(30-MAY-2025 15:48:27)
2,27 , 0,0,221004,0,L, 	(30-MAY-2025 15:48:27)
2,27 , 0,0,221004,0,L, 	(30-MAY-2025 15:48:27)
2,27 , 0,0,221004,0,L, 	(30-MAY-2025 15:48:27)
2,27 , 0,0,221004,0,L, 	(30-MAY-2025 15:48:27)
2,27 , 0,0,221004,0,L, 	(30-MAY-2025 15:48:27)
2,27 , 0,0,221004,0,L, 	(30-MAY-2025 15:48:27)
2,27 , 0,0,221004,0,L, 	(30-MAY-2025 15:48:27)
2,27 , 0,0,221004,0,L, 	(30-MAY-2025 15:48:27)
2,27 , 0,0,221004,0,L, 	(30-MAY-2025 15:48:27)
2,27 , 0,0,221004,0,L, 	(30-MAY-2025 15:48:27)
2,27 , 0,0,221004,0,L, 	(30-MAY-2025 15:48:27)
2,27 , 0,0,221004,0,L, 	(30-MAY-2025 15:48:27)
2,27 , 0,0,221004,0,L, 	(30-MAY-2025 15:48:27)
2,27 , 0,0,221004,0,L, 	(30-MAY-2025 15:48:27)
2,27 , 0,0,221004,0,L, 	(30-MAY-2025 15:48:27)
2,27 , 0,0,221004,0,L, 	(30-MAY-2025 15:48:27)
2,27 , 0,0,221004,0,L, 	(30-MAY-2025 15:48:27)
2,27 , 0,0,221004,0,L, 	(30-MAY-2025 15:48:27)
2,27 , 0,0,221004,0,L, 	(30-MAY-2025 15:48:27)
2,27 , 0,0,221004,0,L, 	(30-MAY-2025 15:48:27)
2,27 , 0,0,221004,0,L, 	(30-MAY-2025 15:48:27)
2,27 , 0,0,221004,0,L, 	(30-MAY-2025 15:48:27)
2,27 , 0,0,221004,0,L, 	(30-MAY-2025 15:48:27)
2,27 , 0,0,221005,0,L, 	(30-MAY-2025 15:48:27)
2,27 , 0,0,221005,0,L, 	(30-MAY-2025 15:48:27)
2,27 , 0,0,221005,0,L, 	(30-MAY-2025 15:48:27)
2,27 , 0,0,221005,0,L, 	(30-MAY-2025 15:48:27)
2,27 , 0,0,221005,0,L, 	(30-MAY-2025 15:48:27)
2,27 , 0,0,221005,0,L, 	(30-MAY-2025 15:48:27)
2,27 , 0,0,221005,0,L, 	(30-MAY-2025 15:48:27)
2,27 , 0,0,221005,0,L, 	(30-MAY-2025 15:48:27)
2,27 , 0,0,221005,0,L, 	(30-MAY-2025 15:48:27)
2,27 , 0,0,221005,0,L, 	(30-MAY-2025 15:48:27)
2,27 , 0,0,221005,0,L, 	(30-MAY-2025 15:48:27)
2,27 , 0,0,221005,0,L, 	(30-MAY-2025 15:48:27)
2,27 , 0,0,221005,0,L, 	(30-MAY-2025 15:48:27)
2,27 , 0,0,221005,0,L, 	(30-MAY-2025 15:48:27)
2,27 , 0,0,221005,0,L, 	(30-MAY-2025 15:48:27)
2,27 , 0,0,221005,0,L, 	(30-MAY-2025 15:48:27)
2,27 , 0,0,221005,0,L, 	(30-MAY-2025 15:48:27)
2,27 , 0,0,221005,0,L, 	(30-MAY-2025 15:48:27)
2,27 , 0,0,221005,0,L, 	(30-MAY-2025 15:48:27)
2,27 , 0,0,221005,0,L, 	(30-MAY-2025 15:48:27)
2,27 , 0,0,221005,0,L, 	(30-MAY-2025 15:48:27)
2,27 , 0,0,221005,0,L, 	(30-MAY-2025 15:48:27)
2,27 , 0,0,221005,0,L, 	(30-MAY-2025 15:48:27)
2,27 , 0,0,221005,0,L, 	(30-MAY-2025 15:48:27)
2,27 , 0,0,221005,0,L, 	(30-MAY-2025 15:48:27)
2,27 , 0,0,221005,0,L, 	(30-MAY-2025 15:48:27)
2,27 , 0,0,221005,0,L, 	(30-MAY-2025 15:48:27)
2,27 , 0,0,221005,0,L, 	(30-MAY-2025 15:48:27)
2,27 , 0,0,221005,0,L, 	(30-MAY-2025 15:48:27)
2,27 , 0,0,221005,0,L, 	(30-MAY-2025 15:48:27)
2,27 , 0,0,221005,0,L, 	(30-MAY-2025 15:48:27)
2,27 , 0,0,222017,0,L, 	(30-MAY-2025 15:48:27)
2,27 , 0,0,222017,0,L, 	(30-MAY-2025 15:48:27)
2,27 , 0,0,222017,0,L, 	(30-MAY-2025 15:48:27)
2,27 , 0,0,222017,0,L, 	(30-MAY-2025 15:48:27)
2,27 , 0,0,222017,0,L, 	(30-MAY-2025 15:48:27)
2,27 , 0,0,222017,0,L, 	(30-MAY-2025 15:48:27)
2,27 , 0,0,222017,0,L, 	(30-MAY-2025 15:48:27)
2,27 , 0,0,222017,0,L, 	(30-MAY-2025 15:48:27)
2,27 , 0,0,222017,0,L, 	(30-MAY-2025 15:48:27)
2,27 , 0,0,222017,0,L, 	(30-MAY-2025 15:48:27)
2,27 , 0,0,222017,0,L, 	(30-MAY-2025 15:48:27)
2,27 , 0,0,222017,0,L, 	(30-MAY-2025 15:48:27)
2,27 , 0,0,222017,0,L, 	(30-MAY-2025 15:48:27)
2,27 , 0,0,222017,0,L, 	(30-MAY-2025 15:48:27)
2,27 , 0,0,222017,0,L, 	(30-MAY-2025 15:48:27)
2,27 , 0,0,222017,0,L, 	(30-MAY-2025 15:48:27)
2,27 , 0,0,222017,0,L, 	(30-MAY-2025 15:48:27)
2,27 , 0,0,222017,0,L, 	(30-MAY-2025 15:48:27)
2,27 , 0,0,222017,0,L, 	(30-MAY-2025 15:48:27)
2,27 , 0,0,222017,0,L, 	(30-MAY-2025 15:48:27)
2,27 , 0,0,222017,0,L, 	(30-MAY-2025 15:48:27)
2,27 , 0,0,222017,0,L, 	(30-MAY-2025 15:48:27)
2,27 , 0,0,222017,0,L, 	(30-MAY-2025 15:48:27)
2,27 , 0,0,222017,0,L, 	(30-MAY-2025 15:48:27)
2,27 , 0,0,222017,0,L, 	(30-MAY-2025 15:48:27)
2,27 , 0,0,222017,0,L, 	(30-MAY-2025 15:48:27)
2,27 , 0,0,222017,0,L, 	(30-MAY-2025 15:48:27)
2,27 , 0,0,222017,0,L, 	(30-MAY-2025 15:48:27)
2,27 , 0,0,222017,0,L, 	(30-MAY-2025 15:48:27)
2,27 , 0,0,222017,0,L, 	(30-MAY-2025 15:48:27)
2,27 , 0,0,222017,0,L, 	(30-MAY-2025 15:48:27)
2,27 , 0,0,222018,0,L, 	(30-MAY-2025 15:48:27)
2,27 , 0,0,222018,0,L, 	(30-MAY-2025 15:48:27)
2,27 , 0,0,222018,0,L, 	(30-MAY-2025 15:48:27)
2,27 , 0,0,222018,0,L, 	(30-MAY-2025 15:48:27)
2,27 , 0,0,222018,0,L, 	(30-MAY-2025 15:48:27)
2,27 , 0,0,222018,0,L, 	(30-MAY-2025 15:48:27)
2,27 , 0,0,222018,0,L, 	(30-MAY-2025 15:48:27)
2,27 , 0,0,222018,0,L, 	(30-MAY-2025 15:48:27)
2,27 , 0,0,222018,0,L, 	(30-MAY-2025 15:48:27)
2,27 , 0,0,222018,0,L, 	(30-MAY-2025 15:48:27)
2,27 , 0,0,222018,0,L, 	(30-MAY-2025 15:48:27)
2,27 , 0,0,222018,0,L, 	(30-MAY-2025 15:48:27)
2,27 , 0,0,222018,0,L, 	(30-MAY-2025 15:48:27)
2,27 , 0,0,222018,0,L, 	(30-MAY-2025 15:48:27)
2,27 , 0,0,222018,0,L, 	(30-MAY-2025 15:48:27)
2,27 , 0,0,222018,0,L, 	(30-MAY-2025 15:48:27)
2,27 , 0,0,222018,0,L, 	(30-MAY-2025 15:48:27)
2,27 , 0,0,222018,0,L, 	(30-MAY-2025 15:48:27)
2,27 , 0,0,222018,0,L, 	(30-MAY-2025 15:48:27)
2,27 , 0,0,222018,0,L, 	(30-MAY-2025 15:48:27)
2,27 , 0,0,222018,0,L, 	(30-MAY-2025 15:48:27)
2,27 , 0,0,222018,0,L, 	(30-MAY-2025 15:48:27)
2,27 , 0,0,222018,0,L, 	(30-MAY-2025 15:48:27)
2,27 , 0,0,222018,0,L, 	(30-MAY-2025 15:48:27)
2,27 , 0,0,222018,0,L, 	(30-MAY-2025 15:48:27)
2,27 , 0,0,222018,0,L, 	(30-MAY-2025 15:48:27)
2,27 , 0,0,222018,0,L, 	(30-MAY-2025 15:48:27)
2,27 , 0,0,222018,0,L, 	(30-MAY-2025 15:48:27)
2,27 , 0,0,222018,0,L, 	(30-MAY-2025 15:48:27)
2,27 , 0,0,222018,0,L, 	(30-MAY-2025 15:48:27)
2,27 , 0,0,220020,0,L, 	(30-MAY-2025 15:48:27)
2,27 , 0,0,220020,0,L, 	(30-MAY-2025 15:48:27)
2,27 , 0,0,220020,0,L, 	(30-MAY-2025 15:48:27)
2,27 , 0,0,220020,0,L, 	(30-MAY-2025 15:48:27)
2,27 , 0,0,220020,0,L, 	(30-MAY-2025 15:48:27)
2,27 , 0,0,220020,0,L, 	(30-MAY-2025 15:48:27)
2,27 , 0,0,220020,0,L, 	(30-MAY-2025 15:48:27)
2,27 , 0,0,220020,0,L, 	(30-MAY-2025 15:48:27)
2,27 , 0,0,220020,0,L, 	(30-MAY-2025 15:48:27)
2,27 , 0,0,220020,0,L, 	(30-MAY-2025 15:48:27)
2,27 , 0,0,220020,0,L, 	(30-MAY-2025 15:48:27)
2,27 , 0,0,220020,0,L, 	(30-MAY-2025 15:48:27)
2,27 , 0,0,220020,0,L, 	(30-MAY-2025 15:48:27)
2,27 , 0,0,220020,0,L, 	(30-MAY-2025 15:48:27)
2,27 , 0,0,220020,0,L, 	(30-MAY-2025 15:48:27)
2,27 , 0,0,220020,0,L, 	(30-MAY-2025 15:48:27)
2,27 , 0,0,220020,0,L, 	(30-MAY-2025 15:48:27)
2,27 , 0,0,220020,0,L, 	(30-MAY-2025 15:48:27)
2,27 , 0,0,220020,0,L, 	(30-MAY-2025 15:48:27)
2,27 , 0,0,220020,0,L, 	(30-MAY-2025 15:48:27)
2,27 , 0,0,220020,0,L, 	(30-MAY-2025 15:48:27)
2,27 , 0,0,220020,0,L, 	(30-MAY-2025 15:48:27)
2,27 , 0,0,220020,0,L, 	(30-MAY-2025 15:48:27)
2,27 , 0,0,220020,0,L, 	(30-MAY-2025 15:48:27)
2,27 , 0,0,220020,0,L, 	(30-MAY-2025 15:48:27)
2,27 , 0,0,220020,0,L, 	(30-MAY-2025 15:48:27)
2,27 , 0,0,220020,0,L, 	(30-MAY-2025 15:48:27)
2,27 , 0,0,220020,0,L, 	(30-MAY-2025 15:48:27)
2,27 , 0,0,220022,0,L, 	(30-MAY-2025 15:48:27)
2,27 , 0,0,220022,0,L, 	(30-MAY-2025 15:48:27)
2,27 , 0,0,220022,0,L, 	(30-MAY-2025 15:48:27)
2,27 , 0,0,220022,0,L, 	(30-MAY-2025 15:48:27)
2,27 , 0,0,220022,0,L, 	(30-MAY-2025 15:48:27)
2,27 , 0,0,220022,0,L, 	(30-MAY-2025 15:48:27)
2,27 , 0,0,220022,0,L, 	(30-MAY-2025 15:48:27)
2,27 , 0,0,220022,0,L, 	(30-MAY-2025 15:48:27)
2,27 , 0,0,220022,0,L, 	(30-MAY-2025 15:48:27)
2,27 , 0,0,220022,0,L, 	(30-MAY-2025 15:48:27)
2,27 , 0,0,220022,0,L, 	(30-MAY-2025 15:48:27)
2,27 , 0,0,220022,0,L, 	(30-MAY-2025 15:48:27)
2,27 , 0,0,220022,0,L, 	(30-MAY-2025 15:48:27)
2,27 , 0,0,220022,0,L, 	(30-MAY-2025 15:48:27)
2,27 , 0,0,220022,0,L, 	(30-MAY-2025 15:48:27)
2,27 , 0,0,220022,0,L, 	(30-MAY-2025 15:48:27)
2,27 , 0,0,220022,0,L, 	(30-MAY-2025 15:48:27)
2,27 , 0,0,220022,0,L, 	(30-MAY-2025 15:48:27)
2,27 , 0,0,220022,0,L, 	(30-MAY-2025 15:48:27)
2,27 , 0,0,220022,0,L, 	(30-MAY-2025 15:48:27)
2,27 , 0,0,220022,0,L, 	(30-MAY-2025 15:48:27)
2,27 , 0,0,220022,0,L, 	(30-MAY-2025 15:48:27)
2,27 , 0,0,220022,0,L, 	(30-MAY-2025 15:48:27)
2,27 , 0,0,220022,0,L, 	(30-MAY-2025 15:48:27)
2,27 , 0,0,220022,0,L, 	(30-MAY-2025 15:48:27)
2,27 , 0,0,220022,0,L, 	(30-MAY-2025 15:48:27)
2,27 , 0,0,220022,0,L, 	(30-MAY-2025 15:48:27)
2,27 , 0,0,220022,0,L, 	(30-MAY-2025 15:48:27)
2,27 , 0,0,221006,0,L, 	(30-MAY-2025 15:48:27)
2,27 , 0,0,221006,0,L, 	(30-MAY-2025 15:48:27)
2,27 , 0,0,221006,0,L, 	(30-MAY-2025 15:48:27)
2,27 , 0,0,221006,0,L, 	(30-MAY-2025 15:48:27)
2,27 , 0,0,221006,0,L, 	(30-MAY-2025 15:48:27)
2,27 , 0,0,221006,0,L, 	(30-MAY-2025 15:48:27)
2,27 , 0,0,221006,0,L, 	(30-MAY-2025 15:48:27)
2,27 , 0,0,221006,0,L, 	(30-MAY-2025 15:48:27)
2,27 , 0,0,221006,0,L, 	(30-MAY-2025 15:48:27)
2,27 , 0,0,221006,0,L, 	(30-MAY-2025 15:48:27)
2,27 , 0,0,221006,0,L, 	(30-MAY-2025 15:48:27)
2,27 , 0,0,221006,0,L, 	(30-MAY-2025 15:48:27)
2,27 , 0,0,221006,0,L, 	(30-MAY-2025 15:48:27)
2,27 , 0,0,221006,0,L, 	(30-MAY-2025 15:48:27)
2,27 , 0,0,221006,0,L, 	(30-MAY-2025 15:48:27)
2,27 , 0,0,221006,0,L, 	(30-MAY-2025 15:48:27)
2,27 , 0,0,221006,0,L, 	(30-MAY-2025 15:48:27)
2,27 , 0,0,221006,0,L, 	(30-MAY-2025 15:48:27)
2,27 , 0,0,221006,0,L, 	(30-MAY-2025 15:48:27)
2,27 , 0,0,221006,0,L, 	(30-MAY-2025 15:48:27)
2,27 , 0,0,221006,0,L, 	(30-MAY-2025 15:48:27)
2,27 , 0,0,221006,0,L, 	(30-MAY-2025 15:48:27)
2,27 , 0,0,221006,0,L, 	(30-MAY-2025 15:48:27)
2,27 , 0,0,221006,0,L, 	(30-MAY-2025 15:48:27)
2,27 , 0,0,221006,0,L, 	(30-MAY-2025 15:48:27)
2,27 , 0,0,221006,0,L, 	(30-MAY-2025 15:48:27)
2,27 , 0,0,221006,0,L, 	(30-MAY-2025 15:48:27)
2,27 , 0,0,221006,0,L, 	(30-MAY-2025 15:48:27)
2,27 , 0,0,221006,0,L, 	(30-MAY-2025 15:48:27)
2,27 , 0,0,221006,0,L, 	(30-MAY-2025 15:48:27)
2,27 , 0,0,221006,0,L, 	(30-MAY-2025 15:48:27)
2,27 , 0,0,222020,0,L, 	(30-MAY-2025 15:48:27)
2,27 , 0,0,222020,0,L, 	(30-MAY-2025 15:48:27)
2,27 , 0,0,222020,0,L, 	(30-MAY-2025 15:48:27)
2,27 , 0,0,222020,0,L, 	(30-MAY-2025 15:48:27)
2,27 , 0,0,222020,0,L, 	(30-MAY-2025 15:48:27)
2,27 , 0,0,222020,0,L, 	(30-MAY-2025 15:48:27)
2,27 , 0,0,222020,0,L, 	(30-MAY-2025 15:48:27)
2,27 , 0,0,222020,0,L, 	(30-MAY-2025 15:48:27)
2,27 , 0,0,222020,0,L, 	(30-MAY-2025 15:48:27)
2,27 , 0,0,222020,0,L, 	(30-MAY-2025 15:48:27)
2,27 , 0,0,222020,0,L, 	(30-MAY-2025 15:48:27)
2,27 , 0,0,222020,0,L, 	(30-MAY-2025 15:48:27)
2,27 , 0,0,222020,0,L, 	(30-MAY-2025 15:48:27)
2,27 , 0,0,222020,0,L, 	(30-MAY-2025 15:48:27)
2,27 , 0,0,222020,0,L, 	(30-MAY-2025 15:48:27)
2,27 , 0,0,220023,0,L, 	(30-MAY-2025 15:48:27)
2,27 , 0,0,220023,0,L, 	(30-MAY-2025 15:48:27)
2,27 , 0,0,220023,0,L, 	(30-MAY-2025 15:48:27)
2,27 , 0,0,220023,0,L, 	(30-MAY-2025 15:48:27)
2,27 , 0,0,220023,0,L, 	(30-MAY-2025 15:48:27)
2,27 , 0,0,220023,0,L, 	(30-MAY-2025 15:48:27)
2,27 , 0,0,220023,0,L, 	(30-MAY-2025 15:48:27)
2,27 , 0,0,220023,0,L, 	(30-MAY-2025 15:48:27)
2,27 , 0,0,220023,0,L, 	(30-MAY-2025 15:48:27)
2,27 , 0,0,220023,0,L, 	(30-MAY-2025 15:48:27)
2,27 , 0,0,220023,0,L, 	(30-MAY-2025 15:48:27)
2,27 , 0,0,220023,0,L, 	(30-MAY-2025 15:48:27)
2,27 , 0,0,220023,0,L, 	(30-MAY-2025 15:48:27)
2,27 , 0,0,220023,0,L, 	(30-MAY-2025 15:48:27)
2,27 , 0,0,220023,0,L, 	(30-MAY-2025 15:48:27)
2,27 , 0,0,220023,0,L, 	(30-MAY-2025 15:48:27)
2,27 , 0,0,220023,0,L, 	(30-MAY-2025 15:48:28)
2,27 , 0,0,220023,0,L, 	(30-MAY-2025 15:48:28)
2,27 , 0,0,220023,0,L, 	(30-MAY-2025 15:48:28)
2,27 , 0,0,220023,0,L, 	(30-MAY-2025 15:48:28)
2,27 , 0,0,220023,0,L, 	(30-MAY-2025 15:48:28)
2,27 , 0,0,220023,0,L, 	(30-MAY-2025 15:48:28)
2,27 , 0,0,220023,0,L, 	(30-MAY-2025 15:48:28)
2,27 , 0,0,220023,0,L, 	(30-MAY-2025 15:48:28)
2,27 , 0,0,220023,0,L, 	(30-MAY-2025 15:48:28)
2,27 , 0,0,220023,0,L, 	(30-MAY-2025 15:48:28)
2,27 , 0,0,220023,0,L, 	(30-MAY-2025 15:48:28)
2,27 , 0,0,220023,0,L, 	(30-MAY-2025 15:48:28)
2,27 , 0,0,220023,0,L, 	(30-MAY-2025 15:48:28)
2,27 , 0,0,220021,0,L, 	(30-MAY-2025 15:48:28)
2,27 , 0,0,220021,0,L, 	(30-MAY-2025 15:48:28)
2,27 , 0,0,220021,0,L, 	(30-MAY-2025 15:48:28)
2,27 , 0,0,220021,0,L, 	(30-MAY-2025 15:48:28)
2,27 , 0,0,220021,0,L, 	(30-MAY-2025 15:48:28)
2,27 , 0,0,220021,0,L, 	(30-MAY-2025 15:48:28)
2,27 , 0,0,220021,0,L, 	(30-MAY-2025 15:48:28)
2,27 , 0,0,220021,0,L, 	(30-MAY-2025 15:48:28)
2,27 , 0,0,220021,0,L, 	(30-MAY-2025 15:48:28)
2,27 , 0,0,220021,0,L, 	(30-MAY-2025 15:48:28)
2,27 , 0,0,220021,0,L, 	(30-MAY-2025 15:48:28)
2,27 , 0,0,220021,0,L, 	(30-MAY-2025 15:48:28)
2,27 , 0,0,220021,0,L, 	(30-MAY-2025 15:48:28)
2,27 , 0,0,220021,0,L, 	(30-MAY-2025 15:48:28)
2,27 , 0,0,220021,0,L, 	(30-MAY-2025 15:48:28)
2,27 , 0,0,220021,0,L, 	(30-MAY-2025 15:48:28)
2,27 , 0,0,220021,0,L, 	(30-MAY-2025 15:48:28)
2,27 , 0,0,220021,0,L, 	(30-MAY-2025 15:48:28)
2,27 , 0,0,220021,0,L, 	(30-MAY-2025 15:48:28)
2,27 , 0,0,220021,0,L, 	(30-MAY-2025 15:48:28)
2,27 , 0,0,220021,0,L, 	(30-MAY-2025 15:48:28)
2,27 , 0,0,220021,0,L, 	(30-MAY-2025 15:48:28)
2,27 , 0,0,220021,0,L, 	(30-MAY-2025 15:48:28)
2,27 , 0,0,220021,0,L, 	(30-MAY-2025 15:48:28)
2,27 , 0,0,220021,0,L, 	(30-MAY-2025 15:48:28)
2,27 , 0,0,220021,0,L, 	(30-MAY-2025 15:48:28)
2,27 , 0,0,220021,0,L, 	(30-MAY-2025 15:48:28)
2,27 , 0,0,220021,0,L, 	(30-MAY-2025 15:48:28)
2,27 , 0,0,220021,0,L, 	(30-MAY-2025 15:48:28)
2,27 , 0,0,220021,0,L, 	(30-MAY-2025 15:48:28)
2,27 , 0,0,220021,0,L, 	(30-MAY-2025 15:48:28)
2,27 , 0,0,220019,1,L, 	(30-MAY-2025 15:48:28)
2,27 , 0,0,220019,1,L, 	(30-MAY-2025 15:48:28)
2,27 , 0,0,220019,1,L, 	(30-MAY-2025 15:48:28)
2,27 , 0,0,220019,1,L, 	(30-MAY-2025 15:48:28)
2,27 , 0,0,220019,1,L, 	(30-MAY-2025 15:48:28)
2,27 , 0,0,220019,1,L, 	(30-MAY-2025 15:48:28)
2,27 , 0,0,220019,1,L, 	(30-MAY-2025 15:48:28)
2,27 , 0,0,220019,1,L, 	(30-MAY-2025 15:48:28)
2,27 , 0,0,220019,1,L, 	(30-MAY-2025 15:48:28)
2,27 , 0,0,220019,1,L, 	(30-MAY-2025 15:48:28)
2,27 , 0,0,220019,1,L, 	(30-MAY-2025 15:48:28)
2,27 , 0,0,220019,1,L, 	(30-MAY-2025 15:48:28)
2,27 , 0,0,220019,1,L, 	(30-MAY-2025 15:48:28)
2,27 , 0,0,220019,1,L, 	(30-MAY-2025 15:48:28)
2,27 , 0,0,220019,1,L, 	(30-MAY-2025 15:48:28)
2,27 , 0,0,220019,1,L, 	(30-MAY-2025 15:48:28)
2,27 , 0,0,220019,1,L, 	(30-MAY-2025 15:48:28)
2,27 , 0,0,220019,1,L, 	(30-MAY-2025 15:48:28)
2,27 , 0,0,220019,1,L, 	(30-MAY-2025 15:48:28)
2,27 , 0,0,220019,1,L, 	(30-MAY-2025 15:48:28)
2,27 , 0,0,220019,1,L, 	(30-MAY-2025 15:48:28)
2,27 , 0,0,220019,1,L, 	(30-MAY-2025 15:48:28)
2,27 , 0,0,220019,1,L, 	(30-MAY-2025 15:48:28)
2,27 , 0,0,220019,1,L, 	(30-MAY-2025 15:48:28)
2,27 , 0,0,220019,1,L, 	(30-MAY-2025 15:48:28)
2,27 , 0,0,220019,1,L, 	(30-MAY-2025 15:48:28)
2,27 , 0,0,220019,1,L, 	(30-MAY-2025 15:48:28)
2,27 , 0,0,220019,1,L, 	(30-MAY-2025 15:48:28)
2,27 , 0,0,220019,1,L, 	(30-MAY-2025 15:48:28)
2,27 , 0,0,220019,1,L, 	(30-MAY-2025 15:48:28)
2,27 , 0,0,221007,0,L, 	(30-MAY-2025 15:48:28)
2,27 , 0,0,221007,0,L, 	(30-MAY-2025 15:48:28)
2,27 , 0,0,221007,0,L, 	(30-MAY-2025 15:48:28)
2,27 , 0,0,221007,0,L, 	(30-MAY-2025 15:48:28)
2,27 , 0,0,221007,0,L, 	(30-MAY-2025 15:48:28)
2,27 , 0,0,221007,0,L, 	(30-MAY-2025 15:48:28)
2,27 , 0,0,221007,0,L, 	(30-MAY-2025 15:48:28)
2,27 , 0,0,221007,0,L, 	(30-MAY-2025 15:48:28)
2,27 , 0,0,221007,0,L, 	(30-MAY-2025 15:48:28)
2,27 , 0,0,221007,0,L, 	(30-MAY-2025 15:48:28)
2,27 , 0,0,221007,0,L, 	(30-MAY-2025 15:48:28)
2,27 , 0,0,221007,0,L, 	(30-MAY-2025 15:48:28)
2,27 , 0,0,221007,0,L, 	(30-MAY-2025 15:48:28)
2,27 , 0,0,221007,0,L, 	(30-MAY-2025 15:48:28)
2,27 , 0,0,221007,0,L, 	(30-MAY-2025 15:48:28)
2,27 , 0,0,221007,0,L, 	(30-MAY-2025 15:48:28)
2,27 , 0,0,221007,0,L, 	(30-MAY-2025 15:48:28)
2,27 , 0,0,221007,0,L, 	(30-MAY-2025 15:48:28)
2,27 , 0,0,221007,0,L, 	(30-MAY-2025 15:48:28)
2,27 , 0,0,221007,0,L, 	(30-MAY-2025 15:48:28)
2,27 , 0,0,221007,0,L, 	(30-MAY-2025 15:48:28)
2,27 , 0,0,221007,0,L, 	(30-MAY-2025 15:48:28)
2,27 , 0,0,221007,0,L, 	(30-MAY-2025 15:48:28)
2,27 , 0,0,221007,0,L, 	(30-MAY-2025 15:48:28)
2,27 , 0,0,221007,0,L, 	(30-MAY-2025 15:48:28)
2,27 , 0,0,221007,0,L, 	(30-MAY-2025 15:48:28)
2,27 , 0,0,221007,0,L, 	(30-MAY-2025 15:48:28)
2,27 , 0,0,221007,0,L, 	(30-MAY-2025 15:48:28)
2,27 , 0,0,221007,0,L, 	(30-MAY-2025 15:48:28)
2,27 , 0,0,221007,0,L, 	(30-MAY-2025 15:48:28)
2,27 , 0,0,221007,0,L, 	(30-MAY-2025 15:48:28)
2,27 , 0,0,220025,0,L, 	(30-MAY-2025 15:48:28)
2,27 , 0,0,220025,0,L, 	(30-MAY-2025 15:48:28)
2,27 , 0,0,220025,0,L, 	(30-MAY-2025 15:48:28)
2,27 , 0,0,220025,0,L, 	(30-MAY-2025 15:48:28)
2,27 , 0,0,220025,0,L, 	(30-MAY-2025 15:48:28)
2,27 , 0,0,220025,0,L, 	(30-MAY-2025 15:48:28)
2,27 , 0,0,220025,0,L, 	(30-MAY-2025 15:48:28)
2,27 , 0,0,220025,0,L, 	(30-MAY-2025 15:48:28)
2,27 , 0,0,220025,0,L, 	(30-MAY-2025 15:48:28)
2,27 , 0,0,220025,0,L, 	(30-MAY-2025 15:48:28)
2,27 , 0,0,220025,0,L, 	(30-MAY-2025 15:48:28)
2,27 , 0,0,220025,0,L, 	(30-MAY-2025 15:48:28)
2,27 , 0,0,220025,0,L, 	(30-MAY-2025 15:48:28)
2,27 , 0,0,220025,0,L, 	(30-MAY-2025 15:48:28)
2,27 , 0,0,220025,0,L, 	(30-MAY-2025 15:48:28)
2,27 , 0,0,220025,0,L, 	(30-MAY-2025 15:48:28)
2,27 , 0,0,220025,0,L, 	(30-MAY-2025 15:48:28)
2,27 , 0,0,220025,0,L, 	(30-MAY-2025 15:48:28)
2,27 , 0,0,220025,0,L, 	(30-MAY-2025 15:48:28)
2,27 , 0,0,220025,0,L, 	(30-MAY-2025 15:48:28)
2,27 , 0,0,220025,0,L, 	(30-MAY-2025 15:48:28)
2,27 , 0,0,220025,0,L, 	(30-MAY-2025 15:48:28)
2,27 , 0,0,220025,0,L, 	(30-MAY-2025 15:48:28)
2,27 , 0,0,220025,0,L, 	(30-MAY-2025 15:48:28)
2,27 , 0,0,220025,0,L, 	(30-MAY-2025 15:48:28)
2,27 , 0,0,220025,0,L, 	(30-MAY-2025 15:48:28)
2,27 , 0,0,220025,0,L, 	(30-MAY-2025 15:48:28)
2,27 , 0,0,220025,0,L, 	(30-MAY-2025 15:48:28)
2,27 , 0,0,220025,0,L, 	(30-MAY-2025 15:48:28)
2,27 , 0,0,220024,0,L, 	(30-MAY-2025 15:48:28)
2,27 , 0,0,220024,0,L, 	(30-MAY-2025 15:48:28)
2,27 , 0,0,220024,0,L, 	(30-MAY-2025 15:48:28)
2,27 , 0,0,220024,0,L, 	(30-MAY-2025 15:48:28)
2,27 , 0,0,220024,0,L, 	(30-MAY-2025 15:48:28)
2,27 , 0,0,220024,0,L, 	(30-MAY-2025 15:48:28)
2,27 , 0,0,220024,0,L, 	(30-MAY-2025 15:48:28)
2,27 , 0,0,220024,0,L, 	(30-MAY-2025 15:48:28)
2,27 , 0,0,220024,0,L, 	(30-MAY-2025 15:48:28)
2,27 , 0,0,220024,0,L, 	(30-MAY-2025 15:48:28)
2,27 , 0,0,220024,0,L, 	(30-MAY-2025 15:48:28)
2,27 , 0,0,220024,0,L, 	(30-MAY-2025 15:48:28)
2,27 , 0,0,220024,0,L, 	(30-MAY-2025 15:48:28)
2,27 , 0,0,220024,0,L, 	(30-MAY-2025 15:48:28)
2,27 , 0,0,220024,0,L, 	(30-MAY-2025 15:48:28)
2,27 , 0,0,220024,0,L, 	(30-MAY-2025 15:48:28)
2,27 , 0,0,220024,0,L, 	(30-MAY-2025 15:48:28)
2,27 , 0,0,220024,0,L, 	(30-MAY-2025 15:48:28)
2,27 , 0,0,220024,0,L, 	(30-MAY-2025 15:48:28)
2,27 , 0,0,220024,0,L, 	(30-MAY-2025 15:48:28)
2,27 , 0,0,220024,0,L, 	(30-MAY-2025 15:48:28)
2,27 , 0,0,220024,0,L, 	(30-MAY-2025 15:48:28)
2,27 , 0,0,220024,0,L, 	(30-MAY-2025 15:48:28)
2,27 , 0,0,220024,0,L, 	(30-MAY-2025 15:48:28)
2,27 , 0,0,220024,0,L, 	(30-MAY-2025 15:48:28)
2,27 , 0,0,220024,0,L, 	(30-MAY-2025 15:48:28)
2,27 , 0,0,220024,0,L, 	(30-MAY-2025 15:48:28)
2,27 , 0,0,220024,0,L, 	(30-MAY-2025 15:48:28)
2,27 , 0,0,220024,0,L, 	(30-MAY-2025 15:48:28)
2,27 , 0,0,220024,0,L, 	(30-MAY-2025 15:48:28)
2,27 , 0,0,220024,0,L, 	(30-MAY-2025 15:48:28)
2,27 , 0,0,225003,0,L, 	(30-MAY-2025 15:48:28)
2,27 , 0,0,225003,0,L, 	(30-MAY-2025 15:48:28)
2,27 , 0,0,225003,0,L, 	(30-MAY-2025 15:48:28)
2,27 , 0,0,225003,0,L, 	(30-MAY-2025 15:48:28)
2,27 , 0,0,225003,0,L, 	(30-MAY-2025 15:48:28)
2,27 , 0,0,225003,0,L, 	(30-MAY-2025 15:48:28)
2,27 , 0,0,225003,0,L, 	(30-MAY-2025 15:48:28)
2,27 , 0,0,225003,0,L, 	(30-MAY-2025 15:48:28)
2,27 , 0,0,225003,0,L, 	(30-MAY-2025 15:48:28)
2,27 , 0,0,225003,0,L, 	(30-MAY-2025 15:48:28)
2,27 , 0,0,225003,0,L, 	(30-MAY-2025 15:48:28)
2,27 , 0,0,225003,0,L, 	(30-MAY-2025 15:48:28)
2,27 , 0,0,225003,0,L, 	(30-MAY-2025 15:48:28)
2,27 , 0,0,225003,0,L, 	(30-MAY-2025 15:48:28)
2,27 , 0,0,225003,0,L, 	(30-MAY-2025 15:48:28)
2,27 , 0,0,225003,0,L, 	(30-MAY-2025 15:48:28)
2,27 , 0,0,225003,0,L, 	(30-MAY-2025 15:48:28)
2,27 , 0,0,225003,0,L, 	(30-MAY-2025 15:48:28)
2,27 , 0,0,225003,0,L, 	(30-MAY-2025 15:48:28)
2,27 , 0,0,225003,0,L, 	(30-MAY-2025 15:48:28)
2,27 , 0,0,225003,0,L, 	(30-MAY-2025 15:48:28)
2,27 , 0,0,225003,0,L, 	(30-MAY-2025 15:48:28)
2,27 , 0,0,225003,0,L, 	(30-MAY-2025 15:48:28)
2,27 , 0,0,225003,0,L, 	(30-MAY-2025 15:48:28)
2,27 , 0,0,225003,0,L, 	(30-MAY-2025 15:48:28)
2,27 , 0,0,225003,0,L, 	(30-MAY-2025 15:48:28)
2,27 , 0,0,225003,0,L, 	(30-MAY-2025 15:48:28)
2,27 , 0,0,225003,0,L, 	(30-MAY-2025 15:48:28)
2,27 , 0,0,225003,0,L, 	(30-MAY-2025 15:48:28)
2,27 , 0,0,225003,0,L, 	(30-MAY-2025 15:48:28)
2,27 , 0,0,225003,0,L, 	(30-MAY-2025 15:48:28)
2,27 , 0,0,223083,0,L, 	(30-MAY-2025 15:48:28)
2,27 , 0,0,223083,0,L, 	(30-MAY-2025 15:48:28)
2,27 , 0,0,223083,0,L, 	(30-MAY-2025 15:48:28)
2,27 , 0,0,223083,0,L, 	(30-MAY-2025 15:48:28)
2,27 , 0,0,223083,0,L, 	(30-MAY-2025 15:48:28)
2,27 , 0,0,223083,0,L, 	(30-MAY-2025 15:48:28)
2,27 , 0,0,223083,0,L, 	(30-MAY-2025 15:48:28)
2,27 , 0,0,223083,0,L, 	(30-MAY-2025 15:48:28)
2,27 , 0,0,223083,0,L, 	(30-MAY-2025 15:48:28)
2,27 , 0,0,223083,0,L, 	(30-MAY-2025 15:48:28)
2,27 , 0,0,223083,0,L, 	(30-MAY-2025 15:48:28)
2,27 , 0,0,223083,0,L, 	(30-MAY-2025 15:48:28)
2,27 , 0,0,223083,0,L, 	(30-MAY-2025 15:48:28)
2,27 , 0,0,223083,0,L, 	(30-MAY-2025 15:48:28)
2,27 , 0,0,223083,0,L, 	(30-MAY-2025 15:48:28)
2,27 , 0,0,223083,0,L, 	(30-MAY-2025 15:48:28)
2,27 , 0,0,223083,0,L, 	(30-MAY-2025 15:48:28)
2,27 , 0,0,223083,0,L, 	(30-MAY-2025 15:48:28)
2,27 , 0,0,223083,0,L, 	(30-MAY-2025 15:48:28)
2,27 , 0,0,223083,0,L, 	(30-MAY-2025 15:48:28)
2,27 , 0,0,223083,0,L, 	(30-MAY-2025 15:48:28)
2,27 , 0,0,223083,0,L, 	(30-MAY-2025 15:48:28)
2,27 , 0,0,223083,0,L, 	(30-MAY-2025 15:48:28)
2,27 , 0,0,223083,0,L, 	(30-MAY-2025 15:48:28)
2,27 , 0,0,223083,0,L, 	(30-MAY-2025 15:48:28)
2,27 , 0,0,223083,0,L, 	(30-MAY-2025 15:48:28)
2,27 , 0,0,223083,0,L, 	(30-MAY-2025 15:48:28)
2,27 , 0,0,223083,0,L, 	(30-MAY-2025 15:48:28)
2,27 , 0,0,223083,0,L, 	(30-MAY-2025 15:48:28)
2,27 , 0,0,223083,0,L, 	(30-MAY-2025 15:48:28)
2,27 , 0,0,223085,0,L, 	(30-MAY-2025 15:48:28)
2,27 , 0,0,223085,0,L, 	(30-MAY-2025 15:48:28)
2,27 , 0,0,223085,0,L, 	(30-MAY-2025 15:48:28)
2,27 , 0,0,223085,0,L, 	(30-MAY-2025 15:48:28)
2,27 , 0,0,223085,0,L, 	(30-MAY-2025 15:48:28)
2,27 , 0,0,223085,0,L, 	(30-MAY-2025 15:48:28)
2,27 , 0,0,223085,0,L, 	(30-MAY-2025 15:48:28)
2,27 , 0,0,223085,0,L, 	(30-MAY-2025 15:48:28)
2,27 , 0,0,223085,0,L, 	(30-MAY-2025 15:48:28)
2,27 , 0,0,223085,0,L, 	(30-MAY-2025 15:48:28)
2,27 , 0,0,223085,0,L, 	(30-MAY-2025 15:48:28)
2,27 , 0,0,223085,0,L, 	(30-MAY-2025 15:48:28)
2,27 , 0,0,223085,0,L, 	(30-MAY-2025 15:48:28)
2,27 , 0,0,223085,0,L, 	(30-MAY-2025 15:48:28)
2,27 , 0,0,223085,0,L, 	(30-MAY-2025 15:48:28)
2,27 , 0,0,223085,0,L, 	(30-MAY-2025 15:48:28)
2,27 , 0,0,223085,0,L, 	(30-MAY-2025 15:48:28)
2,27 , 0,0,223085,0,L, 	(30-MAY-2025 15:48:28)
2,27 , 0,0,223085,0,L, 	(30-MAY-2025 15:48:28)
2,27 , 0,0,223085,0,L, 	(30-MAY-2025 15:48:28)
2,27 , 0,0,223085,0,L, 	(30-MAY-2025 15:48:28)
2,27 , 0,0,223085,0,L, 	(30-MAY-2025 15:48:28)
2,27 , 0,0,223085,0,L, 	(30-MAY-2025 15:48:28)
2,27 , 0,0,223085,0,L, 	(30-MAY-2025 15:48:28)
2,27 , 0,0,223085,0,L, 	(30-MAY-2025 15:48:28)
2,27 , 0,0,223085,0,L, 	(30-MAY-2025 15:48:28)
2,27 , 0,0,223085,0,L, 	(30-MAY-2025 15:48:28)
2,27 , 0,0,223085,0,L, 	(30-MAY-2025 15:48:28)
2,27 , 0,0,223085,0,L, 	(30-MAY-2025 15:48:28)
2,27 , 0,0,223085,0,L, 	(30-MAY-2025 15:48:28)
2,27 , 0,0,223085,0,L, 	(30-MAY-2025 15:48:28)
2,27 , 0,0,223082,0,L, 	(30-MAY-2025 15:48:28)
2,27 , 0,0,223082,0,L, 	(30-MAY-2025 15:48:28)
2,27 , 0,0,223082,0,L, 	(30-MAY-2025 15:48:28)
2,27 , 0,0,223082,0,L, 	(30-MAY-2025 15:48:28)
2,27 , 0,0,223082,0,L, 	(30-MAY-2025 15:48:28)
2,27 , 0,0,223082,0,L, 	(30-MAY-2025 15:48:28)
2,27 , 0,0,223082,0,L, 	(30-MAY-2025 15:48:28)
2,27 , 0,0,223082,0,L, 	(30-MAY-2025 15:48:28)
2,27 , 0,0,223082,0,L, 	(30-MAY-2025 15:48:28)
2,27 , 0,0,223082,0,L, 	(30-MAY-2025 15:48:28)
2,27 , 0,0,223082,0,L, 	(30-MAY-2025 15:48:28)
2,27 , 0,0,223082,0,L, 	(30-MAY-2025 15:48:28)
2,27 , 0,0,223082,0,L, 	(30-MAY-2025 15:48:28)
2,27 , 0,0,223082,0,L, 	(30-MAY-2025 15:48:28)
2,27 , 0,0,223082,0,L, 	(30-MAY-2025 15:48:28)
2,27 , 0,0,223082,1,L, 	(30-MAY-2025 15:48:28)
2,27 , 0,0,223082,1,L, 	(30-MAY-2025 15:48:28)
2,27 , 0,0,223082,1,L, 	(30-MAY-2025 15:48:28)
2,27 , 0,0,223082,1,L, 	(30-MAY-2025 15:48:28)
2,27 , 0,0,223082,1,L, 	(30-MAY-2025 15:48:28)
2,27 , 0,0,223082,1,L, 	(30-MAY-2025 15:48:28)
2,27 , 0,0,223082,1,L, 	(30-MAY-2025 15:48:28)
2,27 , 0,0,223082,1,L, 	(30-MAY-2025 15:48:28)
2,27 , 0,0,223082,1,L, 	(30-MAY-2025 15:48:28)
2,27 , 0,0,223082,1,L, 	(30-MAY-2025 15:48:28)
2,27 , 0,0,223082,1,L, 	(30-MAY-2025 15:48:28)
2,27 , 0,0,223082,1,L, 	(30-MAY-2025 15:48:28)
2,27 , 0,0,223082,1,L, 	(30-MAY-2025 15:48:28)
2,27 , 0,0,223082,1,L, 	(30-MAY-2025 15:48:28)
2,27 , 0,0,223082,1,L, 	(30-MAY-2025 15:48:28)
2,27 , 0,0,223082,1,L, 	(30-MAY-2025 15:48:28)
2,27 , 0,0,222019,1,L, 	(30-MAY-2025 15:48:28)
2,27 , 0,0,222019,1,L, 	(30-MAY-2025 15:48:28)
2,27 , 0,0,222019,1,L, 	(30-MAY-2025 15:48:28)
2,27 , 0,0,222019,1,L, 	(30-MAY-2025 15:48:28)
2,27 , 0,0,222019,1,L, 	(30-MAY-2025 15:48:28)
2,27 , 0,0,222019,1,L, 	(30-MAY-2025 15:48:28)
2,27 , 0,0,222019,1,L, 	(30-MAY-2025 15:48:28)
2,27 , 0,0,222019,1,L, 	(30-MAY-2025 15:48:28)
2,27 , 0,0,222019,1,L, 	(30-MAY-2025 15:48:28)
2,27 , 0,0,222019,1,L, 	(30-MAY-2025 15:48:28)
2,27 , 0,0,222019,1,L, 	(30-MAY-2025 15:48:28)
2,27 , 0,0,222019,1,L, 	(30-MAY-2025 15:48:28)
2,27 , 0,0,222019,1,L, 	(30-MAY-2025 15:48:28)
2,27 , 0,0,222019,1,L, 	(30-MAY-2025 15:48:28)
2,27 , 0,0,222019,1,L, 	(30-MAY-2025 15:48:28)
2,27 , 0,0,222019,1,L, 	(30-MAY-2025 15:48:28)
2,27 , 0,0,222019,1,L, 	(30-MAY-2025 15:48:28)
2,27 , 0,0,222019,1,L, 	(30-MAY-2025 15:48:28)
2,27 , 0,0,222019,1,L, 	(30-MAY-2025 15:48:28)
2,27 , 0,0,222019,1,L, 	(30-MAY-2025 15:48:28)
2,27 , 0,0,222019,1,L, 	(30-MAY-2025 15:48:28)
2,27 , 0,0,222019,1,L, 	(30-MAY-2025 15:48:28)
2,27 , 0,0,222019,1,L, 	(30-MAY-2025 15:48:28)
2,27 , 0,0,222019,1,L, 	(30-MAY-2025 15:48:28)
2,27 , 0,0,222019,1,L, 	(30-MAY-2025 15:48:28)
2,27 , 0,0,222019,1,L, 	(30-MAY-2025 15:48:28)
2,27 , 0,0,222019,1,L, 	(30-MAY-2025 15:48:28)
2,27 , 0,0,222019,1,L, 	(30-MAY-2025 15:48:28)
2,27 , 0,0,222019,1,L, 	(30-MAY-2025 15:48:28)
2,27 , 0,0,222019,1,L, 	(30-MAY-2025 15:48:28)
2,27 , 0,0,222019,1,L, 	(30-MAY-2025 15:48:28)
2,27 , 0,0,223084,1,L, 	(30-MAY-2025 15:48:28)
2,27 , 0,0,223084,1,L, 	(30-MAY-2025 15:48:28)
2,27 , 0,0,223084,1,L, 	(30-MAY-2025 15:48:28)
2,27 , 0,0,223084,1,L, 	(30-MAY-2025 15:48:28)
2,27 , 0,0,223084,1,L, 	(30-MAY-2025 15:48:28)
2,27 , 0,0,223084,1,L, 	(30-MAY-2025 15:48:28)
2,27 , 0,0,223084,1,L, 	(30-MAY-2025 15:48:28)
2,27 , 0,0,223084,1,L, 	(30-MAY-2025 15:48:28)
2,27 , 0,0,223084,1,L, 	(30-MAY-2025 15:48:28)
2,27 , 0,0,223084,1,L, 	(30-MAY-2025 15:48:28)
2,27 , 0,0,223084,1,L, 	(30-MAY-2025 15:48:28)
2,27 , 0,0,223084,1,L, 	(30-MAY-2025 15:48:28)
2,27 , 0,0,223084,1,L, 	(30-MAY-2025 15:48:28)
2,27 , 0,0,223084,1,L, 	(30-MAY-2025 15:48:28)
2,27 , 0,0,223084,1,L, 	(30-MAY-2025 15:48:28)
2,27 , 0,0,223086,0,L, 	(30-MAY-2025 15:48:28)
2,27 , 0,0,223086,0,L, 	(30-MAY-2025 15:48:28)
2,27 , 0,0,223086,0,L, 	(30-MAY-2025 15:48:28)
2,27 , 0,0,223086,0,L, 	(30-MAY-2025 15:48:28)
2,27 , 0,0,223086,0,L, 	(30-MAY-2025 15:48:28)
2,27 , 0,0,223086,0,L, 	(30-MAY-2025 15:48:28)
2,27 , 0,0,223086,0,L, 	(30-MAY-2025 15:48:28)
2,27 , 0,0,223086,0,L, 	(30-MAY-2025 15:48:28)
2,27 , 0,0,223086,0,L, 	(30-MAY-2025 15:48:28)
2,27 , 0,0,223086,0,L, 	(30-MAY-2025 15:48:28)
2,27 , 0,0,223086,0,L, 	(30-MAY-2025 15:48:28)
2,27 , 0,0,223086,0,L, 	(30-MAY-2025 15:48:28)
2,27 , 0,0,223086,0,L, 	(30-MAY-2025 15:48:28)
2,27 , 0,0,223086,0,L, 	(30-MAY-2025 15:48:28)
2,27 , 0,0,223086,0,L, 	(30-MAY-2025 15:48:28)
2,27 , 0,0,223086,0,L, 	(30-MAY-2025 15:48:28)
2,27 , 0,0,223086,0,L, 	(30-MAY-2025 15:48:28)
2,27 , 0,0,223086,0,L, 	(30-MAY-2025 15:48:28)
2,27 , 0,0,223086,0,L, 	(30-MAY-2025 15:48:28)
2,27 , 0,0,223086,0,L, 	(30-MAY-2025 15:48:28)
2,27 , 0,0,223086,0,L, 	(30-MAY-2025 15:48:28)
2,27 , 0,0,223086,0,L, 	(30-MAY-2025 15:48:28)
2,27 , 0,0,223086,0,L, 	(30-MAY-2025 15:48:28)
2,27 , 0,0,223086,0,L, 	(30-MAY-2025 15:48:28)
2,27 , 0,0,223086,0,L, 	(30-MAY-2025 15:48:28)
2,27 , 0,0,223086,0,L, 	(30-MAY-2025 15:48:28)
2,27 , 0,0,223086,0,L, 	(30-MAY-2025 15:48:28)
2,27 , 0,0,223086,0,L, 	(30-MAY-2025 15:48:28)
2,27 , 0,0,223086,0,L, 	(30-MAY-2025 15:48:28)
2,27 , 0,0,223086,0,L, 	(30-MAY-2025 15:48:28)
2,28 , 1,0,2,0,S, 	(30-MAY-2025 15:48:28)
2,28 , 1,0,2,0,S, 	(30-MAY-2025 15:48:28)
2,28 , 1,0,2,0,S, 	(30-MAY-2025 15:48:28)
2,28 , 1,0,2,0,S, 	(30-MAY-2025 15:48:28)
2,28 , 1,0,2,0,S, 	(30-MAY-2025 15:48:28)
2,28 , 1,0,2,0,S, 	(30-MAY-2025 15:48:28)
2,28 , 1,0,2,0,S, 	(30-MAY-2025 15:48:28)
2,28 , 1,0,2,0,S, 	(30-MAY-2025 15:48:28)
2,28 , 1,0,2,0,S, 	(30-MAY-2025 15:48:28)
2,28 , 1,0,2,0,S, 	(30-MAY-2025 15:48:28)
2,28 , 1,0,2,0,S, 	(30-MAY-2025 15:48:28)
2,28 , 1,0,2,0,S, 	(30-MAY-2025 15:48:28)
2,28 , 1,0,2,0,S, 	(30-MAY-2025 15:48:28)
2,28 , 1,0,2,0,S, 	(30-MAY-2025 15:48:28)
2,28 , 1,0,2,0,S, 	(30-MAY-2025 15:48:28)
2,28 , 1,0,2,0,S, 	(30-MAY-2025 15:48:28)
2,28 , 1,0,2,0,S, 	(30-MAY-2025 15:48:28)
2,28 , 1,0,2,0,S, 	(30-MAY-2025 15:48:28)
2,28 , 1,0,2,0,S, 	(30-MAY-2025 15:48:28)
2,28 , 1,0,2,0,S, 	(30-MAY-2025 15:48:28)
2,28 , 1,0,2,0,S, 	(30-MAY-2025 15:48:28)
2,28 , 1,0,2,0,S, 	(30-MAY-2025 15:48:28)
2,28 , 1,0,2,0,S, 	(30-MAY-2025 15:48:28)
2,28 , 1,0,2,0,S, 	(30-MAY-2025 15:48:28)
2,28 , 1,0,2,0,S, 	(30-MAY-2025 15:48:28)
2,28 , 1,0,2,0,S, 	(30-MAY-2025 15:48:28)
2,28 , 1,0,2,0,S, 	(30-MAY-2025 15:48:28)
2,28 , 1,0,2,0,S, 	(30-MAY-2025 15:48:28)
2,28 , 1,0,2,0,S, 	(30-MAY-2025 15:48:28)
2,28 , 1,0,2,0,S, 	(30-MAY-2025 15:48:28)
2,28 , 1,0,2,0,S, 	(30-MAY-2025 15:48:28)
2,28 , 1,0,2,0,S, 	(30-MAY-2025 15:48:28)
2,28 , 1,0,2,0,S, 	(30-MAY-2025 15:48:28)
2,28 , 1,0,2,0,S, 	(30-MAY-2025 15:48:28)
2,28 , 1,0,2,0,S, 	(30-MAY-2025 15:48:28)
2,28 , 1,0,2,0,S, 	(30-MAY-2025 15:48:28)
2,28 , 1,0,2,0,S, 	(30-MAY-2025 15:48:28)
2,28 , 1,0,2,0,S, 	(30-MAY-2025 15:48:28)
2,28 , 1,0,2,0,S, 	(30-MAY-2025 15:48:28)
2,28 , 1,0,2,0,S, 	(30-MAY-2025 15:48:28)
2,28 , 1,0,2,0,S, 	(30-MAY-2025 15:48:28)
2,28 , 1,0,2,0,S, 	(30-MAY-2025 15:48:28)
2,28 , 1,0,2,0,S, 	(30-MAY-2025 15:48:28)
2,28 , 1,0,2,0,S, 	(30-MAY-2025 15:48:28)
2,28 , 1,0,2,0,S, 	(30-MAY-2025 15:48:28)
2,28 , 1,0,2,0,S, 	(30-MAY-2025 15:48:28)
2,28 , 1,0,2,0,S, 	(30-MAY-2025 15:48:28)
2,28 , 1,0,2,0,S, 	(30-MAY-2025 15:48:28)
2,28 , 1,0,2,0,S, 	(30-MAY-2025 15:48:28)
2,28 , 1,0,2,0,S, 	(30-MAY-2025 15:48:28)
2,28 , 1,0,2,0,S, 	(30-MAY-2025 15:48:28)
2,28 , 1,0,2,0,S, 	(30-MAY-2025 15:48:28)
2,28 , 1,0,2,0,S, 	(30-MAY-2025 15:48:28)
2,28 , 1,0,2,0,S, 	(30-MAY-2025 15:48:28)
2,28 , 1,0,2,0,S, 	(30-MAY-2025 15:48:28)
2,28 , 1,0,2,0,S, 	(30-MAY-2025 15:48:28)
2,28 , 1,0,2,0,S, 	(30-MAY-2025 15:48:28)
2,28 , 1,0,2,0,S, 	(30-MAY-2025 15:48:28)
2,28 , 1,0,2,0,S, 	(30-MAY-2025 15:48:28)
2,28 , 1,0,2,0,S, 	(30-MAY-2025 15:48:28)
2,28 , 1,0,2,0,S, 	(30-MAY-2025 15:48:28)
2,28 , 1,0,2,0,S, 	(30-MAY-2025 15:48:28)
2,28 , 1,0,2,0,S, 	(30-MAY-2025 15:48:28)
2,28 , 1,0,2,0,S, 	(30-MAY-2025 15:48:28)
2,28 , 1,0,2,0,S, 	(30-MAY-2025 15:48:28)
2,28 , 1,0,2,0,S, 	(30-MAY-2025 15:48:28)
2,28 , 1,0,2,0,S, 	(30-MAY-2025 15:48:28)
2,28 , 1,0,2,0,S, 	(30-MAY-2025 15:48:28)
2,28 , 1,0,2,0,S, 	(30-MAY-2025 15:48:28)
2,28 , 1,0,2,0,S, 	(30-MAY-2025 15:48:28)
2,28 , 1,0,2,0,S, 	(30-MAY-2025 15:48:28)
2,28 , 1,0,2,0,S, 	(30-MAY-2025 15:48:28)
2,28 , 1,0,2,0,S, 	(30-MAY-2025 15:48:28)
2,28 , 1,0,2,0,S, 	(30-MAY-2025 15:48:28)
2,28 , 1,0,2,0,S, 	(30-MAY-2025 15:48:28)
2,28 , 1,0,2,0,S, 	(30-MAY-2025 15:48:28)
2,28 , 1,0,2,0,S, 	(30-MAY-2025 15:48:28)
2,28 , 1,0,2,0,S, 	(30-MAY-2025 15:48:28)
2,28 , 1,0,2,0,S, 	(30-MAY-2025 15:48:28)
2,28 , 1,0,2,0,S, 	(30-MAY-2025 15:48:28)
2,28 , 1,0,2,0,S, 	(30-MAY-2025 15:48:28)
2,28 , 1,0,2,0,S, 	(30-MAY-2025 15:48:28)
2,28 , 1,0,2,0,S, 	(30-MAY-2025 15:48:28)
2,28 , 1,0,2,0,S, 	(30-MAY-2025 15:48:28)
2,28 , 1,0,2,0,S, 	(30-MAY-2025 15:48:28)
2,28 , 1,0,2,0,S, 	(30-MAY-2025 15:48:28)
2,28 , 1,0,2,0,S, 	(30-MAY-2025 15:48:28)
2,28 , 1,0,2,0,S, 	(30-MAY-2025 15:48:28)
2,28 , 1,0,2,0,S, 	(30-MAY-2025 15:48:28)
2,28 , 1,0,2,0,S, 	(30-MAY-2025 15:48:28)
2,28 , 1,0,2,0,S, 	(30-MAY-2025 15:48:28)
2,28 , 1,0,2,0,S, 	(30-MAY-2025 15:48:28)
2,28 , 1,0,2,0,S, 	(30-MAY-2025 15:48:28)
2,28 , 1,0,2,0,S, 	(30-MAY-2025 15:48:28)
2,28 , 1,0,2,0,S, 	(30-MAY-2025 15:48:28)
2,28 , 1,0,2,0,S, 	(30-MAY-2025 15:48:28)
2,28 , 1,0,2,0,S, 	(30-MAY-2025 15:48:28)
2,28 , 1,0,2,0,S, 	(30-MAY-2025 15:48:28)
2,28 , 1,0,2,0,S, 	(30-MAY-2025 15:48:28)
2,28 , 1,0,2,0,S, 	(30-MAY-2025 15:48:28)
2,28 , 1,0,2,0,S, 	(30-MAY-2025 15:48:28)
2,28 , 1,0,2,0,S, 	(30-MAY-2025 15:48:28)
2,28 , 1,0,2,0,S, 	(30-MAY-2025 15:48:28)
2,28 , 1,0,2,0,S, 	(30-MAY-2025 15:48:28)
2,28 , 1,0,2,0,S, 	(30-MAY-2025 15:48:28)
2,28 , 1,0,2,0,S, 	(30-MAY-2025 15:48:28)
2,28 , 1,0,2,0,S, 	(30-MAY-2025 15:48:28)
2,28 , 1,0,2,0,S, 	(30-MAY-2025 15:48:28)
2,28 , 1,0,2,0,S, 	(30-MAY-2025 15:48:28)
2,28 , 1,0,2,0,S, 	(30-MAY-2025 15:48:28)
2,28 , 1,0,2,0,S, 	(30-MAY-2025 15:48:28)
2,28 , 1,0,2,0,S, 	(30-MAY-2025 15:48:28)
2,28 , 1,0,2,0,S, 	(30-MAY-2025 15:48:28)
2,28 , 1,0,2,0,S, 	(30-MAY-2025 15:48:28)
2,28 , 1,0,2,0,S, 	(30-MAY-2025 15:48:28)
2,28 , 1,0,2,0,S, 	(30-MAY-2025 15:48:28)
2,28 , 1,0,2,0,S, 	(30-MAY-2025 15:48:28)
2,28 , 1,0,2,0,S, 	(30-MAY-2025 15:48:28)
2,28 , 1,0,2,0,S, 	(30-MAY-2025 15:48:28)
2,28 , 1,0,2,0,S, 	(30-MAY-2025 15:48:28)
2,28 , 1,0,2,0,S, 	(30-MAY-2025 15:48:28)
2,28 , 1,0,2,0,S, 	(30-MAY-2025 15:48:28)
2,28 , 1,0,2,0,S, 	(30-MAY-2025 15:48:28)
2,28 , 1,0,2,0,S, 	(30-MAY-2025 15:48:28)
2,28 , 1,0,2,0,S, 	(30-MAY-2025 15:48:28)
2,28 , 1,0,2,0,S, 	(30-MAY-2025 15:48:28)
2,28 , 1,0,2,0,S, 	(30-MAY-2025 15:48:28)
2,28 , 1,0,2,0,S, 	(30-MAY-2025 15:48:28)
2,28 , 1,0,2,0,S, 	(30-MAY-2025 15:48:28)
2,28 , 1,0,2,0,S, 	(30-MAY-2025 15:48:28)
2,28 , 1,0,2,0,S, 	(30-MAY-2025 15:48:28)
2,28 , 1,0,2,0,S, 	(30-MAY-2025 15:48:28)
2,28 , 1,0,2,0,S, 	(30-MAY-2025 15:48:28)
2,28 , 1,0,2,0,S, 	(30-MAY-2025 15:48:28)
2,28 , 1,0,2,0,S, 	(30-MAY-2025 15:48:28)
2,28 , 1,0,2,0,S, 	(30-MAY-2025 15:48:28)
2,28 , 1,0,2,0,S, 	(30-MAY-2025 15:48:28)
2,28 , 1,0,2,0,S, 	(30-MAY-2025 15:48:28)
2,28 , 1,0,2,0,S, 	(30-MAY-2025 15:48:28)
2,28 , 1,0,2,0,S, 	(30-MAY-2025 15:48:28)
2,28 , 1,0,2,0,S, 	(30-MAY-2025 15:48:28)
2,28 , 1,0,2,0,S, 	(30-MAY-2025 15:48:28)
2,28 , 1,0,2,0,S, 	(30-MAY-2025 15:48:28)
2,28 , 1,0,2,0,S, 	(30-MAY-2025 15:48:28)
2,28 , 1,0,2,0,S, 	(30-MAY-2025 15:48:28)
2,28 , 1,0,2,0,S, 	(30-MAY-2025 15:48:28)
2,28 , 1,0,2,0,S, 	(30-MAY-2025 15:48:28)
2,28 , 1,0,2,0,S, 	(30-MAY-2025 15:48:28)
2,28 , 1,0,2,0,S, 	(30-MAY-2025 15:48:28)
2,28 , 1,0,2,0,S, 	(30-MAY-2025 15:48:28)
2,28 , 1,0,2,0,S, 	(30-MAY-2025 15:48:28)
2,28 , 1,0,2,0,S, 	(30-MAY-2025 15:48:28)
2,28 , 1,0,2,0,S, 	(30-MAY-2025 15:48:28)
2,28 , 1,0,2,0,S, 	(30-MAY-2025 15:48:28)
2,28 , 1,0,2,0,S, 	(30-MAY-2025 15:48:28)
2,28 , 1,0,2,0,S, 	(30-MAY-2025 15:48:28)
2,28 , 1,0,2,0,S, 	(30-MAY-2025 15:48:28)
2,28 , 1,0,2,0,S, 	(30-MAY-2025 15:48:28)
2,28 , 1,0,2,0,S, 	(30-MAY-2025 15:48:28)
2,28 , 1,0,2,0,S, 	(30-MAY-2025 15:48:28)
2,28 , 1,0,2,0,S, 	(30-MAY-2025 15:48:28)
2,28 , 1,0,2,0,S, 	(30-MAY-2025 15:48:28)
2,28 , 1,0,2,0,S, 	(30-MAY-2025 15:48:28)
2,28 , 1,0,2,0,S, 	(30-MAY-2025 15:48:28)
2,28 , 1,0,2,0,S, 	(30-MAY-2025 15:48:28)
2,28 , 1,0,2,0,S, 	(30-MAY-2025 15:48:28)
2,28 , 1,0,2,0,S, 	(30-MAY-2025 15:48:28)
2,28 , 1,0,2,0,S, 	(30-MAY-2025 15:48:28)
2,28 , 1,0,2,0,S, 	(30-MAY-2025 15:48:28)
2,28 , 1,0,2,0,S, 	(30-MAY-2025 15:48:28)
2,28 , 1,0,2,0,S, 	(30-MAY-2025 15:48:28)
2,28 , 1,0,2,0,S, 	(30-MAY-2025 15:48:28)
2,28 , 1,0,2,0,S, 	(30-MAY-2025 15:48:28)
2,28 , 1,0,2,0,S, 	(30-MAY-2025 15:48:28)
2,28 , 1,0,2,0,S, 	(30-MAY-2025 15:48:28)
2,28 , 1,0,2,0,S, 	(30-MAY-2025 15:48:28)
2,28 , 1,0,2,0,S, 	(30-MAY-2025 15:48:28)
2,28 , 1,0,2,0,S, 	(30-MAY-2025 15:48:28)
2,28 , 1,0,2,0,S, 	(30-MAY-2025 15:48:28)
2,28 , 1,0,2,0,S, 	(30-MAY-2025 15:48:28)
2,28 , 1,0,2,0,S, 	(30-MAY-2025 15:48:28)
2,28 , 1,0,2,0,S, 	(30-MAY-2025 15:48:28)
2,28 , 1,0,2,0,S, 	(30-MAY-2025 15:48:28)
2,28 , 1,0,2,0,S, 	(30-MAY-2025 15:48:28)
2,28 , 1,0,2,0,S, 	(30-MAY-2025 15:48:28)
2,28 , 1,0,2,0,S, 	(30-MAY-2025 15:48:28)
2,28 , 1,0,2,0,S, 	(30-MAY-2025 15:48:28)
2,28 , 1,0,2,0,S, 	(30-MAY-2025 15:48:28)
2,28 , 1,0,2,0,S, 	(30-MAY-2025 15:48:28)
2,28 , 1,0,2,0,S, 	(30-MAY-2025 15:48:28)
2,28 , 1,0,2,0,S, 	(30-MAY-2025 15:48:28)
2,28 , 1,0,2,0,S, 	(30-MAY-2025 15:48:28)
2,28 , 1,0,2,0,S, 	(30-MAY-2025 15:48:28)
2,28 , 1,0,2,0,S, 	(30-MAY-2025 15:48:28)
2,28 , 1,0,2,0,S, 	(30-MAY-2025 15:48:28)
2,28 , 1,0,2,0,S, 	(30-MAY-2025 15:48:28)
2,28 , 1,0,2,0,S, 	(30-MAY-2025 15:48:28)
2,28 , 1,0,2,0,S, 	(30-MAY-2025 15:48:28)
2,28 , 1,0,2,0,S, 	(30-MAY-2025 15:48:28)
2,28 , 1,0,2,0,S, 	(30-MAY-2025 15:48:28)
2,28 , 1,0,2,0,S, 	(30-MAY-2025 15:48:28)
2,28 , 1,0,2,0,S, 	(30-MAY-2025 15:48:28)
2,28 , 1,0,2,0,S, 	(30-MAY-2025 15:48:28)
2,28 , 1,0,2,0,S, 	(30-MAY-2025 15:48:28)
2,28 , 1,0,2,0,S, 	(30-MAY-2025 15:48:28)
2,28 , 1,0,2,0,S, 	(30-MAY-2025 15:48:28)
2,28 , 1,0,2,0,S, 	(30-MAY-2025 15:48:28)
2,28 , 1,0,2,0,S, 	(30-MAY-2025 15:48:28)
2,28 , 1,0,2,0,S, 	(30-MAY-2025 15:48:28)
2,28 , 1,0,2,0,S, 	(30-MAY-2025 15:48:28)
2,28 , 1,0,2,0,S, 	(30-MAY-2025 15:48:28)
2,28 , 1,0,2,0,S, 	(30-MAY-2025 15:48:28)
2,28 , 1,0,2,0,S, 	(30-MAY-2025 15:48:28)
2,28 , 1,0,2,0,S, 	(30-MAY-2025 15:48:28)
2,28 , 1,0,2,0,S, 	(30-MAY-2025 15:48:28)
2,28 , 1,0,2,0,S, 	(30-MAY-2025 15:48:28)
2,28 , 1,0,2,0,S, 	(30-MAY-2025 15:48:28)
2,28 , 1,0,2,0,S, 	(30-MAY-2025 15:48:28)
2,28 , 1,0,2,0,S, 	(30-MAY-2025 15:48:28)
2,28 , 1,0,2,0,S, 	(30-MAY-2025 15:48:28)
2,28 , 1,0,2,0,S, 	(30-MAY-2025 15:48:28)
2,28 , 1,0,2,0,S, 	(30-MAY-2025 15:48:28)
2,28 , 1,0,2,0,S, 	(30-MAY-2025 15:48:28)
2,28 , 1,0,2,0,S, 	(30-MAY-2025 15:48:28)
2,28 , 1,0,2,0,S, 	(30-MAY-2025 15:48:28)
2,28 , 1,0,2,0,S, 	(30-MAY-2025 15:48:28)
2,28 , 1,0,2,0,S, 	(30-MAY-2025 15:48:28)
2,28 , 1,0,2,0,S, 	(30-MAY-2025 15:48:28)
2,28 , 1,0,2,0,S, 	(30-MAY-2025 15:48:28)
2,28 , 1,0,2,0,S, 	(30-MAY-2025 15:48:28)
2,28 , 1,0,2,0,S, 	(30-MAY-2025 15:48:28)
2,28 , 1,0,2,0,S, 	(30-MAY-2025 15:48:28)
2,28 , 1,0,2,0,S, 	(30-MAY-2025 15:48:28)
2,28 , 1,0,2,0,S, 	(30-MAY-2025 15:48:28)
2,28 , 1,0,2,0,S, 	(30-MAY-2025 15:48:28)
2,28 , 1,0,2,0,S, 	(30-MAY-2025 15:48:28)
2,28 , 1,0,2,0,S, 	(30-MAY-2025 15:48:28)
2,28 , 1,0,2,0,S, 	(30-MAY-2025 15:48:28)
2,28 , 1,0,2,0,S, 	(30-MAY-2025 15:48:28)
2,28 , 1,0,2,0,S, 	(30-MAY-2025 15:48:28)
2,28 , 1,0,2,0,S, 	(30-MAY-2025 15:48:28)
2,28 , 1,0,2,0,S, 	(30-MAY-2025 15:48:28)
2,28 , 1,0,2,0,S, 	(30-MAY-2025 15:48:28)
2,28 , 1,0,2,0,S, 	(30-MAY-2025 15:48:28)
2,28 , 1,0,2,0,S, 	(30-MAY-2025 15:48:28)
2,28 , 1,0,2,0,S, 	(30-MAY-2025 15:48:28)
2,28 , 1,0,2,0,S, 	(30-MAY-2025 15:48:28)
2,28 , 1,0,2,0,S, 	(30-MAY-2025 15:48:28)
2,28 , 1,0,2,0,S, 	(30-MAY-2025 15:48:28)
2,28 , 1,0,2,0,S, 	(30-MAY-2025 15:48:28)
2,28 , 1,0,2,0,S, 	(30-MAY-2025 15:48:28)
2,28 , 1,0,2,0,S, 	(30-MAY-2025 15:48:28)
2,28 , 1,0,2,0,S, 	(30-MAY-2025 15:48:28)
2,28 , 1,0,2,0,S, 	(30-MAY-2025 15:48:28)
2,28 , 1,0,2,0,S, 	(30-MAY-2025 15:48:28)
2,28 , 1,0,2,0,S, 	(30-MAY-2025 15:48:28)
2,28 , 1,0,2,0,S, 	(30-MAY-2025 15:48:29)
2,28 , 1,0,2,0,S, 	(30-MAY-2025 15:48:29)
2,28 , 1,0,1,0,S, 	(30-MAY-2025 15:48:29)
2,28 , 1,0,1,0,S, 	(30-MAY-2025 15:48:29)
2,28 , 1,0,1,0,S, 	(30-MAY-2025 15:48:29)
2,28 , 1,0,1,0,S, 	(30-MAY-2025 15:48:29)
2,28 , 1,0,1,0,S, 	(30-MAY-2025 15:48:29)
2,28 , 1,0,1,0,S, 	(30-MAY-2025 15:48:29)
2,28 , 1,0,1,0,S, 	(30-MAY-2025 15:48:29)
2,28 , 1,0,1,0,S, 	(30-MAY-2025 15:48:29)
2,28 , 1,0,1,0,S, 	(30-MAY-2025 15:48:29)
2,28 , 1,0,1,0,S, 	(30-MAY-2025 15:48:29)
2,28 , 1,0,1,0,S, 	(30-MAY-2025 15:48:29)
2,28 , 1,0,1,0,S, 	(30-MAY-2025 15:48:29)
2,28 , 1,0,1,0,S, 	(30-MAY-2025 15:48:29)
2,28 , 1,0,1,0,S, 	(30-MAY-2025 15:48:29)
2,28 , 1,0,1,0,S, 	(30-MAY-2025 15:48:29)
2,28 , 1,0,1,0,S, 	(30-MAY-2025 15:48:29)
2,28 , 1,0,1,0,S, 	(30-MAY-2025 15:48:29)
2,28 , 1,0,1,0,S, 	(30-MAY-2025 15:48:29)
2,28 , 1,0,1,0,S, 	(30-MAY-2025 15:48:29)
2,28 , 1,0,1,0,S, 	(30-MAY-2025 15:48:29)
2,28 , 1,0,1,0,S, 	(30-MAY-2025 15:48:29)
2,28 , 1,0,1,0,S, 	(30-MAY-2025 15:48:29)
2,28 , 1,0,1,0,S, 	(30-MAY-2025 15:48:29)
2,28 , 1,0,1,0,S, 	(30-MAY-2025 15:48:29)
2,28 , 1,0,1,0,S, 	(30-MAY-2025 15:48:29)
2,28 , 1,0,1,0,S, 	(30-MAY-2025 15:48:29)
2,28 , 1,0,1,0,S, 	(30-MAY-2025 15:48:29)
2,28 , 1,0,1,0,S, 	(30-MAY-2025 15:48:29)
2,28 , 1,0,1,0,S, 	(30-MAY-2025 15:48:29)
2,28 , 1,0,1,0,S, 	(30-MAY-2025 15:48:29)
2,28 , 1,0,1,0,S, 	(30-MAY-2025 15:48:29)
2,28 , 1,0,1,0,S, 	(30-MAY-2025 15:48:29)
2,28 , 1,0,1,0,S, 	(30-MAY-2025 15:48:29)
2,28 , 1,0,1,0,S, 	(30-MAY-2025 15:48:29)
2,28 , 1,0,1,0,S, 	(30-MAY-2025 15:48:29)
2,29 , 0,0,220026,0,L, 	(30-MAY-2025 15:48:29)
2,29 , 0,0,220026,0,L, 	(30-MAY-2025 15:48:29)
2,29 , 0,0,220026,0,L, 	(30-MAY-2025 15:48:29)
2,29 , 0,0,220026,0,L, 	(30-MAY-2025 15:48:29)
2,29 , 0,0,220026,0,L, 	(30-MAY-2025 15:48:29)
2,29 , 0,0,220026,0,L, 	(30-MAY-2025 15:48:29)
2,29 , 0,0,220026,0,L, 	(30-MAY-2025 15:48:29)
2,29 , 0,0,220026,0,L, 	(30-MAY-2025 15:48:29)
2,29 , 0,0,220026,0,L, 	(30-MAY-2025 15:48:29)
2,29 , 0,0,220026,0,L, 	(30-MAY-2025 15:48:29)
2,29 , 0,0,220026,0,L, 	(30-MAY-2025 15:48:29)
2,29 , 0,0,220026,0,L, 	(30-MAY-2025 15:48:29)
2,29 , 0,0,220026,0,L, 	(30-MAY-2025 15:48:29)
2,29 , 0,0,220026,0,L, 	(30-MAY-2025 15:48:29)
2,29 , 0,0,220026,0,L, 	(30-MAY-2025 15:48:29)
2,29 , 0,0,220026,0,L, 	(30-MAY-2025 15:48:29)
2,29 , 0,0,220026,0,L, 	(30-MAY-2025 15:48:29)
2,29 , 0,0,220026,0,L, 	(30-MAY-2025 15:48:29)
2,29 , 0,0,220026,0,L, 	(30-MAY-2025 15:48:29)
2,29 , 0,0,220026,0,L, 	(30-MAY-2025 15:48:29)
2,29 , 0,0,220026,0,L, 	(30-MAY-2025 15:48:29)
2,29 , 0,0,220026,0,L, 	(30-MAY-2025 15:48:29)
2,29 , 0,0,220026,0,L, 	(30-MAY-2025 15:48:29)
2,29 , 0,0,220026,0,L, 	(30-MAY-2025 15:48:29)
2,29 , 0,0,220026,0,L, 	(30-MAY-2025 15:48:29)
2,29 , 0,0,220026,0,L, 	(30-MAY-2025 15:48:29)
2,29 , 0,0,220026,0,L, 	(30-MAY-2025 15:48:29)
2,29 , 0,0,220026,0,L, 	(30-MAY-2025 15:48:29)
2,29 , 0,0,220026,0,L, 	(30-MAY-2025 15:48:29)
2,29 , 0,0,220026,0,L, 	(30-MAY-2025 15:48:29)
2,29 , 0,0,220026,0,L, 	(30-MAY-2025 15:48:29)
2,29 , 0,0,220026,0,L, 	(30-MAY-2025 15:48:29)
2,29 , 0,0,220026,0,L, 	(30-MAY-2025 15:48:29)
2,29 , 0,0,220026,0,L, 	(30-MAY-2025 15:48:29)
2,29 , 0,0,220026,0,L, 	(30-MAY-2025 15:48:29)
2,29 , 0,0,220026,0,L, 	(30-MAY-2025 15:48:29)
2,29 , 0,0,220026,0,L, 	(30-MAY-2025 15:48:29)
2,29 , 0,0,220026,0,L, 	(30-MAY-2025 15:48:29)
2,29 , 0,0,220026,0,L, 	(30-MAY-2025 15:48:29)
2,29 , 0,0,220026,0,L, 	(30-MAY-2025 15:48:29)
2,29 , 0,0,220026,0,L, 	(30-MAY-2025 15:48:29)
2,29 , 0,0,220026,0,L, 	(30-MAY-2025 15:48:29)
2,29 , 0,0,220026,0,L, 	(30-MAY-2025 15:48:29)
2,29 , 0,0,220026,0,L, 	(30-MAY-2025 15:48:29)
2,29 , 0,0,220026,0,L, 	(30-MAY-2025 15:48:29)
2,29 , 0,0,220026,0,L, 	(30-MAY-2025 15:48:29)
2,29 , 0,0,220026,0,L, 	(30-MAY-2025 15:48:29)
2,29 , 0,0,220026,0,L, 	(30-MAY-2025 15:48:29)
2,29 , 0,0,220026,0,L, 	(30-MAY-2025 15:48:29)
2,29 , 0,0,220026,0,L, 	(30-MAY-2025 15:48:29)
2,29 , 0,0,220026,0,L, 	(30-MAY-2025 15:48:29)
2,29 , 0,0,220026,0,L, 	(30-MAY-2025 15:48:29)
2,29 , 0,0,220026,0,L, 	(30-MAY-2025 15:48:29)
2,29 , 0,0,220026,0,L, 	(30-MAY-2025 15:48:29)
2,29 , 0,0,220026,0,L, 	(30-MAY-2025 15:48:29)
2,29 , 0,0,220026,0,L, 	(30-MAY-2025 15:48:29)
2,29 , 0,0,220026,0,L, 	(30-MAY-2025 15:48:29)
2,29 , 0,0,220026,0,L, 	(30-MAY-2025 15:48:29)
2,29 , 0,0,220026,0,L, 	(30-MAY-2025 15:48:29)
2,29 , 0,0,220026,0,L, 	(30-MAY-2025 15:48:29)
2,29 , 0,0,220026,0,L, 	(30-MAY-2025 15:48:29)
2,29 , 0,0,220026,0,L, 	(30-MAY-2025 15:48:29)
2,29 , 0,0,220026,0,L, 	(30-MAY-2025 15:48:29)
2,29 , 0,0,220026,0,L, 	(30-MAY-2025 15:48:29)
2,29 , 0,0,220026,0,L, 	(30-MAY-2025 15:48:29)
2,29 , 0,0,220026,0,L, 	(30-MAY-2025 15:48:29)
2,29 , 0,0,220026,0,L, 	(30-MAY-2025 15:48:29)
2,29 , 0,0,220026,0,L, 	(30-MAY-2025 15:48:29)
2,29 , 0,0,220026,0,L, 	(30-MAY-2025 15:48:29)
2,29 , 0,0,220026,0,L, 	(30-MAY-2025 15:48:29)
2,29 , 0,0,220026,0,L, 	(30-MAY-2025 15:48:29)
2,29 , 0,0,220026,0,L, 	(30-MAY-2025 15:48:29)
2,29 , 0,0,220026,0,L, 	(30-MAY-2025 15:48:29)
2,29 , 0,0,220026,0,L, 	(30-MAY-2025 15:48:29)
2,29 , 0,0,220026,0,L, 	(30-MAY-2025 15:48:29)
2,29 , 0,0,220026,0,L, 	(30-MAY-2025 15:48:29)
2,29 , 0,0,220026,0,L, 	(30-MAY-2025 15:48:29)
2,29 , 0,0,220026,0,L, 	(30-MAY-2025 15:48:29)
2,29 , 0,0,220026,0,L, 	(30-MAY-2025 15:48:29)
2,29 , 0,0,220026,0,L, 	(30-MAY-2025 15:48:29)
2,29 , 0,0,220026,0,L, 	(30-MAY-2025 15:48:29)
2,29 , 0,0,220026,0,L, 	(30-MAY-2025 15:48:29)
2,29 , 0,0,220026,0,L, 	(30-MAY-2025 15:48:29)
2,29 , 0,0,220026,0,L, 	(30-MAY-2025 15:48:29)
2,29 , 0,0,220026,0,L, 	(30-MAY-2025 15:48:29)
2,29 , 0,0,220026,0,L, 	(30-MAY-2025 15:48:29)
2,29 , 0,0,220026,0,L, 	(30-MAY-2025 15:48:29)
2,29 , 0,0,220026,0,L, 	(30-MAY-2025 15:48:29)
2,29 , 0,0,220026,0,L, 	(30-MAY-2025 15:48:29)
2,29 , 0,0,220026,0,L, 	(30-MAY-2025 15:48:29)
2,29 , 0,0,220026,0,L, 	(30-MAY-2025 15:48:29)
2,29 , 0,0,220026,0,L, 	(30-MAY-2025 15:48:29)
2,29 , 0,0,220026,0,L, 	(30-MAY-2025 15:48:29)
2,29 , 0,0,220026,0,L, 	(30-MAY-2025 15:48:29)
2,29 , 0,0,220026,0,L, 	(30-MAY-2025 15:48:29)
2,29 , 0,0,220026,0,L, 	(30-MAY-2025 15:48:29)
2,29 , 0,0,220026,0,L, 	(30-MAY-2025 15:48:29)
2,29 , 0,0,220026,0,L, 	(30-MAY-2025 15:48:29)
2,29 , 0,0,220026,0,L, 	(30-MAY-2025 15:48:29)
2,29 , 0,0,220026,0,L, 	(30-MAY-2025 15:48:29)
2,29 , 0,0,220026,0,L, 	(30-MAY-2025 15:48:29)
2,29 , 0,0,220026,0,L, 	(30-MAY-2025 15:48:29)
2,29 , 0,0,220026,0,L, 	(30-MAY-2025 15:48:29)
2,29 , 0,0,220026,0,L, 	(30-MAY-2025 15:48:29)
2,29 , 0,0,220026,0,L, 	(30-MAY-2025 15:48:29)
2,29 , 0,0,220026,0,L, 	(30-MAY-2025 15:48:29)
2,29 , 0,0,220026,0,L, 	(30-MAY-2025 15:48:29)
2,29 , 0,0,220026,0,L, 	(30-MAY-2025 15:48:29)
2,29 , 0,0,220026,0,L, 	(30-MAY-2025 15:48:29)
2,29 , 0,0,220026,0,L, 	(30-MAY-2025 15:48:29)
2,29 , 0,0,220026,0,L, 	(30-MAY-2025 15:48:29)
2,29 , 0,0,220026,0,L, 	(30-MAY-2025 15:48:29)
2,29 , 0,0,220026,0,L, 	(30-MAY-2025 15:48:29)
2,29 , 0,0,220026,0,L, 	(30-MAY-2025 15:48:29)
2,29 , 0,0,220026,0,L, 	(30-MAY-2025 15:48:29)
2,29 , 0,0,220026,0,L, 	(30-MAY-2025 15:48:29)
2,29 , 0,0,220026,0,L, 	(30-MAY-2025 15:48:29)
2,29 , 0,0,220026,0,L, 	(30-MAY-2025 15:48:29)
2,29 , 0,0,220026,0,L, 	(30-MAY-2025 15:48:29)
2,29 , 0,0,220026,0,L, 	(30-MAY-2025 15:48:29)
2,29 , 0,0,220026,0,L, 	(30-MAY-2025 15:48:29)
2,29 , 0,0,220026,0,L, 	(30-MAY-2025 15:48:29)
2,29 , 0,0,220026,0,L, 	(30-MAY-2025 15:48:29)
2,29 , 0,0,220026,0,L, 	(30-MAY-2025 15:48:29)
2,29 , 0,0,220026,0,L, 	(30-MAY-2025 15:48:29)
2,29 , 0,0,220026,0,L, 	(30-MAY-2025 15:48:29)
2,29 , 0,0,220026,0,L, 	(30-MAY-2025 15:48:29)
2,29 , 0,0,220026,0,L, 	(30-MAY-2025 15:48:29)
2,29 , 0,0,220026,0,L, 	(30-MAY-2025 15:48:29)
2,29 , 0,0,220026,0,L, 	(30-MAY-2025 15:48:29)
2,29 , 0,0,220026,0,L, 	(30-MAY-2025 15:48:29)
2,29 , 0,0,220026,0,L, 	(30-MAY-2025 15:48:29)
2,29 , 0,0,220026,0,L, 	(30-MAY-2025 15:48:29)
2,29 , 0,0,220026,0,L, 	(30-MAY-2025 15:48:29)
2,29 , 0,0,220026,0,L, 	(30-MAY-2025 15:48:29)
2,29 , 0,0,220026,0,L, 	(30-MAY-2025 15:48:29)
2,29 , 0,0,220026,0,L, 	(30-MAY-2025 15:48:29)
2,29 , 0,0,220026,0,L, 	(30-MAY-2025 15:48:29)
2,29 , 0,0,220026,0,L, 	(30-MAY-2025 15:48:29)
2,29 , 0,0,220026,0,L, 	(30-MAY-2025 15:48:29)
2,29 , 0,0,220026,0,L, 	(30-MAY-2025 15:48:29)
2,29 , 0,0,220026,0,L, 	(30-MAY-2025 15:48:29)
2,29 , 0,0,220026,0,L, 	(30-MAY-2025 15:48:29)
2,29 , 0,0,220026,0,L, 	(30-MAY-2025 15:48:29)
2,29 , 0,0,220026,0,L, 	(30-MAY-2025 15:48:29)
2,29 , 0,0,220026,0,L, 	(30-MAY-2025 15:48:29)
2,29 , 0,0,220026,0,L, 	(30-MAY-2025 15:48:29)
2,29 , 0,0,220026,0,L, 	(30-MAY-2025 15:48:29)
2,29 , 0,0,220026,0,L, 	(30-MAY-2025 15:48:29)
2,29 , 0,0,220026,0,L, 	(30-MAY-2025 15:48:29)
2,29 , 0,0,220026,0,L, 	(30-MAY-2025 15:48:29)
2,29 , 0,0,220026,0,L, 	(30-MAY-2025 15:48:29)
2,29 , 0,0,220026,0,L, 	(30-MAY-2025 15:48:29)
2,29 , 0,0,220026,0,L, 	(30-MAY-2025 15:48:29)
2,29 , 0,0,220026,0,L, 	(30-MAY-2025 15:48:29)
2,29 , 0,0,220026,0,L, 	(30-MAY-2025 15:48:29)
2,29 , 0,0,220026,0,L, 	(30-MAY-2025 15:48:29)
2,29 , 0,0,220026,0,L, 	(30-MAY-2025 15:48:29)
2,29 , 0,0,220026,0,L, 	(30-MAY-2025 15:48:29)
2,29 , 0,0,220026,0,L, 	(30-MAY-2025 15:48:29)
2,29 , 0,0,220026,0,L, 	(30-MAY-2025 15:48:29)
2,29 , 0,0,220026,0,L, 	(30-MAY-2025 15:48:29)
2,29 , 0,0,220026,0,L, 	(30-MAY-2025 15:48:29)
2,29 , 0,0,220026,0,L, 	(30-MAY-2025 15:48:29)
2,29 , 0,0,220026,0,L, 	(30-MAY-2025 15:48:29)
2,29 , 0,0,220026,0,L, 	(30-MAY-2025 15:48:29)
2,29 , 0,0,220026,0,L, 	(30-MAY-2025 15:48:29)
2,29 , 0,0,220026,0,L, 	(30-MAY-2025 15:48:29)
2,29 , 0,0,220026,0,L, 	(30-MAY-2025 15:48:29)
2,29 , 0,0,220026,0,L, 	(30-MAY-2025 15:48:29)
2,29 , 0,0,220026,0,L, 	(30-MAY-2025 15:48:29)
2,29 , 0,0,220026,0,L, 	(30-MAY-2025 15:48:29)
2,29 , 0,0,220026,0,L, 	(30-MAY-2025 15:48:29)
2,29 , 0,0,220026,0,L, 	(30-MAY-2025 15:48:29)
2,29 , 0,0,220026,0,L, 	(30-MAY-2025 15:48:29)
2,29 , 0,0,220026,0,L, 	(30-MAY-2025 15:48:29)
2,29 , 0,0,220026,0,L, 	(30-MAY-2025 15:48:29)
2,29 , 0,0,220026,0,L, 	(30-MAY-2025 15:48:29)
2,29 , 0,0,220026,0,L, 	(30-MAY-2025 15:48:29)
2,29 , 0,0,220026,0,L, 	(30-MAY-2025 15:48:29)
2,29 , 0,0,220026,0,L, 	(30-MAY-2025 15:48:29)
2,29 , 0,0,220026,0,L, 	(30-MAY-2025 15:48:29)
2,29 , 0,0,220026,0,L, 	(30-MAY-2025 15:48:29)
2,29 , 0,0,220026,0,L, 	(30-MAY-2025 15:48:29)
2,29 , 0,0,220026,0,L, 	(30-MAY-2025 15:48:29)
2,29 , 0,0,220026,0,L, 	(30-MAY-2025 15:48:29)
2,29 , 0,0,220026,0,L, 	(30-MAY-2025 15:48:29)
2,29 , 0,0,220026,0,L, 	(30-MAY-2025 15:48:29)
2,29 , 0,0,220026,0,L, 	(30-MAY-2025 15:48:29)
2,29 , 0,0,220026,0,L, 	(30-MAY-2025 15:48:29)
2,29 , 0,0,220026,0,L, 	(30-MAY-2025 15:48:29)
2,29 , 0,0,220026,0,L, 	(30-MAY-2025 15:48:29)
2,29 , 0,0,220026,0,L, 	(30-MAY-2025 15:48:29)
2,29 , 0,0,220026,0,L, 	(30-MAY-2025 15:48:29)
2,29 , 0,0,220026,0,L, 	(30-MAY-2025 15:48:29)
2,29 , 0,0,220026,0,L, 	(30-MAY-2025 15:48:29)
2,29 , 0,0,220026,0,L, 	(30-MAY-2025 15:48:29)
2,29 , 0,0,220026,0,L, 	(30-MAY-2025 15:48:29)
2,29 , 0,0,220026,0,L, 	(30-MAY-2025 15:48:29)
2,29 , 0,0,220026,0,L, 	(30-MAY-2025 15:48:29)
2,29 , 0,0,220026,0,L, 	(30-MAY-2025 15:48:29)
2,29 , 0,0,220026,0,L, 	(30-MAY-2025 15:48:29)
2,29 , 0,0,220026,0,L, 	(30-MAY-2025 15:48:29)
2,29 , 0,0,220026,0,L, 	(30-MAY-2025 15:48:29)
2,29 , 0,0,220026,0,L, 	(30-MAY-2025 15:48:29)
2,29 , 0,0,220026,0,L, 	(30-MAY-2025 15:48:29)
2,29 , 0,0,220026,0,L, 	(30-MAY-2025 15:48:29)
2,29 , 0,0,220026,0,L, 	(30-MAY-2025 15:48:29)
2,29 , 0,0,220026,0,L, 	(30-MAY-2025 15:48:29)
2,29 , 0,0,220026,0,L, 	(30-MAY-2025 15:48:29)
2,29 , 0,0,220026,0,L, 	(30-MAY-2025 15:48:29)
2,29 , 0,0,220026,0,L, 	(30-MAY-2025 15:48:29)
2,29 , 0,0,220026,0,L, 	(30-MAY-2025 15:48:29)
2,29 , 0,0,220026,0,L, 	(30-MAY-2025 15:48:29)
2,29 , 0,0,220026,0,L, 	(30-MAY-2025 15:48:29)
2,29 , 0,0,220026,0,L, 	(30-MAY-2025 15:48:29)
2,29 , 0,0,220026,0,L, 	(30-MAY-2025 15:48:29)
2,29 , 0,0,220026,0,L, 	(30-MAY-2025 15:48:29)
2,29 , 0,0,220026,0,L, 	(30-MAY-2025 15:48:29)
2,29 , 0,0,220026,0,L, 	(30-MAY-2025 15:48:29)
2,29 , 0,0,220026,0,L, 	(30-MAY-2025 15:48:29)
2,29 , 0,0,220026,0,L, 	(30-MAY-2025 15:48:29)
2,29 , 0,0,220026,0,L, 	(30-MAY-2025 15:48:29)
2,29 , 0,0,220026,0,L, 	(30-MAY-2025 15:48:29)
2,29 , 0,0,220026,0,L, 	(30-MAY-2025 15:48:29)
2,29 , 0,0,220026,0,L, 	(30-MAY-2025 15:48:29)
2,29 , 0,0,220026,0,L, 	(30-MAY-2025 15:48:29)
2,29 , 0,0,220026,0,L, 	(30-MAY-2025 15:48:29)
2,29 , 0,0,220026,0,L, 	(30-MAY-2025 15:48:29)
2,29 , 0,0,220026,0,L, 	(30-MAY-2025 15:48:29)
2,29 , 0,0,220026,0,L, 	(30-MAY-2025 15:48:29)
2,29 , 0,0,220026,0,L, 	(30-MAY-2025 15:48:29)
2,29 , 0,0,220026,0,L, 	(30-MAY-2025 15:48:29)
2,29 , 0,0,220026,0,L, 	(30-MAY-2025 15:48:29)
2,29 , 0,0,220026,0,L, 	(30-MAY-2025 15:48:29)
2,29 , 0,0,220026,0,L, 	(30-MAY-2025 15:48:29)
2,29 , 0,0,220026,0,L, 	(30-MAY-2025 15:48:29)
2,29 , 0,0,220026,0,L, 	(30-MAY-2025 15:48:29)
2,29 , 0,0,220026,0,L, 	(30-MAY-2025 15:48:29)
2,29 , 0,0,220026,0,L, 	(30-MAY-2025 15:48:29)
2,29 , 0,0,220026,0,L, 	(30-MAY-2025 15:48:29)
2,29 , 0,0,220026,0,L, 	(30-MAY-2025 15:48:29)
2,29 , 0,0,220026,0,L, 	(30-MAY-2025 15:48:29)
2,29 , 0,0,220026,0,L, 	(30-MAY-2025 15:48:29)
2,29 , 0,0,220026,0,L, 	(30-MAY-2025 15:48:29)
2,29 , 0,0,220026,0,L, 	(30-MAY-2025 15:48:29)
2,29 , 0,0,220026,0,L, 	(30-MAY-2025 15:48:29)
2,29 , 0,0,220026,0,L, 	(30-MAY-2025 15:48:29)
2,29 , 0,0,220026,0,L, 	(30-MAY-2025 15:48:29)
2,29 , 0,0,220026,0,L, 	(30-MAY-2025 15:48:29)
2,29 , 0,0,220026,0,L, 	(30-MAY-2025 15:48:29)
2,29 , 0,0,220026,0,L, 	(30-MAY-2025 15:48:29)
2,29 , 0,0,220026,0,L, 	(30-MAY-2025 15:48:29)
2,29 , 0,0,220026,0,L, 	(30-MAY-2025 15:48:29)
2,29 , 0,0,220026,0,L, 	(30-MAY-2025 15:48:29)
2,29 , 0,0,220026,0,L, 	(30-MAY-2025 15:48:29)
2,29 , 0,0,220026,0,L, 	(30-MAY-2025 15:48:29)
2,29 , 0,0,220026,0,L, 	(30-MAY-2025 15:48:29)
2,29 , 0,0,220026,0,L, 	(30-MAY-2025 15:48:29)
2,29 , 0,0,220026,0,L, 	(30-MAY-2025 15:48:29)
2,29 , 0,0,220026,0,L, 	(30-MAY-2025 15:48:29)
2,29 , 0,0,220026,0,L, 	(30-MAY-2025 15:48:29)
2,29 , 0,0,220026,0,L, 	(30-MAY-2025 15:48:29)
2,29 , 0,0,220026,0,L, 	(30-MAY-2025 15:48:29)
2,29 , 0,0,220026,0,L, 	(30-MAY-2025 15:48:29)
2,29 , 0,0,220026,0,L, 	(30-MAY-2025 15:48:29)
2,29 , 0,0,220026,0,L, 	(30-MAY-2025 15:48:29)
2,29 , 0,0,220026,0,L, 	(30-MAY-2025 15:48:29)
2,29 , 0,0,220026,0,L, 	(30-MAY-2025 15:48:29)
2,29 , 0,0,220026,0,L, 	(30-MAY-2025 15:48:29)
2,29 , 0,0,220026,0,L, 	(30-MAY-2025 15:48:29)
2,29 , 0,0,220026,0,L, 	(30-MAY-2025 15:48:29)
2,29 , 0,0,220026,0,L, 	(30-MAY-2025 15:48:29)
2,29 , 0,0,220026,0,L, 	(30-MAY-2025 15:48:29)
2,29 , 0,0,220026,0,L, 	(30-MAY-2025 15:48:29)
2,29 , 0,0,220026,0,L, 	(30-MAY-2025 15:48:29)
2,29 , 0,0,220026,0,L, 	(30-MAY-2025 15:48:29)
2,29 , 0,0,220026,0,L, 	(30-MAY-2025 15:48:29)
2,29 , 0,0,220026,0,L, 	(30-MAY-2025 15:48:29)
2,29 , 0,0,220026,0,L, 	(30-MAY-2025 15:48:29)
2,29 , 0,0,220026,0,L, 	(30-MAY-2025 15:48:29)
2,29 , 0,0,220026,0,L, 	(30-MAY-2025 15:48:29)
2,29 , 0,0,220026,0,L, 	(30-MAY-2025 15:48:29)
2,29 , 0,0,220026,0,L, 	(30-MAY-2025 15:48:29)
2,29 , 0,0,220026,0,L, 	(30-MAY-2025 15:48:29)
2,29 , 0,0,220026,0,L, 	(30-MAY-2025 15:48:29)
2,29 , 0,0,220026,0,L, 	(30-MAY-2025 15:48:29)
2,29 , 0,0,220026,0,L, 	(30-MAY-2025 15:48:29)
2,29 , 0,0,220026,0,L, 	(30-MAY-2025 15:48:29)
2,29 , 0,0,220026,0,L, 	(30-MAY-2025 15:48:29)
2,29 , 0,0,220026,0,L, 	(30-MAY-2025 15:48:29)
2,29 , 0,0,220026,0,L, 	(30-MAY-2025 15:48:29)
2,29 , 0,0,220026,0,L, 	(30-MAY-2025 15:48:29)
2,29 , 0,0,220026,0,L, 	(30-MAY-2025 15:48:29)
2,29 , 0,0,220026,0,L, 	(30-MAY-2025 15:48:29)
2,29 , 0,0,220026,0,L, 	(30-MAY-2025 15:48:29)
2,29 , 0,0,220026,0,L, 	(30-MAY-2025 15:48:29)
2,29 , 0,0,220026,0,L, 	(30-MAY-2025 15:48:29)
2,29 , 0,0,220026,0,L, 	(30-MAY-2025 15:48:29)
2,29 , 0,0,220026,0,L, 	(30-MAY-2025 15:48:29)
2,29 , 0,0,220026,0,L, 	(30-MAY-2025 15:48:29)
2,29 , 0,0,220026,0,L, 	(30-MAY-2025 15:48:29)
2,29 , 0,0,220026,0,L, 	(30-MAY-2025 15:48:29)
2,29 , 0,0,220026,0,L, 	(30-MAY-2025 15:48:29)
2,29 , 0,0,220026,0,L, 	(30-MAY-2025 15:48:29)
2,29 , 0,0,220026,0,L, 	(30-MAY-2025 15:48:29)
2,29 , 0,0,220026,0,L, 	(30-MAY-2025 15:48:29)
2,29 , 0,0,220026,0,L, 	(30-MAY-2025 15:48:29)
2,29 , 0,0,220026,0,L, 	(30-MAY-2025 15:48:29)
2,29 , 0,0,220026,0,L, 	(30-MAY-2025 15:48:29)
2,29 , 0,0,220026,0,L, 	(30-MAY-2025 15:48:29)
2,29 , 0,0,220026,0,L, 	(30-MAY-2025 15:48:29)
2,29 , 0,0,220026,0,L, 	(30-MAY-2025 15:48:29)
2,29 , 0,0,220026,0,L, 	(30-MAY-2025 15:48:29)
2,29 , 0,0,220026,0,L, 	(30-MAY-2025 15:48:29)
2,29 , 0,0,220026,0,L, 	(30-MAY-2025 15:48:29)
2,29 , 0,0,220026,0,L, 	(30-MAY-2025 15:48:29)
2,29 , 0,0,220026,0,L, 	(30-MAY-2025 15:48:29)
2,29 , 0,0,220026,0,L, 	(30-MAY-2025 15:48:29)
2,29 , 0,0,220026,0,L, 	(30-MAY-2025 15:48:29)
2,29 , 0,0,220026,0,L, 	(30-MAY-2025 15:48:29)
2,29 , 0,0,220026,0,L, 	(30-MAY-2025 15:48:29)
2,29 , 0,0,220026,0,L, 	(30-MAY-2025 15:48:29)
2,29 , 0,0,220026,0,L, 	(30-MAY-2025 15:48:29)
2,29 , 0,0,220026,0,L, 	(30-MAY-2025 15:48:29)
2,29 , 0,0,220026,0,L, 	(30-MAY-2025 15:48:29)
2,29 , 0,0,220026,0,L, 	(30-MAY-2025 15:48:29)
2,29 , 0,0,220026,0,L, 	(30-MAY-2025 15:48:29)
2,29 , 0,0,220026,0,L, 	(30-MAY-2025 15:48:29)
2,29 , 0,0,220026,0,L, 	(30-MAY-2025 15:48:29)
2,29 , 0,0,220026,0,L, 	(30-MAY-2025 15:48:29)
2,29 , 0,0,220026,0,L, 	(30-MAY-2025 15:48:29)
2,29 , 0,0,220026,0,L, 	(30-MAY-2025 15:48:29)
2,29 , 0,0,220026,0,L, 	(30-MAY-2025 15:48:29)
2,29 , 0,0,220026,0,L, 	(30-MAY-2025 15:48:29)
2,29 , 0,0,220026,0,L, 	(30-MAY-2025 15:48:29)
2,29 , 0,0,220026,0,L, 	(30-MAY-2025 15:48:29)
2,29 , 0,0,220026,0,L, 	(30-MAY-2025 15:48:29)
2,29 , 0,0,220026,0,L, 	(30-MAY-2025 15:48:29)
2,29 , 0,0,220026,0,L, 	(30-MAY-2025 15:48:29)
2,29 , 0,0,220026,0,L, 	(30-MAY-2025 15:48:29)
2,29 , 0,0,220026,0,L, 	(30-MAY-2025 15:48:29)
2,29 , 0,0,220026,0,L, 	(30-MAY-2025 15:48:29)
2,29 , 0,0,220026,0,L, 	(30-MAY-2025 15:48:29)
2,29 , 0,0,220026,0,L, 	(30-MAY-2025 15:48:29)
2,29 , 0,0,220026,0,L, 	(30-MAY-2025 15:48:29)
2,29 , 0,0,220026,0,L, 	(30-MAY-2025 15:48:29)
2,29 , 0,0,220026,0,L, 	(30-MAY-2025 15:48:29)
2,29 , 0,0,220026,0,L, 	(30-MAY-2025 15:48:29)
2,29 , 0,0,220026,0,L, 	(30-MAY-2025 15:48:29)
2,29 , 0,0,220026,0,L, 	(30-MAY-2025 15:48:29)
2,29 , 0,0,220026,0,L, 	(30-MAY-2025 15:48:29)
2,29 , 0,0,220026,0,L, 	(30-MAY-2025 15:48:29)
2,29 , 0,0,220026,0,L, 	(30-MAY-2025 15:48:29)
2,29 , 0,0,220026,0,L, 	(30-MAY-2025 15:48:29)
2,29 , 0,0,220026,0,L, 	(30-MAY-2025 15:48:29)
2,29 , 0,0,220026,0,L, 	(30-MAY-2025 15:48:29)
2,29 , 0,0,220026,0,L, 	(30-MAY-2025 15:48:29)
2,29 , 0,0,220026,0,L, 	(30-MAY-2025 15:48:29)
2,29 , 0,0,220026,0,L, 	(30-MAY-2025 15:48:29)
2,29 , 0,0,220026,0,L, 	(30-MAY-2025 15:48:29)
2,29 , 0,0,220026,0,L, 	(30-MAY-2025 15:48:29)
2,29 , 0,0,220026,0,L, 	(30-MAY-2025 15:48:29)
2,29 , 0,0,220026,0,L, 	(30-MAY-2025 15:48:29)
2,29 , 0,0,220026,0,L, 	(30-MAY-2025 15:48:29)
2,29 , 0,0,220026,0,L, 	(30-MAY-2025 15:48:29)
2,29 , 0,0,220026,0,L, 	(30-MAY-2025 15:48:29)
2,29 , 0,0,220026,0,L, 	(30-MAY-2025 15:48:29)
2,29 , 0,0,220026,0,L, 	(30-MAY-2025 15:48:29)
2,29 , 0,0,220026,0,L, 	(30-MAY-2025 15:48:29)
2,29 , 0,0,220026,0,L, 	(30-MAY-2025 15:48:29)
2,29 , 0,0,220026,0,L, 	(30-MAY-2025 15:48:29)
2,29 , 0,0,220026,0,L, 	(30-MAY-2025 15:48:29)
2,29 , 0,0,220026,0,L, 	(30-MAY-2025 15:48:29)
2,29 , 0,0,220026,0,L, 	(30-MAY-2025 15:48:29)
2,29 , 0,0,220026,0,L, 	(30-MAY-2025 15:48:29)
2,29 , 0,0,220026,0,L, 	(30-MAY-2025 15:48:29)
2,29 , 0,0,220026,0,L, 	(30-MAY-2025 15:48:29)
2,29 , 0,0,220026,0,L, 	(30-MAY-2025 15:48:29)
2,29 , 0,0,220026,0,L, 	(30-MAY-2025 15:48:29)
2,29 , 0,0,220026,0,L, 	(30-MAY-2025 15:48:29)
2,29 , 0,0,220026,0,L, 	(30-MAY-2025 15:48:29)
2,29 , 0,0,220026,0,L, 	(30-MAY-2025 15:48:29)
2,29 , 0,0,220026,0,L, 	(30-MAY-2025 15:48:29)
2,29 , 0,0,220026,0,L, 	(30-MAY-2025 15:48:29)
2,29 , 0,0,220026,0,L, 	(30-MAY-2025 15:48:29)
2,29 , 0,0,220026,0,L, 	(30-MAY-2025 15:48:29)
2,29 , 0,0,220026,0,L, 	(30-MAY-2025 15:48:29)
2,29 , 0,0,220026,0,L, 	(30-MAY-2025 15:48:29)
2,29 , 0,0,220026,0,L, 	(30-MAY-2025 15:48:29)
2,29 , 0,0,220026,0,L, 	(30-MAY-2025 15:48:29)
2,29 , 0,0,220026,0,L, 	(30-MAY-2025 15:48:29)
2,29 , 0,0,220026,0,L, 	(30-MAY-2025 15:48:29)
2,29 , 0,0,220026,0,L, 	(30-MAY-2025 15:48:29)
2,29 , 0,0,220026,0,L, 	(30-MAY-2025 15:48:29)
2,29 , 0,0,220026,0,L, 	(30-MAY-2025 15:48:29)
2,29 , 0,0,220026,0,L, 	(30-MAY-2025 15:48:29)
2,29 , 0,0,220026,0,L, 	(30-MAY-2025 15:48:29)
2,29 , 0,0,220026,0,L, 	(30-MAY-2025 15:48:29)
2,29 , 0,0,220026,0,L, 	(30-MAY-2025 15:48:29)
2,29 , 0,0,220026,0,L, 	(30-MAY-2025 15:48:29)
2,29 , 0,0,220026,0,L, 	(30-MAY-2025 15:48:29)
2,29 , 0,0,220026,0,L, 	(30-MAY-2025 15:48:29)
2,29 , 0,0,220026,0,L, 	(30-MAY-2025 15:48:29)
2,29 , 0,0,220026,0,L, 	(30-MAY-2025 15:48:29)
2,29 , 0,0,220026,0,L, 	(30-MAY-2025 15:48:29)
2,29 , 0,0,220026,0,L, 	(30-MAY-2025 15:48:29)
2,29 , 0,0,220026,0,L, 	(30-MAY-2025 15:48:29)
2,29 , 0,0,220026,0,L, 	(30-MAY-2025 15:48:29)
2,29 , 0,0,220026,0,L, 	(30-MAY-2025 15:48:29)
2,29 , 0,0,220026,0,L, 	(30-MAY-2025 15:48:29)
2,29 , 0,0,220026,0,L, 	(30-MAY-2025 15:48:29)
2,29 , 0,0,220026,0,L, 	(30-MAY-2025 15:48:29)
2,29 , 0,0,220026,0,L, 	(30-MAY-2025 15:48:29)
2,29 , 0,0,220026,0,L, 	(30-MAY-2025 15:48:29)
2,29 , 0,0,220026,0,L, 	(30-MAY-2025 15:48:29)
2,29 , 0,0,220026,0,L, 	(30-MAY-2025 15:48:29)
2,29 , 0,0,220026,0,L, 	(30-MAY-2025 15:48:29)
2,29 , 0,0,220026,0,L, 	(30-MAY-2025 15:48:29)
2,29 , 0,0,220026,0,L, 	(30-MAY-2025 15:48:29)
2,29 , 0,0,220026,0,L, 	(30-MAY-2025 15:48:29)
2,29 , 0,0,220026,0,L, 	(30-MAY-2025 15:48:29)
2,29 , 0,0,220026,0,L, 	(30-MAY-2025 15:48:29)
2,29 , 0,0,220026,0,L, 	(30-MAY-2025 15:48:29)
2,29 , 0,0,220026,0,L, 	(30-MAY-2025 15:48:29)
2,29 , 0,0,220026,0,L, 	(30-MAY-2025 15:48:29)
2,29 , 0,0,220026,0,L, 	(30-MAY-2025 15:48:29)
2,29 , 0,0,220026,0,L, 	(30-MAY-2025 15:48:29)
2,29 , 0,0,220026,0,L, 	(30-MAY-2025 15:48:29)
2,29 , 0,0,220026,0,L, 	(30-MAY-2025 15:48:29)
2,29 , 0,0,220026,0,L, 	(30-MAY-2025 15:48:29)
2,29 , 0,0,220026,0,L, 	(30-MAY-2025 15:48:29)
2,29 , 0,0,220026,0,L, 	(30-MAY-2025 15:48:29)
2,29 , 0,0,220026,0,L, 	(30-MAY-2025 15:48:29)
2,29 , 0,0,220026,0,L, 	(30-MAY-2025 15:48:29)
2,29 , 0,0,220026,0,L, 	(30-MAY-2025 15:48:29)
2,29 , 0,0,220026,0,L, 	(30-MAY-2025 15:48:29)
2,29 , 0,0,220026,0,L, 	(30-MAY-2025 15:48:29)
2,29 , 0,0,220026,0,L, 	(30-MAY-2025 15:48:29)
2,29 , 0,0,220026,0,L, 	(30-MAY-2025 15:48:29)
2,29 , 0,0,220026,0,L, 	(30-MAY-2025 15:48:29)
2,29 , 0,0,220026,0,L, 	(30-MAY-2025 15:48:29)
2,29 , 0,0,220026,0,L, 	(30-MAY-2025 15:48:29)
2,29 , 0,0,220026,0,L, 	(30-MAY-2025 15:48:29)
2,29 , 0,0,220026,0,L, 	(30-MAY-2025 15:48:29)
2,29 , 0,0,220026,0,L, 	(30-MAY-2025 15:48:29)
2,29 , 0,0,220026,0,L, 	(30-MAY-2025 15:48:29)
2,29 , 0,0,220026,0,L, 	(30-MAY-2025 15:48:29)
2,29 , 0,0,220026,0,L, 	(30-MAY-2025 15:48:29)
2,29 , 0,0,220026,0,L, 	(30-MAY-2025 15:48:29)
2,29 , 0,0,220026,0,L, 	(30-MAY-2025 15:48:29)
2,29 , 0,0,220026,0,L, 	(30-MAY-2025 15:48:29)
2,29 , 0,0,220026,0,L, 	(30-MAY-2025 15:48:29)
2,29 , 0,0,220026,0,L, 	(30-MAY-2025 15:48:29)
2,29 , 0,0,220026,0,L, 	(30-MAY-2025 15:48:29)
2,29 , 0,0,220026,0,L, 	(30-MAY-2025 15:48:29)
2,29 , 0,0,220026,0,L, 	(30-MAY-2025 15:48:29)
2,29 , 0,0,220026,0,L, 	(30-MAY-2025 15:48:29)
2,29 , 0,0,220026,0,L, 	(30-MAY-2025 15:48:29)
2,29 , 0,0,220026,0,L, 	(30-MAY-2025 15:48:29)
2,29 , 0,0,220026,0,L, 	(30-MAY-2025 15:48:29)
2,29 , 0,0,220026,0,L, 	(30-MAY-2025 15:48:29)
2,29 , 0,0,220026,0,L, 	(30-MAY-2025 15:48:29)
2,29 , 0,0,220026,0,L, 	(30-MAY-2025 15:48:29)
2,29 , 0,0,220026,0,L, 	(30-MAY-2025 15:48:29)
2,29 , 0,0,220026,0,L, 	(30-MAY-2025 15:48:29)
2,29 , 0,0,220026,0,L, 	(30-MAY-2025 15:48:29)
2,29 , 0,0,220026,0,L, 	(30-MAY-2025 15:48:29)
2,29 , 0,0,220026,0,L, 	(30-MAY-2025 15:48:29)
2,29 , 0,0,220026,0,L, 	(30-MAY-2025 15:48:29)
2,29 , 0,0,220026,0,L, 	(30-MAY-2025 15:48:29)
2,29 , 0,0,220026,0,L, 	(30-MAY-2025 15:48:29)
2,29 , 0,0,220026,0,L, 	(30-MAY-2025 15:48:29)
2,29 , 0,0,220026,0,L, 	(30-MAY-2025 15:48:29)
2,29 , 0,0,220026,0,L, 	(30-MAY-2025 15:48:29)
2,29 , 0,0,220026,0,L, 	(30-MAY-2025 15:48:29)
2,29 , 0,0,220026,0,L, 	(30-MAY-2025 15:48:29)
2,29 , 0,0,220026,0,L, 	(30-MAY-2025 15:48:29)
2,29 , 0,0,220026,0,L, 	(30-MAY-2025 15:48:29)
2,29 , 0,0,220026,0,L, 	(30-MAY-2025 15:48:29)
2,29 , 0,0,220026,0,L, 	(30-MAY-2025 15:48:29)
2,29 , 0,0,220026,0,L, 	(30-MAY-2025 15:48:29)
2,29 , 0,0,220026,0,L, 	(30-MAY-2025 15:48:29)
2,29 , 0,0,220026,0,L, 	(30-MAY-2025 15:48:29)
2,29 , 0,0,220026,0,L, 	(30-MAY-2025 15:48:29)
2,29 , 0,0,220026,0,L, 	(30-MAY-2025 15:48:29)
2,29 , 0,0,220026,0,L, 	(30-MAY-2025 15:48:29)
2,29 , 0,0,220026,0,L, 	(30-MAY-2025 15:48:29)
2,29 , 0,0,220026,0,L, 	(30-MAY-2025 15:48:29)
2,29 , 0,0,220026,0,L, 	(30-MAY-2025 15:48:29)
2,29 , 0,0,220026,0,L, 	(30-MAY-2025 15:48:29)
2,29 , 0,0,220026,0,L, 	(30-MAY-2025 15:48:29)
2,29 , 0,0,220026,0,L, 	(30-MAY-2025 15:48:29)
2,29 , 0,0,220026,0,L, 	(30-MAY-2025 15:48:29)
2,29 , 0,0,220026,0,L, 	(30-MAY-2025 15:48:29)
2,29 , 0,0,220026,0,L, 	(30-MAY-2025 15:48:29)
2,29 , 0,0,220026,0,L, 	(30-MAY-2025 15:48:29)
2,29 , 0,0,220026,0,L, 	(30-MAY-2025 15:48:29)
2,29 , 0,0,220026,0,L, 	(30-MAY-2025 15:48:29)
2,29 , 0,0,220026,0,L, 	(30-MAY-2025 15:48:29)
2,29 , 0,0,220026,0,L, 	(30-MAY-2025 15:48:29)
2,29 , 0,0,220026,0,L, 	(30-MAY-2025 15:48:29)
2,29 , 0,0,220026,0,L, 	(30-MAY-2025 15:48:29)
2,29 , 0,0,220026,0,L, 	(30-MAY-2025 15:48:29)
2,29 , 0,0,220026,0,L, 	(30-MAY-2025 15:48:29)
2,29 , 0,0,220026,0,L, 	(30-MAY-2025 15:48:29)
2,29 , 0,0,220026,0,L, 	(30-MAY-2025 15:48:29)
2,29 , 0,0,220026,0,L, 	(30-MAY-2025 15:48:29)
2,29 , 0,0,220026,0,L, 	(30-MAY-2025 15:48:29)
2,29 , 0,0,220026,0,L, 	(30-MAY-2025 15:48:29)
2,29 , 0,0,220026,0,L, 	(30-MAY-2025 15:48:29)
2,29 , 0,0,220026,0,L, 	(30-MAY-2025 15:48:29)
2,29 , 0,0,220026,0,L, 	(30-MAY-2025 15:48:29)
2,29 , 0,0,220026,0,L, 	(30-MAY-2025 15:48:29)
2,29 , 0,0,220026,0,L, 	(30-MAY-2025 15:48:29)
2,29 , 0,0,220026,0,L, 	(30-MAY-2025 15:48:29)
2,29 , 0,0,220026,0,L, 	(30-MAY-2025 15:48:29)
2,29 , 0,0,220026,0,L, 	(30-MAY-2025 15:48:29)
2,29 , 0,0,220026,0,L, 	(30-MAY-2025 15:48:29)
2,29 , 0,0,220026,0,L, 	(30-MAY-2025 15:48:29)
2,29 , 0,0,220026,0,L, 	(30-MAY-2025 15:48:29)	 (Not Inserted)
2,29 , 0,0,220026,0,L, 	(30-MAY-2025 15:48:29)	 (Not Inserted)
2,29 , 0,0,220026,0,L, 	(30-MAY-2025 15:48:29)	 (Not Inserted)
2,29 , 0,0,220026,0,L, 	(30-MAY-2025 15:48:29)	 (Not Inserted)
2,29 , 0,0,220026,0,L, 	(30-MAY-2025 15:48:29)	 (Not Inserted)
2,29 , 0,0,220026,0,L, 	(30-MAY-2025 15:48:29)	 (Not Inserted)
2,29 , 0,0,220026,0,L, 	(30-MAY-2025 15:48:29)	 (Not Inserted)
2,29 , 0,0,220026,0,L, 	(30-MAY-2025 15:48:29)	 (Not Inserted)
2,29 , 0,0,220026,0,L, 	(30-MAY-2025 15:48:29)	 (Not Inserted)
2,29 , 0,0,220026,0,L, 	(30-MAY-2025 15:48:29)	 (Not Inserted)
2,29 , 0,0,220026,0,L, 	(30-MAY-2025 15:48:29)	 (Not Inserted)
2,29 , 0,0,220026,0,L, 	(30-MAY-2025 15:48:29)	 (Not Inserted)
2,29 , 0,0,220026,0,L, 	(30-MAY-2025 15:48:29)	 (Not Inserted)
2,29 , 0,0,220026,0,L, 	(30-MAY-2025 15:48:29)	 (Not Inserted)
2,29 , 0,0,220026,0,L, 	(30-MAY-2025 15:48:29)	 (Not Inserted)
2,29 , 0,0,220026,0,L, 	(30-MAY-2025 15:48:29)	 (Not Inserted)
2,29 , 0,0,220026,0,L, 	(30-MAY-2025 15:48:29)	 (Not Inserted)
2,29 , 0,0,220026,0,L, 	(30-MAY-2025 15:48:29)	 (Not Inserted)
2,29 , 0,0,220026,0,L, 	(30-MAY-2025 15:48:29)	 (Not Inserted)
2,29 , 0,0,220026,0,L, 	(30-MAY-2025 15:48:29)	 (Not Inserted)
2,29 , 0,0,220026,0,L, 	(30-MAY-2025 15:48:29)	 (Not Inserted)
2,29 , 0,0,220026,0,L, 	(30-MAY-2025 15:48:29)	 (Not Inserted)
2,29 , 0,0,220026,0,L, 	(30-MAY-2025 15:48:29)	 (Not Inserted)
2,29 , 0,0,220026,0,L, 	(30-MAY-2025 15:48:29)	 (Not Inserted)
2,29 , 0,0,220026,0,L, 	(30-MAY-2025 15:48:29)	 (Not Inserted)
2,29 , 0,0,220026,0,L, 	(30-MAY-2025 15:48:29)	 (Not Inserted)
2,29 , 0,0,220026,0,L, 	(30-MAY-2025 15:48:29)	 (Not Inserted)
2,29 , 0,0,220026,0,L, 	(30-MAY-2025 15:48:29)	 (Not Inserted)
2,29 , 0,0,220026,0,L, 	(30-MAY-2025 15:48:29)	 (Not Inserted)
2,29 , 0,0,220026,0,L, 	(30-MAY-2025 15:48:29)	 (Not Inserted)
2,29 , 0,0,220026,0,L, 	(30-MAY-2025 15:48:29)	 (Not Inserted)
2,29 , 0,0,220026,0,L, 	(30-MAY-2025 15:48:29)	 (Not Inserted)
2,29 , 0,0,220026,0,L, 	(30-MAY-2025 15:48:29)	 (Not Inserted)
2,29 , 0,0,220026,0,L, 	(30-MAY-2025 15:48:29)	 (Not Inserted)
2,29 , 0,0,220026,0,L, 	(30-MAY-2025 15:48:29)	 (Not Inserted)
2,29 , 0,0,220026,0,L, 	(30-MAY-2025 15:48:29)	 (Not Inserted)
2,29 , 0,0,220026,0,L, 	(30-MAY-2025 15:48:29)	 (Not Inserted)
2,29 , 0,0,220026,0,L, 	(30-MAY-2025 15:48:29)	 (Not Inserted)
2,29 , 0,0,220026,0,L, 	(30-MAY-2025 15:48:29)	 (Not Inserted)
2,29 , 0,0,220026,0,L, 	(30-MAY-2025 15:48:29)	 (Not Inserted)
2,29 , 0,0,220026,0,L, 	(30-MAY-2025 15:48:29)	 (Not Inserted)
2,29 , 0,0,220026,0,L, 	(30-MAY-2025 15:48:29)	 (Not Inserted)
2,29 , 0,0,220026,0,L, 	(30-MAY-2025 15:48:29)	 (Not Inserted)
2,29 , 0,0,220026,0,L, 	(30-MAY-2025 15:48:29)	 (Not Inserted)
2,29 , 0,0,220026,0,L, 	(30-MAY-2025 15:48:29)	 (Not Inserted)
2,29 , 0,0,220026,0,L, 	(30-MAY-2025 15:48:29)	 (Not Inserted)
2,29 , 0,0,220026,0,L, 	(30-MAY-2025 15:48:29)	 (Not Inserted)
2,29 , 0,0,220026,0,L, 	(30-MAY-2025 15:48:29)	 (Not Inserted)
2,29 , 0,0,220026,0,L, 	(30-MAY-2025 15:48:29)	 (Not Inserted)
2,29 , 0,0,220026,0,L, 	(30-MAY-2025 15:48:29)	 (Not Inserted)
2,29 , 0,0,220026,0,L, 	(30-MAY-2025 15:48:29)	 (Not Inserted)
2,29 , 0,0,220026,0,L, 	(30-MAY-2025 15:48:29)	 (Not Inserted)
2,29 , 0,0,220026,0,L, 	(30-MAY-2025 15:48:29)	 (Not Inserted)
2,29 , 0,0,220026,0,L, 	(30-MAY-2025 15:48:29)	 (Not Inserted)
2,29 , 0,0,220026,0,L, 	(30-MAY-2025 15:48:29)	 (Not Inserted)
2,29 , 0,0,220026,0,L, 	(30-MAY-2025 15:48:29)	 (Not Inserted)
2,29 , 0,0,220026,0,L, 	(30-MAY-2025 15:48:29)	 (Not Inserted)
2,29 , 0,0,220026,0,L, 	(30-MAY-2025 15:48:29)	 (Not Inserted)
2,29 , 0,0,220026,0,L, 	(30-MAY-2025 15:48:29)	 (Not Inserted)
2,29 , 0,0,220026,0,L, 	(30-MAY-2025 15:48:29)	 (Not Inserted)
2,29 , 0,0,220026,0,L, 	(30-MAY-2025 15:48:29)	 (Not Inserted)
2,29 , 0,0,220026,0,L, 	(30-MAY-2025 15:48:29)	 (Not Inserted)
2,29 , 0,0,220026,0,L, 	(30-MAY-2025 15:48:29)	 (Not Inserted)
2,29 , 0,0,220026,0,L, 	(30-MAY-2025 15:48:29)	 (Not Inserted)
2,29 , 0,0,220026,0,L, 	(30-MAY-2025 15:48:29)	 (Not Inserted)
2,29 , 0,0,220026,0,L, 	(30-MAY-2025 15:48:29)	 (Not Inserted)
2,29 , 0,0,220026,0,L, 	(30-MAY-2025 15:48:29)	 (Not Inserted)
2,29 , 0,0,220026,0,L, 	(30-MAY-2025 15:48:29)	 (Not Inserted)
2,29 , 0,0,220026,0,L, 	(30-MAY-2025 15:48:29)	 (Not Inserted)
2,29 , 0,0,220026,0,L, 	(30-MAY-2025 15:48:29)	 (Not Inserted)
2,29 , 0,0,220026,0,L, 	(30-MAY-2025 15:48:29)	 (Not Inserted)
2,29 , 0,0,220026,0,L, 	(30-MAY-2025 15:48:29)	 (Not Inserted)
2,29 , 0,0,220026,0,L, 	(30-MAY-2025 15:48:29)	 (Not Inserted)
2,29 , 0,0,220026,0,L, 	(30-MAY-2025 15:48:29)	 (Not Inserted)
2,29 , 0,0,220026,0,L, 	(30-MAY-2025 15:48:29)	 (Not Inserted)
2,29 , 0,0,220026,0,L, 	(30-MAY-2025 15:48:29)	 (Not Inserted)
2,29 , 0,0,220026,0,L, 	(30-MAY-2025 15:48:29)	 (Not Inserted)
2,29 , 0,0,220026,0,L, 	(30-MAY-2025 15:48:29)	 (Not Inserted)
2,29 , 0,0,220026,0,L, 	(30-MAY-2025 15:48:29)	 (Not Inserted)
2,29 , 0,0,220026,0,L, 	(30-MAY-2025 15:48:29)	 (Not Inserted)
2,29 , 0,0,220026,0,L, 	(30-MAY-2025 15:48:29)	 (Not Inserted)
2,29 , 0,0,220026,0,L, 	(30-MAY-2025 15:48:29)	 (Not Inserted)
2,29 , 0,0,220026,0,L, 	(30-MAY-2025 15:48:29)	 (Not Inserted)
2,29 , 0,0,220026,0,L, 	(30-MAY-2025 15:48:29)	 (Not Inserted)
2,29 , 0,0,220026,0,L, 	(30-MAY-2025 15:48:29)	 (Not Inserted)
2,29 , 0,0,220026,0,L, 	(30-MAY-2025 15:48:29)	 (Not Inserted)
2,29 , 0,0,220026,0,L, 	(30-MAY-2025 15:48:29)	 (Not Inserted)
2,29 , 0,0,220026,0,L, 	(30-MAY-2025 15:48:29)	 (Not Inserted)
2,29 , 0,0,220026,0,L, 	(30-MAY-2025 15:48:29)	 (Not Inserted)
2,29 , 0,0,220026,0,L, 	(30-MAY-2025 15:48:29)	 (Not Inserted)
2,29 , 0,0,220026,0,L, 	(30-MAY-2025 15:48:29)	 (Not Inserted)
2,29 , 0,0,220026,0,L, 	(30-MAY-2025 15:48:29)	 (Not Inserted)
2,29 , 0,0,220026,0,L, 	(30-MAY-2025 15:48:29)	 (Not Inserted)
2,29 , 0,0,220026,0,L, 	(30-MAY-2025 15:48:29)	 (Not Inserted)
2,29 , 0,0,220026,0,L, 	(30-MAY-2025 15:48:29)	 (Not Inserted)
2,29 , 0,0,220026,0,L, 	(30-MAY-2025 15:48:29)	 (Not Inserted)
2,29 , 0,0,220026,0,L, 	(30-MAY-2025 15:48:29)	 (Not Inserted)
2,29 , 0,0,220026,0,L, 	(30-MAY-2025 15:48:29)	 (Not Inserted)
2,29 , 0,0,220026,0,L, 	(30-MAY-2025 15:48:29)	 (Not Inserted)
2,29 , 0,0,220026,0,L, 	(30-MAY-2025 15:48:29)	 (Not Inserted)
2,29 , 0,0,220026,0,L, 	(30-MAY-2025 15:48:29)	 (Not Inserted)
2,29 , 0,0,220026,0,L, 	(30-MAY-2025 15:48:29)	 (Not Inserted)
2,29 , 0,0,220026,0,L, 	(30-MAY-2025 15:48:29)	 (Not Inserted)
2,29 , 0,0,220026,0,L, 	(30-MAY-2025 15:48:29)	 (Not Inserted)
2,29 , 0,0,220026,0,L, 	(30-MAY-2025 15:48:29)	 (Not Inserted)
2,29 , 0,0,220026,0,L, 	(30-MAY-2025 15:48:29)	 (Not Inserted)
2,29 , 0,0,220026,0,L, 	(30-MAY-2025 15:48:29)	 (Not Inserted)
2,29 , 0,0,220026,0,L, 	(30-MAY-2025 15:48:29)	 (Not Inserted)
2,29 , 0,0,220026,0,L, 	(30-MAY-2025 15:48:29)	 (Not Inserted)
2,29 , 0,0,220026,0,L, 	(30-MAY-2025 15:48:29)	 (Not Inserted)
2,29 , 0,0,220026,0,L, 	(30-MAY-2025 15:48:29)	 (Not Inserted)
2,29 , 0,0,220026,0,L, 	(30-MAY-2025 15:48:29)	 (Not Inserted)
2,29 , 0,0,220026,0,L, 	(30-MAY-2025 15:48:29)	 (Not Inserted)
2,29 , 0,0,220026,0,L, 	(30-MAY-2025 15:48:29)	 (Not Inserted)
2,29 , 0,0,220026,0,L, 	(30-MAY-2025 15:48:29)	 (Not Inserted)
2,29 , 0,0,220026,0,L, 	(30-MAY-2025 15:48:29)	 (Not Inserted)
2,29 , 0,0,220026,0,L, 	(30-MAY-2025 15:48:29)	 (Not Inserted)
2,29 , 0,0,220026,0,L, 	(30-MAY-2025 15:48:29)	 (Not Inserted)
2,29 , 0,0,220026,0,L, 	(30-MAY-2025 15:48:29)	 (Not Inserted)
2,29 , 0,0,220026,0,L, 	(30-MAY-2025 15:48:29)	 (Not Inserted)
2,29 , 0,0,220026,0,L, 	(30-MAY-2025 15:48:30)	 (Not Inserted)
2,29 , 0,0,220026,0,L, 	(30-MAY-2025 15:48:30)	 (Not Inserted)
2,29 , 0,0,220026,0,L, 	(30-MAY-2025 15:48:30)	 (Not Inserted)
2,29 , 0,0,220026,0,L, 	(30-MAY-2025 15:48:30)	 (Not Inserted)
2,29 , 0,0,220026,0,L, 	(30-MAY-2025 15:48:30)	 (Not Inserted)
2,29 , 0,0,220026,0,L, 	(30-MAY-2025 15:48:30)	 (Not Inserted)
2,29 , 0,0,220026,0,L, 	(30-MAY-2025 15:48:30)	 (Not Inserted)
2,29 , 0,0,220026,0,L, 	(30-MAY-2025 15:48:30)	 (Not Inserted)
2,29 , 0,0,220026,0,L, 	(30-MAY-2025 15:48:30)	 (Not Inserted)
2,29 , 0,0,220026,0,L, 	(30-MAY-2025 15:48:30)	 (Not Inserted)
2,29 , 0,0,220026,0,L, 	(30-MAY-2025 15:48:30)	 (Not Inserted)
2,29 , 0,0,220026,0,L, 	(30-MAY-2025 15:48:30)	 (Not Inserted)
2,29 , 0,0,220026,0,L, 	(30-MAY-2025 15:48:30)	 (Not Inserted)
2,29 , 0,0,220026,0,L, 	(30-MAY-2025 15:48:30)	 (Not Inserted)
2,29 , 0,0,220026,0,L, 	(30-MAY-2025 15:48:30)	 (Not Inserted)
2,29 , 0,0,220026,0,L, 	(30-MAY-2025 15:48:30)	 (Not Inserted)
2,29 , 0,0,220026,0,L, 	(30-MAY-2025 15:48:30)	 (Not Inserted)
2,29 , 0,0,220026,0,L, 	(30-MAY-2025 15:48:30)	 (Not Inserted)
2,29 , 0,0,220026,0,L, 	(30-MAY-2025 15:48:30)	 (Not Inserted)
2,29 , 0,0,220026,0,L, 	(30-MAY-2025 15:48:30)	 (Not Inserted)
2,29 , 0,0,220026,0,L, 	(30-MAY-2025 15:48:30)	 (Not Inserted)
2,29 , 0,0,220026,0,L, 	(30-MAY-2025 15:48:30)	 (Not Inserted)
2,29 , 0,0,220026,0,L, 	(30-MAY-2025 15:48:30)	 (Not Inserted)
2,29 , 0,0,220026,0,L, 	(30-MAY-2025 15:48:30)	 (Not Inserted)
2,29 , 0,0,220026,0,L, 	(30-MAY-2025 15:48:30)	 (Not Inserted)
2,29 , 0,0,220026,0,L, 	(30-MAY-2025 15:48:30)	 (Not Inserted)
2,29 , 0,0,220026,0,L, 	(30-MAY-2025 15:48:30)	 (Not Inserted)
2,29 , 0,0,220026,0,L, 	(30-MAY-2025 15:48:30)	 (Not Inserted)
2,29 , 0,0,220026,0,L, 	(30-MAY-2025 15:48:30)	 (Not Inserted)
2,29 , 0,0,220026,0,L, 	(30-MAY-2025 15:48:30)	 (Not Inserted)
2,29 , 0,0,220026,0,L, 	(30-MAY-2025 15:48:30)	 (Not Inserted)
2,29 , 0,0,220026,0,L, 	(30-MAY-2025 15:48:30)	 (Not Inserted)
2,29 , 0,0,220026,0,L, 	(30-MAY-2025 15:48:30)	 (Not Inserted)
2,29 , 0,0,220026,0,L, 	(30-MAY-2025 15:48:30)	 (Not Inserted)
2,29 , 0,0,220026,0,L, 	(30-MAY-2025 15:48:30)	 (Not Inserted)
2,29 , 0,0,220026,0,L, 	(30-MAY-2025 15:48:30)	 (Not Inserted)
2,29 , 0,0,220026,0,L, 	(30-MAY-2025 15:48:30)	 (Not Inserted)
2,29 , 0,0,220026,0,L, 	(30-MAY-2025 15:48:30)	 (Not Inserted)
2,29 , 0,0,220026,0,L, 	(30-MAY-2025 15:48:30)	 (Not Inserted)
2,29 , 0,0,220026,0,L, 	(30-MAY-2025 15:48:30)	 (Not Inserted)
2,29 , 0,0,220026,0,L, 	(30-MAY-2025 15:48:30)	 (Not Inserted)
2,29 , 0,0,220026,0,L, 	(30-MAY-2025 15:48:30)	 (Not Inserted)
2,29 , 0,0,220026,0,L, 	(30-MAY-2025 15:48:30)	 (Not Inserted)
2,29 , 0,0,220026,0,L, 	(30-MAY-2025 15:48:30)	 (Not Inserted)
2,29 , 0,0,220026,0,L, 	(30-MAY-2025 15:48:30)	 (Not Inserted)
2,29 , 0,0,220026,0,L, 	(30-MAY-2025 15:48:30)	 (Not Inserted)
2,29 , 0,0,220026,0,L, 	(30-MAY-2025 15:48:30)	 (Not Inserted)
2,29 , 0,0,220026,0,L, 	(30-MAY-2025 15:48:30)	 (Not Inserted)
2,29 , 0,0,220026,0,L, 	(30-MAY-2025 15:48:30)	 (Not Inserted)
2,29 , 0,0,220026,0,L, 	(30-MAY-2025 15:48:30)	 (Not Inserted)
2,29 , 0,0,220026,0,L, 	(30-MAY-2025 15:48:30)	 (Not Inserted)
2,29 , 0,0,220026,0,L, 	(30-MAY-2025 15:48:30)	 (Not Inserted)
2,29 , 0,0,220026,0,L, 	(30-MAY-2025 15:48:30)	 (Not Inserted)
2,29 , 0,0,220026,0,L, 	(30-MAY-2025 15:48:30)	 (Not Inserted)
2,29 , 0,0,220026,0,L, 	(30-MAY-2025 15:48:30)	 (Not Inserted)
2,29 , 0,0,220026,0,L, 	(30-MAY-2025 15:48:30)	 (Not Inserted)
2,29 , 0,0,220026,0,L, 	(30-MAY-2025 15:48:30)	 (Not Inserted)
2,29 , 0,0,220026,0,L, 	(30-MAY-2025 15:48:30)	 (Not Inserted)
2,29 , 0,0,220026,0,L, 	(30-MAY-2025 15:48:30)	 (Not Inserted)
2,29 , 0,0,220026,0,L, 	(30-MAY-2025 15:48:30)	 (Not Inserted)
2,29 , 0,0,220026,0,L, 	(30-MAY-2025 15:48:30)	 (Not Inserted)
2,29 , 0,0,220026,0,L, 	(30-MAY-2025 15:48:30)	 (Not Inserted)
2,29 , 0,0,220026,0,L, 	(30-MAY-2025 15:48:30)	 (Not Inserted)
2,29 , 0,0,220026,0,L, 	(30-MAY-2025 15:48:30)	 (Not Inserted)
2,29 , 0,0,220026,0,L, 	(30-MAY-2025 15:48:30)	 (Not Inserted)
2,29 , 0,0,220026,0,L, 	(30-MAY-2025 15:48:30)	 (Not Inserted)
2,29 , 0,0,220026,0,L, 	(30-MAY-2025 15:48:30)	 (Not Inserted)
2,29 , 0,0,220026,0,L, 	(30-MAY-2025 15:48:30)	 (Not Inserted)
2,29 , 0,0,220026,0,L, 	(30-MAY-2025 15:48:30)	 (Not Inserted)
2,29 , 0,0,220026,0,L, 	(30-MAY-2025 15:48:30)	 (Not Inserted)
2,29 , 0,0,220026,0,L, 	(30-MAY-2025 15:48:30)	 (Not Inserted)
2,29 , 0,0,220026,0,L, 	(30-MAY-2025 15:48:30)	 (Not Inserted)
2,29 , 0,0,220026,0,L, 	(30-MAY-2025 15:48:30)	 (Not Inserted)
2,29 , 0,0,220026,0,L, 	(30-MAY-2025 15:48:30)	 (Not Inserted)
2,29 , 0,0,220026,0,L, 	(30-MAY-2025 15:48:30)	 (Not Inserted)
2,29 , 0,0,220026,0,L, 	(30-MAY-2025 15:48:30)	 (Not Inserted)
2,29 , 0,0,220026,0,L, 	(30-MAY-2025 15:48:30)	 (Not Inserted)
2,29 , 0,0,220026,0,L, 	(30-MAY-2025 15:48:30)	 (Not Inserted)
2,29 , 0,0,220026,0,L, 	(30-MAY-2025 15:48:30)	 (Not Inserted)
2,29 , 0,0,220026,0,L, 	(30-MAY-2025 15:48:30)	 (Not Inserted)
2,29 , 0,0,220026,0,L, 	(30-MAY-2025 15:48:30)	 (Not Inserted)
2,29 , 0,0,220026,0,L, 	(30-MAY-2025 15:48:30)	 (Not Inserted)
2,29 , 0,0,220026,0,L, 	(30-MAY-2025 15:48:30)	 (Not Inserted)
2,29 , 0,0,220026,0,L, 	(30-MAY-2025 15:48:30)	 (Not Inserted)
2,29 , 0,0,220026,0,L, 	(30-MAY-2025 15:48:30)	 (Not Inserted)
2,29 , 0,0,220026,0,L, 	(30-MAY-2025 15:48:30)	 (Not Inserted)
2,29 , 0,0,220026,0,L, 	(30-MAY-2025 15:48:30)	 (Not Inserted)
2,29 , 0,0,220026,0,L, 	(30-MAY-2025 15:48:30)	 (Not Inserted)
2,29 , 0,0,220026,0,L, 	(30-MAY-2025 15:48:30)	 (Not Inserted)
2,29 , 0,0,220026,0,L, 	(30-MAY-2025 15:48:30)	 (Not Inserted)
2,29 , 0,0,220026,0,L, 	(30-MAY-2025 15:48:30)	 (Not Inserted)
2,29 , 0,0,220026,0,L, 	(30-MAY-2025 15:48:30)	 (Not Inserted)
2,29 , 0,0,220026,0,L, 	(30-MAY-2025 15:48:30)	 (Not Inserted)
2,29 , 0,0,220026,0,L, 	(30-MAY-2025 15:48:30)	 (Not Inserted)
2,29 , 0,0,220026,0,L, 	(30-MAY-2025 15:48:30)	 (Not Inserted)
2,29 , 0,0,220026,0,L, 	(30-MAY-2025 15:48:30)	 (Not Inserted)
2,29 , 0,0,220026,0,L, 	(30-MAY-2025 15:48:30)	 (Not Inserted)
2,29 , 0,0,220026,0,L, 	(30-MAY-2025 15:48:30)	 (Not Inserted)
2,29 , 0,0,220026,0,L, 	(30-MAY-2025 15:48:30)	 (Not Inserted)
2,29 , 0,0,220026,0,L, 	(30-MAY-2025 15:48:30)	 (Not Inserted)
2,29 , 0,0,220026,0,L, 	(30-MAY-2025 15:48:30)	 (Not Inserted)
2,29 , 0,0,220026,0,L, 	(30-MAY-2025 15:48:30)	 (Not Inserted)
2,29 , 0,0,220026,0,L, 	(30-MAY-2025 15:48:30)	 (Not Inserted)
2,29 , 0,0,220026,0,L, 	(30-MAY-2025 15:48:30)	 (Not Inserted)
2,29 , 0,0,220026,0,L, 	(30-MAY-2025 15:48:30)	 (Not Inserted)
2,29 , 0,0,220026,0,L, 	(30-MAY-2025 15:48:30)	 (Not Inserted)
2,29 , 0,0,220026,0,L, 	(30-MAY-2025 15:48:30)	 (Not Inserted)
2,29 , 0,0,220026,0,L, 	(30-MAY-2025 15:48:30)	 (Not Inserted)
2,29 , 0,0,220026,0,L, 	(30-MAY-2025 15:48:30)	 (Not Inserted)
2,29 , 0,0,220026,0,L, 	(30-MAY-2025 15:48:30)	 (Not Inserted)
2,29 , 0,0,220026,0,L, 	(30-MAY-2025 15:48:30)	 (Not Inserted)
2,29 , 0,0,220026,0,L, 	(30-MAY-2025 15:48:30)	 (Not Inserted)
2,29 , 0,0,220026,0,L, 	(30-MAY-2025 15:48:30)	 (Not Inserted)
2,29 , 0,0,220026,0,L, 	(30-MAY-2025 15:48:30)	 (Not Inserted)
2,29 , 0,0,220026,0,L, 	(30-MAY-2025 15:48:30)	 (Not Inserted)
2,29 , 0,0,220026,0,L, 	(30-MAY-2025 15:48:30)	 (Not Inserted)
2,29 , 0,0,220026,0,L, 	(30-MAY-2025 15:48:30)	 (Not Inserted)
2,29 , 0,0,220026,0,L, 	(30-MAY-2025 15:48:30)	 (Not Inserted)
2,29 , 0,0,220026,0,L, 	(30-MAY-2025 15:48:30)	 (Not Inserted)
2,29 , 0,0,220026,0,L, 	(30-MAY-2025 15:48:30)	 (Not Inserted)
2,29 , 0,0,220026,0,L, 	(30-MAY-2025 15:48:30)	 (Not Inserted)
2,29 , 0,0,220026,0,L, 	(30-MAY-2025 15:48:30)	 (Not Inserted)
2,29 , 0,0,220026,0,L, 	(30-MAY-2025 15:48:30)	 (Not Inserted)
2,29 , 0,0,220026,0,L, 	(30-MAY-2025 15:48:30)	 (Not Inserted)
2,29 , 0,0,220026,0,L, 	(30-MAY-2025 15:48:30)	 (Not Inserted)
2,29 , 0,0,220026,0,L, 	(30-MAY-2025 15:48:30)	 (Not Inserted)
2,29 , 0,0,220026,0,L, 	(30-MAY-2025 15:48:30)	 (Not Inserted)
2,29 , 0,0,220026,0,L, 	(30-MAY-2025 15:48:30)	 (Not Inserted)
2,29 , 0,0,220026,0,L, 	(30-MAY-2025 15:48:30)	 (Not Inserted)
2,29 , 0,0,220026,0,L, 	(30-MAY-2025 15:48:30)	 (Not Inserted)
2,29 , 0,0,220026,0,L, 	(30-MAY-2025 15:48:30)	 (Not Inserted)
2,29 , 0,0,220026,0,L, 	(30-MAY-2025 15:48:30)	 (Not Inserted)
2,29 , 0,0,220026,0,L, 	(30-MAY-2025 15:48:30)	 (Not Inserted)
2,29 , 0,0,220026,0,L, 	(30-MAY-2025 15:48:30)	 (Not Inserted)
2,29 , 0,0,220026,0,L, 	(30-MAY-2025 15:48:30)	 (Not Inserted)
2,29 , 0,0,220026,0,L, 	(30-MAY-2025 15:48:30)	 (Not Inserted)
2,29 , 0,0,220026,0,L, 	(30-MAY-2025 15:48:30)	 (Not Inserted)
2,29 , 0,0,220026,0,L, 	(30-MAY-2025 15:48:30)	 (Not Inserted)
2,29 , 0,0,220026,0,L, 	(30-MAY-2025 15:48:30)	 (Not Inserted)
2,29 , 0,0,220026,0,L, 	(30-MAY-2025 15:48:30)	 (Not Inserted)
2,29 , 0,0,220026,0,L, 	(30-MAY-2025 15:48:30)	 (Not Inserted)
2,29 , 0,0,220026,0,L, 	(30-MAY-2025 15:48:30)	 (Not Inserted)
2,29 , 0,0,220026,0,L, 	(30-MAY-2025 15:48:30)	 (Not Inserted)
2,29 , 0,0,220026,0,L, 	(30-MAY-2025 15:48:30)	 (Not Inserted)
2,29 , 0,0,220026,0,L, 	(30-MAY-2025 15:48:30)	 (Not Inserted)
2,29 , 0,0,220026,0,L, 	(30-MAY-2025 15:48:30)	 (Not Inserted)
2,29 , 0,0,220026,0,L, 	(30-MAY-2025 15:48:30)	 (Not Inserted)
2,29 , 0,0,220026,0,L, 	(30-MAY-2025 15:48:30)	 (Not Inserted)
2,29 , 0,0,220026,0,L, 	(30-MAY-2025 15:48:30)	 (Not Inserted)
2,29 , 0,0,220026,0,L, 	(30-MAY-2025 15:48:30)	 (Not Inserted)
2,29 , 0,0,220026,0,L, 	(30-MAY-2025 15:48:30)	 (Not Inserted)
2,29 , 0,0,220026,0,L, 	(30-MAY-2025 15:48:30)	 (Not Inserted)
2,29 , 0,0,220026,0,L, 	(30-MAY-2025 15:48:30)	 (Not Inserted)
2,29 , 0,0,220026,0,L, 	(30-MAY-2025 15:48:30)	 (Not Inserted)
2,29 , 0,0,220026,0,L, 	(30-MAY-2025 15:48:30)	 (Not Inserted)
2,29 , 0,0,220026,0,L, 	(30-MAY-2025 15:48:30)	 (Not Inserted)
2,29 , 0,0,220026,0,L, 	(30-MAY-2025 15:48:30)	 (Not Inserted)
2,29 , 0,0,220026,0,L, 	(30-MAY-2025 15:48:30)	 (Not Inserted)
2,29 , 0,0,220026,0,L, 	(30-MAY-2025 15:48:30)	 (Not Inserted)
2,29 , 0,0,220026,0,L, 	(30-MAY-2025 15:48:30)	 (Not Inserted)
2,29 , 0,0,220026,0,L, 	(30-MAY-2025 15:48:30)	 (Not Inserted)
2,29 , 0,0,220026,0,L, 	(30-MAY-2025 15:48:30)	 (Not Inserted)
2,29 , 0,0,220026,0,L, 	(30-MAY-2025 15:48:30)	 (Not Inserted)
2,29 , 0,0,220026,0,L, 	(30-MAY-2025 15:48:30)	 (Not Inserted)
2,29 , 0,0,220026,0,L, 	(30-MAY-2025 15:48:30)	 (Not Inserted)
2,29 , 0,0,220026,0,L, 	(30-MAY-2025 15:48:30)	 (Not Inserted)
2,29 , 0,0,220026,0,L, 	(30-MAY-2025 15:48:30)	 (Not Inserted)
2,29 , 0,0,220026,0,L, 	(30-MAY-2025 15:48:30)	 (Not Inserted)
2,29 , 0,0,220026,0,L, 	(30-MAY-2025 15:48:30)	 (Not Inserted)
2,29 , 0,0,220026,0,L, 	(30-MAY-2025 15:48:30)	 (Not Inserted)
2,29 , 0,0,220026,0,L, 	(30-MAY-2025 15:48:30)	 (Not Inserted)
2,29 , 0,0,220026,0,L, 	(30-MAY-2025 15:48:30)	 (Not Inserted)
2,29 , 0,0,220026,0,L, 	(30-MAY-2025 15:48:30)	 (Not Inserted)
2,29 , 0,0,220026,0,L, 	(30-MAY-2025 15:48:30)	 (Not Inserted)
2,29 , 0,0,220026,0,L, 	(30-MAY-2025 15:48:30)	 (Not Inserted)
2,29 , 0,0,220026,0,L, 	(30-MAY-2025 15:48:30)	 (Not Inserted)
2,29 , 0,0,220026,0,L, 	(30-MAY-2025 15:48:30)	 (Not Inserted)
2,29 , 0,0,220026,0,L, 	(30-MAY-2025 15:48:30)	 (Not Inserted)
2,29 , 0,0,220026,0,L, 	(30-MAY-2025 15:48:30)	 (Not Inserted)
2,29 , 0,0,220026,0,L, 	(30-MAY-2025 15:48:30)	 (Not Inserted)
2,29 , 0,0,220026,0,L, 	(30-MAY-2025 15:48:30)	 (Not Inserted)
2,29 , 0,0,220026,0,L, 	(30-MAY-2025 15:48:30)	 (Not Inserted)
2,29 , 0,0,220026,0,L, 	(30-MAY-2025 15:48:30)	 (Not Inserted)
2,29 , 0,0,220026,0,L, 	(30-MAY-2025 15:48:30)	 (Not Inserted)
2,29 , 0,0,220026,0,L, 	(30-MAY-2025 15:48:30)	 (Not Inserted)
2,29 , 0,0,220026,0,L, 	(30-MAY-2025 15:48:30)	 (Not Inserted)
2,29 , 0,0,220026,0,L, 	(30-MAY-2025 15:48:30)	 (Not Inserted)
2,29 , 0,0,220026,0,L, 	(30-MAY-2025 15:48:30)	 (Not Inserted)
2,29 , 0,0,220026,0,L, 	(30-MAY-2025 15:48:30)	 (Not Inserted)
2,29 , 0,0,220026,0,L, 	(30-MAY-2025 15:48:30)	 (Not Inserted)
2,29 , 0,0,220026,0,L, 	(30-MAY-2025 15:48:30)	 (Not Inserted)
2,29 , 0,0,220026,0,L, 	(30-MAY-2025 15:48:30)	 (Not Inserted)
2,29 , 0,0,220026,0,L, 	(30-MAY-2025 15:48:30)	 (Not Inserted)
2,29 , 0,0,220026,0,L, 	(30-MAY-2025 15:48:30)	 (Not Inserted)
2,29 , 0,0,220026,0,L, 	(30-MAY-2025 15:48:30)	 (Not Inserted)
2,29 , 0,0,220026,0,L, 	(30-MAY-2025 15:48:30)	 (Not Inserted)
2,29 , 0,0,220026,0,L, 	(30-MAY-2025 15:48:30)	 (Not Inserted)
2,29 , 0,0,220026,0,L, 	(30-MAY-2025 15:48:30)	 (Not Inserted)
2,29 , 0,0,220026,0,L, 	(30-MAY-2025 15:48:30)	 (Not Inserted)
2,29 , 0,0,220026,0,L, 	(30-MAY-2025 15:48:30)	 (Not Inserted)
2,29 , 0,0,220026,0,L, 	(30-MAY-2025 15:48:30)	 (Not Inserted)
2,29 , 0,0,220026,0,L, 	(30-MAY-2025 15:48:30)	 (Not Inserted)
2,29 , 0,0,220026,0,L, 	(30-MAY-2025 15:48:30)	 (Not Inserted)
2,29 , 0,0,220026,0,L, 	(30-MAY-2025 15:48:30)	 (Not Inserted)
2,29 , 0,0,220026,0,L, 	(30-MAY-2025 15:48:30)	 (Not Inserted)
2,29 , 0,0,220026,0,L, 	(30-MAY-2025 15:48:30)	 (Not Inserted)
2,29 , 0,0,220026,0,L, 	(30-MAY-2025 15:48:30)	 (Not Inserted)
2,29 , 0,0,220026,0,L, 	(30-MAY-2025 15:48:30)	 (Not Inserted)
2,29 , 0,0,220026,0,L, 	(30-MAY-2025 15:48:30)	 (Not Inserted)
2,29 , 0,0,220026,0,L, 	(30-MAY-2025 15:48:30)	 (Not Inserted)
2,29 , 0,0,220026,0,L, 	(30-MAY-2025 15:48:30)	 (Not Inserted)
2,29 , 0,0,220026,0,L, 	(30-MAY-2025 15:48:30)	 (Not Inserted)
2,29 , 0,0,220026,0,L, 	(30-MAY-2025 15:48:30)	 (Not Inserted)
2,29 , 0,0,220026,0,L, 	(30-MAY-2025 15:48:30)	 (Not Inserted)
2,29 , 0,0,220026,0,L, 	(30-MAY-2025 15:48:30)	 (Not Inserted)
2,29 , 0,0,220026,0,L, 	(30-MAY-2025 15:48:30)	 (Not Inserted)
2,29 , 0,0,220026,0,L, 	(30-MAY-2025 15:48:30)	 (Not Inserted)
2,29 , 0,0,220026,0,L, 	(30-MAY-2025 15:48:30)	 (Not Inserted)
2,29 , 0,0,220026,0,L, 	(30-MAY-2025 15:48:30)	 (Not Inserted)
2,29 , 0,0,220026,0,L, 	(30-MAY-2025 15:48:30)	 (Not Inserted)
2,29 , 0,0,220026,0,L, 	(30-MAY-2025 15:48:30)	 (Not Inserted)
2,29 , 0,0,220026,0,L, 	(30-MAY-2025 15:48:30)	 (Not Inserted)
2,29 , 0,0,220026,0,L, 	(30-MAY-2025 15:48:30)	 (Not Inserted)
2,29 , 0,0,220026,0,L, 	(30-MAY-2025 15:48:30)	 (Not Inserted)
2,29 , 0,0,220026,0,L, 	(30-MAY-2025 15:48:30)	 (Not Inserted)
2,29 , 0,0,220026,0,L, 	(30-MAY-2025 15:48:30)	 (Not Inserted)
2,29 , 0,0,220026,0,L, 	(30-MAY-2025 15:48:30)	 (Not Inserted)
2,29 , 0,0,220026,0,L, 	(30-MAY-2025 15:48:30)	 (Not Inserted)
2,29 , 0,0,220026,0,L, 	(30-MAY-2025 15:48:30)	 (Not Inserted)
2,29 , 0,0,220026,0,L, 	(30-MAY-2025 15:48:30)	 (Not Inserted)
2,29 , 0,0,220026,0,L, 	(30-MAY-2025 15:48:30)	 (Not Inserted)
2,29 , 0,0,220026,0,L, 	(30-MAY-2025 15:48:30)	 (Not Inserted)
2,29 , 0,0,220026,0,L, 	(30-MAY-2025 15:48:30)	 (Not Inserted)
2,29 , 0,0,220026,0,L, 	(30-MAY-2025 15:48:30)	 (Not Inserted)
2,29 , 0,0,220026,0,L, 	(30-MAY-2025 15:48:30)	 (Not Inserted)
2,29 , 0,0,220026,0,L, 	(30-MAY-2025 15:48:30)	 (Not Inserted)
2,29 , 0,0,220026,0,L, 	(30-MAY-2025 15:48:30)	 (Not Inserted)
2,29 , 0,0,220026,0,L, 	(30-MAY-2025 15:48:30)	 (Not Inserted)
2,29 , 0,0,220026,0,L, 	(30-MAY-2025 15:48:30)	 (Not Inserted)
2,29 , 0,0,220026,0,L, 	(30-MAY-2025 15:48:30)	 (Not Inserted)
2,29 , 0,0,220026,0,L, 	(30-MAY-2025 15:48:30)	 (Not Inserted)
2,29 , 0,0,220026,0,L, 	(30-MAY-2025 15:48:30)	 (Not Inserted)
2,29 , 0,0,220026,0,L, 	(30-MAY-2025 15:48:30)	 (Not Inserted)
2,29 , 0,0,220026,0,L, 	(30-MAY-2025 15:48:30)	 (Not Inserted)
2,29 , 0,0,220026,0,L, 	(30-MAY-2025 15:48:30)	 (Not Inserted)
2,29 , 0,0,220026,0,L, 	(30-MAY-2025 15:48:30)	 (Not Inserted)
2,29 , 0,0,220026,0,L, 	(30-MAY-2025 15:48:30)	 (Not Inserted)
2,29 , 0,0,220026,0,L, 	(30-MAY-2025 15:48:30)	 (Not Inserted)
2,29 , 0,0,220026,0,L, 	(30-MAY-2025 15:48:30)	 (Not Inserted)
2,29 , 0,0,220026,0,L, 	(30-MAY-2025 15:48:30)	 (Not Inserted)
2,29 , 0,0,220026,0,L, 	(30-MAY-2025 15:48:30)	 (Not Inserted)
2,29 , 0,0,220026,0,L, 	(30-MAY-2025 15:48:30)	 (Not Inserted)
2,29 , 0,0,220026,0,L, 	(30-MAY-2025 15:48:30)	 (Not Inserted)
2,29 , 0,0,220026,0,L, 	(30-MAY-2025 15:48:30)	 (Not Inserted)
2,29 , 0,0,220026,0,L, 	(30-MAY-2025 15:48:30)	 (Not Inserted)
2,29 , 0,0,220026,0,L, 	(30-MAY-2025 15:48:30)	 (Not Inserted)
2,29 , 0,0,220026,0,L, 	(30-MAY-2025 15:48:30)	 (Not Inserted)
2,29 , 0,0,220026,0,L, 	(30-MAY-2025 15:48:30)	 (Not Inserted)
2,29 , 0,0,220026,0,L, 	(30-MAY-2025 15:48:30)	 (Not Inserted)
2,29 , 0,0,220026,0,L, 	(30-MAY-2025 15:48:30)	 (Not Inserted)
2,29 , 0,0,220026,0,L, 	(30-MAY-2025 15:48:30)	 (Not Inserted)
2,29 , 0,0,220026,0,L, 	(30-MAY-2025 15:48:30)	 (Not Inserted)
2,29 , 0,0,220026,0,L, 	(30-MAY-2025 15:48:30)	 (Not Inserted)
2,29 , 0,0,220026,0,L, 	(30-MAY-2025 15:48:30)	 (Not Inserted)
2,29 , 0,0,220026,0,L, 	(30-MAY-2025 15:48:30)	 (Not Inserted)
2,29 , 0,0,220026,0,L, 	(30-MAY-2025 15:48:30)	 (Not Inserted)
2,29 , 0,0,220026,0,L, 	(30-MAY-2025 15:48:30)	 (Not Inserted)
2,29 , 0,0,220026,0,L, 	(30-MAY-2025 15:48:30)	 (Not Inserted)
2,29 , 0,0,220026,0,L, 	(30-MAY-2025 15:48:30)	 (Not Inserted)
2,29 , 0,0,220026,0,L, 	(30-MAY-2025 15:48:30)	 (Not Inserted)
2,29 , 0,0,220026,0,L, 	(30-MAY-2025 15:48:30)	 (Not Inserted)
2,29 , 0,0,220026,0,L, 	(30-MAY-2025 15:48:30)	 (Not Inserted)
2,29 , 0,0,220026,0,L, 	(30-MAY-2025 15:48:30)	 (Not Inserted)
2,29 , 0,0,220026,0,L, 	(30-MAY-2025 15:48:30)	 (Not Inserted)
2,29 , 0,0,220026,0,L, 	(30-MAY-2025 15:48:30)	 (Not Inserted)
2,29 , 0,0,220026,0,L, 	(30-MAY-2025 15:48:30)	 (Not Inserted)
2,29 , 0,0,220026,0,L, 	(30-MAY-2025 15:48:30)	 (Not Inserted)
2,29 , 0,0,220026,0,L, 	(30-MAY-2025 15:48:30)	 (Not Inserted)
2,29 , 0,0,220026,0,L, 	(30-MAY-2025 15:48:30)	 (Not Inserted)
2,29 , 0,0,220026,0,L, 	(30-MAY-2025 15:48:30)	 (Not Inserted)
2,29 , 0,0,220026,0,L, 	(30-MAY-2025 15:48:30)	 (Not Inserted)
2,29 , 0,0,220026,0,L, 	(30-MAY-2025 15:48:30)	 (Not Inserted)
2,29 , 0,0,220026,0,L, 	(30-MAY-2025 15:48:30)	 (Not Inserted)
2,29 , 0,0,220026,0,L, 	(30-MAY-2025 15:48:30)	 (Not Inserted)
2,29 , 0,0,220026,0,L, 	(30-MAY-2025 15:48:30)	 (Not Inserted)
2,29 , 0,0,220026,0,L, 	(30-MAY-2025 15:48:30)	 (Not Inserted)
2,29 , 0,0,220026,0,L, 	(30-MAY-2025 15:48:30)	 (Not Inserted)
2,29 , 0,0,220026,0,L, 	(30-MAY-2025 15:48:30)	 (Not Inserted)
2,29 , 0,0,220026,0,L, 	(30-MAY-2025 15:48:30)	 (Not Inserted)
2,29 , 0,0,220026,0,L, 	(30-MAY-2025 15:48:30)	 (Not Inserted)
2,29 , 0,0,220026,0,L, 	(30-MAY-2025 15:48:30)	 (Not Inserted)
2,29 , 0,0,220026,0,L, 	(30-MAY-2025 15:48:30)	 (Not Inserted)
2,29 , 0,0,220026,0,L, 	(30-MAY-2025 15:48:30)	 (Not Inserted)
2,29 , 0,0,220026,0,L, 	(30-MAY-2025 15:48:30)	 (Not Inserted)
2,29 , 0,0,220026,0,L, 	(30-MAY-2025 15:48:30)	 (Not Inserted)
2,29 , 0,0,220026,0,L, 	(30-MAY-2025 15:48:30)	 (Not Inserted)
2,29 , 0,0,220026,0,L, 	(30-MAY-2025 15:48:30)	 (Not Inserted)
2,29 , 0,0,220026,0,L, 	(30-MAY-2025 15:48:30)	 (Not Inserted)
2,29 , 0,0,220026,0,L, 	(30-MAY-2025 15:48:30)	 (Not Inserted)
2,29 , 0,0,220026,0,L, 	(30-MAY-2025 15:48:30)	 (Not Inserted)
2,29 , 0,0,220026,0,L, 	(30-MAY-2025 15:48:30)	 (Not Inserted)
2,29 , 0,0,220026,0,L, 	(30-MAY-2025 15:48:30)	 (Not Inserted)
2,29 , 0,0,220026,0,L, 	(30-MAY-2025 15:48:30)	 (Not Inserted)
2,29 , 0,0,220026,0,L, 	(30-MAY-2025 15:48:30)	 (Not Inserted)
2,29 , 0,0,220026,0,L, 	(30-MAY-2025 15:48:30)	 (Not Inserted)
2,29 , 0,0,220026,0,L, 	(30-MAY-2025 15:48:30)	 (Not Inserted)
2,29 , 0,0,220026,0,L, 	(30-MAY-2025 15:48:30)	 (Not Inserted)
2,29 , 0,0,220026,0,L, 	(30-MAY-2025 15:48:30)	 (Not Inserted)
2,29 , 0,0,220026,0,L, 	(30-MAY-2025 15:48:30)	 (Not Inserted)
2,29 , 0,0,220026,0,L, 	(30-MAY-2025 15:48:30)	 (Not Inserted)
2,29 , 0,0,220026,0,L, 	(30-MAY-2025 15:48:30)	 (Not Inserted)
2,29 , 0,0,220026,0,L, 	(30-MAY-2025 15:48:30)	 (Not Inserted)
2,29 , 0,0,220026,0,L, 	(30-MAY-2025 15:48:30)	 (Not Inserted)
2,29 , 0,0,220026,0,L, 	(30-MAY-2025 15:48:30)	 (Not Inserted)
2,29 , 0,0,220026,0,L, 	(30-MAY-2025 15:48:30)	 (Not Inserted)
2,29 , 0,0,220026,0,L, 	(30-MAY-2025 15:48:30)	 (Not Inserted)
2,29 , 0,0,220026,0,L, 	(30-MAY-2025 15:48:30)	 (Not Inserted)
2,29 , 0,0,220026,0,L, 	(30-MAY-2025 15:48:30)	 (Not Inserted)
2,29 , 0,0,220026,0,L, 	(30-MAY-2025 15:48:30)	 (Not Inserted)
2,29 , 0,0,220026,0,L, 	(30-MAY-2025 15:48:30)	 (Not Inserted)
2,29 , 0,0,220026,0,L, 	(30-MAY-2025 15:48:30)	 (Not Inserted)
2,29 , 0,0,220026,0,L, 	(30-MAY-2025 15:48:30)	 (Not Inserted)
2,29 , 0,0,220026,0,L, 	(30-MAY-2025 15:48:30)	 (Not Inserted)
2,29 , 0,0,220026,0,L, 	(30-MAY-2025 15:48:30)	 (Not Inserted)
2,29 , 0,0,220026,0,L, 	(30-MAY-2025 15:48:30)	 (Not Inserted)
2,29 , 0,0,220026,0,L, 	(30-MAY-2025 15:48:30)	 (Not Inserted)
2,29 , 0,0,220026,0,L, 	(30-MAY-2025 15:48:30)	 (Not Inserted)
2,29 , 0,0,220026,0,L, 	(30-MAY-2025 15:48:30)	 (Not Inserted)
2,29 , 0,0,220026,0,L, 	(30-MAY-2025 15:48:30)	 (Not Inserted)
2,29 , 0,0,220026,0,L, 	(30-MAY-2025 15:48:30)	 (Not Inserted)
2,29 , 0,0,220026,0,L, 	(30-MAY-2025 15:48:30)	 (Not Inserted)
2,29 , 0,0,220026,0,L, 	(30-MAY-2025 15:48:30)	 (Not Inserted)
2,29 , 0,0,220026,0,L, 	(30-MAY-2025 15:48:30)	 (Not Inserted)
2,29 , 0,0,220026,0,L, 	(30-MAY-2025 15:48:30)	 (Not Inserted)
2,29 , 0,0,220026,0,L, 	(30-MAY-2025 15:48:30)	 (Not Inserted)
2,29 , 0,0,220026,0,L, 	(30-MAY-2025 15:48:30)	 (Not Inserted)
2,29 , 0,0,220026,0,L, 	(30-MAY-2025 15:48:30)	 (Not Inserted)
2,29 , 0,0,220026,0,L, 	(30-MAY-2025 15:48:30)	 (Not Inserted)
2,29 , 0,0,220026,0,L, 	(30-MAY-2025 15:48:30)	 (Not Inserted)
2,29 , 0,0,220026,0,L, 	(30-MAY-2025 15:48:30)	 (Not Inserted)
2,29 , 0,0,220026,0,L, 	(30-MAY-2025 15:48:30)	 (Not Inserted)
2,29 , 0,0,220026,0,L, 	(30-MAY-2025 15:48:30)	 (Not Inserted)
2,29 , 0,0,220026,0,L, 	(30-MAY-2025 15:48:30)	 (Not Inserted)
2,29 , 0,0,220026,0,L, 	(30-MAY-2025 15:48:30)	 (Not Inserted)
2,29 , 0,0,220026,0,L, 	(30-MAY-2025 15:48:30)	 (Not Inserted)
2,29 , 0,0,220026,0,L, 	(30-MAY-2025 15:48:30)	 (Not Inserted)
2,29 , 0,0,220026,0,L, 	(30-MAY-2025 15:48:30)	 (Not Inserted)
2,29 , 0,0,220026,0,L, 	(30-MAY-2025 15:48:30)	 (Not Inserted)
2,29 , 0,0,220026,0,L, 	(30-MAY-2025 15:48:30)	 (Not Inserted)
2,29 , 0,0,220026,0,L, 	(30-MAY-2025 15:48:30)	 (Not Inserted)
2,29 , 0,0,220026,0,L, 	(30-MAY-2025 15:48:30)	 (Not Inserted)
2,29 , 0,0,220026,0,L, 	(30-MAY-2025 15:48:30)	 (Not Inserted)
2,29 , 0,0,220026,0,L, 	(30-MAY-2025 15:48:30)	 (Not Inserted)
2,29 , 0,0,220026,0,L, 	(30-MAY-2025 15:48:30)	 (Not Inserted)
2,29 , 0,0,220026,0,L, 	(30-MAY-2025 15:48:30)	 (Not Inserted)
2,29 , 0,0,220026,0,L, 	(30-MAY-2025 15:48:30)	 (Not Inserted)
2,29 , 0,0,220026,0,L, 	(30-MAY-2025 15:48:30)	 (Not Inserted)
2,29 , 0,0,220026,0,L, 	(30-MAY-2025 15:48:30)	 (Not Inserted)
2,29 , 0,0,220026,0,L, 	(30-MAY-2025 15:48:30)	 (Not Inserted)
2,29 , 0,0,220026,0,L, 	(30-MAY-2025 15:48:30)	 (Not Inserted)
2,29 , 0,0,220026,0,L, 	(30-MAY-2025 15:48:30)	 (Not Inserted)
2,29 , 0,0,220026,0,L, 	(30-MAY-2025 15:48:30)	 (Not Inserted)
2,29 , 0,0,220026,0,L, 	(30-MAY-2025 15:48:30)	 (Not Inserted)
2,29 , 0,0,220026,0,L, 	(30-MAY-2025 15:48:30)	 (Not Inserted)
2,29 , 0,0,220026,0,L, 	(30-MAY-2025 15:48:30)	 (Not Inserted)
2,29 , 0,0,220026,0,L, 	(30-MAY-2025 15:48:30)	 (Not Inserted)
2,29 , 0,0,220026,0,L, 	(30-MAY-2025 15:48:30)	 (Not Inserted)
2,29 , 0,0,220026,0,L, 	(30-MAY-2025 15:48:30)	 (Not Inserted)
2,29 , 0,0,220026,0,L, 	(30-MAY-2025 15:48:30)	 (Not Inserted)
2,29 , 0,0,220026,0,L, 	(30-MAY-2025 15:48:30)	 (Not Inserted)
2,29 , 0,0,220026,0,L, 	(30-MAY-2025 15:48:30)	 (Not Inserted)
2,29 , 0,0,220026,0,L, 	(30-MAY-2025 15:48:30)	 (Not Inserted)
2,29 , 0,0,220026,0,L, 	(30-MAY-2025 15:48:30)	 (Not Inserted)
2,29 , 0,0,220026,0,L, 	(30-MAY-2025 15:48:30)	 (Not Inserted)
2,29 , 0,0,220026,0,L, 	(30-MAY-2025 15:48:30)	 (Not Inserted)
2,29 , 0,0,220026,0,L, 	(30-MAY-2025 15:48:30)	 (Not Inserted)
2,29 , 0,0,220026,0,L, 	(30-MAY-2025 15:48:30)	 (Not Inserted)
2,29 , 0,0,220026,0,L, 	(30-MAY-2025 15:48:30)	 (Not Inserted)
2,29 , 0,0,220026,0,L, 	(30-MAY-2025 15:48:30)	 (Not Inserted)
2,29 , 0,0,220026,0,L, 	(30-MAY-2025 15:48:30)	 (Not Inserted)
2,29 , 0,0,220026,0,L, 	(30-MAY-2025 15:48:30)	 (Not Inserted)
2,29 , 0,0,220026,0,L, 	(30-MAY-2025 15:48:30)	 (Not Inserted)
2,29 , 0,0,220026,0,L, 	(30-MAY-2025 15:48:30)	 (Not Inserted)
2,29 , 0,0,220026,0,L, 	(30-MAY-2025 15:48:30)	 (Not Inserted)
2,29 , 0,0,220026,0,L, 	(30-MAY-2025 15:48:30)	 (Not Inserted)
2,29 , 0,0,220026,0,L, 	(30-MAY-2025 15:48:30)	 (Not Inserted)
2,29 , 0,0,220026,0,L, 	(30-MAY-2025 15:48:30)	 (Not Inserted)
2,29 , 0,0,220026,0,L, 	(30-MAY-2025 15:48:30)	 (Not Inserted)
2,29 , 0,0,220026,0,L, 	(30-MAY-2025 15:48:30)	 (Not Inserted)
2,29 , 0,0,220026,0,L, 	(30-MAY-2025 15:48:30)	 (Not Inserted)
2,29 , 0,0,220026,0,L, 	(30-MAY-2025 15:48:30)	 (Not Inserted)
2,29 , 0,0,220026,0,L, 	(30-MAY-2025 15:48:30)	 (Not Inserted)
2,29 , 0,0,220026,0,L, 	(30-MAY-2025 15:48:30)	 (Not Inserted)
2,29 , 0,0,220026,0,L, 	(30-MAY-2025 15:48:30)	 (Not Inserted)
2,29 , 0,0,220026,0,L, 	(30-MAY-2025 15:48:30)	 (Not Inserted)
2,29 , 0,0,220026,0,L, 	(30-MAY-2025 15:48:30)	 (Not Inserted)
2,29 , 0,0,220026,0,L, 	(30-MAY-2025 15:48:30)	 (Not Inserted)
2,29 , 0,0,220026,0,L, 	(30-MAY-2025 15:48:30)	 (Not Inserted)
2,29 , 0,0,220026,0,L, 	(30-MAY-2025 15:48:30)	 (Not Inserted)
2,29 , 0,0,220026,0,L, 	(30-MAY-2025 15:48:30)	 (Not Inserted)
2,29 , 0,0,220027,0,L, 	(30-MAY-2025 15:48:30)
2,29 , 0,0,220027,0,L, 	(30-MAY-2025 15:48:30)
2,29 , 0,0,220027,0,L, 	(30-MAY-2025 15:48:30)
2,29 , 0,0,220027,0,L, 	(30-MAY-2025 15:48:30)
2,29 , 0,0,220027,0,L, 	(30-MAY-2025 15:48:30)
2,29 , 0,0,220027,0,L, 	(30-MAY-2025 15:48:30)
2,29 , 0,0,220027,0,L, 	(30-MAY-2025 15:48:30)
2,29 , 0,0,220027,0,L, 	(30-MAY-2025 15:48:30)
2,29 , 0,0,220027,0,L, 	(30-MAY-2025 15:48:30)
2,29 , 0,0,220027,0,L, 	(30-MAY-2025 15:48:30)
2,29 , 0,0,220027,0,L, 	(30-MAY-2025 15:48:30)
2,29 , 0,0,220027,0,L, 	(30-MAY-2025 15:48:30)
2,29 , 0,0,220027,0,L, 	(30-MAY-2025 15:48:30)
2,29 , 0,0,220027,0,L, 	(30-MAY-2025 15:48:30)
2,29 , 0,0,220027,0,L, 	(30-MAY-2025 15:48:30)
2,29 , 0,0,220027,0,L, 	(30-MAY-2025 15:48:30)
2,29 , 0,0,220027,0,L, 	(30-MAY-2025 15:48:30)
2,29 , 0,0,220027,0,L, 	(30-MAY-2025 15:48:30)
2,29 , 0,0,220027,0,L, 	(30-MAY-2025 15:48:30)
2,29 , 0,0,220027,0,L, 	(30-MAY-2025 15:48:30)
2,29 , 0,0,220027,0,L, 	(30-MAY-2025 15:48:30)
2,29 , 0,0,220027,0,L, 	(30-MAY-2025 15:48:30)
2,29 , 0,0,220027,0,L, 	(30-MAY-2025 15:48:30)
2,29 , 0,0,220027,0,L, 	(30-MAY-2025 15:48:30)
2,29 , 0,0,220027,0,L, 	(30-MAY-2025 15:48:30)
2,29 , 0,0,220027,0,L, 	(30-MAY-2025 15:48:30)
2,29 , 0,0,220027,0,L, 	(30-MAY-2025 15:48:30)
2,29 , 0,0,220027,0,L, 	(30-MAY-2025 15:48:30)
2,29 , 0,0,220027,0,L, 	(30-MAY-2025 15:48:30)
2,29 , 0,0,220027,0,L, 	(30-MAY-2025 15:48:30)
2,29 , 0,0,220027,0,L, 	(30-MAY-2025 15:48:30)
2,29 , 0,0,220027,0,L, 	(30-MAY-2025 15:48:30)
2,29 , 0,0,220027,0,L, 	(30-MAY-2025 15:48:30)
2,29 , 0,0,220027,0,L, 	(30-MAY-2025 15:48:30)
2,29 , 0,0,220027,0,L, 	(30-MAY-2025 15:48:30)
2,29 , 0,0,220027,0,L, 	(30-MAY-2025 15:48:30)
2,29 , 0,0,220027,0,L, 	(30-MAY-2025 15:48:30)
2,29 , 0,0,220027,0,L, 	(30-MAY-2025 15:48:30)
2,29 , 0,0,220027,0,L, 	(30-MAY-2025 15:48:30)
2,29 , 0,0,220027,0,L, 	(30-MAY-2025 15:48:30)
2,29 , 0,0,220027,0,L, 	(30-MAY-2025 15:48:30)
2,29 , 0,0,220027,0,L, 	(30-MAY-2025 15:48:30)
2,29 , 0,0,220027,0,L, 	(30-MAY-2025 15:48:30)
2,29 , 0,0,220027,0,L, 	(30-MAY-2025 15:48:30)
2,29 , 0,0,220027,0,L, 	(30-MAY-2025 15:48:30)
2,29 , 0,0,220027,0,L, 	(30-MAY-2025 15:48:30)
2,29 , 0,0,220027,0,L, 	(30-MAY-2025 15:48:30)
2,29 , 0,0,220027,0,L, 	(30-MAY-2025 15:48:30)
2,29 , 0,0,220027,0,L, 	(30-MAY-2025 15:48:30)
2,29 , 0,0,220027,0,L, 	(30-MAY-2025 15:48:30)
2,29 , 0,0,220027,0,L, 	(30-MAY-2025 15:48:30)
2,29 , 0,0,220027,0,L, 	(30-MAY-2025 15:48:30)
2,29 , 0,0,220027,0,L, 	(30-MAY-2025 15:48:30)
2,29 , 0,0,220027,0,L, 	(30-MAY-2025 15:48:30)
2,29 , 0,0,220027,0,L, 	(30-MAY-2025 15:48:30)
2,29 , 0,0,220027,0,L, 	(30-MAY-2025 15:48:30)
2,29 , 0,0,220027,0,L, 	(30-MAY-2025 15:48:30)
2,29 , 0,0,220027,0,L, 	(30-MAY-2025 15:48:30)
2,29 , 0,0,220027,0,L, 	(30-MAY-2025 15:48:30)
2,29 , 0,0,220027,0,L, 	(30-MAY-2025 15:48:30)
2,29 , 0,0,220027,0,L, 	(30-MAY-2025 15:48:30)
2,29 , 0,0,220027,0,L, 	(30-MAY-2025 15:48:30)
2,29 , 0,0,220027,0,L, 	(30-MAY-2025 15:48:30)
2,29 , 0,0,220027,0,L, 	(30-MAY-2025 15:48:30)
2,29 , 0,0,220027,0,L, 	(30-MAY-2025 15:48:30)
2,29 , 0,0,220027,0,L, 	(30-MAY-2025 15:48:30)
2,29 , 0,0,220027,0,L, 	(30-MAY-2025 15:48:30)
2,29 , 0,0,220027,0,L, 	(30-MAY-2025 15:48:30)
2,29 , 0,0,220027,0,L, 	(30-MAY-2025 15:48:30)
2,29 , 0,0,220027,0,L, 	(30-MAY-2025 15:48:30)
2,29 , 0,0,220027,0,L, 	(30-MAY-2025 15:48:30)
2,29 , 0,0,220027,0,L, 	(30-MAY-2025 15:48:30)
2,29 , 0,0,220027,0,L, 	(30-MAY-2025 15:48:30)
2,29 , 0,0,220027,0,L, 	(30-MAY-2025 15:48:30)
2,29 , 0,0,220027,0,L, 	(30-MAY-2025 15:48:30)
2,29 , 0,0,220027,0,L, 	(30-MAY-2025 15:48:30)
2,29 , 0,0,220027,0,L, 	(30-MAY-2025 15:48:30)
2,29 , 0,0,220027,0,L, 	(30-MAY-2025 15:48:30)
2,29 , 0,0,220027,0,L, 	(30-MAY-2025 15:48:30)
2,29 , 0,0,220027,0,L, 	(30-MAY-2025 15:48:30)
2,29 , 0,0,220027,0,L, 	(30-MAY-2025 15:48:30)
2,29 , 0,0,220027,0,L, 	(30-MAY-2025 15:48:30)
2,29 , 0,0,220027,0,L, 	(30-MAY-2025 15:48:30)
2,29 , 0,0,220027,0,L, 	(30-MAY-2025 15:48:30)
2,29 , 0,0,220027,0,L, 	(30-MAY-2025 15:48:30)
2,29 , 0,0,220027,0,L, 	(30-MAY-2025 15:48:30)
2,29 , 0,0,220027,0,L, 	(30-MAY-2025 15:48:30)
2,29 , 0,0,220027,0,L, 	(30-MAY-2025 15:48:30)
2,29 , 0,0,220027,0,L, 	(30-MAY-2025 15:48:30)
2,29 , 0,0,220027,0,L, 	(30-MAY-2025 15:48:30)
2,29 , 0,0,220027,0,L, 	(30-MAY-2025 15:48:30)
2,29 , 0,0,220027,0,L, 	(30-MAY-2025 15:48:30)
2,29 , 0,0,220027,0,L, 	(30-MAY-2025 15:48:30)
2,29 , 0,0,220027,0,L, 	(30-MAY-2025 15:48:30)
2,29 , 0,0,220027,0,L, 	(30-MAY-2025 15:48:30)
2,29 , 0,0,220027,0,L, 	(30-MAY-2025 15:48:30)
2,29 , 0,0,220027,0,L, 	(30-MAY-2025 15:48:30)
2,29 , 0,0,220027,0,L, 	(30-MAY-2025 15:48:30)
2,29 , 0,0,220027,0,L, 	(30-MAY-2025 15:48:30)	 (Not Inserted)
2,29 , 0,0,220027,0,L, 	(30-MAY-2025 15:48:30)	 (Not Inserted)
2,29 , 0,0,220027,0,L, 	(30-MAY-2025 15:48:30)	 (Not Inserted)
2,29 , 0,0,220027,0,L, 	(30-MAY-2025 15:48:30)	 (Not Inserted)
2,29 , 0,0,220027,0,L, 	(30-MAY-2025 15:48:30)	 (Not Inserted)
2,29 , 0,0,220027,0,L, 	(30-MAY-2025 15:48:30)	 (Not Inserted)
2,29 , 0,0,220027,0,L, 	(30-MAY-2025 15:48:30)	 (Not Inserted)
2,29 , 0,0,220027,0,L, 	(30-MAY-2025 15:48:30)	 (Not Inserted)
2,29 , 0,0,220027,0,L, 	(30-MAY-2025 15:48:30)	 (Not Inserted)
2,29 , 0,0,220027,0,L, 	(30-MAY-2025 15:48:30)	 (Not Inserted)
2,29 , 0,0,220027,0,L, 	(30-MAY-2025 15:48:30)	 (Not Inserted)
2,29 , 0,0,220027,0,L, 	(30-MAY-2025 15:48:30)	 (Not Inserted)
2,29 , 0,0,220027,0,L, 	(30-MAY-2025 15:48:30)	 (Not Inserted)
2,29 , 0,0,220027,0,L, 	(30-MAY-2025 15:48:30)	 (Not Inserted)
2,29 , 0,0,220027,0,L, 	(30-MAY-2025 15:48:30)	 (Not Inserted)
2,29 , 0,0,220027,0,L, 	(30-MAY-2025 15:48:30)	 (Not Inserted)
2,29 , 0,0,220027,0,L, 	(30-MAY-2025 15:48:30)	 (Not Inserted)
2,29 , 0,0,220027,0,L, 	(30-MAY-2025 15:48:30)	 (Not Inserted)
2,29 , 0,0,220027,0,L, 	(30-MAY-2025 15:48:30)	 (Not Inserted)
2,29 , 0,0,220027,0,L, 	(30-MAY-2025 15:48:30)	 (Not Inserted)
2,29 , 0,0,220027,0,L, 	(30-MAY-2025 15:48:30)	 (Not Inserted)
2,29 , 0,0,220027,0,L, 	(30-MAY-2025 15:48:30)	 (Not Inserted)
2,29 , 0,0,220027,0,L, 	(30-MAY-2025 15:48:30)	 (Not Inserted)
2,29 , 0,0,220027,0,L, 	(30-MAY-2025 15:48:30)	 (Not Inserted)
2,29 , 0,0,220027,0,L, 	(30-MAY-2025 15:48:30)	 (Not Inserted)
2,29 , 0,0,220027,0,L, 	(30-MAY-2025 15:48:30)	 (Not Inserted)
2,29 , 0,0,220027,0,L, 	(30-MAY-2025 15:48:30)	 (Not Inserted)
2,29 , 0,0,220027,0,L, 	(30-MAY-2025 15:48:30)	 (Not Inserted)
2,29 , 0,0,220027,0,L, 	(30-MAY-2025 15:48:30)	 (Not Inserted)
2,29 , 0,0,220027,0,L, 	(30-MAY-2025 15:48:30)	 (Not Inserted)
2,29 , 0,0,220027,0,L, 	(30-MAY-2025 15:48:30)	 (Not Inserted)
2,29 , 0,0,220027,0,L, 	(30-MAY-2025 15:48:30)	 (Not Inserted)
2,29 , 0,0,220027,0,L, 	(30-MAY-2025 15:48:30)	 (Not Inserted)
2,29 , 0,0,220027,0,L, 	(30-MAY-2025 15:48:30)	 (Not Inserted)
2,29 , 0,0,220027,0,L, 	(30-MAY-2025 15:48:30)	 (Not Inserted)
2,29 , 0,0,220027,0,L, 	(30-MAY-2025 15:48:30)	 (Not Inserted)
2,29 , 0,0,220027,0,L, 	(30-MAY-2025 15:48:30)	 (Not Inserted)
2,29 , 0,0,220027,0,L, 	(30-MAY-2025 15:48:30)	 (Not Inserted)
2,29 , 0,0,220027,0,L, 	(30-MAY-2025 15:48:30)	 (Not Inserted)
2,29 , 0,0,220027,0,L, 	(30-MAY-2025 15:48:30)	 (Not Inserted)
2,29 , 0,0,220027,0,L, 	(30-MAY-2025 15:48:30)	 (Not Inserted)
2,29 , 0,0,220027,0,L, 	(30-MAY-2025 15:48:30)	 (Not Inserted)
2,29 , 0,0,220027,0,L, 	(30-MAY-2025 15:48:30)	 (Not Inserted)
2,29 , 0,0,220027,0,L, 	(30-MAY-2025 15:48:30)	 (Not Inserted)
2,29 , 0,0,220027,0,L, 	(30-MAY-2025 15:48:30)	 (Not Inserted)
2,29 , 0,0,220027,0,L, 	(30-MAY-2025 15:48:30)	 (Not Inserted)
2,29 , 0,0,220027,0,L, 	(30-MAY-2025 15:48:30)	 (Not Inserted)
2,29 , 0,0,220027,0,L, 	(30-MAY-2025 15:48:30)	 (Not Inserted)
2,29 , 0,0,220027,0,L, 	(30-MAY-2025 15:48:30)	 (Not Inserted)
2,29 , 0,0,220027,0,L, 	(30-MAY-2025 15:48:30)	 (Not Inserted)
2,29 , 0,0,220027,0,L, 	(30-MAY-2025 15:48:30)	 (Not Inserted)
2,29 , 0,0,220027,0,L, 	(30-MAY-2025 15:48:30)	 (Not Inserted)
2,29 , 0,0,220027,0,L, 	(30-MAY-2025 15:48:30)	 (Not Inserted)
2,29 , 0,0,220027,0,L, 	(30-MAY-2025 15:48:30)	 (Not Inserted)
2,29 , 0,0,220027,0,L, 	(30-MAY-2025 15:48:30)	 (Not Inserted)
2,29 , 0,0,220027,0,L, 	(30-MAY-2025 15:48:30)	 (Not Inserted)
2,29 , 0,0,220027,0,L, 	(30-MAY-2025 15:48:30)	 (Not Inserted)
2,29 , 0,0,220027,0,L, 	(30-MAY-2025 15:48:30)	 (Not Inserted)
2,29 , 0,0,220027,0,L, 	(30-MAY-2025 15:48:30)	 (Not Inserted)
2,29 , 0,0,220027,0,L, 	(30-MAY-2025 15:48:30)	 (Not Inserted)
2,29 , 0,0,220027,0,L, 	(30-MAY-2025 15:48:30)	 (Not Inserted)
2,29 , 0,0,220027,0,L, 	(30-MAY-2025 15:48:30)	 (Not Inserted)
2,29 , 0,0,220027,0,L, 	(30-MAY-2025 15:48:30)	 (Not Inserted)
2,29 , 0,0,220027,0,L, 	(30-MAY-2025 15:48:30)	 (Not Inserted)
2,29 , 0,0,220027,0,L, 	(30-MAY-2025 15:48:30)	 (Not Inserted)
2,29 , 0,0,220027,0,L, 	(30-MAY-2025 15:48:30)	 (Not Inserted)
2,29 , 0,0,220027,0,L, 	(30-MAY-2025 15:48:30)	 (Not Inserted)
2,29 , 0,0,220027,0,L, 	(30-MAY-2025 15:48:30)	 (Not Inserted)
2,29 , 0,0,220027,0,L, 	(30-MAY-2025 15:48:30)	 (Not Inserted)
2,29 , 0,0,220027,0,L, 	(30-MAY-2025 15:48:30)	 (Not Inserted)
2,29 , 0,0,220027,0,L, 	(30-MAY-2025 15:48:30)	 (Not Inserted)
2,29 , 0,0,220027,0,L, 	(30-MAY-2025 15:48:30)	 (Not Inserted)
2,29 , 0,0,220027,0,L, 	(30-MAY-2025 15:48:30)	 (Not Inserted)
2,29 , 0,0,220027,0,L, 	(30-MAY-2025 15:48:30)	 (Not Inserted)
2,29 , 0,0,220027,0,L, 	(30-MAY-2025 15:48:30)	 (Not Inserted)
2,29 , 0,0,220027,0,L, 	(30-MAY-2025 15:48:30)	 (Not Inserted)
2,29 , 0,0,220027,0,L, 	(30-MAY-2025 15:48:30)	 (Not Inserted)
2,29 , 0,0,220027,0,L, 	(30-MAY-2025 15:48:30)	 (Not Inserted)
2,29 , 0,0,220027,0,L, 	(30-MAY-2025 15:48:30)	 (Not Inserted)
2,29 , 0,0,220027,0,L, 	(30-MAY-2025 15:48:30)	 (Not Inserted)
2,29 , 0,0,220027,0,L, 	(30-MAY-2025 15:48:30)	 (Not Inserted)
2,29 , 0,0,220027,0,L, 	(30-MAY-2025 15:48:30)	 (Not Inserted)
2,29 , 0,0,220027,0,L, 	(30-MAY-2025 15:48:30)	 (Not Inserted)
2,29 , 0,0,220027,0,L, 	(30-MAY-2025 15:48:30)	 (Not Inserted)
2,29 , 0,0,220027,0,L, 	(30-MAY-2025 15:48:30)	 (Not Inserted)
2,29 , 0,0,220027,0,L, 	(30-MAY-2025 15:48:30)	 (Not Inserted)
2,29 , 0,0,220027,0,L, 	(30-MAY-2025 15:48:30)	 (Not Inserted)
2,29 , 0,0,220027,0,L, 	(30-MAY-2025 15:48:30)	 (Not Inserted)
2,29 , 0,0,220027,0,L, 	(30-MAY-2025 15:48:30)	 (Not Inserted)
2,29 , 0,0,220027,0,L, 	(30-MAY-2025 15:48:30)	 (Not Inserted)
2,29 , 0,0,220027,0,L, 	(30-MAY-2025 15:48:30)	 (Not Inserted)
2,29 , 0,0,220027,0,L, 	(30-MAY-2025 15:48:30)	 (Not Inserted)
2,29 , 0,0,220027,0,L, 	(30-MAY-2025 15:48:30)	 (Not Inserted)
2,29 , 0,0,220027,0,L, 	(30-MAY-2025 15:48:30)	 (Not Inserted)
2,29 , 0,0,220027,0,L, 	(30-MAY-2025 15:48:30)	 (Not Inserted)
2,29 , 0,0,220027,0,L, 	(30-MAY-2025 15:48:30)	 (Not Inserted)
2,29 , 0,0,220027,0,L, 	(30-MAY-2025 15:48:30)	 (Not Inserted)
2,29 , 0,0,220027,0,L, 	(30-MAY-2025 15:48:30)	 (Not Inserted)
2, , ,,,,, 	(30-MAY-2025 15:48:30)	 (Not Inserted)
2, , ,,,,, 	(30-MAY-2025 15:48:30)	 (Not Inserted)
2, , ,,,,, 	(30-MAY-2025 15:48:30)	 (Not Inserted)
2, , ,,,,, 	(30-MAY-2025 15:48:30)	 (Not Inserted)
2, , ,,,,, 	(30-MAY-2025 15:48:30)	 (Not Inserted)
2, , ,,,,, 	(30-MAY-2025 15:48:30)	 (Not Inserted)
2, , ,,,,, 	(30-MAY-2025 15:48:30)	 (Not Inserted)
2, , ,,,,, 	(30-MAY-2025 15:48:30)	 (Not Inserted)
2, , ,,,,, 	(30-MAY-2025 15:48:30)	 (Not Inserted)
2, , ,,,,, 	(30-MAY-2025 15:48:30)	 (Not Inserted)
2, , ,,,,, 	(30-MAY-2025 15:48:30)	 (Not Inserted)
2, , ,,,,, 	(30-MAY-2025 15:48:30)	 (Not Inserted)
2, , ,,,,, 	(30-MAY-2025 15:48:30)	 (Not Inserted)
2, , ,,,,, 	(30-MAY-2025 15:48:30)	 (Not Inserted)
2, , ,,,,, 	(30-MAY-2025 15:48:30)	 (Not Inserted)
2, , ,,,,, 	(30-MAY-2025 15:48:30)	 (Not Inserted)
2, , ,,,,, 	(30-MAY-2025 15:48:30)	 (Not Inserted)
2, , ,,,,, 	(30-MAY-2025 15:48:30)	 (Not Inserted)
2, , ,,,,, 	(30-MAY-2025 15:48:30)	 (Not Inserted)
2, , ,,,,, 	(30-MAY-2025 15:48:30)	 (Not Inserted)
2, , ,,,,, 	(30-MAY-2025 15:48:30)	 (Not Inserted)
2, , ,,,,, 	(30-MAY-2025 15:48:30)	 (Not Inserted)
2, , ,,,,, 	(30-MAY-2025 15:48:30)	 (Not Inserted)
2, , ,,,,, 	(30-MAY-2025 15:48:30)	 (Not Inserted)
2, , ,,,,, 	(30-MAY-2025 15:48:30)	 (Not Inserted)
2, , ,,,,, 	(30-MAY-2025 15:48:30)	 (Not Inserted)
2, , ,,,,, 	(30-MAY-2025 15:48:30)	 (Not Inserted)
2, , ,,,,, 	(30-MAY-2025 15:48:30)	 (Not Inserted)
2, , ,,,,, 	(30-MAY-2025 15:48:30)	 (Not Inserted)
2, , ,,,,, 	(30-MAY-2025 15:48:30)	 (Not Inserted)
2, , ,,,,, 	(30-MAY-2025 15:48:30)	 (Not Inserted)
2, , ,,,,, 	(30-MAY-2025 15:48:30)	 (Not Inserted)
2, , ,,,,, 	(30-MAY-2025 15:48:30)	 (Not Inserted)
2, , ,,,,, 	(30-MAY-2025 15:48:30)	 (Not Inserted)
2, , ,,,,, 	(30-MAY-2025 15:48:30)	 (Not Inserted)
2, , ,,,,, 	(30-MAY-2025 15:48:30)	 (Not Inserted)
2, , ,,,,, 	(30-MAY-2025 15:48:30)	 (Not Inserted)
2, , ,,,,, 	(30-MAY-2025 15:48:30)	 (Not Inserted)
2, , ,,,,, 	(30-MAY-2025 15:48:30)	 (Not Inserted)
2, , ,,,,, 	(30-MAY-2025 15:48:30)	 (Not Inserted)
2, , ,,,,, 	(30-MAY-2025 15:48:30)	 (Not Inserted)
2, , ,,,,, 	(30-MAY-2025 15:48:30)	 (Not Inserted)
2, , ,,,,, 	(30-MAY-2025 15:48:30)	 (Not Inserted)
2, , ,,,,, 	(30-MAY-2025 15:48:30)	 (Not Inserted)
2, , ,,,,, 	(30-MAY-2025 15:48:30)	 (Not Inserted)
2, , ,,,,, 	(30-MAY-2025 15:48:30)	 (Not Inserted)
2, , ,,,,, 	(30-MAY-2025 15:48:30)	 (Not Inserted)
2, , ,,,,, 	(30-MAY-2025 15:48:30)	 (Not Inserted)
2, , ,,,,, 	(30-MAY-2025 15:48:30)	 (Not Inserted)
2, , ,,,,, 	(30-MAY-2025 15:48:30)	 (Not Inserted)
2, , ,,,,, 	(30-MAY-2025 15:48:30)	 (Not Inserted)
2, , ,,,,, 	(30-MAY-2025 15:48:30)	 (Not Inserted)
2, , ,,,,, 	(30-MAY-2025 15:48:30)	 (Not Inserted)
2, , ,,,,, 	(30-MAY-2025 15:48:30)	 (Not Inserted)
2, , ,,,,, 	(30-MAY-2025 15:48:30)	 (Not Inserted)
2, , ,,,,, 	(30-MAY-2025 15:48:30)	 (Not Inserted)
2, , ,,,,, 	(30-MAY-2025 15:48:30)	 (Not Inserted)
2, , ,,,,, 	(30-MAY-2025 15:48:30)	 (Not Inserted)
2, , ,,,,, 	(30-MAY-2025 15:48:30)	 (Not Inserted)
2, , ,,,,, 	(30-MAY-2025 15:48:30)	 (Not Inserted)
2, , ,,,,, 	(30-MAY-2025 15:48:30)	 (Not Inserted)
2, , ,,,,, 	(30-MAY-2025 15:48:30)	 (Not Inserted)
2, , ,,,,, 	(30-MAY-2025 15:48:30)	 (Not Inserted)
2, , ,,,,, 	(30-MAY-2025 15:48:30)	 (Not Inserted)
2, , ,,,,, 	(30-MAY-2025 15:48:30)	 (Not Inserted)
2, , ,,,,, 	(30-MAY-2025 15:48:30)	 (Not Inserted)
2, , ,,,,, 	(30-MAY-2025 15:48:30)	 (Not Inserted)
2, , ,,,,, 	(30-MAY-2025 15:48:30)	 (Not Inserted)
2, , ,,,,, 	(30-MAY-2025 15:48:30)	 (Not Inserted)
2, , ,,,,, 	(30-MAY-2025 15:48:30)	 (Not Inserted)
2, , ,,,,, 	(30-MAY-2025 15:48:30)	 (Not Inserted)
2, , ,,,,, 	(30-MAY-2025 15:48:30)	 (Not Inserted)
2, , ,,,,, 	(30-MAY-2025 15:48:30)	 (Not Inserted)
2, , ,,,,, 	(30-MAY-2025 15:48:30)	 (Not Inserted)
2, , ,,,,, 	(30-MAY-2025 15:48:30)	 (Not Inserted)
2, , ,,,,, 	(30-MAY-2025 15:48:30)	 (Not Inserted)
2, , ,,,,, 	(30-MAY-2025 15:48:30)	 (Not Inserted)
2, , ,,,,, 	(30-MAY-2025 15:48:30)	 (Not Inserted)
2, , ,,,,, 	(30-MAY-2025 15:48:30)	 (Not Inserted)
2, , ,,,,, 	(30-MAY-2025 15:48:30)	 (Not Inserted)
2, , ,,,,, 	(30-MAY-2025 15:48:30)	 (Not Inserted)
2, , ,,,,, 	(30-MAY-2025 15:48:30)	 (Not Inserted)
2, , ,,,,, 	(30-MAY-2025 15:48:30)	 (Not Inserted)
2, , ,,,,, 	(30-MAY-2025 15:48:30)	 (Not Inserted)
2, , ,,,,, 	(30-MAY-2025 15:48:30)	 (Not Inserted)
2, , ,,,,, 	(30-MAY-2025 15:48:30)	 (Not Inserted)
2, , ,,,,, 	(30-MAY-2025 15:48:30)	 (Not Inserted)
2, , ,,,,, 	(30-MAY-2025 15:48:30)	 (Not Inserted)
2, , ,,,,, 	(30-MAY-2025 15:48:30)	 (Not Inserted)
2, , ,,,,, 	(30-MAY-2025 15:48:30)	 (Not Inserted)
2, , ,,,,, 	(30-MAY-2025 15:48:30)	 (Not Inserted)
2, , ,,,,, 	(30-MAY-2025 15:48:30)	 (Not Inserted)
2, , ,,,,, 	(30-MAY-2025 15:48:30)	 (Not Inserted)
2, , ,,,,, 	(30-MAY-2025 15:48:30)	 (Not Inserted)
2, , ,,,,, 	(30-MAY-2025 15:48:30)	 (Not Inserted)
2, , ,,,,, 	(30-MAY-2025 15:48:30)	 (Not Inserted)
2, , ,,,,, 	(30-MAY-2025 15:48:30)	 (Not Inserted)
2, , ,,,,, 	(30-MAY-2025 15:48:30)	 (Not Inserted)
2, , ,,,,, 	(30-MAY-2025 15:48:30)	 (Not Inserted)
2, , ,,,,, 	(30-MAY-2025 15:48:30)	 (Not Inserted)
2, , ,,,,, 	(30-MAY-2025 15:48:30)	 (Not Inserted)
2, , ,,,,, 	(30-MAY-2025 15:48:30)	 (Not Inserted)
2, , ,,,,, 	(30-MAY-2025 15:48:30)	 (Not Inserted)
2, , ,,,,, 	(30-MAY-2025 15:48:30)	 (Not Inserted)
2, , ,,,,, 	(30-MAY-2025 15:48:30)	 (Not Inserted)
2, , ,,,,, 	(30-MAY-2025 15:48:30)	 (Not Inserted)
2, , ,,,,, 	(30-MAY-2025 15:48:30)	 (Not Inserted)
2, , ,,,,, 	(30-MAY-2025 15:48:30)	 (Not Inserted)
2, , ,,,,, 	(30-MAY-2025 15:48:30)	 (Not Inserted)
2, , ,,,,, 	(30-MAY-2025 15:48:30)	 (Not Inserted)
2, , ,,,,, 	(30-MAY-2025 15:48:30)	 (Not Inserted)
2, , ,,,,, 	(30-MAY-2025 15:48:30)	 (Not Inserted)
2, , ,,,,, 	(30-MAY-2025 15:48:30)	 (Not Inserted)
2, , ,,,,, 	(30-MAY-2025 15:48:30)	 (Not Inserted)
2, , ,,,,, 	(30-MAY-2025 15:48:30)	 (Not Inserted)
2, , ,,,,, 	(30-MAY-2025 15:48:30)	 (Not Inserted)
2, , ,,,,, 	(30-MAY-2025 15:48:30)	 (Not Inserted)
2, , ,,,,, 	(30-MAY-2025 15:48:30)	 (Not Inserted)
2, , ,,,,, 	(30-MAY-2025 15:48:30)	 (Not Inserted)
2, , ,,,,, 	(30-MAY-2025 15:48:31)	 (Not Inserted)
2, , ,,,,, 	(30-MAY-2025 15:48:31)	 (Not Inserted)
2, , ,,,,, 	(30-MAY-2025 15:48:31)	 (Not Inserted)
2, , ,,,,, 	(30-MAY-2025 15:48:31)	 (Not Inserted)
2, , ,,,,, 	(30-MAY-2025 15:48:31)	 (Not Inserted)
2, , ,,,,, 	(30-MAY-2025 15:48:31)	 (Not Inserted)
2, , ,,,,, 	(30-MAY-2025 15:48:31)	 (Not Inserted)
2, , ,,,,, 	(30-MAY-2025 15:48:31)	 (Not Inserted)
2, , ,,,,, 	(30-MAY-2025 15:48:31)	 (Not Inserted)
2, , ,,,,, 	(30-MAY-2025 15:48:31)	 (Not Inserted)
2, , ,,,,, 	(30-MAY-2025 15:48:31)	 (Not Inserted)
2, , ,,,,, 	(30-MAY-2025 15:48:31)	 (Not Inserted)
2, , ,,,,, 	(30-MAY-2025 15:48:31)	 (Not Inserted)
2, , ,,,,, 	(30-MAY-2025 15:48:31)	 (Not Inserted)
2, , ,,,,, 	(30-MAY-2025 15:48:31)	 (Not Inserted)
2, , ,,,,, 	(30-MAY-2025 15:48:31)	 (Not Inserted)
2, , ,,,,, 	(30-MAY-2025 15:48:31)	 (Not Inserted)
2, , ,,,,, 	(30-MAY-2025 15:48:31)	 (Not Inserted)
2, , ,,,,, 	(30-MAY-2025 15:48:31)	 (Not Inserted)
2, , ,,,,, 	(30-MAY-2025 15:48:31)	 (Not Inserted)
2, , ,,,,, 	(30-MAY-2025 15:48:31)	 (Not Inserted)
2, , ,,,,, 	(30-MAY-2025 15:48:31)	 (Not Inserted)
2, , ,,,,, 	(30-MAY-2025 15:48:31)	 (Not Inserted)
2, , ,,,,, 	(30-MAY-2025 15:48:31)	 (Not Inserted)
2, , ,,,,, 	(30-MAY-2025 15:48:31)	 (Not Inserted)
2, , ,,,,, 	(30-MAY-2025 15:48:31)	 (Not Inserted)
2, , ,,,,, 	(30-MAY-2025 15:48:31)	 (Not Inserted)
2, , ,,,,, 	(30-MAY-2025 15:48:31)	 (Not Inserted)
2, , ,,,,, 	(30-MAY-2025 15:48:31)	 (Not Inserted)
2, , ,,,,, 	(30-MAY-2025 15:48:31)	 (Not Inserted)
2, , ,,,,, 	(30-MAY-2025 15:48:31)	 (Not Inserted)
2, , ,,,,, 	(30-MAY-2025 15:48:31)	 (Not Inserted)
2, , ,,,,, 	(30-MAY-2025 15:48:31)	 (Not Inserted)
2, , ,,,,, 	(30-MAY-2025 15:48:31)	 (Not Inserted)
2, , ,,,,, 	(30-MAY-2025 15:48:31)	 (Not Inserted)
2, , ,,,,, 	(30-MAY-2025 15:48:31)	 (Not Inserted)
2, , ,,,,, 	(30-MAY-2025 15:48:31)	 (Not Inserted)
2,31 , 1,0,1,1,S, 	(30-MAY-2025 15:48:31)
2,31 , 1,0,1,1,S, 	(30-MAY-2025 15:48:31)
2,31 , 1,0,1,1,S, 	(30-MAY-2025 15:48:31)
2,31 , 1,0,1,1,S, 	(30-MAY-2025 15:48:31)
2,31 , 1,0,1,1,S, 	(30-MAY-2025 15:48:31)
2,31 , 1,0,1,1,S, 	(30-MAY-2025 15:48:31)
2,31 , 1,0,1,1,S, 	(30-MAY-2025 15:48:31)
2,31 , 1,0,1,1,S, 	(30-MAY-2025 15:48:31)
2,31 , 1,0,1,1,S, 	(30-MAY-2025 15:48:31)
2,31 , 1,0,1,1,S, 	(30-MAY-2025 15:48:31)
2,31 , 1,0,1,1,S, 	(30-MAY-2025 15:48:31)
2,31 , 1,0,1,1,S, 	(30-MAY-2025 15:48:31)
2,31 , 1,0,1,1,S, 	(30-MAY-2025 15:48:31)
2,31 , 1,0,1,1,S, 	(30-MAY-2025 15:48:31)
2,31 , 1,0,1,1,S, 	(30-MAY-2025 15:48:31)
2,31 , 1,0,1,1,S, 	(30-MAY-2025 15:48:31)
2,31 , 1,0,1,2,S, 	(30-MAY-2025 15:48:31)
2,31 , 1,0,1,2,S, 	(30-MAY-2025 15:48:31)
2,31 , 1,0,1,2,S, 	(30-MAY-2025 15:48:31)
2,31 , 1,0,1,2,S, 	(30-MAY-2025 15:48:31)
2,31 , 1,0,1,2,S, 	(30-MAY-2025 15:48:31)
2,31 , 1,0,1,2,S, 	(30-MAY-2025 15:48:31)
2,31 , 1,0,1,2,S, 	(30-MAY-2025 15:48:31)
2,31 , 1,0,1,2,S, 	(30-MAY-2025 15:48:31)
2,31 , 1,0,1,2,S, 	(30-MAY-2025 15:48:31)
2,31 , 1,0,1,2,S, 	(30-MAY-2025 15:48:31)
2,31 , 1,0,1,2,S, 	(30-MAY-2025 15:48:31)
2,31 , 1,0,1,2,S, 	(30-MAY-2025 15:48:31)
2,31 , 1,0,1,2,S, 	(30-MAY-2025 15:48:31)
2,31 , 1,0,1,2,S, 	(30-MAY-2025 15:48:31)
2,31 , 1,0,1,2,S, 	(30-MAY-2025 15:48:31)
2,31 , 1,0,1,2,S, 	(30-MAY-2025 15:48:31)
2,31 , 1,0,1,2,S, 	(30-MAY-2025 15:48:31)
2,31 , 1,0,1,2,S, 	(30-MAY-2025 15:48:31)
2,31 , 1,0,1,2,S, 	(30-MAY-2025 15:48:31)
2,31 , 1,0,1,2,S, 	(30-MAY-2025 15:48:31)
2,31 , 1,0,1,2,S, 	(30-MAY-2025 15:48:31)
2,31 , 1,0,1,2,S, 	(30-MAY-2025 15:48:31)
2,31 , 1,0,1,2,S, 	(30-MAY-2025 15:48:31)
2,31 , 1,0,1,2,S, 	(30-MAY-2025 15:48:31)
2,31 , 1,0,1,2,S, 	(30-MAY-2025 15:48:31)
2,31 , 1,0,1,2,S, 	(30-MAY-2025 15:48:31)
2,31 , 1,0,1,2,S, 	(30-MAY-2025 15:48:31)
2,31 , 1,0,1,2,S, 	(30-MAY-2025 15:48:31)
2,31 , 1,0,1,2,S, 	(30-MAY-2025 15:48:31)
2,31 , 1,0,1,2,S, 	(30-MAY-2025 15:48:31)
2,31 , 1,0,1,4,S, 	(30-MAY-2025 15:48:31)
2,31 , 1,0,1,4,S, 	(30-MAY-2025 15:48:31)
2,31 , 1,0,1,4,S, 	(30-MAY-2025 15:48:31)
2,31 , 1,0,1,4,S, 	(30-MAY-2025 15:48:31)
2,31 , 1,0,1,4,S, 	(30-MAY-2025 15:48:31)
2,31 , 1,0,1,4,S, 	(30-MAY-2025 15:48:31)
2,31 , 1,0,1,4,S, 	(30-MAY-2025 15:48:31)
2,31 , 1,0,1,4,S, 	(30-MAY-2025 15:48:31)
2,31 , 1,0,1,4,S, 	(30-MAY-2025 15:48:31)
2,31 , 1,0,1,4,S, 	(30-MAY-2025 15:48:31)
2,31 , 1,0,1,4,S, 	(30-MAY-2025 15:48:31)
2,31 , 1,0,1,4,S, 	(30-MAY-2025 15:48:31)
2,31 , 1,0,1,4,S, 	(30-MAY-2025 15:48:31)
2,31 , 1,0,1,4,S, 	(30-MAY-2025 15:48:31)
2,31 , 1,0,1,4,S, 	(30-MAY-2025 15:48:31)
2,31 , 1,0,1,4,S, 	(30-MAY-2025 15:48:31)
2,31 , 1,0,6,0,S, 	(30-MAY-2025 15:48:31)
2,31 , 1,0,6,0,S, 	(30-MAY-2025 15:48:31)
2,31 , 1,0,6,0,S, 	(30-MAY-2025 15:48:31)
2,31 , 1,0,6,0,S, 	(30-MAY-2025 15:48:31)
2,31 , 1,0,6,0,S, 	(30-MAY-2025 15:48:31)
2,31 , 1,0,6,0,S, 	(30-MAY-2025 15:48:31)
2,31 , 1,0,6,0,S, 	(30-MAY-2025 15:48:31)
2,31 , 1,0,6,0,S, 	(30-MAY-2025 15:48:31)
2,31 , 1,0,6,0,S, 	(30-MAY-2025 15:48:31)
2,31 , 1,0,6,0,S, 	(30-MAY-2025 15:48:31)
2,31 , 1,0,6,3,S, 	(30-MAY-2025 15:48:31)
2,31 , 1,0,6,3,S, 	(30-MAY-2025 15:48:31)
2,31 , 1,0,6,3,S, 	(30-MAY-2025 15:48:31)
2,31 , 1,0,6,3,S, 	(30-MAY-2025 15:48:31)
2,31 , 1,0,6,3,S, 	(30-MAY-2025 15:48:31)
2,31 , 1,0,6,3,S, 	(30-MAY-2025 15:48:31)
2,31 , 1,0,6,3,S, 	(30-MAY-2025 15:48:31)
2,31 , 1,0,6,3,S, 	(30-MAY-2025 15:48:31)
2,31 , 1,0,6,3,S, 	(30-MAY-2025 15:48:31)
2,31 , 1,0,6,3,S, 	(30-MAY-2025 15:48:31)
2,31 , 1,0,6,3,S, 	(30-MAY-2025 15:48:31)
2,31 , 1,0,6,3,S, 	(30-MAY-2025 15:48:31)
2,31 , 1,0,6,3,S, 	(30-MAY-2025 15:48:31)
2,31 , 1,0,6,3,S, 	(30-MAY-2025 15:48:31)
2,31 , 1,0,6,3,S, 	(30-MAY-2025 15:48:31)
2,31 , 1,0,6,3,S, 	(30-MAY-2025 15:48:31)
2,31 , 1,0,3,0,S, 	(30-MAY-2025 15:48:31)
2,31 , 1,0,3,0,S, 	(30-MAY-2025 15:48:31)
2,31 , 1,0,3,0,S, 	(30-MAY-2025 15:48:31)
2,31 , 1,0,3,0,S, 	(30-MAY-2025 15:48:31)
2,31 , 1,0,3,0,S, 	(30-MAY-2025 15:48:31)
2,31 , 1,0,3,0,S, 	(30-MAY-2025 15:48:31)
2,31 , 1,0,3,0,S, 	(30-MAY-2025 15:48:31)
2,31 , 1,0,3,0,S, 	(30-MAY-2025 15:48:31)
2,31 , 1,0,3,0,S, 	(30-MAY-2025 15:48:31)
2,31 , 1,0,3,0,S, 	(30-MAY-2025 15:48:31)
2,31 , 1,0,3,0,S, 	(30-MAY-2025 15:48:31)
2,31 , 1,0,3,0,S, 	(30-MAY-2025 15:48:31)
2,31 , 1,0,3,0,S, 	(30-MAY-2025 15:48:31)
2,31 , 1,0,3,0,S, 	(30-MAY-2025 15:48:31)
2,31 , 1,0,3,0,S, 	(30-MAY-2025 15:48:31)
2,31 , 1,0,3,0,S, 	(30-MAY-2025 15:48:31)
2,31 , 1,0,3,0,S, 	(30-MAY-2025 15:48:31)
2,31 , 1,0,3,0,S, 	(30-MAY-2025 15:48:31)
2,31 , 1,0,3,0,S, 	(30-MAY-2025 15:48:31)
2,31 , 1,0,3,0,S, 	(30-MAY-2025 15:48:31)
2,31 , 1,0,3,0,S, 	(30-MAY-2025 15:48:31)
2,31 , 1,0,3,0,S, 	(30-MAY-2025 15:48:31)
2,31 , 1,0,3,0,S, 	(30-MAY-2025 15:48:31)
2,31 , 1,0,3,0,S, 	(30-MAY-2025 15:48:31)
2,31 , 1,0,3,0,S, 	(30-MAY-2025 15:48:31)
2,31 , 1,0,3,0,S, 	(30-MAY-2025 15:48:31)
2,31 , 1,0,3,0,S, 	(30-MAY-2025 15:48:31)
2,31 , 1,0,3,0,S, 	(30-MAY-2025 15:48:31)
2,31 , 1,0,3,0,S, 	(30-MAY-2025 15:48:31)
2,31 , 1,0,3,0,S, 	(30-MAY-2025 15:48:31)
2,31 , 1,0,3,0,S, 	(30-MAY-2025 15:48:31)
2,31 , 1,0,1,3,S, 	(30-MAY-2025 15:48:31)
2,31 , 1,0,1,3,S, 	(30-MAY-2025 15:48:31)
2,31 , 1,0,1,3,S, 	(30-MAY-2025 15:48:31)
2,31 , 1,0,1,3,S, 	(30-MAY-2025 15:48:31)
2,31 , 1,0,1,3,S, 	(30-MAY-2025 15:48:31)
2,31 , 1,0,1,3,S, 	(30-MAY-2025 15:48:31)
2,31 , 1,0,1,3,S, 	(30-MAY-2025 15:48:31)
2,31 , 1,0,1,3,S, 	(30-MAY-2025 15:48:31)
2,31 , 1,0,1,3,S, 	(30-MAY-2025 15:48:31)
2,31 , 1,0,1,3,S, 	(30-MAY-2025 15:48:31)
2,31 , 1,0,1,3,S, 	(30-MAY-2025 15:48:31)
2,31 , 1,0,1,3,S, 	(30-MAY-2025 15:48:31)
2,31 , 1,0,1,3,S, 	(30-MAY-2025 15:48:31)
2,31 , 1,0,1,3,S, 	(30-MAY-2025 15:48:31)
2,31 , 1,0,1,3,S, 	(30-MAY-2025 15:48:31)
2,31 , 1,0,2,0,S, 	(30-MAY-2025 15:48:31)
2,31 , 1,0,2,0,S, 	(30-MAY-2025 15:48:31)
2,31 , 1,0,2,0,S, 	(30-MAY-2025 15:48:31)
2,31 , 1,0,2,0,S, 	(30-MAY-2025 15:48:31)
2,31 , 1,0,2,0,S, 	(30-MAY-2025 15:48:31)
2,31 , 1,0,2,0,S, 	(30-MAY-2025 15:48:31)
2,31 , 1,0,2,0,S, 	(30-MAY-2025 15:48:31)
2,31 , 1,0,2,0,S, 	(30-MAY-2025 15:48:31)
2,31 , 1,0,2,0,S, 	(30-MAY-2025 15:48:31)
2,31 , 1,0,2,0,S, 	(30-MAY-2025 15:48:31)
2,31 , 1,0,2,0,S, 	(30-MAY-2025 15:48:31)
2,31 , 1,0,2,0,S, 	(30-MAY-2025 15:48:31)
2,31 , 1,0,2,0,S, 	(30-MAY-2025 15:48:31)
2,31 , 1,0,2,0,S, 	(30-MAY-2025 15:48:31)
2,31 , 1,0,2,0,S, 	(30-MAY-2025 15:48:31)
2,31 , 1,0,2,0,S, 	(30-MAY-2025 15:48:31)
2,31 , 1,0,2,0,S, 	(30-MAY-2025 15:48:31)
2,31 , 1,0,2,0,S, 	(30-MAY-2025 15:48:31)
2,31 , 1,0,2,0,S, 	(30-MAY-2025 15:48:31)
2,31 , 1,0,2,0,S, 	(30-MAY-2025 15:48:31)
2,31 , 1,0,2,0,S, 	(30-MAY-2025 15:48:31)
2,31 , 1,0,2,0,S, 	(30-MAY-2025 15:48:31)
2,31 , 1,0,2,0,S, 	(30-MAY-2025 15:48:31)
2,31 , 1,0,2,0,S, 	(30-MAY-2025 15:48:31)
2,31 , 1,0,2,0,S, 	(30-MAY-2025 15:48:31)
2,31 , 1,0,2,0,S, 	(30-MAY-2025 15:48:31)
2,31 , 1,0,2,0,S, 	(30-MAY-2025 15:48:31)
2,31 , 1,0,2,0,S, 	(30-MAY-2025 15:48:31)
2,31 , 1,0,2,0,S, 	(30-MAY-2025 15:48:31)
2,31 , 1,0,2,0,S, 	(30-MAY-2025 15:48:31)
2,31 , 1,0,2,0,S, 	(30-MAY-2025 15:48:31)
2,31 , 1,0,2,0,S, 	(30-MAY-2025 15:48:31)
2,31 , 1,0,2,0,S, 	(30-MAY-2025 15:48:31)
2,31 , 1,0,2,0,S, 	(30-MAY-2025 15:48:31)
2,31 , 1,0,2,0,S, 	(30-MAY-2025 15:48:31)
2,31 , 1,0,2,0,S, 	(30-MAY-2025 15:48:31)
2,31 , 1,0,2,0,S, 	(30-MAY-2025 15:48:31)
2,31 , 1,0,2,0,S, 	(30-MAY-2025 15:48:31)
2,31 , 1,0,2,0,S, 	(30-MAY-2025 15:48:31)
2,31 , 1,0,2,0,S, 	(30-MAY-2025 15:48:31)
2,31 , 1,0,2,0,S, 	(30-MAY-2025 15:48:31)
2,31 , 1,0,2,0,S, 	(30-MAY-2025 15:48:31)
2,31 , 1,0,2,0,S, 	(30-MAY-2025 15:48:31)
2,31 , 1,0,2,0,S, 	(30-MAY-2025 15:48:31)
2,31 , 1,0,2,0,S, 	(30-MAY-2025 15:48:31)
2,31 , 1,0,2,0,S, 	(30-MAY-2025 15:48:31)
2,31 , 1,0,2,0,S, 	(30-MAY-2025 15:48:31)
2,31 , 1,0,2,0,S, 	(30-MAY-2025 15:48:31)
2,31 , 1,0,2,0,S, 	(30-MAY-2025 15:48:31)
2,31 , 1,0,2,0,S, 	(30-MAY-2025 15:48:31)
2,31 , 1,0,2,0,S, 	(30-MAY-2025 15:48:31)
2,31 , 1,0,2,0,S, 	(30-MAY-2025 15:48:31)
2,31 , 1,0,2,0,S, 	(30-MAY-2025 15:48:31)
2,31 , 1,0,2,0,S, 	(30-MAY-2025 15:48:31)
2,31 , 1,0,2,0,S, 	(30-MAY-2025 15:48:31)
2,31 , 1,0,2,0,S, 	(30-MAY-2025 15:48:31)
2,31 , 1,0,2,0,S, 	(30-MAY-2025 15:48:31)
2,31 , 1,0,2,0,S, 	(30-MAY-2025 15:48:31)
2,31 , 1,0,2,0,S, 	(30-MAY-2025 15:48:31)
2,31 , 1,0,2,0,S, 	(30-MAY-2025 15:48:31)
2,31 , 1,0,2,0,S, 	(30-MAY-2025 15:48:31)
2,31 , 1,0,4,0,S, 	(30-MAY-2025 15:48:31)
2,31 , 1,0,4,0,S, 	(30-MAY-2025 15:48:31)
2,31 , 1,0,4,0,S, 	(30-MAY-2025 15:48:31)
2,31 , 1,0,4,0,S, 	(30-MAY-2025 15:48:31)
2,31 , 1,0,4,0,S, 	(30-MAY-2025 15:48:31)
2,31 , 1,0,4,0,S, 	(30-MAY-2025 15:48:31)
2,31 , 1,0,4,0,S, 	(30-MAY-2025 15:48:31)
2,31 , 1,0,4,0,S, 	(30-MAY-2025 15:48:31)
2,31 , 1,0,4,0,S, 	(30-MAY-2025 15:48:31)
2,31 , 1,0,4,0,S, 	(30-MAY-2025 15:48:31)
2,31 , 1,0,4,0,S, 	(30-MAY-2025 15:48:31)
2,31 , 1,0,4,0,S, 	(30-MAY-2025 15:48:31)
2,31 , 1,0,4,0,S, 	(30-MAY-2025 15:48:31)
2,31 , 1,0,4,0,S, 	(30-MAY-2025 15:48:31)
2,31 , 1,0,4,0,S, 	(30-MAY-2025 15:48:31)
2,31 , 1,0,4,0,S, 	(30-MAY-2025 15:48:31)
2,31 , 1,0,4,0,S, 	(30-MAY-2025 15:48:31)
2,31 , 1,0,4,0,S, 	(30-MAY-2025 15:48:31)
2,31 , 1,0,4,0,S, 	(30-MAY-2025 15:48:31)
2,31 , 1,0,5,0,S, 	(30-MAY-2025 15:48:31)
2,31 , 1,0,5,0,S, 	(30-MAY-2025 15:48:31)
2,31 , 1,0,5,0,S, 	(30-MAY-2025 15:48:31)
2,31 , 1,0,5,0,S, 	(30-MAY-2025 15:48:31)
2,31 , 1,0,5,0,S, 	(30-MAY-2025 15:48:31)
2,31 , 1,0,5,0,S, 	(30-MAY-2025 15:48:31)
2,31 , 1,0,5,0,S, 	(30-MAY-2025 15:48:31)
2,31 , 1,0,5,0,S, 	(30-MAY-2025 15:48:31)
2,31 , 1,0,5,0,S, 	(30-MAY-2025 15:48:31)
2,31 , 1,0,5,0,S, 	(30-MAY-2025 15:48:31)
2,31 , 1,0,5,0,S, 	(30-MAY-2025 15:48:31)
2,31 , 1,0,5,0,S, 	(30-MAY-2025 15:48:31)
2,31 , 1,0,5,0,S, 	(30-MAY-2025 15:48:31)
2,31 , 1,0,5,0,S, 	(30-MAY-2025 15:48:31)
2,31 , 1,0,5,0,S, 	(30-MAY-2025 15:48:31)
2,31 , 1,0,5,0,S, 	(30-MAY-2025 15:48:31)
2,31 , 1,0,5,0,S, 	(30-MAY-2025 15:48:31)
2,31 , 1,0,5,0,S, 	(30-MAY-2025 15:48:31)
2,31 , 1,0,5,0,S, 	(30-MAY-2025 15:48:31)
2,31 , 1,0,5,0,S, 	(30-MAY-2025 15:48:31)
2,31 , 1,0,5,0,S, 	(30-MAY-2025 15:48:31)
2,31 , 1,0,5,0,S, 	(30-MAY-2025 15:48:31)
2,31 , 1,0,5,0,S, 	(30-MAY-2025 15:48:31)
2,31 , 1,0,5,0,S, 	(30-MAY-2025 15:48:31)
2,31 , 1,0,5,0,S, 	(30-MAY-2025 15:48:31)
2,31 , 1,0,5,0,S, 	(30-MAY-2025 15:48:31)
2,31 , 1,0,5,0,S, 	(30-MAY-2025 15:48:31)
2,31 , 1,0,5,0,S, 	(30-MAY-2025 15:48:31)
2,31 , 1,0,5,0,S, 	(30-MAY-2025 15:48:31)
2,31 , 1,0,5,0,S, 	(30-MAY-2025 15:48:31)
2,31 , 1,0,7,2,S, 	(30-MAY-2025 15:48:31)
2,31 , 1,0,7,2,S, 	(30-MAY-2025 15:48:31)
2,31 , 1,0,7,2,S, 	(30-MAY-2025 15:48:31)
2,31 , 1,0,7,2,S, 	(30-MAY-2025 15:48:31)
2,31 , 1,0,7,2,S, 	(30-MAY-2025 15:48:31)
2,31 , 1,0,7,2,S, 	(30-MAY-2025 15:48:31)
2,31 , 1,0,7,2,S, 	(30-MAY-2025 15:48:31)
2,31 , 1,0,7,2,S, 	(30-MAY-2025 15:48:31)
2,31 , 1,0,7,2,S, 	(30-MAY-2025 15:48:31)
2,31 , 1,0,7,2,S, 	(30-MAY-2025 15:48:31)
2,31 , 1,0,7,2,S, 	(30-MAY-2025 15:48:31)
2,31 , 1,0,7,2,S, 	(30-MAY-2025 15:48:31)
2,31 , 1,0,7,2,S, 	(30-MAY-2025 15:48:31)
2,31 , 1,0,7,2,S, 	(30-MAY-2025 15:48:31)
2,31 , 1,0,7,2,S, 	(30-MAY-2025 15:48:31)
2,31 , 1,0,7,2,S, 	(30-MAY-2025 15:48:31)
2,31 , 1,0,7,2,S, 	(30-MAY-2025 15:48:31)
2,31 , 1,0,7,2,S, 	(30-MAY-2025 15:48:31)
2,31 , 1,0,7,2,S, 	(30-MAY-2025 15:48:31)
2,31 , 1,0,7,2,S, 	(30-MAY-2025 15:48:31)
2,31 , 1,0,7,2,S, 	(30-MAY-2025 15:48:31)
2,31 , 1,0,7,2,S, 	(30-MAY-2025 15:48:31)
2,31 , 1,0,7,2,S, 	(30-MAY-2025 15:48:31)
2,31 , 1,0,7,2,S, 	(30-MAY-2025 15:48:31)
2,31 , 1,0,7,2,S, 	(30-MAY-2025 15:48:31)
2,31 , 1,0,7,2,S, 	(30-MAY-2025 15:48:31)
2,31 , 1,0,7,2,S, 	(30-MAY-2025 15:48:31)
2,31 , 1,0,7,2,S, 	(30-MAY-2025 15:48:31)
2,31 , 1,0,7,2,S, 	(30-MAY-2025 15:48:31)
2,31 , 1,0,7,2,S, 	(30-MAY-2025 15:48:31)
2,31 , 1,0,10,2,S, 	(30-MAY-2025 15:48:31)
2,31 , 1,0,10,2,S, 	(30-MAY-2025 15:48:31)
2,31 , 1,0,10,2,S, 	(30-MAY-2025 15:48:31)
2,31 , 1,0,10,2,S, 	(30-MAY-2025 15:48:31)
2,31 , 1,0,10,2,S, 	(30-MAY-2025 15:48:31)
2,31 , 1,0,10,2,S, 	(30-MAY-2025 15:48:31)
2,31 , 1,0,10,2,S, 	(30-MAY-2025 15:48:31)
2,31 , 1,0,10,2,S, 	(30-MAY-2025 15:48:31)
2,31 , 1,0,10,2,S, 	(30-MAY-2025 15:48:31)
2,31 , 1,0,10,2,S, 	(30-MAY-2025 15:48:31)
2,31 , 1,0,10,2,S, 	(30-MAY-2025 15:48:31)
2,31 , 1,0,10,2,S, 	(30-MAY-2025 15:48:31)
2,31 , 1,0,10,2,S, 	(30-MAY-2025 15:48:31)
2,31 , 1,0,10,2,S, 	(30-MAY-2025 15:48:31)
2,31 , 1,0,10,2,S, 	(30-MAY-2025 15:48:31)
2,31 , 1,0,10,2,S, 	(30-MAY-2025 15:48:31)
2,31 , 1,0,10,2,S, 	(30-MAY-2025 15:48:31)
2,31 , 1,0,10,2,S, 	(30-MAY-2025 15:48:31)
2,31 , 1,0,10,2,S, 	(30-MAY-2025 15:48:31)
2,31 , 1,0,10,2,S, 	(30-MAY-2025 15:48:31)
2,31 , 1,0,10,2,S, 	(30-MAY-2025 15:48:31)
2,31 , 1,0,10,2,S, 	(30-MAY-2025 15:48:31)
2,31 , 1,0,10,2,S, 	(30-MAY-2025 15:48:31)
2,31 , 1,0,10,2,S, 	(30-MAY-2025 15:48:31)
2,31 , 1,0,10,2,S, 	(30-MAY-2025 15:48:31)
2,31 , 1,0,10,2,S, 	(30-MAY-2025 15:48:31)
2,31 , 1,0,10,2,S, 	(30-MAY-2025 15:48:31)
2,31 , 1,0,10,2,S, 	(30-MAY-2025 15:48:31)
2,31 , 1,0,10,2,S, 	(30-MAY-2025 15:48:31)
2,31 , 1,0,10,2,S, 	(30-MAY-2025 15:48:31)
2,31 , 1,0,10,2,S, 	(30-MAY-2025 15:48:31)
2,31 , 1,0,10,2,S, 	(30-MAY-2025 15:48:31)
2,31 , 1,0,10,2,S, 	(30-MAY-2025 15:48:31)
2,31 , 1,0,10,2,S, 	(30-MAY-2025 15:48:31)
2,31 , 1,0,10,2,S, 	(30-MAY-2025 15:48:31)
2,31 , 1,0,10,2,S, 	(30-MAY-2025 15:48:31)
2,31 , 1,0,10,2,S, 	(30-MAY-2025 15:48:31)
2,31 , 1,0,10,2,S, 	(30-MAY-2025 15:48:31)
2,31 , 1,0,10,2,S, 	(30-MAY-2025 15:48:31)
2,31 , 1,0,10,2,S, 	(30-MAY-2025 15:48:31)
2,31 , 1,0,10,2,S, 	(30-MAY-2025 15:48:31)
2,31 , 1,0,10,2,S, 	(30-MAY-2025 15:48:31)
2,31 , 1,0,10,2,S, 	(30-MAY-2025 15:48:31)
2,31 , 1,0,10,2,S, 	(30-MAY-2025 15:48:31)
2,31 , 1,0,10,2,S, 	(30-MAY-2025 15:48:31)
2,31 , 1,0,10,2,S, 	(30-MAY-2025 15:48:31)
2,31 , 1,0,10,2,S, 	(30-MAY-2025 15:48:31)
2,31 , 1,0,10,2,S, 	(30-MAY-2025 15:48:31)
2,31 , 1,0,10,2,S, 	(30-MAY-2025 15:48:31)
2,31 , 1,0,10,2,S, 	(30-MAY-2025 15:48:31)
2,31 , 1,0,10,2,S, 	(30-MAY-2025 15:48:31)
2,31 , 1,0,10,2,S, 	(30-MAY-2025 15:48:31)
2,31 , 1,0,10,2,S, 	(30-MAY-2025 15:48:31)
2,31 , 1,0,10,2,S, 	(30-MAY-2025 15:48:31)
2,31 , 1,0,10,2,S, 	(30-MAY-2025 15:48:31)
2,31 , 1,0,10,2,S, 	(30-MAY-2025 15:48:31)
2,31 , 1,0,10,2,S, 	(30-MAY-2025 15:48:31)
2,31 , 1,0,10,2,S, 	(30-MAY-2025 15:48:31)
2,31 , 1,0,10,2,S, 	(30-MAY-2025 15:48:31)
2,31 , 1,0,9,2,S, 	(30-MAY-2025 15:48:31)
2,31 , 1,0,9,2,S, 	(30-MAY-2025 15:48:31)
2,31 , 1,0,9,2,S, 	(30-MAY-2025 15:48:31)
2,31 , 1,0,9,2,S, 	(30-MAY-2025 15:48:31)
2,31 , 1,0,9,2,S, 	(30-MAY-2025 15:48:31)
2,31 , 1,0,9,2,S, 	(30-MAY-2025 15:48:31)
2,31 , 1,0,9,2,S, 	(30-MAY-2025 15:48:31)
2,31 , 1,0,9,2,S, 	(30-MAY-2025 15:48:31)
2,31 , 1,0,9,2,S, 	(30-MAY-2025 15:48:31)
2,31 , 1,0,9,2,S, 	(30-MAY-2025 15:48:31)
2,31 , 1,0,9,2,S, 	(30-MAY-2025 15:48:31)
2,31 , 1,0,9,2,S, 	(30-MAY-2025 15:48:31)
2,31 , 1,0,9,2,S, 	(30-MAY-2025 15:48:31)
2,31 , 1,0,9,2,S, 	(30-MAY-2025 15:48:31)
2,31 , 1,0,9,2,S, 	(30-MAY-2025 15:48:31)
2,31 , 1,0,9,2,S, 	(30-MAY-2025 15:48:31)
2,31 , 1,0,9,2,S, 	(30-MAY-2025 15:48:31)
2,31 , 1,0,9,2,S, 	(30-MAY-2025 15:48:31)
2,31 , 1,0,9,2,S, 	(30-MAY-2025 15:48:31)
2,31 , 1,0,9,2,S, 	(30-MAY-2025 15:48:31)
2,31 , 1,0,9,2,S, 	(30-MAY-2025 15:48:31)
2,31 , 1,0,9,2,S, 	(30-MAY-2025 15:48:31)
2,31 , 1,0,9,2,S, 	(30-MAY-2025 15:48:31)
2,31 , 1,0,9,2,S, 	(30-MAY-2025 15:48:31)
2,31 , 1,0,9,2,S, 	(30-MAY-2025 15:48:31)
2,31 , 1,0,9,2,S, 	(30-MAY-2025 15:48:31)
2,31 , 1,0,9,2,S, 	(30-MAY-2025 15:48:31)
2,31 , 1,0,9,2,S, 	(30-MAY-2025 15:48:31)
2,31 , 1,0,9,2,S, 	(30-MAY-2025 15:48:31)
2,31 , 1,0,9,2,S, 	(30-MAY-2025 15:48:31)
2,31 , 1,0,9,2,S, 	(30-MAY-2025 15:48:31)
2,31 , 1,0,9,2,S, 	(30-MAY-2025 15:48:31)
2,31 , 1,0,9,2,S, 	(30-MAY-2025 15:48:31)
2,31 , 1,0,9,2,S, 	(30-MAY-2025 15:48:31)
2,31 , 1,0,9,2,S, 	(30-MAY-2025 15:48:31)
2,31 , 1,0,9,2,S, 	(30-MAY-2025 15:48:31)
2,31 , 1,0,9,2,S, 	(30-MAY-2025 15:48:31)
2,31 , 1,0,9,2,S, 	(30-MAY-2025 15:48:31)
2,31 , 1,0,9,2,S, 	(30-MAY-2025 15:48:31)
2,31 , 1,0,9,2,S, 	(30-MAY-2025 15:48:31)
2,31 , 1,0,9,2,S, 	(30-MAY-2025 15:48:31)
2,31 , 1,0,9,2,S, 	(30-MAY-2025 15:48:31)
2,31 , 1,0,9,2,S, 	(30-MAY-2025 15:48:31)
2,31 , 1,0,9,2,S, 	(30-MAY-2025 15:48:31)
2,31 , 1,0,9,2,S, 	(30-MAY-2025 15:48:31)
2,31 , 1,0,9,2,S, 	(30-MAY-2025 15:48:31)
2,31 , 1,0,9,2,S, 	(30-MAY-2025 15:48:31)
2,31 , 1,0,9,2,S, 	(30-MAY-2025 15:48:31)
2,31 , 1,0,9,2,S, 	(30-MAY-2025 15:48:31)
2,31 , 1,0,9,2,S, 	(30-MAY-2025 15:48:31)
2,31 , 1,0,9,2,S, 	(30-MAY-2025 15:48:31)
2,31 , 1,0,9,2,S, 	(30-MAY-2025 15:48:31)
2,31 , 1,0,9,2,S, 	(30-MAY-2025 15:48:31)
2,31 , 1,0,9,2,S, 	(30-MAY-2025 15:48:31)
2,31 , 1,0,9,2,S, 	(30-MAY-2025 15:48:31)
2,31 , 1,0,9,2,S, 	(30-MAY-2025 15:48:31)
2,31 , 1,0,9,2,S, 	(30-MAY-2025 15:48:31)
2,31 , 1,0,9,2,S, 	(30-MAY-2025 15:48:31)
2,31 , 1,0,9,2,S, 	(30-MAY-2025 15:48:31)
2,32 , 0,0,222025,0,L, 	(30-MAY-2025 15:48:31)
2,32 , 0,0,222025,0,L, 	(30-MAY-2025 15:48:31)
2,32 , 0,0,222025,0,L, 	(30-MAY-2025 15:48:31)
2,32 , 0,0,222025,0,L, 	(30-MAY-2025 15:48:31)
2,32 , 0,0,222025,0,L, 	(30-MAY-2025 15:48:31)
2,32 , 0,0,222025,0,L, 	(30-MAY-2025 15:48:31)
2,32 , 0,0,222025,0,L, 	(30-MAY-2025 15:48:31)
2,32 , 0,0,222025,0,L, 	(30-MAY-2025 15:48:31)
2,32 , 0,0,222025,0,L, 	(30-MAY-2025 15:48:31)
2,32 , 0,0,222025,0,L, 	(30-MAY-2025 15:48:31)
2,32 , 0,0,222025,0,L, 	(30-MAY-2025 15:48:31)
2,32 , 0,0,222025,0,L, 	(30-MAY-2025 15:48:31)
2,32 , 0,0,222025,0,L, 	(30-MAY-2025 15:48:31)
2,32 , 0,0,222025,0,L, 	(30-MAY-2025 15:48:31)
2,32 , 0,0,222025,0,L, 	(30-MAY-2025 15:48:31)
2,32 , 0,0,222025,0,L, 	(30-MAY-2025 15:48:31)
2,32 , 0,0,222025,0,L, 	(30-MAY-2025 15:48:31)
2,32 , 0,0,222025,0,L, 	(30-MAY-2025 15:48:31)
2,32 , 0,0,222025,0,L, 	(30-MAY-2025 15:48:31)
2,32 , 0,0,222025,0,L, 	(30-MAY-2025 15:48:31)
2,32 , 0,0,222025,0,L, 	(30-MAY-2025 15:48:31)
2,32 , 0,0,222025,0,L, 	(30-MAY-2025 15:48:31)
2,32 , 0,0,222025,0,L, 	(30-MAY-2025 15:48:31)
2,32 , 0,0,222025,0,L, 	(30-MAY-2025 15:48:31)
2,32 , 0,0,222025,0,L, 	(30-MAY-2025 15:48:31)
2,32 , 0,0,222025,0,L, 	(30-MAY-2025 15:48:31)
2,32 , 0,0,222025,0,L, 	(30-MAY-2025 15:48:31)
2,32 , 0,0,222025,0,L, 	(30-MAY-2025 15:48:31)
2,32 , 0,0,220031,0,L, 	(30-MAY-2025 15:48:31)
2,32 , 0,0,220031,0,L, 	(30-MAY-2025 15:48:31)
2,32 , 0,0,220031,0,L, 	(30-MAY-2025 15:48:31)
2,32 , 0,0,220031,0,L, 	(30-MAY-2025 15:48:31)
2,32 , 0,0,220031,0,L, 	(30-MAY-2025 15:48:31)
2,32 , 0,0,220031,0,L, 	(30-MAY-2025 15:48:31)
2,32 , 0,0,220031,0,L, 	(30-MAY-2025 15:48:31)
2,32 , 0,0,220031,0,L, 	(30-MAY-2025 15:48:31)
2,32 , 0,0,220031,0,L, 	(30-MAY-2025 15:48:31)
2,32 , 0,0,220031,0,L, 	(30-MAY-2025 15:48:31)
2,32 , 0,0,220031,0,L, 	(30-MAY-2025 15:48:31)
2,32 , 0,0,220031,0,L, 	(30-MAY-2025 15:48:31)
2,32 , 0,0,220031,0,L, 	(30-MAY-2025 15:48:31)
2,32 , 0,0,220031,0,L, 	(30-MAY-2025 15:48:31)
2,32 , 0,0,220031,0,L, 	(30-MAY-2025 15:48:31)
2,32 , 0,0,220031,0,L, 	(30-MAY-2025 15:48:31)
2,32 , 0,0,221008,0,L, 	(30-MAY-2025 15:48:31)
2,32 , 0,0,221008,0,L, 	(30-MAY-2025 15:48:31)
2,32 , 0,0,221008,0,L, 	(30-MAY-2025 15:48:31)
2,32 , 0,0,221008,0,L, 	(30-MAY-2025 15:48:31)
2,32 , 0,0,221008,0,L, 	(30-MAY-2025 15:48:31)
2,32 , 0,0,221008,0,L, 	(30-MAY-2025 15:48:31)
2,32 , 0,0,221008,0,L, 	(30-MAY-2025 15:48:31)
2,32 , 0,0,221008,0,L, 	(30-MAY-2025 15:48:31)
2,32 , 0,0,221008,0,L, 	(30-MAY-2025 15:48:31)
2,32 , 0,0,221008,0,L, 	(30-MAY-2025 15:48:31)
2,32 , 0,0,221008,0,L, 	(30-MAY-2025 15:48:31)
2,32 , 0,0,221008,0,L, 	(30-MAY-2025 15:48:31)
2,32 , 0,0,221008,0,L, 	(30-MAY-2025 15:48:31)
2,32 , 0,0,221008,0,L, 	(30-MAY-2025 15:48:31)
2,32 , 0,0,221008,0,L, 	(30-MAY-2025 15:48:31)
2,32 , 0,0,221008,1,L, 	(30-MAY-2025 15:48:31)
2,32 , 0,0,221008,1,L, 	(30-MAY-2025 15:48:31)
2,32 , 0,0,221008,1,L, 	(30-MAY-2025 15:48:31)
2,32 , 0,0,221008,1,L, 	(30-MAY-2025 15:48:31)
2,32 , 0,0,221008,1,L, 	(30-MAY-2025 15:48:31)
2,32 , 0,0,221008,1,L, 	(30-MAY-2025 15:48:31)
2,32 , 0,0,221008,1,L, 	(30-MAY-2025 15:48:31)
2,32 , 0,0,221008,1,L, 	(30-MAY-2025 15:48:31)
2,32 , 0,0,221008,1,L, 	(30-MAY-2025 15:48:31)
2,32 , 0,0,221008,1,L, 	(30-MAY-2025 15:48:31)
2,32 , 0,0,221008,1,L, 	(30-MAY-2025 15:48:31)
2,32 , 0,0,221008,1,L, 	(30-MAY-2025 15:48:31)
2,32 , 0,0,221008,1,L, 	(30-MAY-2025 15:48:31)
2,32 , 0,0,221008,1,L, 	(30-MAY-2025 15:48:31)
2,32 , 0,0,221008,1,L, 	(30-MAY-2025 15:48:31)
2,32 , 0,0,222026,0,L, 	(30-MAY-2025 15:48:31)
2,32 , 0,0,222026,0,L, 	(30-MAY-2025 15:48:31)
2,32 , 0,0,222026,0,L, 	(30-MAY-2025 15:48:31)
2,32 , 0,0,222026,0,L, 	(30-MAY-2025 15:48:31)
2,32 , 0,0,222026,0,L, 	(30-MAY-2025 15:48:31)
2,32 , 0,0,222026,0,L, 	(30-MAY-2025 15:48:31)
2,32 , 0,0,222026,0,L, 	(30-MAY-2025 15:48:31)
2,32 , 0,0,222026,0,L, 	(30-MAY-2025 15:48:31)
2,32 , 0,0,222026,0,L, 	(30-MAY-2025 15:48:31)
2,32 , 0,0,222026,0,L, 	(30-MAY-2025 15:48:31)
2,32 , 0,0,222026,0,L, 	(30-MAY-2025 15:48:31)
2,32 , 0,0,222026,0,L, 	(30-MAY-2025 15:48:31)
2,32 , 0,0,222026,0,L, 	(30-MAY-2025 15:48:31)
2,32 , 0,0,222026,0,L, 	(30-MAY-2025 15:48:31)
2,32 , 0,0,222026,0,L, 	(30-MAY-2025 15:48:31)
2,32 , 0,0,222026,0,L, 	(30-MAY-2025 15:48:31)
2,32 , 0,0,222026,0,L, 	(30-MAY-2025 15:48:31)
2,32 , 0,0,223090,0,L, 	(30-MAY-2025 15:48:31)
2,32 , 0,0,223090,0,L, 	(30-MAY-2025 15:48:31)
2,32 , 0,0,223090,0,L, 	(30-MAY-2025 15:48:31)
2,32 , 0,0,223090,0,L, 	(30-MAY-2025 15:48:31)
2,32 , 0,0,223090,0,L, 	(30-MAY-2025 15:48:31)
2,32 , 0,0,223090,0,L, 	(30-MAY-2025 15:48:31)
2,32 , 0,0,223090,0,L, 	(30-MAY-2025 15:48:31)
2,32 , 0,0,223090,0,L, 	(30-MAY-2025 15:48:31)
2,32 , 0,0,223090,0,L, 	(30-MAY-2025 15:48:31)
2,32 , 0,0,223090,0,L, 	(30-MAY-2025 15:48:31)
2,32 , 0,0,223090,0,L, 	(30-MAY-2025 15:48:31)
2,32 , 0,0,223090,0,L, 	(30-MAY-2025 15:48:31)
2,32 , 0,0,223090,0,L, 	(30-MAY-2025 15:48:31)
2,32 , 0,0,223090,0,L, 	(30-MAY-2025 15:48:31)
2,32 , 0,0,223090,0,L, 	(30-MAY-2025 15:48:31)
2,32 , 0,0,223090,0,L, 	(30-MAY-2025 15:48:31)
2,32 , 0,0,223090,0,L, 	(30-MAY-2025 15:48:31)
2,32 , 0,0,223090,0,L, 	(30-MAY-2025 15:48:31)
2,32 , 0,0,223090,0,L, 	(30-MAY-2025 15:48:31)
2,32 , 0,0,223090,0,L, 	(30-MAY-2025 15:48:31)
2,32 , 0,0,223090,0,L, 	(30-MAY-2025 15:48:31)
2,32 , 0,0,223090,0,L, 	(30-MAY-2025 15:48:31)
2,32 , 0,0,223090,0,L, 	(30-MAY-2025 15:48:31)
2,32 , 0,0,223090,0,L, 	(30-MAY-2025 15:48:31)
2,32 , 0,0,223090,0,L, 	(30-MAY-2025 15:48:31)
2,32 , 0,0,223090,0,L, 	(30-MAY-2025 15:48:31)
2,32 , 0,0,223090,0,L, 	(30-MAY-2025 15:48:31)
2,32 , 0,0,223090,0,L, 	(30-MAY-2025 15:48:31)
2,32 , 0,0,223090,0,L, 	(30-MAY-2025 15:48:31)
2,32 , 0,0,223090,0,L, 	(30-MAY-2025 15:48:31)
2,32 , 0,0,223090,0,L, 	(30-MAY-2025 15:48:31)
2,32 , 0,0,223091,0,L, 	(30-MAY-2025 15:48:31)
2,32 , 0,0,223091,0,L, 	(30-MAY-2025 15:48:31)
2,32 , 0,0,223091,0,L, 	(30-MAY-2025 15:48:31)
2,32 , 0,0,223091,0,L, 	(30-MAY-2025 15:48:31)
2,32 , 0,0,223091,0,L, 	(30-MAY-2025 15:48:31)
2,32 , 0,0,223091,0,L, 	(30-MAY-2025 15:48:31)
2,32 , 0,0,223091,0,L, 	(30-MAY-2025 15:48:31)
2,32 , 0,0,223091,0,L, 	(30-MAY-2025 15:48:31)
2,32 , 0,0,223091,0,L, 	(30-MAY-2025 15:48:31)
2,32 , 0,0,223091,0,L, 	(30-MAY-2025 15:48:31)
2,32 , 0,0,223091,0,L, 	(30-MAY-2025 15:48:31)
2,32 , 0,0,223091,0,L, 	(30-MAY-2025 15:48:31)
2,32 , 0,0,223091,0,L, 	(30-MAY-2025 15:48:31)
2,32 , 0,0,223091,0,L, 	(30-MAY-2025 15:48:31)
2,32 , 0,0,223091,0,L, 	(30-MAY-2025 15:48:31)
2,32 , 0,0,223091,0,L, 	(30-MAY-2025 15:48:31)
2,32 , 0,0,223091,0,L, 	(30-MAY-2025 15:48:31)
2,32 , 0,0,223091,0,L, 	(30-MAY-2025 15:48:31)
2,32 , 0,0,223091,0,L, 	(30-MAY-2025 15:48:31)
2,32 , 0,0,223091,0,L, 	(30-MAY-2025 15:48:31)
2,32 , 0,0,223091,0,L, 	(30-MAY-2025 15:48:31)
2,32 , 0,0,223091,0,L, 	(30-MAY-2025 15:48:31)
2,32 , 0,0,223091,0,L, 	(30-MAY-2025 15:48:31)
2,32 , 0,0,223091,0,L, 	(30-MAY-2025 15:48:31)
2,32 , 0,0,223091,0,L, 	(30-MAY-2025 15:48:31)
2,32 , 0,0,223091,0,L, 	(30-MAY-2025 15:48:31)
2,32 , 0,0,223091,0,L, 	(30-MAY-2025 15:48:31)
2,32 , 0,0,223091,0,L, 	(30-MAY-2025 15:48:31)
2,32 , 0,0,223091,0,L, 	(30-MAY-2025 15:48:31)
2,32 , 0,0,223091,0,L, 	(30-MAY-2025 15:48:31)
2,34 , 1,0,2,0,S, 	(30-MAY-2025 15:48:31)
2,34 , 1,0,2,0,S, 	(30-MAY-2025 15:48:31)
2,34 , 1,0,2,0,S, 	(30-MAY-2025 15:48:31)
2,34 , 1,0,2,0,S, 	(30-MAY-2025 15:48:31)
2,34 , 1,0,2,0,S, 	(30-MAY-2025 15:48:31)
2,34 , 1,0,2,0,S, 	(30-MAY-2025 15:48:31)
2,34 , 1,0,2,0,S, 	(30-MAY-2025 15:48:31)
2,34 , 1,0,2,0,S, 	(30-MAY-2025 15:48:31)
2,34 , 1,0,2,0,S, 	(30-MAY-2025 15:48:31)
2,34 , 1,0,2,0,S, 	(30-MAY-2025 15:48:31)
2,34 , 1,0,2,0,S, 	(30-MAY-2025 15:48:31)
2,34 , 1,0,2,0,S, 	(30-MAY-2025 15:48:31)
2,34 , 1,0,2,0,S, 	(30-MAY-2025 15:48:31)
2,34 , 1,0,2,0,S, 	(30-MAY-2025 15:48:31)
2,34 , 1,0,2,0,S, 	(30-MAY-2025 15:48:31)
2,34 , 1,0,2,0,S, 	(30-MAY-2025 15:48:31)
2,34 , 1,0,2,0,S, 	(30-MAY-2025 15:48:31)
2,34 , 1,0,2,0,S, 	(30-MAY-2025 15:48:31)
2,34 , 1,0,2,0,S, 	(30-MAY-2025 15:48:31)
2,34 , 1,0,2,0,S, 	(30-MAY-2025 15:48:31)
2,34 , 1,0,2,0,S, 	(30-MAY-2025 15:48:31)
2,34 , 1,0,2,0,S, 	(30-MAY-2025 15:48:31)
2,34 , 1,0,2,0,S, 	(30-MAY-2025 15:48:31)
2,34 , 1,0,2,0,S, 	(30-MAY-2025 15:48:31)
2,34 , 1,0,2,0,S, 	(30-MAY-2025 15:48:31)
2,34 , 1,0,2,0,S, 	(30-MAY-2025 15:48:31)
2,34 , 1,0,2,0,S, 	(30-MAY-2025 15:48:31)
2,34 , 1,0,2,0,S, 	(30-MAY-2025 15:48:32)
2,34 , 1,0,2,0,S, 	(30-MAY-2025 15:48:32)
2,34 , 1,0,2,0,S, 	(30-MAY-2025 15:48:32)
2,34 , 1,0,5,0,S, 	(30-MAY-2025 15:48:32)
2,34 , 1,0,5,0,S, 	(30-MAY-2025 15:48:32)
2,34 , 1,0,5,0,S, 	(30-MAY-2025 15:48:32)
2,34 , 1,0,5,0,S, 	(30-MAY-2025 15:48:32)
2,34 , 1,0,5,0,S, 	(30-MAY-2025 15:48:32)
2,34 , 1,0,5,0,S, 	(30-MAY-2025 15:48:32)
2,34 , 1,0,5,0,S, 	(30-MAY-2025 15:48:32)
2,34 , 1,0,5,0,S, 	(30-MAY-2025 15:48:32)
2,34 , 1,0,5,0,S, 	(30-MAY-2025 15:48:32)
2,34 , 1,0,5,0,S, 	(30-MAY-2025 15:48:32)
2,34 , 1,0,5,0,S, 	(30-MAY-2025 15:48:32)
2,34 , 1,0,5,0,S, 	(30-MAY-2025 15:48:32)
2,34 , 1,0,5,0,S, 	(30-MAY-2025 15:48:32)
2,34 , 1,0,5,0,S, 	(30-MAY-2025 15:48:32)
2,34 , 1,0,5,0,S, 	(30-MAY-2025 15:48:32)
2,34 , 1,0,5,0,S, 	(30-MAY-2025 15:48:32)
2,34 , 1,0,5,0,S, 	(30-MAY-2025 15:48:32)
2,34 , 1,0,5,0,S, 	(30-MAY-2025 15:48:32)
2,34 , 1,0,5,0,S, 	(30-MAY-2025 15:48:32)
2,34 , 1,0,5,0,S, 	(30-MAY-2025 15:48:32)
2,34 , 1,0,5,0,S, 	(30-MAY-2025 15:48:32)
2,34 , 1,0,5,0,S, 	(30-MAY-2025 15:48:32)
2,34 , 1,0,5,0,S, 	(30-MAY-2025 15:48:32)
2,34 , 1,0,5,0,S, 	(30-MAY-2025 15:48:32)
2,34 , 1,0,5,0,S, 	(30-MAY-2025 15:48:32)
2,34 , 1,0,5,0,S, 	(30-MAY-2025 15:48:32)
2,34 , 1,0,5,0,S, 	(30-MAY-2025 15:48:32)
2,34 , 1,0,5,0,S, 	(30-MAY-2025 15:48:32)
2,34 , 1,0,5,0,S, 	(30-MAY-2025 15:48:32)
2,34 , 1,0,5,0,S, 	(30-MAY-2025 15:48:32)
2,34 , 1,0,5,0,S, 	(30-MAY-2025 15:48:32)
2,34 , 1,0,5,0,S, 	(30-MAY-2025 15:48:32)
2,34 , 1,0,5,0,S, 	(30-MAY-2025 15:48:32)
2,34 , 1,0,5,0,S, 	(30-MAY-2025 15:48:32)
2,34 , 1,0,5,0,S, 	(30-MAY-2025 15:48:32)
2,34 , 1,0,5,0,S, 	(30-MAY-2025 15:48:32)
2,34 , 1,0,5,0,S, 	(30-MAY-2025 15:48:32)
2,34 , 1,0,5,0,S, 	(30-MAY-2025 15:48:32)
2,34 , 1,0,5,0,S, 	(30-MAY-2025 15:48:32)
2,34 , 1,0,5,0,S, 	(30-MAY-2025 15:48:32)
2,34 , 1,0,5,0,S, 	(30-MAY-2025 15:48:32)
2,34 , 1,0,5,0,S, 	(30-MAY-2025 15:48:32)
2,34 , 1,0,5,0,S, 	(30-MAY-2025 15:48:32)
2,34 , 1,0,5,0,S, 	(30-MAY-2025 15:48:32)
2,34 , 1,0,5,0,S, 	(30-MAY-2025 15:48:32)
2,34 , 1,0,5,0,S, 	(30-MAY-2025 15:48:32)
2,34 , 1,0,5,0,S, 	(30-MAY-2025 15:48:32)
2,34 , 1,0,5,0,S, 	(30-MAY-2025 15:48:32)
2,34 , 1,0,5,0,S, 	(30-MAY-2025 15:48:32)
2,34 , 1,0,5,0,S, 	(30-MAY-2025 15:48:32)
2,34 , 1,0,5,0,S, 	(30-MAY-2025 15:48:32)
2,34 , 1,0,5,0,S, 	(30-MAY-2025 15:48:32)
2,34 , 1,0,5,0,S, 	(30-MAY-2025 15:48:32)
2,34 , 1,0,5,0,S, 	(30-MAY-2025 15:48:32)
2,34 , 1,0,5,0,S, 	(30-MAY-2025 15:48:32)
2,34 , 1,0,5,0,S, 	(30-MAY-2025 15:48:32)
2,34 , 1,0,5,0,S, 	(30-MAY-2025 15:48:32)
2,34 , 1,0,5,0,S, 	(30-MAY-2025 15:48:32)
2,34 , 1,0,5,0,S, 	(30-MAY-2025 15:48:32)
2,34 , 1,0,5,0,S, 	(30-MAY-2025 15:48:32)
2,34 , 1,0,5,0,S, 	(30-MAY-2025 15:48:32)
2,34 , 1,0,5,0,S, 	(30-MAY-2025 15:48:32)
2,34 , 1,0,5,0,S, 	(30-MAY-2025 15:48:32)
2,34 , 1,0,5,0,S, 	(30-MAY-2025 15:48:32)
2,34 , 1,0,5,0,S, 	(30-MAY-2025 15:48:32)
2,34 , 1,0,5,0,S, 	(30-MAY-2025 15:48:32)
2,34 , 1,0,5,0,S, 	(30-MAY-2025 15:48:32)
2,34 , 1,0,5,0,S, 	(30-MAY-2025 15:48:32)
2,34 , 1,0,5,0,S, 	(30-MAY-2025 15:48:32)
2,34 , 1,0,5,0,S, 	(30-MAY-2025 15:48:32)
2,34 , 1,0,5,0,S, 	(30-MAY-2025 15:48:32)
2,34 , 1,0,5,0,S, 	(30-MAY-2025 15:48:32)
2,34 , 1,0,5,0,S, 	(30-MAY-2025 15:48:32)
2,34 , 1,0,5,0,S, 	(30-MAY-2025 15:48:32)
2,34 , 1,0,5,0,S, 	(30-MAY-2025 15:48:32)
2,34 , 1,0,5,0,S, 	(30-MAY-2025 15:48:32)
2,34 , 1,0,5,0,S, 	(30-MAY-2025 15:48:32)
2,34 , 1,0,5,0,S, 	(30-MAY-2025 15:48:32)
2,34 , 1,0,5,0,S, 	(30-MAY-2025 15:48:32)
2,34 , 1,0,5,0,S, 	(30-MAY-2025 15:48:32)
2,34 , 1,0,5,0,S, 	(30-MAY-2025 15:48:32)
2,34 , 1,0,5,0,S, 	(30-MAY-2025 15:48:32)
2,34 , 1,0,5,0,S, 	(30-MAY-2025 15:48:32)
2,34 , 1,0,5,0,S, 	(30-MAY-2025 15:48:32)
2,34 , 1,0,5,0,S, 	(30-MAY-2025 15:48:32)
2,34 , 1,0,5,0,S, 	(30-MAY-2025 15:48:32)
2,34 , 1,0,5,0,S, 	(30-MAY-2025 15:48:32)
2,34 , 1,0,5,0,S, 	(30-MAY-2025 15:48:32)
2,34 , 1,0,5,0,S, 	(30-MAY-2025 15:48:32)
2,34 , 1,0,5,0,S, 	(30-MAY-2025 15:48:32)
2,34 , 1,0,5,0,S, 	(30-MAY-2025 15:48:32)
2,34 , 1,0,5,0,S, 	(30-MAY-2025 15:48:32)
2,34 , 1,0,5,0,S, 	(30-MAY-2025 15:48:32)
2,34 , 1,0,5,0,S, 	(30-MAY-2025 15:48:32)
2,34 , 1,0,5,0,S, 	(30-MAY-2025 15:48:32)
2,34 , 1,0,5,0,S, 	(30-MAY-2025 15:48:32)
2,34 , 1,0,5,0,S, 	(30-MAY-2025 15:48:32)
2,34 , 1,0,5,0,S, 	(30-MAY-2025 15:48:32)
2,34 , 1,0,5,0,S, 	(30-MAY-2025 15:48:32)
2,34 , 1,0,5,0,S, 	(30-MAY-2025 15:48:32)
2,34 , 1,0,5,0,S, 	(30-MAY-2025 15:48:32)
2,34 , 1,0,5,0,S, 	(30-MAY-2025 15:48:32)
2,34 , 1,0,5,0,S, 	(30-MAY-2025 15:48:32)
2,34 , 1,0,5,0,S, 	(30-MAY-2025 15:48:32)
2,34 , 1,0,5,0,S, 	(30-MAY-2025 15:48:32)
2,34 , 1,0,5,0,S, 	(30-MAY-2025 15:48:32)
2,34 , 1,0,5,0,S, 	(30-MAY-2025 15:48:32)
2,34 , 1,0,5,0,S, 	(30-MAY-2025 15:48:32)
2,34 , 1,0,5,0,S, 	(30-MAY-2025 15:48:32)
2,34 , 1,0,5,0,S, 	(30-MAY-2025 15:48:32)
2,34 , 1,0,5,0,S, 	(30-MAY-2025 15:48:32)
2,34 , 1,0,5,0,S, 	(30-MAY-2025 15:48:32)
2,34 , 1,0,5,0,S, 	(30-MAY-2025 15:48:32)
2,34 , 1,0,5,0,S, 	(30-MAY-2025 15:48:32)
2,34 , 1,0,5,0,S, 	(30-MAY-2025 15:48:32)
2,34 , 1,0,5,0,S, 	(30-MAY-2025 15:48:32)
2,34 , 1,0,5,0,S, 	(30-MAY-2025 15:48:32)
2,34 , 1,0,5,0,S, 	(30-MAY-2025 15:48:32)
2,34 , 1,0,5,0,S, 	(30-MAY-2025 15:48:32)
2,34 , 1,0,5,0,S, 	(30-MAY-2025 15:48:32)
2,34 , 1,0,5,0,S, 	(30-MAY-2025 15:48:32)
2,34 , 1,0,5,0,S, 	(30-MAY-2025 15:48:32)
2,34 , 1,0,5,0,S, 	(30-MAY-2025 15:48:32)
2,34 , 1,0,5,0,S, 	(30-MAY-2025 15:48:32)
2,34 , 1,0,5,0,S, 	(30-MAY-2025 15:48:32)
2,34 , 1,0,5,0,S, 	(30-MAY-2025 15:48:32)
2,34 , 1,0,5,0,S, 	(30-MAY-2025 15:48:32)
2,34 , 1,0,5,0,S, 	(30-MAY-2025 15:48:32)
2,34 , 1,0,5,0,S, 	(30-MAY-2025 15:48:32)
2,34 , 1,0,5,0,S, 	(30-MAY-2025 15:48:32)
2,34 , 1,0,5,0,S, 	(30-MAY-2025 15:48:32)
2,34 , 1,0,5,0,S, 	(30-MAY-2025 15:48:32)
2,34 , 1,0,5,0,S, 	(30-MAY-2025 15:48:32)
2,34 , 1,0,5,0,S, 	(30-MAY-2025 15:48:32)
2,34 , 1,0,5,0,S, 	(30-MAY-2025 15:48:32)
2,34 , 1,0,5,0,S, 	(30-MAY-2025 15:48:32)
2,34 , 1,0,5,0,S, 	(30-MAY-2025 15:48:32)
2,34 , 1,0,5,0,S, 	(30-MAY-2025 15:48:32)
2,34 , 1,0,5,0,S, 	(30-MAY-2025 15:48:32)
2,34 , 1,0,5,0,S, 	(30-MAY-2025 15:48:32)
2,34 , 1,0,5,0,S, 	(30-MAY-2025 15:48:32)
2,34 , 1,0,5,0,S, 	(30-MAY-2025 15:48:32)
2,34 , 1,0,5,0,S, 	(30-MAY-2025 15:48:32)
2,34 , 1,0,5,0,S, 	(30-MAY-2025 15:48:32)
2,34 , 1,0,5,0,S, 	(30-MAY-2025 15:48:32)
2,34 , 1,0,5,0,S, 	(30-MAY-2025 15:48:32)
2,34 , 1,0,5,0,S, 	(30-MAY-2025 15:48:32)
2,34 , 1,0,5,0,S, 	(30-MAY-2025 15:48:32)
2,34 , 1,0,5,0,S, 	(30-MAY-2025 15:48:32)
2,34 , 1,0,5,0,S, 	(30-MAY-2025 15:48:32)
2,34 , 1,0,5,0,S, 	(30-MAY-2025 15:48:32)
2,34 , 1,0,5,0,S, 	(30-MAY-2025 15:48:32)
2,34 , 1,0,5,0,S, 	(30-MAY-2025 15:48:32)
2,34 , 1,0,5,0,S, 	(30-MAY-2025 15:48:32)
2,34 , 1,0,5,0,S, 	(30-MAY-2025 15:48:32)
2,34 , 1,0,5,0,S, 	(30-MAY-2025 15:48:32)
2,34 , 1,0,5,0,S, 	(30-MAY-2025 15:48:32)
2,34 , 1,0,5,0,S, 	(30-MAY-2025 15:48:32)
2,34 , 1,0,5,0,S, 	(30-MAY-2025 15:48:32)
2,34 , 1,0,5,0,S, 	(30-MAY-2025 15:48:32)
2,34 , 1,0,5,0,S, 	(30-MAY-2025 15:48:32)
2,34 , 1,0,5,0,S, 	(30-MAY-2025 15:48:32)
2,34 , 1,0,5,0,S, 	(30-MAY-2025 15:48:32)
2,34 , 1,0,5,0,S, 	(30-MAY-2025 15:48:32)
2,34 , 1,0,5,0,S, 	(30-MAY-2025 15:48:32)
2,34 , 1,0,5,0,S, 	(30-MAY-2025 15:48:32)
2,34 , 1,0,5,0,S, 	(30-MAY-2025 15:48:32)
2,34 , 1,0,5,0,S, 	(30-MAY-2025 15:48:32)
2,34 , 1,0,5,0,S, 	(30-MAY-2025 15:48:32)
2,34 , 1,0,5,0,S, 	(30-MAY-2025 15:48:32)
2,34 , 1,0,5,0,S, 	(30-MAY-2025 15:48:32)
2,34 , 1,0,5,0,S, 	(30-MAY-2025 15:48:32)
2,34 , 1,0,5,0,S, 	(30-MAY-2025 15:48:32)
2,34 , 1,0,5,0,S, 	(30-MAY-2025 15:48:32)
2,34 , 1,0,5,0,S, 	(30-MAY-2025 15:48:32)
2,34 , 1,0,5,0,S, 	(30-MAY-2025 15:48:32)
2,34 , 1,0,5,0,S, 	(30-MAY-2025 15:48:32)
2,34 , 1,0,5,0,S, 	(30-MAY-2025 15:48:32)
2,34 , 1,0,5,0,S, 	(30-MAY-2025 15:48:32)
2,34 , 1,0,5,0,S, 	(30-MAY-2025 15:48:32)
2,34 , 1,0,5,0,S, 	(30-MAY-2025 15:48:32)
2,34 , 1,0,5,0,S, 	(30-MAY-2025 15:48:32)
2,34 , 1,0,5,0,S, 	(30-MAY-2025 15:48:32)
2,34 , 1,0,5,0,S, 	(30-MAY-2025 15:48:32)
2,34 , 1,0,5,0,S, 	(30-MAY-2025 15:48:32)
2,34 , 1,0,5,0,S, 	(30-MAY-2025 15:48:32)
2,34 , 1,0,5,0,S, 	(30-MAY-2025 15:48:32)
2,34 , 1,0,5,0,S, 	(30-MAY-2025 15:48:32)
2,34 , 1,0,5,0,S, 	(30-MAY-2025 15:48:32)
2,34 , 1,0,5,0,S, 	(30-MAY-2025 15:48:32)
2,34 , 1,0,5,0,S, 	(30-MAY-2025 15:48:32)
2,34 , 1,0,5,0,S, 	(30-MAY-2025 15:48:32)
2,34 , 1,0,5,0,S, 	(30-MAY-2025 15:48:32)
2,34 , 1,0,5,0,S, 	(30-MAY-2025 15:48:32)
2,34 , 1,0,5,0,S, 	(30-MAY-2025 15:48:32)
2,34 , 1,0,5,0,S, 	(30-MAY-2025 15:48:32)
2,34 , 1,0,5,0,S, 	(30-MAY-2025 15:48:32)
2,34 , 1,0,5,0,S, 	(30-MAY-2025 15:48:32)
2,34 , 1,0,5,0,S, 	(30-MAY-2025 15:48:32)
2,34 , 1,0,5,0,S, 	(30-MAY-2025 15:48:32)
2,34 , 1,0,5,0,S, 	(30-MAY-2025 15:48:32)
2,34 , 1,0,5,0,S, 	(30-MAY-2025 15:48:32)
2,34 , 1,0,5,0,S, 	(30-MAY-2025 15:48:32)
2,34 , 1,0,5,0,S, 	(30-MAY-2025 15:48:32)
2,34 , 1,0,5,0,S, 	(30-MAY-2025 15:48:32)
2,34 , 1,0,5,0,S, 	(30-MAY-2025 15:48:32)
2,34 , 1,0,5,0,S, 	(30-MAY-2025 15:48:32)
2,34 , 1,0,5,0,S, 	(30-MAY-2025 15:48:32)
2,34 , 1,0,5,0,S, 	(30-MAY-2025 15:48:32)
2,34 , 1,0,5,0,S, 	(30-MAY-2025 15:48:32)
2,34 , 1,0,5,0,S, 	(30-MAY-2025 15:48:32)
2,34 , 1,0,5,0,S, 	(30-MAY-2025 15:48:32)
2,34 , 1,0,5,0,S, 	(30-MAY-2025 15:48:32)
2,34 , 1,0,5,0,S, 	(30-MAY-2025 15:48:32)
2,34 , 1,0,3,1,S, 	(30-MAY-2025 15:48:32)
2,34 , 1,0,3,1,S, 	(30-MAY-2025 15:48:32)
2,34 , 1,0,3,1,S, 	(30-MAY-2025 15:48:32)
2,34 , 1,0,3,1,S, 	(30-MAY-2025 15:48:32)
2,34 , 1,0,3,1,S, 	(30-MAY-2025 15:48:32)
2,34 , 1,0,3,1,S, 	(30-MAY-2025 15:48:32)
2,34 , 1,0,3,1,S, 	(30-MAY-2025 15:48:32)
2,34 , 1,0,3,1,S, 	(30-MAY-2025 15:48:32)
2,34 , 1,0,3,1,S, 	(30-MAY-2025 15:48:32)
2,34 , 1,0,3,1,S, 	(30-MAY-2025 15:48:32)
2,34 , 1,0,3,1,S, 	(30-MAY-2025 15:48:32)
2,34 , 1,0,3,1,S, 	(30-MAY-2025 15:48:32)
2,34 , 1,0,3,1,S, 	(30-MAY-2025 15:48:32)
2,34 , 1,0,3,1,S, 	(30-MAY-2025 15:48:32)
2,34 , 1,0,3,1,S, 	(30-MAY-2025 15:48:32)
2,34 , 1,0,3,0,S, 	(30-MAY-2025 15:48:32)
2,34 , 1,0,3,0,S, 	(30-MAY-2025 15:48:32)
2,34 , 1,0,3,0,S, 	(30-MAY-2025 15:48:32)
2,34 , 1,0,3,0,S, 	(30-MAY-2025 15:48:32)
2,34 , 1,0,3,0,S, 	(30-MAY-2025 15:48:32)
2,34 , 1,0,3,0,S, 	(30-MAY-2025 15:48:32)
2,34 , 1,0,3,0,S, 	(30-MAY-2025 15:48:32)
2,34 , 1,0,3,0,S, 	(30-MAY-2025 15:48:32)
2,34 , 1,0,3,0,S, 	(30-MAY-2025 15:48:32)
2,34 , 1,0,3,0,S, 	(30-MAY-2025 15:48:32)
2,34 , 1,0,3,0,S, 	(30-MAY-2025 15:48:32)
2,34 , 1,0,3,0,S, 	(30-MAY-2025 15:48:32)
2,34 , 1,0,3,0,S, 	(30-MAY-2025 15:48:32)
2,34 , 1,0,3,0,S, 	(30-MAY-2025 15:48:32)
2,34 , 1,0,3,0,S, 	(30-MAY-2025 15:48:32)
2,34 , 1,0,3,0,S, 	(30-MAY-2025 15:48:32)
2,34 , 1,0,3,0,S, 	(30-MAY-2025 15:48:32)
2,34 , 1,0,3,0,S, 	(30-MAY-2025 15:48:32)
2,34 , 1,0,3,0,S, 	(30-MAY-2025 15:48:32)
2,34 , 1,0,3,0,S, 	(30-MAY-2025 15:48:32)
2,34 , 1,0,3,0,S, 	(30-MAY-2025 15:48:32)
2,34 , 1,0,3,0,S, 	(30-MAY-2025 15:48:32)
2,34 , 1,0,3,0,S, 	(30-MAY-2025 15:48:32)
2,34 , 1,0,3,0,S, 	(30-MAY-2025 15:48:32)
2,34 , 1,0,3,0,S, 	(30-MAY-2025 15:48:32)
2,34 , 1,0,3,0,S, 	(30-MAY-2025 15:48:32)
2,34 , 1,0,3,0,S, 	(30-MAY-2025 15:48:32)
2,34 , 1,0,3,0,S, 	(30-MAY-2025 15:48:32)
2,34 , 1,0,3,0,S, 	(30-MAY-2025 15:48:32)
2,34 , 1,0,3,0,S, 	(30-MAY-2025 15:48:32)
2,34 , 1,0,3,0,S, 	(30-MAY-2025 15:48:32)
2,34 , 1,0,3,0,S, 	(30-MAY-2025 15:48:32)
2,34 , 1,0,3,0,S, 	(30-MAY-2025 15:48:32)
2,34 , 1,0,3,0,S, 	(30-MAY-2025 15:48:32)
2,34 , 1,0,3,0,S, 	(30-MAY-2025 15:48:32)
2,34 , 1,0,3,0,S, 	(30-MAY-2025 15:48:32)
2,34 , 1,0,3,0,S, 	(30-MAY-2025 15:48:32)
2,34 , 1,0,3,0,S, 	(30-MAY-2025 15:48:32)
2,34 , 1,0,3,0,S, 	(30-MAY-2025 15:48:32)
2,34 , 1,0,3,0,S, 	(30-MAY-2025 15:48:32)
2,34 , 1,0,3,0,S, 	(30-MAY-2025 15:48:32)
2,34 , 1,0,3,0,S, 	(30-MAY-2025 15:48:32)
2,34 , 1,0,3,0,S, 	(30-MAY-2025 15:48:32)
2,34 , 1,0,3,0,S, 	(30-MAY-2025 15:48:32)
2,34 , 1,0,3,0,S, 	(30-MAY-2025 15:48:32)
2,34 , 1,0,3,0,S, 	(30-MAY-2025 15:48:32)
2,34 , 1,0,3,0,S, 	(30-MAY-2025 15:48:32)
2,34 , 1,0,3,0,S, 	(30-MAY-2025 15:48:32)
2,34 , 1,0,3,0,S, 	(30-MAY-2025 15:48:32)
2,34 , 1,0,3,0,S, 	(30-MAY-2025 15:48:32)
2,34 , 1,0,3,0,S, 	(30-MAY-2025 15:48:32)
2,34 , 1,0,3,0,S, 	(30-MAY-2025 15:48:32)
2,34 , 1,0,3,0,S, 	(30-MAY-2025 15:48:32)
2,34 , 1,0,3,0,S, 	(30-MAY-2025 15:48:32)
2,34 , 1,0,3,0,S, 	(30-MAY-2025 15:48:32)
2,34 , 1,0,3,0,S, 	(30-MAY-2025 15:48:32)
2,34 , 1,0,3,0,S, 	(30-MAY-2025 15:48:32)
2,34 , 1,0,3,0,S, 	(30-MAY-2025 15:48:32)
2,34 , 1,0,3,0,S, 	(30-MAY-2025 15:48:32)
2,34 , 1,0,3,0,S, 	(30-MAY-2025 15:48:32)
2,34 , 1,0,3,0,S, 	(30-MAY-2025 15:48:32)
2,34 , 1,0,3,0,S, 	(30-MAY-2025 15:48:32)
2,34 , 1,0,3,0,S, 	(30-MAY-2025 15:48:32)
2,34 , 1,0,3,0,S, 	(30-MAY-2025 15:48:32)
2,34 , 1,0,3,0,S, 	(30-MAY-2025 15:48:32)
2,34 , 1,0,3,0,S, 	(30-MAY-2025 15:48:32)
2,34 , 1,0,3,0,S, 	(30-MAY-2025 15:48:32)
2,34 , 1,0,3,0,S, 	(30-MAY-2025 15:48:32)
2,34 , 1,0,3,0,S, 	(30-MAY-2025 15:48:32)
2,34 , 1,0,3,0,S, 	(30-MAY-2025 15:48:32)
2,34 , 1,0,3,0,S, 	(30-MAY-2025 15:48:32)
2,34 , 1,0,3,0,S, 	(30-MAY-2025 15:48:32)
2,34 , 1,0,3,0,S, 	(30-MAY-2025 15:48:32)
2,34 , 1,0,3,0,S, 	(30-MAY-2025 15:48:32)
2,34 , 1,0,3,0,S, 	(30-MAY-2025 15:48:32)
2,34 , 1,0,3,0,S, 	(30-MAY-2025 15:48:32)
2,34 , 1,0,3,0,S, 	(30-MAY-2025 15:48:32)
2,34 , 1,0,3,0,S, 	(30-MAY-2025 15:48:32)
2,34 , 1,0,3,0,S, 	(30-MAY-2025 15:48:32)
2,34 , 1,0,3,0,S, 	(30-MAY-2025 15:48:32)
2,34 , 1,0,3,0,S, 	(30-MAY-2025 15:48:32)
2,34 , 1,0,3,0,S, 	(30-MAY-2025 15:48:32)
2,34 , 1,0,3,0,S, 	(30-MAY-2025 15:48:32)
2,34 , 1,0,3,0,S, 	(30-MAY-2025 15:48:32)
2,34 , 1,0,3,0,S, 	(30-MAY-2025 15:48:32)
2,34 , 1,0,3,0,S, 	(30-MAY-2025 15:48:32)
2,34 , 1,0,3,0,S, 	(30-MAY-2025 15:48:32)
2,34 , 1,0,3,0,S, 	(30-MAY-2025 15:48:32)
2,34 , 1,0,3,0,S, 	(30-MAY-2025 15:48:32)
2,34 , 1,0,3,0,S, 	(30-MAY-2025 15:48:32)
2,34 , 1,0,3,0,S, 	(30-MAY-2025 15:48:32)
2,34 , 1,0,3,0,S, 	(30-MAY-2025 15:48:32)
2,34 , 1,0,3,0,S, 	(30-MAY-2025 15:48:32)
2,34 , 1,0,3,0,S, 	(30-MAY-2025 15:48:32)
2,34 , 1,0,3,0,S, 	(30-MAY-2025 15:48:32)
2,34 , 1,0,3,0,S, 	(30-MAY-2025 15:48:32)
2,34 , 1,0,3,0,S, 	(30-MAY-2025 15:48:32)
2,34 , 1,0,3,0,S, 	(30-MAY-2025 15:48:32)
2,34 , 1,0,3,0,S, 	(30-MAY-2025 15:48:32)
2,34 , 1,0,3,0,S, 	(30-MAY-2025 15:48:32)
2,34 , 1,0,3,0,S, 	(30-MAY-2025 15:48:32)
2,34 , 1,0,3,0,S, 	(30-MAY-2025 15:48:32)
2,34 , 1,0,3,0,S, 	(30-MAY-2025 15:48:32)
2,34 , 1,0,3,0,S, 	(30-MAY-2025 15:48:32)
2,34 , 1,0,3,0,S, 	(30-MAY-2025 15:48:32)
2,34 , 1,0,3,0,S, 	(30-MAY-2025 15:48:32)
2,34 , 1,0,3,0,S, 	(30-MAY-2025 15:48:32)
2,34 , 1,0,3,0,S, 	(30-MAY-2025 15:48:32)
2,34 , 1,0,3,0,S, 	(30-MAY-2025 15:48:32)
2,34 , 1,0,3,0,S, 	(30-MAY-2025 15:48:32)
2,34 , 1,0,3,0,S, 	(30-MAY-2025 15:48:32)
2,34 , 1,0,3,0,S, 	(30-MAY-2025 15:48:32)
2,34 , 1,0,3,0,S, 	(30-MAY-2025 15:48:32)
2,34 , 1,0,3,0,S, 	(30-MAY-2025 15:48:32)
2,34 , 1,0,3,0,S, 	(30-MAY-2025 15:48:32)
2,34 , 1,0,3,0,S, 	(30-MAY-2025 15:48:32)
2,34 , 1,0,3,0,S, 	(30-MAY-2025 15:48:32)
2,34 , 1,0,3,0,S, 	(30-MAY-2025 15:48:32)
2,34 , 1,0,3,0,S, 	(30-MAY-2025 15:48:32)
2,34 , 1,0,3,0,S, 	(30-MAY-2025 15:48:32)
2,34 , 1,0,3,0,S, 	(30-MAY-2025 15:48:32)
2,34 , 1,0,3,0,S, 	(30-MAY-2025 15:48:32)
2,34 , 1,0,3,0,S, 	(30-MAY-2025 15:48:32)
2,34 , 1,0,3,0,S, 	(30-MAY-2025 15:48:32)
2,34 , 1,0,3,0,S, 	(30-MAY-2025 15:48:32)
2,34 , 1,0,3,0,S, 	(30-MAY-2025 15:48:32)
2,34 , 1,0,3,0,S, 	(30-MAY-2025 15:48:32)
2,34 , 1,0,3,0,S, 	(30-MAY-2025 15:48:32)
2,34 , 1,0,3,0,S, 	(30-MAY-2025 15:48:32)
2,34 , 1,0,3,0,S, 	(30-MAY-2025 15:48:32)
2,34 , 1,0,3,0,S, 	(30-MAY-2025 15:48:32)
2,34 , 1,0,3,0,S, 	(30-MAY-2025 15:48:32)
2,34 , 1,0,3,0,S, 	(30-MAY-2025 15:48:32)
2,34 , 1,0,3,0,S, 	(30-MAY-2025 15:48:32)
2,34 , 1,0,3,0,S, 	(30-MAY-2025 15:48:32)
2,34 , 1,0,3,0,S, 	(30-MAY-2025 15:48:32)
2,34 , 1,0,3,0,S, 	(30-MAY-2025 15:48:32)
2,34 , 1,0,3,0,S, 	(30-MAY-2025 15:48:32)
2,34 , 1,0,3,0,S, 	(30-MAY-2025 15:48:32)
2,34 , 1,0,3,0,S, 	(30-MAY-2025 15:48:32)
2,34 , 1,0,3,0,S, 	(30-MAY-2025 15:48:32)
2,34 , 1,0,3,0,S, 	(30-MAY-2025 15:48:32)
2,34 , 1,0,3,0,S, 	(30-MAY-2025 15:48:32)
2,34 , 1,0,3,0,S, 	(30-MAY-2025 15:48:32)
2,34 , 1,0,3,0,S, 	(30-MAY-2025 15:48:32)
2,34 , 1,0,3,0,S, 	(30-MAY-2025 15:48:32)
2,34 , 1,0,3,0,S, 	(30-MAY-2025 15:48:32)
2,34 , 1,0,3,0,S, 	(30-MAY-2025 15:48:32)
2,34 , 1,0,3,0,S, 	(30-MAY-2025 15:48:32)
2,34 , 1,0,3,0,S, 	(30-MAY-2025 15:48:32)
2,34 , 1,0,3,0,S, 	(30-MAY-2025 15:48:32)
2,34 , 1,0,3,0,S, 	(30-MAY-2025 15:48:32)
2,34 , 1,0,3,0,S, 	(30-MAY-2025 15:48:32)
2,34 , 1,0,3,0,S, 	(30-MAY-2025 15:48:32)
2,34 , 1,0,3,0,S, 	(30-MAY-2025 15:48:32)
2,34 , 1,0,3,0,S, 	(30-MAY-2025 15:48:32)
2,34 , 1,0,3,0,S, 	(30-MAY-2025 15:48:32)
2,34 , 1,0,3,0,S, 	(30-MAY-2025 15:48:32)
2,34 , 1,0,3,0,S, 	(30-MAY-2025 15:48:32)
2,34 , 1,0,3,0,S, 	(30-MAY-2025 15:48:32)
2,34 , 1,0,3,0,S, 	(30-MAY-2025 15:48:32)
2,34 , 1,0,3,0,S, 	(30-MAY-2025 15:48:32)
2,34 , 1,0,3,0,S, 	(30-MAY-2025 15:48:32)
2,34 , 1,0,3,0,S, 	(30-MAY-2025 15:48:32)
2,34 , 1,0,3,0,S, 	(30-MAY-2025 15:48:32)
2,34 , 1,0,3,0,S, 	(30-MAY-2025 15:48:32)
2,34 , 1,0,3,0,S, 	(30-MAY-2025 15:48:32)
2,34 , 1,0,3,0,S, 	(30-MAY-2025 15:48:32)
2,34 , 1,0,3,0,S, 	(30-MAY-2025 15:48:32)
2,34 , 1,0,3,0,S, 	(30-MAY-2025 15:48:32)
2,34 , 1,0,3,0,S, 	(30-MAY-2025 15:48:32)
2,34 , 1,0,3,0,S, 	(30-MAY-2025 15:48:32)
2,34 , 1,0,3,0,S, 	(30-MAY-2025 15:48:32)
2,34 , 1,0,3,0,S, 	(30-MAY-2025 15:48:32)
2,34 , 1,0,3,0,S, 	(30-MAY-2025 15:48:32)
2,34 , 1,0,3,0,S, 	(30-MAY-2025 15:48:32)
2,34 , 1,0,3,0,S, 	(30-MAY-2025 15:48:32)
2,34 , 1,0,3,0,S, 	(30-MAY-2025 15:48:32)
2,34 , 1,0,3,0,S, 	(30-MAY-2025 15:48:32)
2,34 , 1,0,3,0,S, 	(30-MAY-2025 15:48:32)
2,34 , 1,0,3,0,S, 	(30-MAY-2025 15:48:32)
2,34 , 1,0,3,0,S, 	(30-MAY-2025 15:48:32)
2,34 , 1,0,3,0,S, 	(30-MAY-2025 15:48:32)
2,34 , 1,0,3,0,S, 	(30-MAY-2025 15:48:32)
2,34 , 1,0,3,0,S, 	(30-MAY-2025 15:48:32)
2,34 , 1,0,3,0,S, 	(30-MAY-2025 15:48:32)
2,34 , 1,0,3,0,S, 	(30-MAY-2025 15:48:32)
2,34 , 1,0,3,0,S, 	(30-MAY-2025 15:48:32)
2,34 , 1,0,3,0,S, 	(30-MAY-2025 15:48:32)
2,34 , 1,0,3,0,S, 	(30-MAY-2025 15:48:32)
2,34 , 1,0,3,0,S, 	(30-MAY-2025 15:48:32)
2,34 , 1,0,3,0,S, 	(30-MAY-2025 15:48:32)
2,34 , 1,0,3,0,S, 	(30-MAY-2025 15:48:32)
2,34 , 1,0,3,0,S, 	(30-MAY-2025 15:48:32)
2,34 , 1,0,3,0,S, 	(30-MAY-2025 15:48:32)
2,34 , 1,0,3,0,S, 	(30-MAY-2025 15:48:32)
2,34 , 1,0,3,0,S, 	(30-MAY-2025 15:48:32)
2,34 , 1,0,1,0,S, 	(30-MAY-2025 15:48:32)
2,34 , 1,0,1,0,S, 	(30-MAY-2025 15:48:32)
2,34 , 1,0,1,0,S, 	(30-MAY-2025 15:48:32)
2,34 , 1,0,1,0,S, 	(30-MAY-2025 15:48:32)
2,34 , 1,0,1,0,S, 	(30-MAY-2025 15:48:32)
2,34 , 1,0,1,0,S, 	(30-MAY-2025 15:48:32)
2,34 , 1,0,1,0,S, 	(30-MAY-2025 15:48:32)
2,34 , 1,0,1,0,S, 	(30-MAY-2025 15:48:32)
2,34 , 1,0,1,0,S, 	(30-MAY-2025 15:48:32)
2,34 , 1,0,1,0,S, 	(30-MAY-2025 15:48:32)
2,34 , 1,0,1,0,S, 	(30-MAY-2025 15:48:32)
2,34 , 1,0,1,0,S, 	(30-MAY-2025 15:48:32)
2,34 , 1,0,1,0,S, 	(30-MAY-2025 15:48:32)
2,34 , 1,0,1,0,S, 	(30-MAY-2025 15:48:32)
2,34 , 1,0,1,0,S, 	(30-MAY-2025 15:48:32)
2,34 , 1,0,1,0,S, 	(30-MAY-2025 15:48:32)
2,34 , 1,0,1,0,S, 	(30-MAY-2025 15:48:32)
2,34 , 1,0,1,0,S, 	(30-MAY-2025 15:48:32)
2,34 , 1,0,1,0,S, 	(30-MAY-2025 15:48:32)
2,34 , 1,0,1,0,S, 	(30-MAY-2025 15:48:32)
2,34 , 1,0,1,0,S, 	(30-MAY-2025 15:48:32)
2,34 , 1,0,1,0,S, 	(30-MAY-2025 15:48:32)
2,34 , 1,0,1,0,S, 	(30-MAY-2025 15:48:32)
2,34 , 1,0,1,0,S, 	(30-MAY-2025 15:48:32)
2,34 , 1,0,1,0,S, 	(30-MAY-2025 15:48:32)
2,34 , 1,0,1,0,S, 	(30-MAY-2025 15:48:32)
2,34 , 1,0,1,0,S, 	(30-MAY-2025 15:48:32)
2,34 , 1,0,1,0,S, 	(30-MAY-2025 15:48:32)
2,34 , 1,0,1,0,S, 	(30-MAY-2025 15:48:32)
2,34 , 1,0,1,0,S, 	(30-MAY-2025 15:48:32)
2,34 , 1,0,1,0,S, 	(30-MAY-2025 15:48:32)
2,34 , 1,0,3,4,S, 	(30-MAY-2025 15:48:32)
2,34 , 1,0,3,4,S, 	(30-MAY-2025 15:48:32)
2,34 , 1,0,3,4,S, 	(30-MAY-2025 15:48:32)
2,34 , 1,0,3,4,S, 	(30-MAY-2025 15:48:32)
2,34 , 1,0,3,4,S, 	(30-MAY-2025 15:48:32)
2,34 , 1,0,3,4,S, 	(30-MAY-2025 15:48:32)
2,34 , 1,0,3,4,S, 	(30-MAY-2025 15:48:32)
2,34 , 1,0,3,4,S, 	(30-MAY-2025 15:48:32)
2,34 , 1,0,3,4,S, 	(30-MAY-2025 15:48:32)
2,34 , 1,0,3,4,S, 	(30-MAY-2025 15:48:32)
2,34 , 1,0,3,4,S, 	(30-MAY-2025 15:48:32)
2,34 , 1,0,3,4,S, 	(30-MAY-2025 15:48:32)
2,34 , 1,0,3,4,S, 	(30-MAY-2025 15:48:32)
2,34 , 1,0,3,4,S, 	(30-MAY-2025 15:48:32)
2,34 , 1,0,3,4,S, 	(30-MAY-2025 15:48:32)
2,34 , 1,0,3,4,S, 	(30-MAY-2025 15:48:32)
2,34 , 1,0,3,4,S, 	(30-MAY-2025 15:48:32)
2,34 , 1,0,3,4,S, 	(30-MAY-2025 15:48:32)
2,34 , 1,0,3,4,S, 	(30-MAY-2025 15:48:32)
2,34 , 1,0,3,4,S, 	(30-MAY-2025 15:48:32)
2,34 , 1,0,3,4,S, 	(30-MAY-2025 15:48:32)
2,34 , 1,0,3,4,S, 	(30-MAY-2025 15:48:32)
2,34 , 1,0,3,4,S, 	(30-MAY-2025 15:48:32)
2,34 , 1,0,3,4,S, 	(30-MAY-2025 15:48:32)
2,34 , 1,0,3,4,S, 	(30-MAY-2025 15:48:32)
2,34 , 1,0,3,4,S, 	(30-MAY-2025 15:48:32)
2,34 , 1,0,3,4,S, 	(30-MAY-2025 15:48:32)
2,34 , 1,0,3,4,S, 	(30-MAY-2025 15:48:32)
2,34 , 1,0,3,4,S, 	(30-MAY-2025 15:48:32)
2,34 , 1,0,3,4,S, 	(30-MAY-2025 15:48:32)
2,34 , 1,0,3,4,S, 	(30-MAY-2025 15:48:32)
2,34 , 1,0,3,4,S, 	(30-MAY-2025 15:48:32)
2,34 , 1,0,3,4,S, 	(30-MAY-2025 15:48:32)
2,34 , 1,0,3,4,S, 	(30-MAY-2025 15:48:32)
2,34 , 1,0,3,4,S, 	(30-MAY-2025 15:48:32)
2,34 , 1,0,3,4,S, 	(30-MAY-2025 15:48:32)
2,34 , 1,0,3,4,S, 	(30-MAY-2025 15:48:32)
2,34 , 1,0,3,4,S, 	(30-MAY-2025 15:48:32)
2,34 , 1,0,3,4,S, 	(30-MAY-2025 15:48:32)
2,34 , 1,0,3,4,S, 	(30-MAY-2025 15:48:32)
2,34 , 1,0,3,4,S, 	(30-MAY-2025 15:48:32)
2,34 , 1,0,3,4,S, 	(30-MAY-2025 15:48:32)
2,34 , 1,0,3,4,S, 	(30-MAY-2025 15:48:32)
2,34 , 1,0,3,4,S, 	(30-MAY-2025 15:48:32)
2,34 , 1,0,3,4,S, 	(30-MAY-2025 15:48:32)
2,34 , 1,0,3,4,S, 	(30-MAY-2025 15:48:32)
2,34 , 1,0,3,4,S, 	(30-MAY-2025 15:48:32)
2,34 , 1,0,3,4,S, 	(30-MAY-2025 15:48:32)
2,34 , 1,0,3,4,S, 	(30-MAY-2025 15:48:32)
2,34 , 1,0,3,4,S, 	(30-MAY-2025 15:48:32)
2,34 , 1,0,3,4,S, 	(30-MAY-2025 15:48:32)
2,34 , 1,0,3,4,S, 	(30-MAY-2025 15:48:32)
2,34 , 1,0,3,4,S, 	(30-MAY-2025 15:48:32)
2,34 , 1,0,3,4,S, 	(30-MAY-2025 15:48:32)
2,34 , 1,0,3,4,S, 	(30-MAY-2025 15:48:32)
2,34 , 1,0,3,4,S, 	(30-MAY-2025 15:48:32)
2,34 , 1,0,3,4,S, 	(30-MAY-2025 15:48:32)
2,34 , 1,0,3,4,S, 	(30-MAY-2025 15:48:32)
2,34 , 1,0,3,4,S, 	(30-MAY-2025 15:48:32)
2,34 , 1,0,3,4,S, 	(30-MAY-2025 15:48:32)
2,34 , 1,0,3,4,S, 	(30-MAY-2025 15:48:32)
2,34 , 1,0,3,4,S, 	(30-MAY-2025 15:48:32)
2,34 , 1,0,3,4,S, 	(30-MAY-2025 15:48:32)
2,34 , 1,0,3,4,S, 	(30-MAY-2025 15:48:32)
2,34 , 1,0,3,4,S, 	(30-MAY-2025 15:48:32)
2,34 , 1,0,3,4,S, 	(30-MAY-2025 15:48:32)
2,34 , 1,0,3,4,S, 	(30-MAY-2025 15:48:32)
2,34 , 1,0,3,4,S, 	(30-MAY-2025 15:48:32)
2,34 , 1,0,3,4,S, 	(30-MAY-2025 15:48:32)
2,34 , 1,0,3,4,S, 	(30-MAY-2025 15:48:32)
2,34 , 1,0,3,4,S, 	(30-MAY-2025 15:48:32)
2,34 , 1,0,3,4,S, 	(30-MAY-2025 15:48:32)
2,34 , 1,0,3,4,S, 	(30-MAY-2025 15:48:32)
2,34 , 1,0,3,4,S, 	(30-MAY-2025 15:48:32)
2,34 , 1,0,3,4,S, 	(30-MAY-2025 15:48:32)
2,34 , 1,0,3,4,S, 	(30-MAY-2025 15:48:32)
2,34 , 1,0,3,4,S, 	(30-MAY-2025 15:48:32)
2,34 , 1,0,3,4,S, 	(30-MAY-2025 15:48:32)
2,34 , 1,0,3,4,S, 	(30-MAY-2025 15:48:32)
2,34 , 1,0,3,4,S, 	(30-MAY-2025 15:48:32)
2,34 , 1,0,3,4,S, 	(30-MAY-2025 15:48:32)
2,34 , 1,0,3,4,S, 	(30-MAY-2025 15:48:32)
2,34 , 1,0,3,4,S, 	(30-MAY-2025 15:48:32)
2,34 , 1,0,3,4,S, 	(30-MAY-2025 15:48:32)
2,34 , 1,0,3,4,S, 	(30-MAY-2025 15:48:32)
2,34 , 1,0,3,4,S, 	(30-MAY-2025 15:48:32)
2,34 , 1,0,3,4,S, 	(30-MAY-2025 15:48:32)
2,34 , 1,0,3,4,S, 	(30-MAY-2025 15:48:32)
2,34 , 1,0,3,4,S, 	(30-MAY-2025 15:48:32)
2,34 , 1,0,3,4,S, 	(30-MAY-2025 15:48:32)
2,34 , 1,0,3,4,S, 	(30-MAY-2025 15:48:32)
2,34 , 1,0,3,4,S, 	(30-MAY-2025 15:48:32)
2,34 , 1,0,3,4,S, 	(30-MAY-2025 15:48:32)
2,34 , 1,0,3,4,S, 	(30-MAY-2025 15:48:32)
2,34 , 1,0,3,4,S, 	(30-MAY-2025 15:48:32)
2,34 , 1,0,3,4,S, 	(30-MAY-2025 15:48:32)
2,34 , 1,0,3,4,S, 	(30-MAY-2025 15:48:32)
2,34 , 1,0,3,4,S, 	(30-MAY-2025 15:48:32)
2,34 , 1,0,3,4,S, 	(30-MAY-2025 15:48:32)
2,34 , 1,0,3,4,S, 	(30-MAY-2025 15:48:32)
2,34 , 1,0,3,4,S, 	(30-MAY-2025 15:48:32)
2,34 , 1,0,3,4,S, 	(30-MAY-2025 15:48:32)
2,34 , 1,0,3,4,S, 	(30-MAY-2025 15:48:32)
2,34 , 1,0,3,4,S, 	(30-MAY-2025 15:48:32)
2,34 , 1,0,3,4,S, 	(30-MAY-2025 15:48:32)
2,34 , 1,0,3,4,S, 	(30-MAY-2025 15:48:32)
2,34 , 1,0,3,4,S, 	(30-MAY-2025 15:48:32)
2,34 , 1,0,3,4,S, 	(30-MAY-2025 15:48:32)
2,34 , 1,0,3,4,S, 	(30-MAY-2025 15:48:32)
2,34 , 1,0,3,4,S, 	(30-MAY-2025 15:48:32)
2,34 , 1,0,3,4,S, 	(30-MAY-2025 15:48:32)
2,34 , 1,0,3,4,S, 	(30-MAY-2025 15:48:32)
2,34 , 1,0,3,4,S, 	(30-MAY-2025 15:48:32)
2,34 , 1,0,3,4,S, 	(30-MAY-2025 15:48:32)
2,34 , 1,0,3,4,S, 	(30-MAY-2025 15:48:32)
2,34 , 1,0,3,4,S, 	(30-MAY-2025 15:48:32)
2,34 , 1,0,3,4,S, 	(30-MAY-2025 15:48:32)
2,34 , 1,0,3,4,S, 	(30-MAY-2025 15:48:32)
2,34 , 1,0,3,4,S, 	(30-MAY-2025 15:48:32)
2,34 , 1,0,3,4,S, 	(30-MAY-2025 15:48:32)
2,34 , 1,0,3,4,S, 	(30-MAY-2025 15:48:32)
2,34 , 1,0,3,4,S, 	(30-MAY-2025 15:48:32)
2,34 , 1,0,3,4,S, 	(30-MAY-2025 15:48:32)
2,34 , 1,0,3,4,S, 	(30-MAY-2025 15:48:32)
2,34 , 1,0,3,4,S, 	(30-MAY-2025 15:48:32)
2,34 , 1,0,3,4,S, 	(30-MAY-2025 15:48:32)
2,34 , 1,0,3,4,S, 	(30-MAY-2025 15:48:32)
2,34 , 1,0,3,4,S, 	(30-MAY-2025 15:48:32)
2,34 , 1,0,3,4,S, 	(30-MAY-2025 15:48:32)
2,34 , 1,0,3,4,S, 	(30-MAY-2025 15:48:32)
2,34 , 1,0,3,4,S, 	(30-MAY-2025 15:48:32)
2,34 , 1,0,3,4,S, 	(30-MAY-2025 15:48:32)
2,34 , 1,0,3,4,S, 	(30-MAY-2025 15:48:32)
2,34 , 1,0,3,4,S, 	(30-MAY-2025 15:48:32)
2,34 , 1,0,3,4,S, 	(30-MAY-2025 15:48:32)
2,34 , 1,0,3,4,S, 	(30-MAY-2025 15:48:32)
2,34 , 1,0,3,4,S, 	(30-MAY-2025 15:48:32)
2,34 , 1,0,3,4,S, 	(30-MAY-2025 15:48:32)
2,34 , 1,0,3,4,S, 	(30-MAY-2025 15:48:32)
2,34 , 1,0,3,4,S, 	(30-MAY-2025 15:48:32)
2,34 , 1,0,3,4,S, 	(30-MAY-2025 15:48:32)
2,34 , 1,0,3,4,S, 	(30-MAY-2025 15:48:32)
2,34 , 1,0,3,4,S, 	(30-MAY-2025 15:48:32)
2,34 , 1,0,3,4,S, 	(30-MAY-2025 15:48:32)
2,34 , 1,0,3,4,S, 	(30-MAY-2025 15:48:32)
2,34 , 1,0,3,4,S, 	(30-MAY-2025 15:48:32)
2,34 , 1,0,3,4,S, 	(30-MAY-2025 15:48:32)
2,34 , 1,0,3,4,S, 	(30-MAY-2025 15:48:32)
2,34 , 1,0,3,4,S, 	(30-MAY-2025 15:48:32)
2,34 , 1,0,3,4,S, 	(30-MAY-2025 15:48:32)
2,34 , 1,0,3,4,S, 	(30-MAY-2025 15:48:32)
2,34 , 1,0,3,4,S, 	(30-MAY-2025 15:48:32)
2,34 , 1,0,3,4,S, 	(30-MAY-2025 15:48:32)
2,34 , 1,0,3,4,S, 	(30-MAY-2025 15:48:32)
2,34 , 1,0,3,4,S, 	(30-MAY-2025 15:48:32)
2,34 , 1,0,3,4,S, 	(30-MAY-2025 15:48:32)
2,34 , 1,0,3,4,S, 	(30-MAY-2025 15:48:32)
2,34 , 1,0,3,4,S, 	(30-MAY-2025 15:48:32)
2,34 , 1,0,3,4,S, 	(30-MAY-2025 15:48:32)
2,34 , 1,0,3,4,S, 	(30-MAY-2025 15:48:32)
2,34 , 1,0,3,4,S, 	(30-MAY-2025 15:48:32)
2,34 , 1,0,3,4,S, 	(30-MAY-2025 15:48:32)
2,34 , 1,0,3,4,S, 	(30-MAY-2025 15:48:32)
2,34 , 1,0,3,4,S, 	(30-MAY-2025 15:48:32)
2,34 , 1,0,3,4,S, 	(30-MAY-2025 15:48:32)
2,34 , 1,0,3,4,S, 	(30-MAY-2025 15:48:32)
2,34 , 1,0,3,4,S, 	(30-MAY-2025 15:48:32)
2,34 , 1,0,3,4,S, 	(30-MAY-2025 15:48:32)
2,34 , 1,0,3,4,S, 	(30-MAY-2025 15:48:32)
2,34 , 1,0,3,4,S, 	(30-MAY-2025 15:48:32)
2,34 , 1,0,3,4,S, 	(30-MAY-2025 15:48:32)
2,34 , 1,0,3,4,S, 	(30-MAY-2025 15:48:32)
2,34 , 1,0,3,4,S, 	(30-MAY-2025 15:48:32)
2,34 , 1,0,3,4,S, 	(30-MAY-2025 15:48:32)
2,34 , 1,0,3,4,S, 	(30-MAY-2025 15:48:32)
2,34 , 1,0,3,4,S, 	(30-MAY-2025 15:48:32)
2,34 , 1,0,3,4,S, 	(30-MAY-2025 15:48:33)
2,34 , 1,0,3,4,S, 	(30-MAY-2025 15:48:33)
2,34 , 1,0,3,4,S, 	(30-MAY-2025 15:48:33)
2,34 , 1,0,3,4,S, 	(30-MAY-2025 15:48:33)
2,34 , 1,0,3,4,S, 	(30-MAY-2025 15:48:33)
2,34 , 1,0,3,4,S, 	(30-MAY-2025 15:48:33)
2,34 , 1,0,3,4,S, 	(30-MAY-2025 15:48:33)
2,34 , 1,0,3,4,S, 	(30-MAY-2025 15:48:33)
2,34 , 1,0,3,4,S, 	(30-MAY-2025 15:48:33)
2,34 , 1,0,3,4,S, 	(30-MAY-2025 15:48:33)
2,34 , 1,0,3,4,S, 	(30-MAY-2025 15:48:33)
2,34 , 1,0,3,4,S, 	(30-MAY-2025 15:48:33)
2,34 , 1,0,3,4,S, 	(30-MAY-2025 15:48:33)
2,34 , 1,0,3,4,S, 	(30-MAY-2025 15:48:33)
2,34 , 1,0,3,4,S, 	(30-MAY-2025 15:48:33)
2,34 , 1,0,3,4,S, 	(30-MAY-2025 15:48:33)
2,34 , 1,0,3,4,S, 	(30-MAY-2025 15:48:33)
2,34 , 1,0,3,4,S, 	(30-MAY-2025 15:48:33)
2,34 , 1,0,3,4,S, 	(30-MAY-2025 15:48:33)
2,34 , 1,0,3,4,S, 	(30-MAY-2025 15:48:33)
2,34 , 1,0,3,4,S, 	(30-MAY-2025 15:48:33)
2,34 , 1,0,3,4,S, 	(30-MAY-2025 15:48:33)
2,34 , 1,0,3,4,S, 	(30-MAY-2025 15:48:33)
2,34 , 1,0,3,4,S, 	(30-MAY-2025 15:48:33)
2,34 , 1,0,3,4,S, 	(30-MAY-2025 15:48:33)
2,34 , 1,0,3,4,S, 	(30-MAY-2025 15:48:33)
2,34 , 1,0,3,4,S, 	(30-MAY-2025 15:48:33)
2,34 , 1,0,3,4,S, 	(30-MAY-2025 15:48:33)
2,34 , 1,0,3,4,S, 	(30-MAY-2025 15:48:33)
2,34 , 1,0,3,4,S, 	(30-MAY-2025 15:48:33)
2,34 , 1,0,3,4,S, 	(30-MAY-2025 15:48:33)
2,34 , 1,0,3,4,S, 	(30-MAY-2025 15:48:33)
2,34 , 1,0,3,4,S, 	(30-MAY-2025 15:48:33)
2,34 , 1,0,3,4,S, 	(30-MAY-2025 15:48:33)
2,34 , 1,0,3,4,S, 	(30-MAY-2025 15:48:33)
2,34 , 1,0,3,4,S, 	(30-MAY-2025 15:48:33)
2,34 , 1,0,3,4,S, 	(30-MAY-2025 15:48:33)
2,34 , 1,0,3,4,S, 	(30-MAY-2025 15:48:33)
2,34 , 1,0,3,4,S, 	(30-MAY-2025 15:48:33)
2,34 , 1,0,3,4,S, 	(30-MAY-2025 15:48:33)
2,34 , 1,0,3,4,S, 	(30-MAY-2025 15:48:33)
2,34 , 1,0,3,4,S, 	(30-MAY-2025 15:48:33)
2,34 , 1,0,3,4,S, 	(30-MAY-2025 15:48:33)
2,34 , 1,0,3,4,S, 	(30-MAY-2025 15:48:33)
2,34 , 1,0,3,4,S, 	(30-MAY-2025 15:48:33)
2,34 , 1,0,3,4,S, 	(30-MAY-2025 15:48:33)
2,34 , 1,0,3,4,S, 	(30-MAY-2025 15:48:33)
2,34 , 1,0,3,4,S, 	(30-MAY-2025 15:48:33)
2,34 , 1,0,3,4,S, 	(30-MAY-2025 15:48:33)
2,34 , 1,0,3,4,S, 	(30-MAY-2025 15:48:33)
2,34 , 1,0,3,4,S, 	(30-MAY-2025 15:48:33)
2,34 , 1,0,3,4,S, 	(30-MAY-2025 15:48:33)
2,34 , 1,0,3,4,S, 	(30-MAY-2025 15:48:33)
2,34 , 1,0,3,4,S, 	(30-MAY-2025 15:48:33)
2,34 , 1,0,3,4,S, 	(30-MAY-2025 15:48:33)
2,34 , 1,0,3,4,S, 	(30-MAY-2025 15:48:33)
2,34 , 1,0,3,4,S, 	(30-MAY-2025 15:48:33)
2,34 , 1,0,3,4,S, 	(30-MAY-2025 15:48:33)
2,34 , 1,0,3,4,S, 	(30-MAY-2025 15:48:33)
2,34 , 1,0,3,4,S, 	(30-MAY-2025 15:48:33)
2,34 , 1,0,3,4,S, 	(30-MAY-2025 15:48:33)
2,34 , 1,0,3,4,S, 	(30-MAY-2025 15:48:33)
2,34 , 1,0,3,4,S, 	(30-MAY-2025 15:48:33)
2,34 , 1,0,3,4,S, 	(30-MAY-2025 15:48:33)
2,34 , 1,0,3,4,S, 	(30-MAY-2025 15:48:33)
2,34 , 1,0,3,4,S, 	(30-MAY-2025 15:48:33)
2,34 , 1,0,3,4,S, 	(30-MAY-2025 15:48:33)
2,34 , 1,0,3,4,S, 	(30-MAY-2025 15:48:33)
2,34 , 1,0,3,4,S, 	(30-MAY-2025 15:48:33)
2,34 , 1,0,3,4,S, 	(30-MAY-2025 15:48:33)
2,34 , 1,0,3,4,S, 	(30-MAY-2025 15:48:33)
2,34 , 1,0,3,4,S, 	(30-MAY-2025 15:48:33)
2,34 , 1,0,3,4,S, 	(30-MAY-2025 15:48:33)
2,34 , 1,0,3,4,S, 	(30-MAY-2025 15:48:33)
2,34 , 1,0,3,4,S, 	(30-MAY-2025 15:48:33)
2,34 , 1,0,3,4,S, 	(30-MAY-2025 15:48:33)
2,34 , 1,0,3,4,S, 	(30-MAY-2025 15:48:33)
2,34 , 1,0,3,4,S, 	(30-MAY-2025 15:48:33)
2,34 , 1,0,3,4,S, 	(30-MAY-2025 15:48:33)
2,34 , 1,0,3,4,S, 	(30-MAY-2025 15:48:33)
2,34 , 1,0,3,4,S, 	(30-MAY-2025 15:48:33)
2,34 , 1,0,3,4,S, 	(30-MAY-2025 15:48:33)
2,34 , 1,0,3,4,S, 	(30-MAY-2025 15:48:33)
2,34 , 1,0,3,4,S, 	(30-MAY-2025 15:48:33)
2,34 , 1,0,3,4,S, 	(30-MAY-2025 15:48:33)
2,34 , 1,0,3,4,S, 	(30-MAY-2025 15:48:33)
2,34 , 1,0,3,4,S, 	(30-MAY-2025 15:48:33)
2,34 , 1,0,3,4,S, 	(30-MAY-2025 15:48:33)
2,34 , 1,0,3,4,S, 	(30-MAY-2025 15:48:33)
2,34 , 1,0,3,4,S, 	(30-MAY-2025 15:48:33)
2,34 , 1,0,3,4,S, 	(30-MAY-2025 15:48:33)
2,34 , 1,0,3,4,S, 	(30-MAY-2025 15:48:33)
2,34 , 1,0,3,4,S, 	(30-MAY-2025 15:48:33)
2,34 , 1,0,3,4,S, 	(30-MAY-2025 15:48:33)
2,34 , 1,0,3,4,S, 	(30-MAY-2025 15:48:33)
2,34 , 1,0,3,4,S, 	(30-MAY-2025 15:48:33)
2,34 , 1,0,3,4,S, 	(30-MAY-2025 15:48:33)
2,34 , 1,0,3,4,S, 	(30-MAY-2025 15:48:33)
2,34 , 1,0,3,3,S, 	(30-MAY-2025 15:48:33)
2,34 , 1,0,3,3,S, 	(30-MAY-2025 15:48:33)
2,34 , 1,0,3,3,S, 	(30-MAY-2025 15:48:33)
2,34 , 1,0,3,3,S, 	(30-MAY-2025 15:48:33)
2,34 , 1,0,3,3,S, 	(30-MAY-2025 15:48:33)
2,34 , 1,0,3,3,S, 	(30-MAY-2025 15:48:33)
2,34 , 1,0,3,3,S, 	(30-MAY-2025 15:48:33)
2,34 , 1,0,3,3,S, 	(30-MAY-2025 15:48:33)
2,34 , 1,0,3,3,S, 	(30-MAY-2025 15:48:33)
2,34 , 1,0,3,3,S, 	(30-MAY-2025 15:48:33)
2,34 , 1,0,3,3,S, 	(30-MAY-2025 15:48:33)
2,34 , 1,0,3,3,S, 	(30-MAY-2025 15:48:33)
2,34 , 1,0,3,3,S, 	(30-MAY-2025 15:48:33)
2,34 , 1,0,3,3,S, 	(30-MAY-2025 15:48:33)
2,34 , 1,0,3,3,S, 	(30-MAY-2025 15:48:33)
2,34 , 1,0,3,3,S, 	(30-MAY-2025 15:48:33)
2,34 , 1,0,4,0,S, 	(30-MAY-2025 15:48:33)
2,34 , 1,0,4,0,S, 	(30-MAY-2025 15:48:33)
2,34 , 1,0,4,0,S, 	(30-MAY-2025 15:48:33)
2,34 , 1,0,4,0,S, 	(30-MAY-2025 15:48:33)
2,34 , 1,0,4,0,S, 	(30-MAY-2025 15:48:33)
2,34 , 1,0,4,0,S, 	(30-MAY-2025 15:48:33)
2,34 , 1,0,4,0,S, 	(30-MAY-2025 15:48:33)
2,34 , 1,0,4,0,S, 	(30-MAY-2025 15:48:33)
2,34 , 1,0,4,0,S, 	(30-MAY-2025 15:48:33)
2,34 , 1,0,4,0,S, 	(30-MAY-2025 15:48:33)
2,34 , 1,0,4,0,S, 	(30-MAY-2025 15:48:33)
2,34 , 1,0,4,0,S, 	(30-MAY-2025 15:48:33)
2,34 , 1,0,4,0,S, 	(30-MAY-2025 15:48:33)
2,34 , 1,0,4,0,S, 	(30-MAY-2025 15:48:33)
2,34 , 1,0,4,0,S, 	(30-MAY-2025 15:48:33)
2,34 , 1,0,4,0,S, 	(30-MAY-2025 15:48:33)
2,34 , 1,0,4,0,S, 	(30-MAY-2025 15:48:33)
2,34 , 1,0,4,0,S, 	(30-MAY-2025 15:48:33)
2,34 , 1,0,4,0,S, 	(30-MAY-2025 15:48:33)
2,34 , 1,0,4,0,S, 	(30-MAY-2025 15:48:33)
2,34 , 1,0,4,0,S, 	(30-MAY-2025 15:48:33)
2,34 , 1,0,4,0,S, 	(30-MAY-2025 15:48:33)
2,34 , 1,0,4,0,S, 	(30-MAY-2025 15:48:33)
2,34 , 1,0,4,0,S, 	(30-MAY-2025 15:48:33)
2,34 , 1,0,4,0,S, 	(30-MAY-2025 15:48:33)
2,34 , 1,0,4,0,S, 	(30-MAY-2025 15:48:33)
2,34 , 1,0,4,0,S, 	(30-MAY-2025 15:48:33)
2,34 , 1,0,4,0,S, 	(30-MAY-2025 15:48:33)
2,35 , 0,0,124053,1,X, 	(30-MAY-2025 15:48:33)
2,35 , 0,0,124054,1,X, 	(30-MAY-2025 15:48:33)
2,35 , 0,0,124055,1,X, 	(30-MAY-2025 15:48:33)
2,35 , 0,0,124056,1,X, 	(30-MAY-2025 15:48:33)
2,35 , 0,0,124057,1,X, 	(30-MAY-2025 15:48:33)
2,35 , 0,0,124057,1,X, 	(30-MAY-2025 15:48:33)
2,35 , 0,0,124057,1,X, 	(30-MAY-2025 15:48:33)
2,35 , 0,0,124057,1,X, 	(30-MAY-2025 15:48:33)
2,35 , 0,0,124057,1,X, 	(30-MAY-2025 15:48:33)
2,35 , 0,0,124057,1,X, 	(30-MAY-2025 15:48:33)
2,35 , 0,0,124057,1,X, 	(30-MAY-2025 15:48:33)
2,35 , 0,0,124058,1,X, 	(30-MAY-2025 15:48:33)
2,35 , 0,0,124058,1,X, 	(30-MAY-2025 15:48:33)
2,35 , 0,0,124058,1,X, 	(30-MAY-2025 15:48:33)
2,35 , 0,0,124058,1,X, 	(30-MAY-2025 15:48:33)
2,35 , 0,0,124058,1,X, 	(30-MAY-2025 15:48:33)
2,35 , 0,0,124058,1,X, 	(30-MAY-2025 15:48:33)
2,35 , 0,0,124058,1,X, 	(30-MAY-2025 15:48:33)
2,35 , 0,0,124059,1,X, 	(30-MAY-2025 15:48:33)
2,35 , 0,0,124059,1,X, 	(30-MAY-2025 15:48:33)
2,35 , 0,0,124059,1,X, 	(30-MAY-2025 15:48:33)
2,35 , 0,0,124059,1,X, 	(30-MAY-2025 15:48:33)
2,35 , 0,0,124059,1,X, 	(30-MAY-2025 15:48:33)
2,35 , 0,0,124059,1,X, 	(30-MAY-2025 15:48:33)
2,35 , 0,0,124059,1,X, 	(30-MAY-2025 15:48:33)
2,35 , 0,0,124059,1,X, 	(30-MAY-2025 15:48:33)
2,35 , 0,0,124059,1,X, 	(30-MAY-2025 15:48:33)
2,35 , 0,0,124059,1,X, 	(30-MAY-2025 15:48:33)
2,36 , 1,0,1,1,S, 	(30-MAY-2025 15:48:33)
2,36 , 1,0,1,1,S, 	(30-MAY-2025 15:48:33)
2,36 , 1,0,1,1,S, 	(30-MAY-2025 15:48:33)
2,36 , 1,0,1,1,S, 	(30-MAY-2025 15:48:33)
2,36 , 1,0,1,1,S, 	(30-MAY-2025 15:48:33)
2,36 , 1,0,1,1,S, 	(30-MAY-2025 15:48:33)
2,36 , 1,0,1,1,S, 	(30-MAY-2025 15:48:33)
2,36 , 1,0,2,0,S, 	(30-MAY-2025 15:48:33)
2,36 , 1,0,2,0,S, 	(30-MAY-2025 15:48:33)
2,36 , 1,0,2,0,S, 	(30-MAY-2025 15:48:33)
2,36 , 1,0,2,0,S, 	(30-MAY-2025 15:48:33)
2,36 , 1,0,2,0,S, 	(30-MAY-2025 15:48:33)
2,36 , 1,0,2,0,S, 	(30-MAY-2025 15:48:33)
2,36 , 1,0,2,0,S, 	(30-MAY-2025 15:48:33)
2,36 , 1,0,2,0,S, 	(30-MAY-2025 15:48:33)
2,36 , 1,0,2,0,S, 	(30-MAY-2025 15:48:33)
2,36 , 1,0,2,0,S, 	(30-MAY-2025 15:48:33)
2,36 , 1,0,2,0,S, 	(30-MAY-2025 15:48:33)
2,36 , 1,0,2,0,S, 	(30-MAY-2025 15:48:33)
2,36 , 1,0,2,0,S, 	(30-MAY-2025 15:48:33)
2,36 , 1,0,2,0,S, 	(30-MAY-2025 15:48:33)
2,36 , 1,0,2,0,S, 	(30-MAY-2025 15:48:33)
2,36 , 1,0,2,0,S, 	(30-MAY-2025 15:48:33)
2,36 , 1,0,2,0,S, 	(30-MAY-2025 15:48:33)
2,36 , 1,0,2,0,S, 	(30-MAY-2025 15:48:33)
2,36 , 1,0,2,0,S, 	(30-MAY-2025 15:48:33)
2,36 , 1,0,2,0,S, 	(30-MAY-2025 15:48:33)
2,36 , 1,0,2,0,S, 	(30-MAY-2025 15:48:33)
2,36 , 1,0,2,0,S, 	(30-MAY-2025 15:48:33)
2,36 , 1,0,2,0,S, 	(30-MAY-2025 15:48:33)
2,36 , 1,0,2,0,S, 	(30-MAY-2025 15:48:33)
2,36 , 1,0,2,0,S, 	(30-MAY-2025 15:48:33)
2,36 , 1,0,2,0,S, 	(30-MAY-2025 15:48:33)
2,36 , 1,0,2,0,S, 	(30-MAY-2025 15:48:33)
2,36 , 1,0,2,0,S, 	(30-MAY-2025 15:48:33)
2,36 , 1,0,1,0,S, 	(30-MAY-2025 15:48:33)
2,36 , 1,0,1,0,S, 	(30-MAY-2025 15:48:33)
2,36 , 1,0,1,0,S, 	(30-MAY-2025 15:48:33)
2,36 , 1,0,3,0,S, 	(30-MAY-2025 15:48:33)
2,36 , 1,0,3,0,S, 	(30-MAY-2025 15:48:33)
2,36 , 1,0,3,0,S, 	(30-MAY-2025 15:48:33)
2,36 , 1,0,3,0,S, 	(30-MAY-2025 15:48:33)
2,36 , 1,0,3,0,S, 	(30-MAY-2025 15:48:33)
2,36 , 1,0,3,0,S, 	(30-MAY-2025 15:48:33)
2,36 , 1,0,3,0,S, 	(30-MAY-2025 15:48:33)
2,36 , 1,0,3,0,S, 	(30-MAY-2025 15:48:33)
2,36 , 1,0,3,0,S, 	(30-MAY-2025 15:48:33)
2,36 , 1,0,3,0,S, 	(30-MAY-2025 15:48:33)
2,36 , 1,0,4,0,S, 	(30-MAY-2025 15:48:33)
2,36 , 1,0,4,0,S, 	(30-MAY-2025 15:48:33)
2,36 , 1,0,4,0,S, 	(30-MAY-2025 15:48:33)
2,36 , 1,0,4,0,S, 	(30-MAY-2025 15:48:33)
2,36 , 1,0,4,0,S, 	(30-MAY-2025 15:48:33)
2,36 , 1,0,4,0,S, 	(30-MAY-2025 15:48:33)
2,36 , 1,0,4,0,S, 	(30-MAY-2025 15:48:33)
2,36 , 1,0,4,0,S, 	(30-MAY-2025 15:48:33)
2,36 , 1,0,4,0,S, 	(30-MAY-2025 15:48:33)
2,36 , 1,0,4,0,S, 	(30-MAY-2025 15:48:33)
2,36 , 1,0,4,0,S, 	(30-MAY-2025 15:48:33)
2,36 , 1,0,4,0,S, 	(30-MAY-2025 15:48:33)
2,36 , 1,0,4,0,S, 	(30-MAY-2025 15:48:33)
2,36 , 1,0,4,0,S, 	(30-MAY-2025 15:48:33)
2,36 , 1,0,4,0,S, 	(30-MAY-2025 15:48:33)
2,37 , 1,0,2,0,S, 	(30-MAY-2025 15:48:33)
2,37 , 1,0,2,0,S, 	(30-MAY-2025 15:48:33)
2,37 , 1,0,2,0,S, 	(30-MAY-2025 15:48:33)
2,37 , 1,0,2,0,S, 	(30-MAY-2025 15:48:33)
2,37 , 1,0,2,0,S, 	(30-MAY-2025 15:48:33)
2,37 , 1,0,2,0,S, 	(30-MAY-2025 15:48:33)
2,37 , 1,0,2,0,S, 	(30-MAY-2025 15:48:33)
2,37 , 1,0,2,0,S, 	(30-MAY-2025 15:48:33)
2,37 , 1,0,2,0,S, 	(30-MAY-2025 15:48:33)
2,37 , 1,0,2,0,S, 	(30-MAY-2025 15:48:33)
2,37 , 1,0,2,0,S, 	(30-MAY-2025 15:48:33)
2,37 , 1,0,2,0,S, 	(30-MAY-2025 15:48:33)
2,37 , 1,0,2,0,S, 	(30-MAY-2025 15:48:33)
2,37 , 1,0,2,0,S, 	(30-MAY-2025 15:48:33)
2,37 , 1,0,2,0,S, 	(30-MAY-2025 15:48:33)
2,37 , 1,0,2,0,S, 	(30-MAY-2025 15:48:33)
2,37 , 1,0,2,0,S, 	(30-MAY-2025 15:48:33)
2,37 , 1,0,2,0,S, 	(30-MAY-2025 15:48:33)
2,37 , 1,0,2,0,S, 	(30-MAY-2025 15:48:33)
2,37 , 1,0,2,0,S, 	(30-MAY-2025 15:48:33)
2,37 , 1,0,2,0,S, 	(30-MAY-2025 15:48:33)
2,37 , 1,0,2,0,S, 	(30-MAY-2025 15:48:33)
2,37 , 1,0,2,0,S, 	(30-MAY-2025 15:48:33)
2,37 , 1,0,2,0,S, 	(30-MAY-2025 15:48:33)
2,37 , 1,0,2,0,S, 	(30-MAY-2025 15:48:33)
2,37 , 1,0,2,0,S, 	(30-MAY-2025 15:48:33)
2,37 , 1,0,2,0,S, 	(30-MAY-2025 15:48:33)
2,37 , 1,0,2,0,S, 	(30-MAY-2025 15:48:33)
2,37 , 1,0,2,0,S, 	(30-MAY-2025 15:48:33)
2,37 , 1,0,2,0,S, 	(30-MAY-2025 15:48:33)
2,37 , 1,0,2,0,S, 	(30-MAY-2025 15:48:33)
2,37 , 1,0,2,0,S, 	(30-MAY-2025 15:48:33)
2,37 , 1,0,2,0,S, 	(30-MAY-2025 15:48:33)
2,37 , 1,0,2,0,S, 	(30-MAY-2025 15:48:33)
2,37 , 1,0,2,0,S, 	(30-MAY-2025 15:48:33)
2,37 , 1,0,2,0,S, 	(30-MAY-2025 15:48:33)
2,37 , 1,0,2,0,S, 	(30-MAY-2025 15:48:33)
2,37 , 1,0,2,0,S, 	(30-MAY-2025 15:48:33)
2,37 , 1,0,2,0,S, 	(30-MAY-2025 15:48:33)
2,37 , 1,0,2,0,S, 	(30-MAY-2025 15:48:33)
2,37 , 1,0,2,0,S, 	(30-MAY-2025 15:48:33)
2,37 , 1,0,2,0,S, 	(30-MAY-2025 15:48:33)
2,37 , 1,0,2,0,S, 	(30-MAY-2025 15:48:33)
2,37 , 1,0,2,0,S, 	(30-MAY-2025 15:48:33)
2,37 , 1,0,2,0,S, 	(30-MAY-2025 15:48:33)
2,37 , 1,0,2,0,S, 	(30-MAY-2025 15:48:33)
2,37 , 1,0,2,0,S, 	(30-MAY-2025 15:48:33)
2,37 , 1,0,2,0,S, 	(30-MAY-2025 15:48:33)
2,37 , 1,0,2,0,S, 	(30-MAY-2025 15:48:33)
2,37 , 1,0,2,0,S, 	(30-MAY-2025 15:48:33)
2,37 , 1,0,2,0,S, 	(30-MAY-2025 15:48:33)
2,37 , 1,0,2,0,S, 	(30-MAY-2025 15:48:33)
2,37 , 1,0,2,0,S, 	(30-MAY-2025 15:48:33)
2,37 , 1,0,2,0,S, 	(30-MAY-2025 15:48:33)
2,37 , 1,0,2,0,S, 	(30-MAY-2025 15:48:33)
2,37 , 1,0,2,0,S, 	(30-MAY-2025 15:48:33)
2,37 , 1,0,2,0,S, 	(30-MAY-2025 15:48:33)
2,37 , 1,0,2,0,S, 	(30-MAY-2025 15:48:33)
2,37 , 1,0,2,0,S, 	(30-MAY-2025 15:48:33)
2,37 , 1,0,2,0,S, 	(30-MAY-2025 15:48:33)
2,37 , 1,0,2,0,S, 	(30-MAY-2025 15:48:33)
2,37 , 1,0,1,0,S, 	(30-MAY-2025 15:48:33)
2,37 , 1,0,1,0,S, 	(30-MAY-2025 15:48:33)
2,37 , 1,0,1,0,S, 	(30-MAY-2025 15:48:33)
2,37 , 1,0,1,0,S, 	(30-MAY-2025 15:48:33)
2,37 , 1,0,1,0,S, 	(30-MAY-2025 15:48:33)
2,37 , 1,0,1,0,S, 	(30-MAY-2025 15:48:33)
2,37 , 1,0,1,0,S, 	(30-MAY-2025 15:48:33)
2,37 , 1,0,1,0,S, 	(30-MAY-2025 15:48:33)
2,37 , 1,0,1,0,S, 	(30-MAY-2025 15:48:33)
2,37 , 1,0,1,0,S, 	(30-MAY-2025 15:48:33)
2,37 , 1,0,1,0,S, 	(30-MAY-2025 15:48:33)
2,37 , 1,0,1,0,S, 	(30-MAY-2025 15:48:33)
2,37 , 1,0,1,0,S, 	(30-MAY-2025 15:48:33)
2,37 , 1,0,1,0,S, 	(30-MAY-2025 15:48:33)
2,37 , 1,0,1,0,S, 	(30-MAY-2025 15:48:33)
2,37 , 1,0,1,0,S, 	(30-MAY-2025 15:48:33)
2,37 , 1,0,1,0,S, 	(30-MAY-2025 15:48:33)
2,37 , 1,0,1,0,S, 	(30-MAY-2025 15:48:33)
2,37 , 1,0,1,0,S, 	(30-MAY-2025 15:48:33)
2,37 , 1,0,1,0,S, 	(30-MAY-2025 15:48:33)
2,37 , 1,0,1,0,S, 	(30-MAY-2025 15:48:33)
2,37 , 1,0,1,0,S, 	(30-MAY-2025 15:48:33)
2,37 , 1,0,1,0,S, 	(30-MAY-2025 15:48:33)
2,37 , 1,0,6,0,S, 	(30-MAY-2025 15:48:33)
2,37 , 1,0,6,0,S, 	(30-MAY-2025 15:48:33)
2,37 , 1,0,6,0,S, 	(30-MAY-2025 15:48:33)
2,37 , 1,0,6,0,S, 	(30-MAY-2025 15:48:33)
2,37 , 1,0,6,0,S, 	(30-MAY-2025 15:48:33)
2,37 , 1,0,6,0,S, 	(30-MAY-2025 15:48:33)
2,37 , 1,0,6,0,S, 	(30-MAY-2025 15:48:33)
2,37 , 1,0,6,0,S, 	(30-MAY-2025 15:48:33)
2,37 , 1,0,6,0,S, 	(30-MAY-2025 15:48:33)
2,37 , 1,0,6,0,S, 	(30-MAY-2025 15:48:33)
2,37 , 1,0,6,0,S, 	(30-MAY-2025 15:48:33)
2,37 , 1,0,6,0,S, 	(30-MAY-2025 15:48:33)
2,37 , 1,0,6,0,S, 	(30-MAY-2025 15:48:33)
2,37 , 1,0,6,0,S, 	(30-MAY-2025 15:48:33)
2,37 , 1,0,6,0,S, 	(30-MAY-2025 15:48:33)
2,37 , 1,0,6,0,S, 	(30-MAY-2025 15:48:33)
2,37 , 1,0,6,0,S, 	(30-MAY-2025 15:48:33)
2,37 , 1,0,6,0,S, 	(30-MAY-2025 15:48:33)
2,37 , 1,0,6,0,S, 	(30-MAY-2025 15:48:33)
2,37 , 1,0,6,0,S, 	(30-MAY-2025 15:48:33)
2,37 , 1,0,6,0,S, 	(30-MAY-2025 15:48:33)
2,37 , 1,0,6,0,S, 	(30-MAY-2025 15:48:33)
2,37 , 1,0,6,0,S, 	(30-MAY-2025 15:48:33)
2,37 , 1,0,6,0,S, 	(30-MAY-2025 15:48:33)
2,37 , 1,0,6,0,S, 	(30-MAY-2025 15:48:33)
2,37 , 1,0,6,0,S, 	(30-MAY-2025 15:48:33)
2,37 , 1,0,6,0,S, 	(30-MAY-2025 15:48:33)
2,37 , 1,0,6,0,S, 	(30-MAY-2025 15:48:33)
2,37 , 1,0,6,0,S, 	(30-MAY-2025 15:48:33)
2,37 , 1,0,6,0,S, 	(30-MAY-2025 15:48:33)
2,37 , 1,0,6,0,S, 	(30-MAY-2025 15:48:33)
2,37 , 1,0,6,0,S, 	(30-MAY-2025 15:48:33)
2,37 , 1,0,6,0,S, 	(30-MAY-2025 15:48:33)
2,37 , 1,0,6,0,S, 	(30-MAY-2025 15:48:33)
2,37 , 1,0,6,0,S, 	(30-MAY-2025 15:48:33)
2,37 , 1,0,6,0,S, 	(30-MAY-2025 15:48:33)
2,37 , 1,0,6,0,S, 	(30-MAY-2025 15:48:33)
2,37 , 1,0,6,0,S, 	(30-MAY-2025 15:48:33)
2,37 , 1,0,6,0,S, 	(30-MAY-2025 15:48:33)
2,37 , 1,0,6,0,S, 	(30-MAY-2025 15:48:33)
2,37 , 1,0,6,0,S, 	(30-MAY-2025 15:48:33)
2,37 , 1,0,6,0,S, 	(30-MAY-2025 15:48:33)
2,37 , 1,0,6,0,S, 	(30-MAY-2025 15:48:33)
2,37 , 1,0,6,0,S, 	(30-MAY-2025 15:48:33)
2,37 , 1,0,6,0,S, 	(30-MAY-2025 15:48:33)
2,37 , 1,0,6,0,S, 	(30-MAY-2025 15:48:33)
2,37 , 1,0,6,0,S, 	(30-MAY-2025 15:48:33)
2,37 , 1,0,6,0,S, 	(30-MAY-2025 15:48:33)
2,37 , 1,0,6,0,S, 	(30-MAY-2025 15:48:33)
2,37 , 1,0,6,0,S, 	(30-MAY-2025 15:48:33)
2,37 , 1,0,6,0,S, 	(30-MAY-2025 15:48:33)
2,37 , 1,0,6,0,S, 	(30-MAY-2025 15:48:33)
2,37 , 1,0,6,0,S, 	(30-MAY-2025 15:48:33)
2,37 , 1,0,6,0,S, 	(30-MAY-2025 15:48:33)
2,37 , 1,0,6,0,S, 	(30-MAY-2025 15:48:33)
2,37 , 1,0,6,0,S, 	(30-MAY-2025 15:48:33)
2,37 , 1,0,6,0,S, 	(30-MAY-2025 15:48:33)
2,37 , 1,0,6,0,S, 	(30-MAY-2025 15:48:33)
2,37 , 1,0,6,0,S, 	(30-MAY-2025 15:48:33)
2,37 , 1,0,6,0,S, 	(30-MAY-2025 15:48:33)
2,37 , 1,0,6,0,S, 	(30-MAY-2025 15:48:33)
2,37 , 1,0,6,0,S, 	(30-MAY-2025 15:48:33)
2,37 , 1,0,6,0,S, 	(30-MAY-2025 15:48:33)
2,37 , 1,0,6,0,S, 	(30-MAY-2025 15:48:33)
2,37 , 1,0,6,0,S, 	(30-MAY-2025 15:48:33)
2,37 , 1,0,6,0,S, 	(30-MAY-2025 15:48:33)
2,37 , 1,0,6,0,S, 	(30-MAY-2025 15:48:33)
2,37 , 1,0,6,0,S, 	(30-MAY-2025 15:48:33)
2,37 , 1,0,6,0,S, 	(30-MAY-2025 15:48:33)
2,37 , 1,0,6,0,S, 	(30-MAY-2025 15:48:33)
2,37 , 1,0,6,0,S, 	(30-MAY-2025 15:48:33)
2,37 , 1,0,6,0,S, 	(30-MAY-2025 15:48:33)
2,37 , 1,0,6,0,S, 	(30-MAY-2025 15:48:33)
2,37 , 1,0,6,0,S, 	(30-MAY-2025 15:48:33)
2,37 , 1,0,6,0,S, 	(30-MAY-2025 15:48:33)
2,37 , 1,0,6,0,S, 	(30-MAY-2025 15:48:33)
2,37 , 1,0,6,0,S, 	(30-MAY-2025 15:48:33)
2,37 , 1,0,6,0,S, 	(30-MAY-2025 15:48:33)
2,37 , 1,0,6,0,S, 	(30-MAY-2025 15:48:33)
2,37 , 1,0,6,0,S, 	(30-MAY-2025 15:48:33)
2,37 , 1,0,6,0,S, 	(30-MAY-2025 15:48:33)
2,37 , 1,0,6,0,S, 	(30-MAY-2025 15:48:33)
2,37 , 1,0,6,0,S, 	(30-MAY-2025 15:48:33)
2,37 , 1,0,6,0,S, 	(30-MAY-2025 15:48:33)
2,37 , 1,0,6,0,S, 	(30-MAY-2025 15:48:33)
2,37 , 1,0,6,0,S, 	(30-MAY-2025 15:48:33)
2,37 , 1,0,6,0,S, 	(30-MAY-2025 15:48:33)
2,37 , 1,0,6,0,S, 	(30-MAY-2025 15:48:33)
2,37 , 1,0,6,0,S, 	(30-MAY-2025 15:48:33)
2,37 , 1,0,6,0,S, 	(30-MAY-2025 15:48:33)
2,37 , 1,0,6,0,S, 	(30-MAY-2025 15:48:33)
2,37 , 1,0,6,0,S, 	(30-MAY-2025 15:48:33)
2,37 , 1,0,6,0,S, 	(30-MAY-2025 15:48:33)
2,37 , 1,0,6,0,S, 	(30-MAY-2025 15:48:33)
2,37 , 1,0,6,0,S, 	(30-MAY-2025 15:48:33)
2,37 , 1,0,6,0,S, 	(30-MAY-2025 15:48:33)
2,37 , 1,0,6,0,S, 	(30-MAY-2025 15:48:33)
2,37 , 1,0,6,0,S, 	(30-MAY-2025 15:48:33)
2,37 , 1,0,6,0,S, 	(30-MAY-2025 15:48:33)
2,37 , 1,0,6,0,S, 	(30-MAY-2025 15:48:33)
2,37 , 1,0,6,0,S, 	(30-MAY-2025 15:48:33)
2,37 , 1,0,6,0,S, 	(30-MAY-2025 15:48:33)
2,37 , 1,0,6,0,S, 	(30-MAY-2025 15:48:33)
2,37 , 1,0,6,0,S, 	(30-MAY-2025 15:48:33)
2,37 , 1,0,6,0,S, 	(30-MAY-2025 15:48:33)
2,37 , 1,0,6,0,S, 	(30-MAY-2025 15:48:33)
2,37 , 1,0,6,0,S, 	(30-MAY-2025 15:48:33)
2,37 , 1,0,6,0,S, 	(30-MAY-2025 15:48:33)
2,37 , 1,0,6,0,S, 	(30-MAY-2025 15:48:33)
2,37 , 1,0,6,0,S, 	(30-MAY-2025 15:48:33)
2,37 , 1,0,6,0,S, 	(30-MAY-2025 15:48:33)
2,37 , 1,0,6,0,S, 	(30-MAY-2025 15:48:33)
2,37 , 1,0,6,0,S, 	(30-MAY-2025 15:48:33)
2,37 , 1,0,6,0,S, 	(30-MAY-2025 15:48:33)
2,37 , 1,0,6,0,S, 	(30-MAY-2025 15:48:33)
2,37 , 1,0,6,0,S, 	(30-MAY-2025 15:48:33)
2,37 , 1,0,6,0,S, 	(30-MAY-2025 15:48:33)
2,37 , 1,0,6,0,S, 	(30-MAY-2025 15:48:33)
2,37 , 1,0,6,0,S, 	(30-MAY-2025 15:48:33)
2,37 , 1,0,6,0,S, 	(30-MAY-2025 15:48:33)
2,37 , 1,0,6,0,S, 	(30-MAY-2025 15:48:33)
2,37 , 1,0,6,0,S, 	(30-MAY-2025 15:48:33)
2,37 , 1,0,6,0,S, 	(30-MAY-2025 15:48:33)
2,37 , 1,0,6,0,S, 	(30-MAY-2025 15:48:33)
2,37 , 1,0,6,0,S, 	(30-MAY-2025 15:48:33)
2,37 , 1,0,6,0,S, 	(30-MAY-2025 15:48:33)
2,37 , 1,0,6,0,S, 	(30-MAY-2025 15:48:33)
2,37 , 1,0,6,0,S, 	(30-MAY-2025 15:48:33)
2,37 , 1,0,6,0,S, 	(30-MAY-2025 15:48:33)
2,37 , 1,0,6,0,S, 	(30-MAY-2025 15:48:33)
2,37 , 1,0,6,0,S, 	(30-MAY-2025 15:48:33)
2,37 , 1,0,6,0,S, 	(30-MAY-2025 15:48:33)
2,37 , 1,0,6,0,S, 	(30-MAY-2025 15:48:33)
2,37 , 1,0,6,0,S, 	(30-MAY-2025 15:48:33)
2,37 , 1,0,6,0,S, 	(30-MAY-2025 15:48:33)
2,37 , 1,0,6,0,S, 	(30-MAY-2025 15:48:33)
2,37 , 1,0,6,0,S, 	(30-MAY-2025 15:48:33)
2,37 , 1,0,6,0,S, 	(30-MAY-2025 15:48:33)
2,37 , 1,0,6,0,S, 	(30-MAY-2025 15:48:33)
2,37 , 1,0,6,0,S, 	(30-MAY-2025 15:48:33)
2,37 , 1,0,6,0,S, 	(30-MAY-2025 15:48:33)
2,37 , 1,0,6,0,S, 	(30-MAY-2025 15:48:33)
2,37 , 1,0,6,0,S, 	(30-MAY-2025 15:48:33)
2,37 , 1,0,6,0,S, 	(30-MAY-2025 15:48:33)
2,37 , 1,0,6,0,S, 	(30-MAY-2025 15:48:33)
2,37 , 1,0,6,0,S, 	(30-MAY-2025 15:48:33)
2,37 , 1,0,6,0,S, 	(30-MAY-2025 15:48:33)
2,37 , 1,0,6,0,S, 	(30-MAY-2025 15:48:33)
2,37 , 1,0,6,0,S, 	(30-MAY-2025 15:48:33)
2,37 , 1,0,6,0,S, 	(30-MAY-2025 15:48:33)
2,37 , 1,0,6,0,S, 	(30-MAY-2025 15:48:33)
2,37 , 1,0,6,0,S, 	(30-MAY-2025 15:48:33)
2,37 , 1,0,6,0,S, 	(30-MAY-2025 15:48:33)
2,37 , 1,0,6,0,S, 	(30-MAY-2025 15:48:33)
2,37 , 1,0,6,0,S, 	(30-MAY-2025 15:48:33)
2,37 , 1,0,6,0,S, 	(30-MAY-2025 15:48:33)
2,37 , 1,0,6,0,S, 	(30-MAY-2025 15:48:33)
2,37 , 1,0,6,0,S, 	(30-MAY-2025 15:48:33)
2,37 , 1,0,6,0,S, 	(30-MAY-2025 15:48:33)
2,37 , 1,0,6,0,S, 	(30-MAY-2025 15:48:33)
2,37 , 1,0,6,0,S, 	(30-MAY-2025 15:48:33)
2,37 , 1,0,6,0,S, 	(30-MAY-2025 15:48:33)
2,37 , 1,0,6,0,S, 	(30-MAY-2025 15:48:33)
2,37 , 1,0,6,0,S, 	(30-MAY-2025 15:48:33)
2,37 , 1,0,6,0,S, 	(30-MAY-2025 15:48:33)
2,37 , 1,0,6,0,S, 	(30-MAY-2025 15:48:33)
2,37 , 1,0,6,0,S, 	(30-MAY-2025 15:48:33)
2,37 , 1,0,6,0,S, 	(30-MAY-2025 15:48:33)
2,37 , 1,0,6,0,S, 	(30-MAY-2025 15:48:33)
2,37 , 1,0,6,0,S, 	(30-MAY-2025 15:48:33)
2,37 , 1,0,6,0,S, 	(30-MAY-2025 15:48:33)
2,37 , 1,0,6,0,S, 	(30-MAY-2025 15:48:33)
2,37 , 1,0,6,0,S, 	(30-MAY-2025 15:48:33)
2,37 , 1,0,6,0,S, 	(30-MAY-2025 15:48:33)
2,37 , 1,0,6,0,S, 	(30-MAY-2025 15:48:33)
2,37 , 1,0,6,0,S, 	(30-MAY-2025 15:48:33)
2,37 , 1,0,6,0,S, 	(30-MAY-2025 15:48:33)
2,37 , 1,0,6,0,S, 	(30-MAY-2025 15:48:33)
2,37 , 1,0,6,0,S, 	(30-MAY-2025 15:48:33)
2,37 , 1,0,6,0,S, 	(30-MAY-2025 15:48:33)
2,37 , 1,0,6,0,S, 	(30-MAY-2025 15:48:33)
2,37 , 1,0,6,0,S, 	(30-MAY-2025 15:48:33)
2,37 , 1,0,6,0,S, 	(30-MAY-2025 15:48:33)
2,37 , 1,0,6,0,S, 	(30-MAY-2025 15:48:33)
2,37 , 1,0,6,0,S, 	(30-MAY-2025 15:48:33)
2,37 , 1,0,6,0,S, 	(30-MAY-2025 15:48:33)
2,37 , 1,0,6,0,S, 	(30-MAY-2025 15:48:33)
2,37 , 1,0,6,0,S, 	(30-MAY-2025 15:48:33)
2,37 , 1,0,6,0,S, 	(30-MAY-2025 15:48:33)
2,37 , 1,0,6,0,S, 	(30-MAY-2025 15:48:33)
2,37 , 1,0,6,0,S, 	(30-MAY-2025 15:48:33)
2,37 , 1,0,6,0,S, 	(30-MAY-2025 15:48:33)
2,37 , 1,0,6,0,S, 	(30-MAY-2025 15:48:33)
2,37 , 1,0,6,0,S, 	(30-MAY-2025 15:48:33)
2,37 , 1,0,6,0,S, 	(30-MAY-2025 15:48:33)
2,37 , 1,0,6,0,S, 	(30-MAY-2025 15:48:33)
2,37 , 1,0,6,0,S, 	(30-MAY-2025 15:48:33)
2,37 , 1,0,6,0,S, 	(30-MAY-2025 15:48:33)
2,37 , 1,0,6,0,S, 	(30-MAY-2025 15:48:33)
2,37 , 1,0,6,0,S, 	(30-MAY-2025 15:48:33)
2,37 , 1,0,6,0,S, 	(30-MAY-2025 15:48:33)
2,37 , 1,0,6,0,S, 	(30-MAY-2025 15:48:33)
2,37 , 1,0,6,0,S, 	(30-MAY-2025 15:48:33)
2,37 , 1,0,6,0,S, 	(30-MAY-2025 15:48:33)
2,37 , 1,0,6,0,S, 	(30-MAY-2025 15:48:33)
2,37 , 1,0,6,0,S, 	(30-MAY-2025 15:48:33)
2,37 , 1,0,6,0,S, 	(30-MAY-2025 15:48:33)
2,37 , 1,0,6,0,S, 	(30-MAY-2025 15:48:33)
2,37 , 1,0,6,0,S, 	(30-MAY-2025 15:48:33)
2,37 , 1,0,6,0,S, 	(30-MAY-2025 15:48:33)
2,37 , 1,0,6,0,S, 	(30-MAY-2025 15:48:33)
2,37 , 1,0,6,0,S, 	(30-MAY-2025 15:48:33)
2,37 , 1,0,6,0,S, 	(30-MAY-2025 15:48:33)
2,37 , 1,0,6,0,S, 	(30-MAY-2025 15:48:33)
2,37 , 1,0,6,0,S, 	(30-MAY-2025 15:48:33)
2,37 , 1,0,6,0,S, 	(30-MAY-2025 15:48:33)
2,37 , 1,0,6,0,S, 	(30-MAY-2025 15:48:33)
2,37 , 1,0,6,0,S, 	(30-MAY-2025 15:48:33)
2,37 , 1,0,6,0,S, 	(30-MAY-2025 15:48:33)
2,37 , 1,0,6,0,S, 	(30-MAY-2025 15:48:33)
2,37 , 1,0,6,0,S, 	(30-MAY-2025 15:48:33)
2,37 , 1,0,6,0,S, 	(30-MAY-2025 15:48:33)
2,37 , 1,0,6,0,S, 	(30-MAY-2025 15:48:33)
2,37 , 1,0,6,0,S, 	(30-MAY-2025 15:48:33)
2,37 , 1,0,6,0,S, 	(30-MAY-2025 15:48:33)
2,37 , 1,0,6,0,S, 	(30-MAY-2025 15:48:33)
2,37 , 1,0,6,0,S, 	(30-MAY-2025 15:48:33)
2,37 , 1,0,6,0,S, 	(30-MAY-2025 15:48:33)
2,37 , 1,0,6,0,S, 	(30-MAY-2025 15:48:33)
2,37 , 1,0,6,0,S, 	(30-MAY-2025 15:48:33)
2,37 , 1,0,6,0,S, 	(30-MAY-2025 15:48:33)
2,37 , 1,0,6,0,S, 	(30-MAY-2025 15:48:33)
2,37 , 1,0,6,0,S, 	(30-MAY-2025 15:48:33)
2,37 , 1,0,6,0,S, 	(30-MAY-2025 15:48:33)
2,37 , 1,0,6,0,S, 	(30-MAY-2025 15:48:33)
2,37 , 1,0,6,0,S, 	(30-MAY-2025 15:48:33)
2,37 , 1,0,6,0,S, 	(30-MAY-2025 15:48:33)
2,37 , 1,0,6,0,S, 	(30-MAY-2025 15:48:33)
2,37 , 1,0,6,0,S, 	(30-MAY-2025 15:48:33)
2,37 , 1,0,6,0,S, 	(30-MAY-2025 15:48:33)
2,37 , 1,0,6,0,S, 	(30-MAY-2025 15:48:33)
2,37 , 1,0,6,0,S, 	(30-MAY-2025 15:48:33)
2,37 , 1,0,6,0,S, 	(30-MAY-2025 15:48:33)
2,37 , 1,0,6,0,S, 	(30-MAY-2025 15:48:33)
2,37 , 1,0,6,0,S, 	(30-MAY-2025 15:48:33)
2,37 , 1,0,6,0,S, 	(30-MAY-2025 15:48:33)
2,37 , 1,0,6,0,S, 	(30-MAY-2025 15:48:33)
2,37 , 1,0,6,0,S, 	(30-MAY-2025 15:48:33)
2,37 , 1,0,6,0,S, 	(30-MAY-2025 15:48:33)
2,37 , 1,0,6,0,S, 	(30-MAY-2025 15:48:33)
2,37 , 1,0,6,0,S, 	(30-MAY-2025 15:48:33)
2,37 , 1,0,6,0,S, 	(30-MAY-2025 15:48:33)
2,37 , 1,0,6,0,S, 	(30-MAY-2025 15:48:33)
2,37 , 1,0,6,0,S, 	(30-MAY-2025 15:48:33)
2,37 , 1,0,6,0,S, 	(30-MAY-2025 15:48:33)
2,37 , 1,0,6,0,S, 	(30-MAY-2025 15:48:33)
2,37 , 1,0,6,0,S, 	(30-MAY-2025 15:48:33)
2,37 , 1,0,6,0,S, 	(30-MAY-2025 15:48:33)
2,37 , 1,0,6,0,S, 	(30-MAY-2025 15:48:33)
2,37 , 1,0,6,0,S, 	(30-MAY-2025 15:48:33)
2,37 , 1,0,6,0,S, 	(30-MAY-2025 15:48:33)
2,37 , 1,0,6,0,S, 	(30-MAY-2025 15:48:33)
2,37 , 1,0,6,0,S, 	(30-MAY-2025 15:48:33)
2,37 , 1,0,6,0,S, 	(30-MAY-2025 15:48:33)
2,37 , 1,0,6,0,S, 	(30-MAY-2025 15:48:33)
2,37 , 1,0,6,0,S, 	(30-MAY-2025 15:48:33)
2,37 , 1,0,6,0,S, 	(30-MAY-2025 15:48:33)
2,37 , 1,0,6,0,S, 	(30-MAY-2025 15:48:33)
2,37 , 1,0,6,0,S, 	(30-MAY-2025 15:48:33)
2,37 , 1,0,6,0,S, 	(30-MAY-2025 15:48:33)
2,37 , 1,0,6,0,S, 	(30-MAY-2025 15:48:33)
2,37 , 1,0,6,0,S, 	(30-MAY-2025 15:48:33)
2,37 , 1,0,6,0,S, 	(30-MAY-2025 15:48:33)
2,37 , 1,0,6,0,S, 	(30-MAY-2025 15:48:33)
2,37 , 1,0,6,0,S, 	(30-MAY-2025 15:48:33)
2,37 , 1,0,6,0,S, 	(30-MAY-2025 15:48:33)
2,37 , 1,0,6,0,S, 	(30-MAY-2025 15:48:33)
2,37 , 1,0,6,0,S, 	(30-MAY-2025 15:48:33)
2,37 , 1,0,6,0,S, 	(30-MAY-2025 15:48:33)
2,37 , 1,0,6,0,S, 	(30-MAY-2025 15:48:33)
2,37 , 1,0,6,0,S, 	(30-MAY-2025 15:48:33)
2,37 , 1,0,6,0,S, 	(30-MAY-2025 15:48:33)
2,37 , 1,0,6,0,S, 	(30-MAY-2025 15:48:33)
2,37 , 1,0,6,0,S, 	(30-MAY-2025 15:48:33)
2,37 , 1,0,6,0,S, 	(30-MAY-2025 15:48:33)
2,37 , 1,0,6,0,S, 	(30-MAY-2025 15:48:33)
2,37 , 1,0,6,0,S, 	(30-MAY-2025 15:48:33)
2,37 , 1,0,6,0,S, 	(30-MAY-2025 15:48:33)
2,37 , 1,0,6,0,S, 	(30-MAY-2025 15:48:33)
2,37 , 1,0,6,0,S, 	(30-MAY-2025 15:48:33)
2,37 , 1,0,6,0,S, 	(30-MAY-2025 15:48:33)
2,37 , 1,0,6,0,S, 	(30-MAY-2025 15:48:33)
2,37 , 1,0,6,0,S, 	(30-MAY-2025 15:48:33)
2,37 , 1,0,6,0,S, 	(30-MAY-2025 15:48:34)
2,37 , 1,0,6,0,S, 	(30-MAY-2025 15:48:34)
2,37 , 1,0,6,0,S, 	(30-MAY-2025 15:48:34)
2,37 , 1,0,6,0,S, 	(30-MAY-2025 15:48:34)
2,37 , 1,0,6,0,S, 	(30-MAY-2025 15:48:34)
2,37 , 1,0,6,0,S, 	(30-MAY-2025 15:48:34)
2,37 , 1,0,6,0,S, 	(30-MAY-2025 15:48:34)
2,37 , 1,0,6,0,S, 	(30-MAY-2025 15:48:34)
2,37 , 1,0,6,0,S, 	(30-MAY-2025 15:48:34)
2,37 , 1,0,6,0,S, 	(30-MAY-2025 15:48:34)
2,37 , 1,0,6,0,S, 	(30-MAY-2025 15:48:34)
2,37 , 1,0,6,0,S, 	(30-MAY-2025 15:48:34)
2,37 , 1,0,6,0,S, 	(30-MAY-2025 15:48:34)
2,37 , 1,0,6,0,S, 	(30-MAY-2025 15:48:34)
2,37 , 1,0,6,0,S, 	(30-MAY-2025 15:48:34)
2,37 , 1,0,6,0,S, 	(30-MAY-2025 15:48:34)
2,37 , 1,0,6,0,S, 	(30-MAY-2025 15:48:34)
2,37 , 1,0,6,0,S, 	(30-MAY-2025 15:48:34)
2,37 , 1,0,6,0,S, 	(30-MAY-2025 15:48:34)
2,37 , 1,0,6,0,S, 	(30-MAY-2025 15:48:34)
2,37 , 1,0,6,0,S, 	(30-MAY-2025 15:48:34)
2,37 , 1,0,6,0,S, 	(30-MAY-2025 15:48:34)
2,37 , 1,0,6,0,S, 	(30-MAY-2025 15:48:34)
2,37 , 1,0,6,0,S, 	(30-MAY-2025 15:48:34)
2,37 , 1,0,6,0,S, 	(30-MAY-2025 15:48:34)
2,37 , 1,0,6,0,S, 	(30-MAY-2025 15:48:34)
2,37 , 1,0,6,0,S, 	(30-MAY-2025 15:48:34)
2,37 , 1,0,6,0,S, 	(30-MAY-2025 15:48:34)
2,37 , 1,0,6,0,S, 	(30-MAY-2025 15:48:34)
2,37 , 1,0,6,0,S, 	(30-MAY-2025 15:48:34)
2,37 , 1,0,6,0,S, 	(30-MAY-2025 15:48:34)
2,37 , 1,0,6,0,S, 	(30-MAY-2025 15:48:34)
2,37 , 1,0,6,0,S, 	(30-MAY-2025 15:48:34)
2,37 , 1,0,6,0,S, 	(30-MAY-2025 15:48:34)
2,37 , 1,0,6,0,S, 	(30-MAY-2025 15:48:34)
2,37 , 1,0,6,0,S, 	(30-MAY-2025 15:48:34)
2,37 , 1,0,6,0,S, 	(30-MAY-2025 15:48:34)
2,37 , 1,0,6,0,S, 	(30-MAY-2025 15:48:34)
2,37 , 1,0,6,0,S, 	(30-MAY-2025 15:48:34)
2,37 , 1,0,6,0,S, 	(30-MAY-2025 15:48:34)
2,37 , 1,0,6,0,S, 	(30-MAY-2025 15:48:34)
2,37 , 1,0,6,0,S, 	(30-MAY-2025 15:48:34)
2,37 , 1,0,6,0,S, 	(30-MAY-2025 15:48:34)
2,37 , 1,0,6,0,S, 	(30-MAY-2025 15:48:34)
2,37 , 1,0,6,0,S, 	(30-MAY-2025 15:48:34)
2,37 , 1,0,6,0,S, 	(30-MAY-2025 15:48:34)
2,37 , 1,0,6,0,S, 	(30-MAY-2025 15:48:34)
2,37 , 1,0,6,0,S, 	(30-MAY-2025 15:48:34)
2,37 , 1,0,6,0,S, 	(30-MAY-2025 15:48:34)
2,37 , 1,0,6,0,S, 	(30-MAY-2025 15:48:34)
2,37 , 1,0,6,0,S, 	(30-MAY-2025 15:48:34)
2,37 , 1,0,6,0,S, 	(30-MAY-2025 15:48:34)
2,37 , 1,0,6,0,S, 	(30-MAY-2025 15:48:34)
2,37 , 1,0,6,0,S, 	(30-MAY-2025 15:48:34)
2,37 , 1,0,6,0,S, 	(30-MAY-2025 15:48:34)
2,37 , 1,0,6,0,S, 	(30-MAY-2025 15:48:34)
2,37 , 1,0,3,0,S, 	(30-MAY-2025 15:48:34)
2,37 , 1,0,3,0,S, 	(30-MAY-2025 15:48:34)
2,37 , 1,0,3,0,S, 	(30-MAY-2025 15:48:34)
2,37 , 1,0,3,0,S, 	(30-MAY-2025 15:48:34)
2,37 , 1,0,3,0,S, 	(30-MAY-2025 15:48:34)
2,37 , 1,0,3,0,S, 	(30-MAY-2025 15:48:34)
2,37 , 1,0,3,0,S, 	(30-MAY-2025 15:48:34)
2,37 , 1,0,3,0,S, 	(30-MAY-2025 15:48:34)
2,37 , 1,0,3,0,S, 	(30-MAY-2025 15:48:34)
2,37 , 1,0,3,0,S, 	(30-MAY-2025 15:48:34)
2,37 , 1,0,3,0,S, 	(30-MAY-2025 15:48:34)
2,37 , 1,0,3,0,S, 	(30-MAY-2025 15:48:34)
2,37 , 1,0,3,0,S, 	(30-MAY-2025 15:48:34)
2,37 , 1,0,3,0,S, 	(30-MAY-2025 15:48:34)
2,37 , 1,0,3,0,S, 	(30-MAY-2025 15:48:34)
2,37 , 1,0,3,0,S, 	(30-MAY-2025 15:48:34)
2,37 , 1,0,3,0,S, 	(30-MAY-2025 15:48:34)
2,37 , 1,0,3,0,S, 	(30-MAY-2025 15:48:34)
2,37 , 1,0,3,0,S, 	(30-MAY-2025 15:48:34)
2,37 , 1,0,3,0,S, 	(30-MAY-2025 15:48:34)
2,37 , 1,0,3,0,S, 	(30-MAY-2025 15:48:34)
2,37 , 1,0,3,0,S, 	(30-MAY-2025 15:48:34)
2,37 , 1,0,3,0,S, 	(30-MAY-2025 15:48:34)
2,37 , 1,0,3,0,S, 	(30-MAY-2025 15:48:34)
2,37 , 1,0,3,0,S, 	(30-MAY-2025 15:48:34)
2,37 , 1,0,3,0,S, 	(30-MAY-2025 15:48:34)
2,37 , 1,0,3,0,S, 	(30-MAY-2025 15:48:34)
2,37 , 1,0,3,0,S, 	(30-MAY-2025 15:48:34)
2,37 , 1,0,3,0,S, 	(30-MAY-2025 15:48:34)
2,37 , 1,0,3,0,S, 	(30-MAY-2025 15:48:34)
2,37 , 1,0,3,0,S, 	(30-MAY-2025 15:48:34)
2,37 , 1,0,5,0,S, 	(30-MAY-2025 15:48:34)
2,37 , 1,0,5,0,S, 	(30-MAY-2025 15:48:34)
2,37 , 1,0,5,0,S, 	(30-MAY-2025 15:48:34)
2,37 , 1,0,5,0,S, 	(30-MAY-2025 15:48:34)
2,37 , 1,0,5,0,S, 	(30-MAY-2025 15:48:34)
2,37 , 1,0,5,0,S, 	(30-MAY-2025 15:48:34)
2,37 , 1,0,5,0,S, 	(30-MAY-2025 15:48:34)
2,37 , 1,0,5,0,S, 	(30-MAY-2025 15:48:34)
2,37 , 1,0,5,0,S, 	(30-MAY-2025 15:48:34)
2,37 , 1,0,5,0,S, 	(30-MAY-2025 15:48:34)
2,37 , 1,0,5,0,S, 	(30-MAY-2025 15:48:34)
2,37 , 1,0,5,0,S, 	(30-MAY-2025 15:48:34)
2,37 , 1,0,5,0,S, 	(30-MAY-2025 15:48:34)
2,37 , 1,0,5,0,S, 	(30-MAY-2025 15:48:34)
2,37 , 1,0,5,0,S, 	(30-MAY-2025 15:48:34)
2,37 , 1,0,5,0,S, 	(30-MAY-2025 15:48:34)
2,37 , 1,0,5,0,S, 	(30-MAY-2025 15:48:34)
2,37 , 1,0,5,0,S, 	(30-MAY-2025 15:48:34)
2,37 , 1,0,5,0,S, 	(30-MAY-2025 15:48:34)
2,37 , 1,0,5,0,S, 	(30-MAY-2025 15:48:34)
2,37 , 1,0,5,0,S, 	(30-MAY-2025 15:48:34)
2,37 , 1,0,5,0,S, 	(30-MAY-2025 15:48:34)
2,37 , 1,0,5,0,S, 	(30-MAY-2025 15:48:34)
2,37 , 1,0,5,0,S, 	(30-MAY-2025 15:48:34)
2,37 , 1,0,5,0,S, 	(30-MAY-2025 15:48:34)
2,37 , 1,0,5,0,S, 	(30-MAY-2025 15:48:34)
2,37 , 1,0,5,0,S, 	(30-MAY-2025 15:48:34)
2,37 , 1,0,5,0,S, 	(30-MAY-2025 15:48:34)
2,37 , 1,0,4,0,S, 	(30-MAY-2025 15:48:34)
2,37 , 1,0,4,0,S, 	(30-MAY-2025 15:48:34)
2,37 , 1,0,4,0,S, 	(30-MAY-2025 15:48:34)
2,38 , 1,0,1,1,S, 	(30-MAY-2025 15:48:34)
2,38 , 1,0,1,1,S, 	(30-MAY-2025 15:48:34)
2,38 , 1,0,1,1,S, 	(30-MAY-2025 15:48:34)
2,38 , 1,0,1,1,S, 	(30-MAY-2025 15:48:34)
2,38 , 1,0,1,1,S, 	(30-MAY-2025 15:48:34)
2,38 , 1,0,1,1,S, 	(30-MAY-2025 15:48:34)
2,38 , 1,0,1,1,S, 	(30-MAY-2025 15:48:34)
2,38 , 1,0,1,1,S, 	(30-MAY-2025 15:48:34)
2,38 , 1,0,1,1,S, 	(30-MAY-2025 15:48:34)
2,38 , 1,0,1,1,S, 	(30-MAY-2025 15:48:34)
2,38 , 1,0,1,1,S, 	(30-MAY-2025 15:48:34)
2,38 , 1,0,1,1,S, 	(30-MAY-2025 15:48:34)
2,38 , 1,0,1,1,S, 	(30-MAY-2025 15:48:34)
2,38 , 1,0,1,1,S, 	(30-MAY-2025 15:48:34)
2,38 , 1,0,1,1,S, 	(30-MAY-2025 15:48:34)
2,38 , 1,0,1,1,S, 	(30-MAY-2025 15:48:34)
2,38 , 1,0,1,0,S, 	(30-MAY-2025 15:48:34)
2,38 , 1,0,1,0,S, 	(30-MAY-2025 15:48:34)
2,38 , 1,0,1,0,S, 	(30-MAY-2025 15:48:34)
2,38 , 1,0,1,0,S, 	(30-MAY-2025 15:48:34)
2,38 , 1,0,1,0,S, 	(30-MAY-2025 15:48:34)
2,38 , 1,0,1,0,S, 	(30-MAY-2025 15:48:34)
2,38 , 1,0,1,0,S, 	(30-MAY-2025 15:48:34)
2,38 , 1,0,1,0,S, 	(30-MAY-2025 15:48:34)
2,38 , 1,0,1,0,S, 	(30-MAY-2025 15:48:34)
2,38 , 1,0,1,0,S, 	(30-MAY-2025 15:48:34)
2,38 , 1,0,1,0,S, 	(30-MAY-2025 15:48:34)
2,38 , 1,0,1,0,S, 	(30-MAY-2025 15:48:34)
2,38 , 1,0,1,0,S, 	(30-MAY-2025 15:48:34)
2,38 , 1,0,1,0,S, 	(30-MAY-2025 15:48:34)
2,38 , 1,0,1,0,S, 	(30-MAY-2025 15:48:34)
2,39 , 1,0,1,0,S, 	(30-MAY-2025 15:48:34)
2,39 , 1,0,1,0,S, 	(30-MAY-2025 15:48:34)
2,39 , 1,0,1,0,S, 	(30-MAY-2025 15:48:34)
2,39 , 1,0,1,0,S, 	(30-MAY-2025 15:48:34)
2,39 , 1,0,1,0,S, 	(30-MAY-2025 15:48:34)
2,39 , 1,0,1,0,S, 	(30-MAY-2025 15:48:34)
2,39 , 1,0,1,0,S, 	(30-MAY-2025 15:48:34)
2,39 , 1,0,1,0,S, 	(30-MAY-2025 15:48:34)
2,39 , 1,0,1,0,S, 	(30-MAY-2025 15:48:34)
2,39 , 1,0,1,0,S, 	(30-MAY-2025 15:48:34)
2,39 , 1,0,1,0,S, 	(30-MAY-2025 15:48:34)
2,39 , 1,0,1,0,S, 	(30-MAY-2025 15:48:34)
2,39 , 1,0,1,0,S, 	(30-MAY-2025 15:48:34)
2,39 , 1,0,1,0,S, 	(30-MAY-2025 15:48:34)
2,39 , 1,0,1,0,S, 	(30-MAY-2025 15:48:34)
2,39 , 1,0,1,0,S, 	(30-MAY-2025 15:48:34)
2,39 , 1,0,1,0,S, 	(30-MAY-2025 15:48:34)
2,39 , 1,0,1,0,S, 	(30-MAY-2025 15:48:34)
2,39 , 1,0,1,0,S, 	(30-MAY-2025 15:48:34)
2,39 , 1,0,1,0,S, 	(30-MAY-2025 15:48:34)
2,39 , 1,0,1,0,S, 	(30-MAY-2025 15:48:34)
2,39 , 1,0,1,0,S, 	(30-MAY-2025 15:48:34)
2,39 , 1,0,1,0,S, 	(30-MAY-2025 15:48:34)
2,39 , 1,0,1,0,S, 	(30-MAY-2025 15:48:34)
2,39 , 1,0,1,0,S, 	(30-MAY-2025 15:48:34)
2,39 , 1,0,1,0,S, 	(30-MAY-2025 15:48:34)
2,39 , 1,0,1,0,S, 	(30-MAY-2025 15:48:34)
2,39 , 1,0,1,0,S, 	(30-MAY-2025 15:48:34)
2,39 , 1,0,1,0,S, 	(30-MAY-2025 15:48:34)
2,39 , 1,0,1,0,S, 	(30-MAY-2025 15:48:34)
2,39 , 1,0,1,0,S, 	(30-MAY-2025 15:48:34)
2,39 , 1,0,1,0,S, 	(30-MAY-2025 15:48:34)
2,39 , 1,0,1,0,S, 	(30-MAY-2025 15:48:34)
2,39 , 1,0,1,0,S, 	(30-MAY-2025 15:48:34)
2,39 , 1,0,1,0,S, 	(30-MAY-2025 15:48:34)
2,39 , 1,0,1,0,S, 	(30-MAY-2025 15:48:34)
2,39 , 1,0,1,0,S, 	(30-MAY-2025 15:48:34)
2,39 , 1,0,1,0,S, 	(30-MAY-2025 15:48:34)
2,39 , 1,0,1,0,S, 	(30-MAY-2025 15:48:34)
2,39 , 1,0,1,0,S, 	(30-MAY-2025 15:48:34)
2,39 , 1,0,1,0,S, 	(30-MAY-2025 15:48:34)
2,39 , 1,0,1,0,S, 	(30-MAY-2025 15:48:34)
2,39 , 1,0,1,0,S, 	(30-MAY-2025 15:48:34)
2,39 , 1,0,1,0,S, 	(30-MAY-2025 15:48:34)
2,39 , 1,0,1,0,S, 	(30-MAY-2025 15:48:34)
2,39 , 1,0,1,0,S, 	(30-MAY-2025 15:48:34)
2,39 , 1,0,1,0,S, 	(30-MAY-2025 15:48:34)
2,39 , 1,0,1,0,S, 	(30-MAY-2025 15:48:34)
2,39 , 1,0,1,0,S, 	(30-MAY-2025 15:48:34)
2,39 , 1,0,1,0,S, 	(30-MAY-2025 15:48:34)
2,39 , 1,0,1,0,S, 	(30-MAY-2025 15:48:34)
2,39 , 1,0,1,0,S, 	(30-MAY-2025 15:48:34)
2,39 , 1,0,1,0,S, 	(30-MAY-2025 15:48:34)
2,39 , 1,0,1,0,S, 	(30-MAY-2025 15:48:34)
2,39 , 1,0,1,0,S, 	(30-MAY-2025 15:48:34)
2,39 , 1,0,1,0,S, 	(30-MAY-2025 15:48:34)
2,39 , 1,0,1,0,S, 	(30-MAY-2025 15:48:34)
2,39 , 1,0,1,0,S, 	(30-MAY-2025 15:48:34)
2,39 , 1,0,1,0,S, 	(30-MAY-2025 15:48:34)
2,39 , 1,0,1,0,S, 	(30-MAY-2025 15:48:34)
2,39 , 1,0,1,0,S, 	(30-MAY-2025 15:48:34)
2,39 , 1,0,1,0,S, 	(30-MAY-2025 15:48:34)
2,39 , 1,0,1,0,S, 	(30-MAY-2025 15:48:34)
2,39 , 1,0,1,0,S, 	(30-MAY-2025 15:48:34)
2,39 , 1,0,1,0,S, 	(30-MAY-2025 15:48:34)
2,39 , 1,0,1,0,S, 	(30-MAY-2025 15:48:34)
2,39 , 1,0,1,0,S, 	(30-MAY-2025 15:48:34)
2,39 , 1,0,1,0,S, 	(30-MAY-2025 15:48:34)
2,39 , 1,0,1,0,S, 	(30-MAY-2025 15:48:34)
2,39 , 1,0,1,0,S, 	(30-MAY-2025 15:48:34)
2,39 , 1,0,1,0,S, 	(30-MAY-2025 15:48:34)
2,39 , 1,0,1,0,S, 	(30-MAY-2025 15:48:34)
2,39 , 1,0,1,0,S, 	(30-MAY-2025 15:48:34)
2,39 , 1,0,1,0,S, 	(30-MAY-2025 15:48:34)
2,39 , 1,0,1,0,S, 	(30-MAY-2025 15:48:34)
2,39 , 1,0,1,0,S, 	(30-MAY-2025 15:48:34)
2,39 , 1,0,1,0,S, 	(30-MAY-2025 15:48:34)
2,39 , 1,0,1,0,S, 	(30-MAY-2025 15:48:34)
2,39 , 1,0,1,0,S, 	(30-MAY-2025 15:48:34)
2,39 , 1,0,1,0,S, 	(30-MAY-2025 15:48:34)
2,39 , 1,0,1,0,S, 	(30-MAY-2025 15:48:34)
2,39 , 1,0,1,0,S, 	(30-MAY-2025 15:48:34)
2,39 , 1,0,1,0,S, 	(30-MAY-2025 15:48:34)
2,39 , 1,0,1,0,S, 	(30-MAY-2025 15:48:34)
2,39 , 1,0,1,0,S, 	(30-MAY-2025 15:48:34)
2,39 , 1,0,1,0,S, 	(30-MAY-2025 15:48:34)
2,39 , 1,0,1,0,S, 	(30-MAY-2025 15:48:34)
2,39 , 1,0,1,0,S, 	(30-MAY-2025 15:48:34)
2,39 , 1,0,1,0,S, 	(30-MAY-2025 15:48:34)
2,39 , 1,0,1,0,S, 	(30-MAY-2025 15:48:34)
2,39 , 1,0,1,0,S, 	(30-MAY-2025 15:48:34)
2,39 , 1,0,1,0,S, 	(30-MAY-2025 15:48:34)
2,39 , 1,0,1,0,S, 	(30-MAY-2025 15:48:34)
2,39 , 1,0,1,0,S, 	(30-MAY-2025 15:48:34)
2,39 , 1,0,1,0,S, 	(30-MAY-2025 15:48:34)
2,39 , 1,0,1,0,S, 	(30-MAY-2025 15:48:34)
2,39 , 1,0,1,0,S, 	(30-MAY-2025 15:48:34)
2,39 , 1,0,1,0,S, 	(30-MAY-2025 15:48:34)
2,39 , 1,0,1,0,S, 	(30-MAY-2025 15:48:34)
2,39 , 1,0,1,0,S, 	(30-MAY-2025 15:48:34)
2,39 , 1,0,1,0,S, 	(30-MAY-2025 15:48:34)
2,39 , 1,0,1,0,S, 	(30-MAY-2025 15:48:34)
2,39 , 1,0,1,0,S, 	(30-MAY-2025 15:48:34)
2,39 , 1,0,1,0,S, 	(30-MAY-2025 15:48:34)
2,39 , 1,0,1,0,S, 	(30-MAY-2025 15:48:34)
2,39 , 1,0,1,0,S, 	(30-MAY-2025 15:48:34)
2,39 , 1,0,1,0,S, 	(30-MAY-2025 15:48:34)
2,39 , 1,0,1,0,S, 	(30-MAY-2025 15:48:34)
2,39 , 1,0,1,0,S, 	(30-MAY-2025 15:48:34)
2,39 , 1,0,1,0,S, 	(30-MAY-2025 15:48:34)
2,39 , 1,0,1,0,S, 	(30-MAY-2025 15:48:34)
2,39 , 1,0,1,0,S, 	(30-MAY-2025 15:48:34)
2,39 , 1,0,1,0,S, 	(30-MAY-2025 15:48:34)
2,39 , 1,0,1,0,S, 	(30-MAY-2025 15:48:34)
2,39 , 1,0,1,0,S, 	(30-MAY-2025 15:48:34)
2,39 , 1,0,1,0,S, 	(30-MAY-2025 15:48:34)
2,39 , 1,0,1,0,S, 	(30-MAY-2025 15:48:34)
2,39 , 1,0,1,0,S, 	(30-MAY-2025 15:48:34)
2,39 , 1,0,1,0,S, 	(30-MAY-2025 15:48:34)
2,39 , 1,0,1,0,S, 	(30-MAY-2025 15:48:34)
2,39 , 1,0,1,0,S, 	(30-MAY-2025 15:48:34)
2,39 , 1,0,1,0,S, 	(30-MAY-2025 15:48:34)
2,39 , 1,0,1,0,S, 	(30-MAY-2025 15:48:34)
2,39 , 1,0,1,0,S, 	(30-MAY-2025 15:48:34)
2,39 , 1,0,1,0,S, 	(30-MAY-2025 15:48:34)
2,39 , 1,0,1,0,S, 	(30-MAY-2025 15:48:34)
2,39 , 1,0,1,0,S, 	(30-MAY-2025 15:48:34)
2,39 , 1,0,1,0,S, 	(30-MAY-2025 15:48:34)
2,39 , 1,0,1,0,S, 	(30-MAY-2025 15:48:34)
2,39 , 1,0,1,0,S, 	(30-MAY-2025 15:48:34)
2,39 , 1,0,1,0,S, 	(30-MAY-2025 15:48:34)
2,39 , 1,0,1,0,S, 	(30-MAY-2025 15:48:34)
2,39 , 1,0,1,0,S, 	(30-MAY-2025 15:48:34)
2,39 , 1,0,1,0,S, 	(30-MAY-2025 15:48:34)
2,39 , 1,0,1,0,S, 	(30-MAY-2025 15:48:34)
2,39 , 1,0,1,0,S, 	(30-MAY-2025 15:48:34)
2,39 , 1,0,1,0,S, 	(30-MAY-2025 15:48:34)
2,39 , 1,0,1,0,S, 	(30-MAY-2025 15:48:34)
2,39 , 1,0,1,0,S, 	(30-MAY-2025 15:48:34)
2,39 , 1,0,1,0,S, 	(30-MAY-2025 15:48:34)
2,39 , 1,0,1,0,S, 	(30-MAY-2025 15:48:34)
2,39 , 1,0,1,0,S, 	(30-MAY-2025 15:48:34)
2,39 , 1,0,1,0,S, 	(30-MAY-2025 15:48:34)
2,39 , 1,0,1,0,S, 	(30-MAY-2025 15:48:34)
2,39 , 1,0,1,0,S, 	(30-MAY-2025 15:48:34)
2,39 , 1,0,1,0,S, 	(30-MAY-2025 15:48:34)
2,39 , 1,0,1,0,S, 	(30-MAY-2025 15:48:34)
2,39 , 1,0,1,0,S, 	(30-MAY-2025 15:48:34)
2,39 , 1,0,1,0,S, 	(30-MAY-2025 15:48:34)
2,39 , 1,0,1,0,S, 	(30-MAY-2025 15:48:34)
2,39 , 1,0,1,0,S, 	(30-MAY-2025 15:48:34)
2,39 , 1,0,1,0,S, 	(30-MAY-2025 15:48:34)
2,39 , 1,0,1,0,S, 	(30-MAY-2025 15:48:34)
2,39 , 1,0,1,0,S, 	(30-MAY-2025 15:48:34)
2,39 , 1,0,1,0,S, 	(30-MAY-2025 15:48:34)
2,39 , 1,0,1,0,S, 	(30-MAY-2025 15:48:34)
2,39 , 1,0,1,0,S, 	(30-MAY-2025 15:48:34)
2,39 , 1,0,1,0,S, 	(30-MAY-2025 15:48:34)
2,39 , 1,0,1,0,S, 	(30-MAY-2025 15:48:34)
2,39 , 1,0,1,0,S, 	(30-MAY-2025 15:48:34)
2,39 , 1,0,1,0,S, 	(30-MAY-2025 15:48:34)
2,39 , 1,0,1,0,S, 	(30-MAY-2025 15:48:34)
2,39 , 1,0,1,0,S, 	(30-MAY-2025 15:48:34)
2,39 , 1,0,1,0,S, 	(30-MAY-2025 15:48:34)
2,39 , 1,0,1,0,S, 	(30-MAY-2025 15:48:34)
2,39 , 1,0,1,0,S, 	(30-MAY-2025 15:48:34)
2,39 , 1,0,1,0,S, 	(30-MAY-2025 15:48:34)
2,39 , 1,0,1,0,S, 	(30-MAY-2025 15:48:34)
2,39 , 1,0,1,0,S, 	(30-MAY-2025 15:48:34)
2,39 , 1,0,1,0,S, 	(30-MAY-2025 15:48:34)
2,39 , 1,0,1,0,S, 	(30-MAY-2025 15:48:34)
2,39 , 1,0,1,0,S, 	(30-MAY-2025 15:48:34)
2,39 , 1,0,1,0,S, 	(30-MAY-2025 15:48:34)
2,39 , 1,0,1,0,S, 	(30-MAY-2025 15:48:34)
2,39 , 1,0,1,0,S, 	(30-MAY-2025 15:48:34)
2,39 , 1,0,1,0,S, 	(30-MAY-2025 15:48:34)
2,39 , 1,0,1,0,S, 	(30-MAY-2025 15:48:34)
2,39 , 1,0,1,0,S, 	(30-MAY-2025 15:48:34)
2,39 , 1,0,1,0,S, 	(30-MAY-2025 15:48:34)
2,39 , 1,0,1,0,S, 	(30-MAY-2025 15:48:34)
2,39 , 1,0,1,0,S, 	(30-MAY-2025 15:48:34)
2,39 , 1,0,1,0,S, 	(30-MAY-2025 15:48:34)
2,39 , 1,0,1,0,S, 	(30-MAY-2025 15:48:34)
2,39 , 1,0,1,0,S, 	(30-MAY-2025 15:48:34)
2,39 , 1,0,2,0,S, 	(30-MAY-2025 15:48:34)
2,39 , 1,0,2,0,S, 	(30-MAY-2025 15:48:34)
2,39 , 1,0,2,0,S, 	(30-MAY-2025 15:48:34)
2,39 , 1,0,2,0,S, 	(30-MAY-2025 15:48:34)
2,39 , 1,0,2,0,S, 	(30-MAY-2025 15:48:34)
2,39 , 1,0,2,0,S, 	(30-MAY-2025 15:48:34)
2,39 , 1,0,2,0,S, 	(30-MAY-2025 15:48:34)
2,39 , 1,0,2,0,S, 	(30-MAY-2025 15:48:34)
2,39 , 1,0,2,0,S, 	(30-MAY-2025 15:48:34)
2,39 , 1,0,2,0,S, 	(30-MAY-2025 15:48:34)
2,39 , 1,0,2,0,S, 	(30-MAY-2025 15:48:34)
2,39 , 1,0,2,0,S, 	(30-MAY-2025 15:48:34)
2,39 , 1,0,2,0,S, 	(30-MAY-2025 15:48:34)
2,39 , 1,0,2,0,S, 	(30-MAY-2025 15:48:34)
2,39 , 1,0,2,0,S, 	(30-MAY-2025 15:48:34)
2,39 , 1,0,2,0,S, 	(30-MAY-2025 15:48:34)
2,39 , 1,0,2,0,S, 	(30-MAY-2025 15:48:34)
2,39 , 1,0,2,0,S, 	(30-MAY-2025 15:48:34)
2,39 , 1,0,2,0,S, 	(30-MAY-2025 15:48:34)
2,39 , 1,0,2,0,S, 	(30-MAY-2025 15:48:34)
2,39 , 1,0,2,0,S, 	(30-MAY-2025 15:48:34)
2,39 , 1,0,2,0,S, 	(30-MAY-2025 15:48:34)
2,39 , 1,0,2,0,S, 	(30-MAY-2025 15:48:34)
2,39 , 1,0,2,0,S, 	(30-MAY-2025 15:48:34)
2,39 , 1,0,2,0,S, 	(30-MAY-2025 15:48:34)
2,39 , 1,0,2,0,S, 	(30-MAY-2025 15:48:34)
2,39 , 1,0,2,0,S, 	(30-MAY-2025 15:48:34)
2,39 , 1,0,2,0,S, 	(30-MAY-2025 15:48:34)
2,39 , 1,0,2,0,S, 	(30-MAY-2025 15:48:34)
2,39 , 1,0,2,0,S, 	(30-MAY-2025 15:48:34)
2,39 , 1,0,2,0,S, 	(30-MAY-2025 15:48:34)
2,39 , 1,0,2,0,S, 	(30-MAY-2025 15:48:34)
2,39 , 1,0,2,0,S, 	(30-MAY-2025 15:48:34)
2,39 , 1,0,2,0,S, 	(30-MAY-2025 15:48:34)
2,39 , 1,0,2,0,S, 	(30-MAY-2025 15:48:34)
2,39 , 1,0,2,0,S, 	(30-MAY-2025 15:48:34)
2,39 , 1,0,2,0,S, 	(30-MAY-2025 15:48:34)
2,39 , 1,0,2,0,S, 	(30-MAY-2025 15:48:34)
2,39 , 1,0,2,0,S, 	(30-MAY-2025 15:48:34)
2,39 , 1,0,2,0,S, 	(30-MAY-2025 15:48:34)
2,39 , 1,0,2,0,S, 	(30-MAY-2025 15:48:34)
2,39 , 1,0,2,0,S, 	(30-MAY-2025 15:48:34)
2,39 , 1,0,2,0,S, 	(30-MAY-2025 15:48:34)
2,39 , 1,0,2,0,S, 	(30-MAY-2025 15:48:34)
2,39 , 1,0,2,0,S, 	(30-MAY-2025 15:48:34)
2,39 , 1,0,2,0,S, 	(30-MAY-2025 15:48:34)
2,39 , 1,0,2,0,S, 	(30-MAY-2025 15:48:34)
2,39 , 1,0,2,0,S, 	(30-MAY-2025 15:48:34)
2,39 , 1,0,2,0,S, 	(30-MAY-2025 15:48:34)
2,39 , 1,0,2,0,S, 	(30-MAY-2025 15:48:34)
2,39 , 1,0,2,0,S, 	(30-MAY-2025 15:48:34)
2,39 , 1,0,2,0,S, 	(30-MAY-2025 15:48:34)
2,39 , 1,0,2,0,S, 	(30-MAY-2025 15:48:34)
2,39 , 1,0,2,0,S, 	(30-MAY-2025 15:48:34)
2,39 , 1,0,2,0,S, 	(30-MAY-2025 15:48:34)
2,39 , 1,0,2,0,S, 	(30-MAY-2025 15:48:34)
2,39 , 1,0,2,0,S, 	(30-MAY-2025 15:48:34)
2,39 , 1,0,2,0,S, 	(30-MAY-2025 15:48:34)
2,39 , 1,0,2,0,S, 	(30-MAY-2025 15:48:34)
2,39 , 1,0,2,0,S, 	(30-MAY-2025 15:48:34)
2,39 , 1,0,2,0,S, 	(30-MAY-2025 15:48:34)
2,39 , 1,0,2,0,S, 	(30-MAY-2025 15:48:34)
2,39 , 1,0,2,0,S, 	(30-MAY-2025 15:48:34)
2,39 , 1,0,2,0,S, 	(30-MAY-2025 15:48:34)
2,39 , 1,0,2,0,S, 	(30-MAY-2025 15:48:34)
2,39 , 1,0,2,0,S, 	(30-MAY-2025 15:48:34)
2,39 , 1,0,2,0,S, 	(30-MAY-2025 15:48:34)
2,39 , 1,0,2,0,S, 	(30-MAY-2025 15:48:34)
2,39 , 1,0,2,0,S, 	(30-MAY-2025 15:48:34)
2,39 , 1,0,2,0,S, 	(30-MAY-2025 15:48:34)
2,39 , 1,0,3,0,S, 	(30-MAY-2025 15:48:34)
2,39 , 1,0,3,0,S, 	(30-MAY-2025 15:48:34)
2,39 , 1,0,3,0,S, 	(30-MAY-2025 15:48:34)
2,39 , 1,0,3,0,S, 	(30-MAY-2025 15:48:34)
2,39 , 1,0,3,0,S, 	(30-MAY-2025 15:48:34)
2,39 , 1,0,3,0,S, 	(30-MAY-2025 15:48:34)
2,39 , 1,0,3,0,S, 	(30-MAY-2025 15:48:34)
2,39 , 1,0,3,0,S, 	(30-MAY-2025 15:48:34)
2,39 , 1,0,3,0,S, 	(30-MAY-2025 15:48:34)
2,39 , 1,0,3,0,S, 	(30-MAY-2025 15:48:34)
2,39 , 1,0,3,0,S, 	(30-MAY-2025 15:48:34)
2,39 , 1,0,3,0,S, 	(30-MAY-2025 15:48:34)
2,39 , 1,0,3,0,S, 	(30-MAY-2025 15:48:34)
2,39 , 1,0,3,0,S, 	(30-MAY-2025 15:48:34)
2,39 , 1,0,3,0,S, 	(30-MAY-2025 15:48:34)
2,39 , 1,0,3,0,S, 	(30-MAY-2025 15:48:34)
2,39 , 1,0,3,0,S, 	(30-MAY-2025 15:48:34)
2,39 , 1,0,3,0,S, 	(30-MAY-2025 15:48:34)
2,39 , 1,0,3,0,S, 	(30-MAY-2025 15:48:34)
2,39 , 1,0,3,0,S, 	(30-MAY-2025 15:48:34)
2,39 , 1,0,3,0,S, 	(30-MAY-2025 15:48:34)
2,39 , 1,0,3,0,S, 	(30-MAY-2025 15:48:34)
2,39 , 1,0,3,0,S, 	(30-MAY-2025 15:48:34)
2,39 , 1,0,3,0,S, 	(30-MAY-2025 15:48:34)
2,39 , 1,0,3,0,S, 	(30-MAY-2025 15:48:34)
2,39 , 1,0,3,0,S, 	(30-MAY-2025 15:48:34)
2,39 , 1,0,3,0,S, 	(30-MAY-2025 15:48:34)
2,39 , 1,0,3,0,S, 	(30-MAY-2025 15:48:34)
2,39 , 1,0,3,0,S, 	(30-MAY-2025 15:48:34)
2,39 , 1,0,3,0,S, 	(30-MAY-2025 15:48:34)
2,39 , 1,0,3,0,S, 	(30-MAY-2025 15:48:34)
2,39 , 1,0,3,0,S, 	(30-MAY-2025 15:48:34)
2,39 , 1,0,3,0,S, 	(30-MAY-2025 15:48:34)
2,39 , 1,0,3,0,S, 	(30-MAY-2025 15:48:34)
2,39 , 1,0,3,0,S, 	(30-MAY-2025 15:48:34)
2,39 , 1,0,3,0,S, 	(30-MAY-2025 15:48:34)
2,39 , 1,0,3,0,S, 	(30-MAY-2025 15:48:34)
2,39 , 1,0,3,0,S, 	(30-MAY-2025 15:48:34)
2,39 , 1,0,3,0,S, 	(30-MAY-2025 15:48:34)
2,39 , 1,0,3,0,S, 	(30-MAY-2025 15:48:34)
2,39 , 1,0,3,0,S, 	(30-MAY-2025 15:48:34)
2,39 , 1,0,3,0,S, 	(30-MAY-2025 15:48:34)
2,39 , 1,0,3,0,S, 	(30-MAY-2025 15:48:34)
2,39 , 1,0,3,0,S, 	(30-MAY-2025 15:48:34)
2,39 , 1,0,3,0,S, 	(30-MAY-2025 15:48:34)
2,39 , 1,0,3,0,S, 	(30-MAY-2025 15:48:34)
2,39 , 1,0,3,0,S, 	(30-MAY-2025 15:48:34)
2,39 , 1,0,3,0,S, 	(30-MAY-2025 15:48:34)
2,39 , 1,0,3,0,S, 	(30-MAY-2025 15:48:34)
2,39 , 1,0,3,0,S, 	(30-MAY-2025 15:48:34)
2,39 , 1,0,3,0,S, 	(30-MAY-2025 15:48:34)
2,39 , 1,0,3,0,S, 	(30-MAY-2025 15:48:34)
2,39 , 1,0,3,0,S, 	(30-MAY-2025 15:48:34)
2,39 , 1,0,3,0,S, 	(30-MAY-2025 15:48:34)
2,39 , 1,0,3,0,S, 	(30-MAY-2025 15:48:34)
2,39 , 1,0,3,0,S, 	(30-MAY-2025 15:48:34)
2,39 , 1,0,3,0,S, 	(30-MAY-2025 15:48:34)
2,39 , 1,0,3,0,S, 	(30-MAY-2025 15:48:34)
2,39 , 1,0,3,0,S, 	(30-MAY-2025 15:48:34)
2,39 , 1,0,3,0,S, 	(30-MAY-2025 15:48:34)
2,39 , 1,0,3,0,S, 	(30-MAY-2025 15:48:34)
2,39 , 1,0,3,0,S, 	(30-MAY-2025 15:48:34)
2,39 , 1,0,3,0,S, 	(30-MAY-2025 15:48:34)
2,39 , 1,0,3,0,S, 	(30-MAY-2025 15:48:34)
2,39 , 1,0,3,0,S, 	(30-MAY-2025 15:48:34)
2,39 , 1,0,3,0,S, 	(30-MAY-2025 15:48:34)
2,39 , 1,0,3,0,S, 	(30-MAY-2025 15:48:34)
2,39 , 1,0,3,0,S, 	(30-MAY-2025 15:48:34)
2,39 , 1,0,3,0,S, 	(30-MAY-2025 15:48:34)
2,39 , 1,0,3,0,S, 	(30-MAY-2025 15:48:34)
2,39 , 1,0,3,0,S, 	(30-MAY-2025 15:48:34)
2,39 , 1,0,3,0,S, 	(30-MAY-2025 15:48:34)
2,39 , 1,0,3,0,S, 	(30-MAY-2025 15:48:34)
2,39 , 1,0,3,0,S, 	(30-MAY-2025 15:48:34)
2,39 , 1,0,3,0,S, 	(30-MAY-2025 15:48:34)
2,39 , 1,0,3,0,S, 	(30-MAY-2025 15:48:34)
2,39 , 1,0,3,0,S, 	(30-MAY-2025 15:48:34)
2,39 , 1,0,3,0,S, 	(30-MAY-2025 15:48:34)
2,39 , 1,0,3,0,S, 	(30-MAY-2025 15:48:34)
2,39 , 1,0,3,0,S, 	(30-MAY-2025 15:48:34)
2,39 , 1,0,3,0,S, 	(30-MAY-2025 15:48:34)
2,39 , 1,0,3,0,S, 	(30-MAY-2025 15:48:34)
2,39 , 1,0,3,0,S, 	(30-MAY-2025 15:48:34)
2,39 , 1,0,3,0,S, 	(30-MAY-2025 15:48:34)
2,39 , 1,0,3,0,S, 	(30-MAY-2025 15:48:34)
2,39 , 1,0,3,0,S, 	(30-MAY-2025 15:48:34)
2,39 , 1,0,3,0,S, 	(30-MAY-2025 15:48:34)
2,39 , 1,0,3,0,S, 	(30-MAY-2025 15:48:34)
2,39 , 1,0,3,0,S, 	(30-MAY-2025 15:48:34)
2,39 , 1,0,3,0,S, 	(30-MAY-2025 15:48:34)
2,39 , 1,0,2,3,S, 	(30-MAY-2025 15:48:34)
2,39 , 1,0,2,3,S, 	(30-MAY-2025 15:48:34)
2,39 , 1,0,2,3,S, 	(30-MAY-2025 15:48:34)
2,39 , 1,0,2,3,S, 	(30-MAY-2025 15:48:34)
2,39 , 1,0,2,3,S, 	(30-MAY-2025 15:48:34)
2,39 , 1,0,2,3,S, 	(30-MAY-2025 15:48:34)
2,39 , 1,0,2,3,S, 	(30-MAY-2025 15:48:34)
2,39 , 1,0,2,3,S, 	(30-MAY-2025 15:48:34)
2,39 , 1,0,2,3,S, 	(30-MAY-2025 15:48:34)
2,39 , 1,0,2,3,S, 	(30-MAY-2025 15:48:34)
2,39 , 1,0,2,3,S, 	(30-MAY-2025 15:48:34)
2,39 , 1,0,2,3,S, 	(30-MAY-2025 15:48:34)
2,39 , 1,0,2,3,S, 	(30-MAY-2025 15:48:34)
2,39 , 1,0,2,3,S, 	(30-MAY-2025 15:48:34)
2,39 , 1,0,2,3,S, 	(30-MAY-2025 15:48:34)
2,39 , 1,0,2,3,S, 	(30-MAY-2025 15:48:34)
2,39 , 1,0,5,0,S, 	(30-MAY-2025 15:48:34)
2,39 , 1,0,5,0,S, 	(30-MAY-2025 15:48:34)
2,39 , 1,0,5,0,S, 	(30-MAY-2025 15:48:34)
2,39 , 1,0,5,0,S, 	(30-MAY-2025 15:48:34)
2,39 , 1,0,5,0,S, 	(30-MAY-2025 15:48:34)
2,39 , 1,0,5,0,S, 	(30-MAY-2025 15:48:34)
2,39 , 1,0,5,0,S, 	(30-MAY-2025 15:48:34)
2,39 , 1,0,5,0,S, 	(30-MAY-2025 15:48:34)
2,39 , 1,0,5,0,S, 	(30-MAY-2025 15:48:34)
2,39 , 1,0,5,0,S, 	(30-MAY-2025 15:48:34)
2,39 , 1,0,5,0,S, 	(30-MAY-2025 15:48:34)
2,39 , 1,0,5,0,S, 	(30-MAY-2025 15:48:34)
2,39 , 1,0,5,0,S, 	(30-MAY-2025 15:48:34)
2,39 , 1,0,5,0,S, 	(30-MAY-2025 15:48:34)
2,39 , 1,0,5,0,S, 	(30-MAY-2025 15:48:34)
2,39 , 1,0,5,0,S, 	(30-MAY-2025 15:48:34)
2,39 , 1,0,5,0,S, 	(30-MAY-2025 15:48:34)
2,39 , 1,0,5,0,S, 	(30-MAY-2025 15:48:34)
2,39 , 1,0,5,0,S, 	(30-MAY-2025 15:48:34)
2,39 , 1,0,5,0,S, 	(30-MAY-2025 15:48:34)
2,39 , 1,0,5,0,S, 	(30-MAY-2025 15:48:34)
2,39 , 1,0,5,0,S, 	(30-MAY-2025 15:48:34)
2,39 , 1,0,5,0,S, 	(30-MAY-2025 15:48:34)
2,39 , 1,0,5,0,S, 	(30-MAY-2025 15:48:34)
2,39 , 1,0,5,0,S, 	(30-MAY-2025 15:48:34)
2,39 , 1,0,5,0,S, 	(30-MAY-2025 15:48:34)
2,39 , 1,0,5,0,S, 	(30-MAY-2025 15:48:34)
2,39 , 1,0,5,0,S, 	(30-MAY-2025 15:48:34)
2,39 , 1,0,5,0,S, 	(30-MAY-2025 15:48:34)
2,39 , 1,0,5,0,S, 	(30-MAY-2025 15:48:34)
2,39 , 1,0,5,0,S, 	(30-MAY-2025 15:48:34)
2,39 , 1,0,6,0,S, 	(30-MAY-2025 15:48:34)
2,39 , 1,0,6,0,S, 	(30-MAY-2025 15:48:34)
2,39 , 1,0,6,0,S, 	(30-MAY-2025 15:48:34)
2,39 , 1,0,6,0,S, 	(30-MAY-2025 15:48:34)
2,39 , 1,0,6,0,S, 	(30-MAY-2025 15:48:34)
2,39 , 1,0,6,0,S, 	(30-MAY-2025 15:48:34)
2,39 , 1,0,6,0,S, 	(30-MAY-2025 15:48:34)
2,39 , 1,0,6,0,S, 	(30-MAY-2025 15:48:34)
2,39 , 1,0,6,0,S, 	(30-MAY-2025 15:48:34)
2,39 , 1,0,3,1,S, 	(30-MAY-2025 15:48:34)
2,39 , 1,0,3,1,S, 	(30-MAY-2025 15:48:34)
2,39 , 1,0,3,1,S, 	(30-MAY-2025 15:48:34)
2,39 , 1,0,3,1,S, 	(30-MAY-2025 15:48:34)
2,39 , 1,0,3,1,S, 	(30-MAY-2025 15:48:34)
2,39 , 1,0,3,1,S, 	(30-MAY-2025 15:48:34)
2,39 , 1,0,3,1,S, 	(30-MAY-2025 15:48:34)
2,39 , 1,0,3,1,S, 	(30-MAY-2025 15:48:34)
2,39 , 1,0,3,1,S, 	(30-MAY-2025 15:48:34)
2,39 , 1,0,3,1,S, 	(30-MAY-2025 15:48:34)
2,39 , 1,0,3,1,S, 	(30-MAY-2025 15:48:34)
2,39 , 1,0,3,1,S, 	(30-MAY-2025 15:48:34)
2,39 , 1,0,3,1,S, 	(30-MAY-2025 15:48:34)
2,39 , 1,0,3,1,S, 	(30-MAY-2025 15:48:34)
2,39 , 1,0,3,1,S, 	(30-MAY-2025 15:48:34)
2,39 , 1,0,3,1,S, 	(30-MAY-2025 15:48:34)
2,39 , 1,0,3,1,S, 	(30-MAY-2025 15:48:34)
2,39 , 1,0,3,1,S, 	(30-MAY-2025 15:48:34)
2,39 , 1,0,3,1,S, 	(30-MAY-2025 15:48:34)
2,39 , 1,0,3,1,S, 	(30-MAY-2025 15:48:34)
2,39 , 1,0,3,1,S, 	(30-MAY-2025 15:48:34)
2,39 , 1,0,3,1,S, 	(30-MAY-2025 15:48:34)
2,39 , 1,0,3,1,S, 	(30-MAY-2025 15:48:34)
2,39 , 1,0,3,1,S, 	(30-MAY-2025 15:48:34)
2,39 , 1,0,3,1,S, 	(30-MAY-2025 15:48:34)
2,39 , 1,0,3,1,S, 	(30-MAY-2025 15:48:34)
2,39 , 1,0,3,1,S, 	(30-MAY-2025 15:48:34)
2,39 , 1,0,3,1,S, 	(30-MAY-2025 15:48:34)
2,39 , 1,0,3,1,S, 	(30-MAY-2025 15:48:34)
2,39 , 1,0,3,1,S, 	(30-MAY-2025 15:48:34)
2,39 , 1,0,3,1,S, 	(30-MAY-2025 15:48:34)
2,39 , 1,0,3,1,S, 	(30-MAY-2025 15:48:34)
2,39 , 1,0,3,1,S, 	(30-MAY-2025 15:48:34)
2,39 , 1,0,3,1,S, 	(30-MAY-2025 15:48:34)
2,39 , 1,0,3,1,S, 	(30-MAY-2025 15:48:34)
2,39 , 1,0,3,1,S, 	(30-MAY-2025 15:48:34)
2,39 , 1,0,3,1,S, 	(30-MAY-2025 15:48:34)
2,39 , 1,0,3,1,S, 	(30-MAY-2025 15:48:34)
2,39 , 1,0,3,1,S, 	(30-MAY-2025 15:48:34)
2,39 , 1,0,3,1,S, 	(30-MAY-2025 15:48:34)
2,39 , 1,0,3,1,S, 	(30-MAY-2025 15:48:34)
2,39 , 1,0,3,1,S, 	(30-MAY-2025 15:48:34)
2,39 , 1,0,3,1,S, 	(30-MAY-2025 15:48:34)
2,39 , 1,0,3,1,S, 	(30-MAY-2025 15:48:34)
2,39 , 1,0,3,1,S, 	(30-MAY-2025 15:48:34)
2,39 , 1,0,3,1,S, 	(30-MAY-2025 15:48:34)
2,39 , 1,0,3,1,S, 	(30-MAY-2025 15:48:34)
2,39 , 1,0,3,1,S, 	(30-MAY-2025 15:48:34)
2,39 , 1,0,3,1,S, 	(30-MAY-2025 15:48:34)
2,39 , 1,0,3,1,S, 	(30-MAY-2025 15:48:34)
2,39 , 1,0,3,1,S, 	(30-MAY-2025 15:48:34)
2,39 , 1,0,3,1,S, 	(30-MAY-2025 15:48:34)
2,39 , 1,0,3,1,S, 	(30-MAY-2025 15:48:34)
2,39 , 1,0,3,1,S, 	(30-MAY-2025 15:48:34)
2,39 , 1,0,3,1,S, 	(30-MAY-2025 15:48:34)
2,39 , 1,0,3,1,S, 	(30-MAY-2025 15:48:34)
2,39 , 1,0,3,1,S, 	(30-MAY-2025 15:48:34)
2,39 , 1,0,3,1,S, 	(30-MAY-2025 15:48:34)
2,39 , 1,0,3,1,S, 	(30-MAY-2025 15:48:34)
2,39 , 1,0,3,1,S, 	(30-MAY-2025 15:48:34)
2,39 , 1,0,3,1,S, 	(30-MAY-2025 15:48:34)
2,39 , 1,0,3,1,S, 	(30-MAY-2025 15:48:34)
2,39 , 1,0,3,1,S, 	(30-MAY-2025 15:48:34)
2,39 , 1,0,3,1,S, 	(30-MAY-2025 15:48:34)
2,39 , 1,0,3,1,S, 	(30-MAY-2025 15:48:34)
2,39 , 1,0,3,1,S, 	(30-MAY-2025 15:48:34)
2,39 , 1,0,3,1,S, 	(30-MAY-2025 15:48:34)
2,39 , 1,0,3,1,S, 	(30-MAY-2025 15:48:34)
2,39 , 1,0,3,1,S, 	(30-MAY-2025 15:48:34)
2,39 , 1,0,3,1,S, 	(30-MAY-2025 15:48:34)
2,39 , 1,0,3,1,S, 	(30-MAY-2025 15:48:34)
2,39 , 1,0,3,1,S, 	(30-MAY-2025 15:48:34)
2,39 , 1,0,3,1,S, 	(30-MAY-2025 15:48:34)
2,39 , 1,0,3,1,S, 	(30-MAY-2025 15:48:34)
2,39 , 1,0,3,1,S, 	(30-MAY-2025 15:48:34)
2,39 , 1,0,3,1,S, 	(30-MAY-2025 15:48:34)
2,39 , 1,0,3,1,S, 	(30-MAY-2025 15:48:34)
2,39 , 1,0,3,1,S, 	(30-MAY-2025 15:48:34)
2,39 , 1,0,3,1,S, 	(30-MAY-2025 15:48:34)
2,39 , 1,0,3,1,S, 	(30-MAY-2025 15:48:34)
2,39 , 1,0,3,1,S, 	(30-MAY-2025 15:48:34)
2,39 , 1,0,3,1,S, 	(30-MAY-2025 15:48:34)
2,39 , 1,0,3,1,S, 	(30-MAY-2025 15:48:34)
2,39 , 1,0,3,1,S, 	(30-MAY-2025 15:48:34)
2,39 , 1,0,3,1,S, 	(30-MAY-2025 15:48:35)
2,39 , 1,0,3,1,S, 	(30-MAY-2025 15:48:35)
2,39 , 1,0,3,1,S, 	(30-MAY-2025 15:48:35)
2,39 , 1,0,3,1,S, 	(30-MAY-2025 15:48:35)
2,39 , 1,0,3,1,S, 	(30-MAY-2025 15:48:35)
2,39 , 1,0,3,1,S, 	(30-MAY-2025 15:48:35)
2,39 , 1,0,3,1,S, 	(30-MAY-2025 15:48:35)
2,39 , 1,0,4,0,S, 	(30-MAY-2025 15:48:35)
2,39 , 1,0,4,0,S, 	(30-MAY-2025 15:48:35)
2,39 , 1,0,4,0,S, 	(30-MAY-2025 15:48:35)
2,39 , 1,0,4,0,S, 	(30-MAY-2025 15:48:35)
2,39 , 1,0,4,0,S, 	(30-MAY-2025 15:48:35)
2,39 , 1,0,4,0,S, 	(30-MAY-2025 15:48:35)
2,39 , 1,0,4,0,S, 	(30-MAY-2025 15:48:35)
2,39 , 1,0,4,0,S, 	(30-MAY-2025 15:48:35)
2,39 , 1,0,4,0,S, 	(30-MAY-2025 15:48:35)
2,39 , 1,0,4,0,S, 	(30-MAY-2025 15:48:35)
2,39 , 1,0,4,0,S, 	(30-MAY-2025 15:48:35)
2,39 , 1,0,4,0,S, 	(30-MAY-2025 15:48:35)
2,39 , 1,0,4,0,S, 	(30-MAY-2025 15:48:35)
2,39 , 1,0,4,0,S, 	(30-MAY-2025 15:48:35)
2,39 , 1,0,4,0,S, 	(30-MAY-2025 15:48:35)
2,39 , 1,0,4,0,S, 	(30-MAY-2025 15:48:35)
2,39 , 1,0,4,0,S, 	(30-MAY-2025 15:48:35)
2,39 , 1,0,4,0,S, 	(30-MAY-2025 15:48:35)
2,39 , 1,0,4,0,S, 	(30-MAY-2025 15:48:35)
2,39 , 1,0,4,0,S, 	(30-MAY-2025 15:48:35)
2,39 , 1,0,4,0,S, 	(30-MAY-2025 15:48:35)
2,39 , 1,0,4,0,S, 	(30-MAY-2025 15:48:35)
2,39 , 1,0,4,0,S, 	(30-MAY-2025 15:48:35)
2,39 , 1,0,4,0,S, 	(30-MAY-2025 15:48:35)
2,39 , 1,0,4,0,S, 	(30-MAY-2025 15:48:35)
2,39 , 1,0,4,0,S, 	(30-MAY-2025 15:48:35)
2,39 , 1,0,4,0,S, 	(30-MAY-2025 15:48:35)
2,39 , 1,0,4,0,S, 	(30-MAY-2025 15:48:35)
2,39 , 1,0,4,0,S, 	(30-MAY-2025 15:48:35)
2,39 , 1,0,4,0,S, 	(30-MAY-2025 15:48:35)
2,39 , 1,0,4,0,S, 	(30-MAY-2025 15:48:35)
2,39 , 1,0,4,0,S, 	(30-MAY-2025 15:48:35)
2,39 , 1,0,4,0,S, 	(30-MAY-2025 15:48:35)
2,39 , 1,0,4,0,S, 	(30-MAY-2025 15:48:35)
2,39 , 1,0,4,0,S, 	(30-MAY-2025 15:48:35)
2,39 , 1,0,4,0,S, 	(30-MAY-2025 15:48:35)
2,39 , 1,0,4,0,S, 	(30-MAY-2025 15:48:35)
2,39 , 1,0,4,0,S, 	(30-MAY-2025 15:48:35)
2,39 , 1,0,4,0,S, 	(30-MAY-2025 15:48:35)
2,39 , 1,0,4,0,S, 	(30-MAY-2025 15:48:35)
2,39 , 1,0,4,0,S, 	(30-MAY-2025 15:48:35)
2,39 , 1,0,4,0,S, 	(30-MAY-2025 15:48:35)
2,39 , 1,0,4,0,S, 	(30-MAY-2025 15:48:35)
2,39 , 1,0,4,0,S, 	(30-MAY-2025 15:48:35)
2,39 , 1,0,4,0,S, 	(30-MAY-2025 15:48:35)
2,39 , 1,0,4,0,S, 	(30-MAY-2025 15:48:35)
2,39 , 1,0,4,0,S, 	(30-MAY-2025 15:48:35)
2,39 , 1,0,4,0,S, 	(30-MAY-2025 15:48:35)
2,39 , 1,0,4,0,S, 	(30-MAY-2025 15:48:35)
2,39 , 1,0,4,0,S, 	(30-MAY-2025 15:48:35)
2,39 , 1,0,4,0,S, 	(30-MAY-2025 15:48:35)
2,39 , 1,0,4,0,S, 	(30-MAY-2025 15:48:35)
2,39 , 1,0,4,0,S, 	(30-MAY-2025 15:48:35)
2,39 , 1,0,4,0,S, 	(30-MAY-2025 15:48:35)
2,39 , 1,0,4,0,S, 	(30-MAY-2025 15:48:35)
2,39 , 1,0,4,0,S, 	(30-MAY-2025 15:48:35)
2,39 , 1,0,4,0,S, 	(30-MAY-2025 15:48:35)
2,39 , 1,0,4,0,S, 	(30-MAY-2025 15:48:35)
2,39 , 1,0,4,0,S, 	(30-MAY-2025 15:48:35)
2,39 , 1,0,4,0,S, 	(30-MAY-2025 15:48:35)
2,39 , 1,0,4,0,S, 	(30-MAY-2025 15:48:35)
2,39 , 1,0,4,0,S, 	(30-MAY-2025 15:48:35)
2,39 , 1,0,4,0,S, 	(30-MAY-2025 15:48:35)
2,39 , 1,0,4,0,S, 	(30-MAY-2025 15:48:35)
2,39 , 1,0,4,0,S, 	(30-MAY-2025 15:48:35)
2,39 , 1,0,4,0,S, 	(30-MAY-2025 15:48:35)
2,39 , 1,0,4,0,S, 	(30-MAY-2025 15:48:35)
2,39 , 1,0,4,0,S, 	(30-MAY-2025 15:48:35)
2,39 , 1,0,4,0,S, 	(30-MAY-2025 15:48:35)
2,39 , 1,0,4,0,S, 	(30-MAY-2025 15:48:35)
2,39 , 1,0,4,0,S, 	(30-MAY-2025 15:48:35)
2,39 , 1,0,4,0,S, 	(30-MAY-2025 15:48:35)
2,39 , 1,0,4,0,S, 	(30-MAY-2025 15:48:35)
2,39 , 1,0,4,0,S, 	(30-MAY-2025 15:48:35)
2,39 , 1,0,4,0,S, 	(30-MAY-2025 15:48:35)
2,39 , 1,0,4,0,S, 	(30-MAY-2025 15:48:35)
2,39 , 1,0,4,0,S, 	(30-MAY-2025 15:48:35)
2,39 , 1,0,4,0,S, 	(30-MAY-2025 15:48:35)
2,39 , 1,0,4,0,S, 	(30-MAY-2025 15:48:35)
2,39 , 1,0,4,0,S, 	(30-MAY-2025 15:48:35)
2,39 , 1,0,4,0,S, 	(30-MAY-2025 15:48:35)
2,39 , 1,0,4,0,S, 	(30-MAY-2025 15:48:35)
2,39 , 1,0,4,0,S, 	(30-MAY-2025 15:48:35)
2,39 , 1,0,4,0,S, 	(30-MAY-2025 15:48:35)
2,39 , 1,0,4,0,S, 	(30-MAY-2025 15:48:35)
2,39 , 1,0,4,0,S, 	(30-MAY-2025 15:48:35)
2,39 , 1,0,4,0,S, 	(30-MAY-2025 15:48:35)
2,39 , 1,0,4,0,S, 	(30-MAY-2025 15:48:35)
2,39 , 1,0,4,0,S, 	(30-MAY-2025 15:48:35)
2,39 , 1,0,4,0,S, 	(30-MAY-2025 15:48:35)
2,39 , 1,0,4,0,S, 	(30-MAY-2025 15:48:35)
2,39 , 1,0,4,0,S, 	(30-MAY-2025 15:48:35)
2,39 , 1,0,4,0,S, 	(30-MAY-2025 15:48:35)
2,39 , 1,0,4,0,S, 	(30-MAY-2025 15:48:35)
2,39 , 1,0,4,0,S, 	(30-MAY-2025 15:48:35)
2,39 , 1,0,4,0,S, 	(30-MAY-2025 15:48:35)
2,39 , 1,0,4,0,S, 	(30-MAY-2025 15:48:35)
2,39 , 1,0,4,0,S, 	(30-MAY-2025 15:48:35)
2,39 , 1,0,4,0,S, 	(30-MAY-2025 15:48:35)
2,39 , 1,0,4,0,S, 	(30-MAY-2025 15:48:35)
2,39 , 1,0,4,0,S, 	(30-MAY-2025 15:48:35)
2,39 , 1,0,4,0,S, 	(30-MAY-2025 15:48:35)
2,39 , 1,0,4,0,S, 	(30-MAY-2025 15:48:35)
2,39 , 1,0,4,0,S, 	(30-MAY-2025 15:48:35)
2,39 , 1,0,4,0,S, 	(30-MAY-2025 15:48:35)
2,39 , 1,0,4,0,S, 	(30-MAY-2025 15:48:35)
2,39 , 1,0,4,0,S, 	(30-MAY-2025 15:48:35)
2,39 , 1,0,4,0,S, 	(30-MAY-2025 15:48:35)
2,39 , 1,0,4,0,S, 	(30-MAY-2025 15:48:35)
2,39 , 1,0,4,0,S, 	(30-MAY-2025 15:48:35)
2,39 , 1,0,4,0,S, 	(30-MAY-2025 15:48:35)
2,39 , 1,0,4,0,S, 	(30-MAY-2025 15:48:35)
2,39 , 1,0,4,0,S, 	(30-MAY-2025 15:48:35)
2,39 , 1,0,4,0,S, 	(30-MAY-2025 15:48:35)
2,39 , 1,0,4,0,S, 	(30-MAY-2025 15:48:35)
2,39 , 1,0,4,0,S, 	(30-MAY-2025 15:48:35)
2,39 , 1,0,4,0,S, 	(30-MAY-2025 15:48:35)
2,39 , 1,0,4,0,S, 	(30-MAY-2025 15:48:35)
2,39 , 1,0,4,0,S, 	(30-MAY-2025 15:48:35)
2,39 , 1,0,4,0,S, 	(30-MAY-2025 15:48:35)
2,39 , 1,0,4,0,S, 	(30-MAY-2025 15:48:35)
2,39 , 1,0,4,0,S, 	(30-MAY-2025 15:48:35)
2,39 , 1,0,4,0,S, 	(30-MAY-2025 15:48:35)
2,39 , 1,0,4,0,S, 	(30-MAY-2025 15:48:35)
2,39 , 1,0,4,0,S, 	(30-MAY-2025 15:48:35)
2,39 , 1,0,4,0,S, 	(30-MAY-2025 15:48:35)
2,39 , 1,0,4,0,S, 	(30-MAY-2025 15:48:35)
2,39 , 1,0,4,0,S, 	(30-MAY-2025 15:48:35)
2,39 , 1,0,4,0,S, 	(30-MAY-2025 15:48:35)
2,39 , 1,0,4,0,S, 	(30-MAY-2025 15:48:35)
2,39 , 1,0,4,0,S, 	(30-MAY-2025 15:48:35)
2,39 , 1,0,4,0,S, 	(30-MAY-2025 15:48:35)
2,39 , 1,0,4,0,S, 	(30-MAY-2025 15:48:35)
2,39 , 1,0,4,0,S, 	(30-MAY-2025 15:48:35)
2,39 , 1,0,4,0,S, 	(30-MAY-2025 15:48:35)
2,39 , 1,0,4,0,S, 	(30-MAY-2025 15:48:35)
2,39 , 1,0,4,0,S, 	(30-MAY-2025 15:48:35)
2,39 , 1,0,4,0,S, 	(30-MAY-2025 15:48:35)
2,39 , 1,0,4,0,S, 	(30-MAY-2025 15:48:35)
2,39 , 1,0,4,0,S, 	(30-MAY-2025 15:48:35)
2,39 , 1,0,4,0,S, 	(30-MAY-2025 15:48:35)
2,39 , 1,0,4,0,S, 	(30-MAY-2025 15:48:35)
2,39 , 1,0,4,0,S, 	(30-MAY-2025 15:48:35)
2,39 , 1,0,4,0,S, 	(30-MAY-2025 15:48:35)
2,39 , 1,0,4,0,S, 	(30-MAY-2025 15:48:35)
2,39 , 1,0,4,0,S, 	(30-MAY-2025 15:48:35)
2,39 , 1,0,4,0,S, 	(30-MAY-2025 15:48:35)
2,39 , 1,0,4,0,S, 	(30-MAY-2025 15:48:35)
2,39 , 1,0,4,0,S, 	(30-MAY-2025 15:48:35)
2,39 , 1,0,4,0,S, 	(30-MAY-2025 15:48:35)
2,39 , 1,0,4,0,S, 	(30-MAY-2025 15:48:35)
2,39 , 1,0,4,0,S, 	(30-MAY-2025 15:48:35)
2,39 , 1,0,4,0,S, 	(30-MAY-2025 15:48:35)
2,39 , 1,0,4,0,S, 	(30-MAY-2025 15:48:35)
2,39 , 1,0,4,0,S, 	(30-MAY-2025 15:48:35)
2,39 , 1,0,4,0,S, 	(30-MAY-2025 15:48:35)
2,39 , 1,0,4,0,S, 	(30-MAY-2025 15:48:35)
2,39 , 1,0,4,0,S, 	(30-MAY-2025 15:48:35)
2,39 , 1,0,4,0,S, 	(30-MAY-2025 15:48:35)
2,39 , 1,0,4,0,S, 	(30-MAY-2025 15:48:35)
2,39 , 1,0,4,0,S, 	(30-MAY-2025 15:48:35)
2,39 , 1,0,4,0,S, 	(30-MAY-2025 15:48:35)
2,39 , 1,0,4,0,S, 	(30-MAY-2025 15:48:35)
2,39 , 1,0,4,0,S, 	(30-MAY-2025 15:48:35)
2,39 , 1,0,4,0,S, 	(30-MAY-2025 15:48:35)
2,39 , 1,0,4,0,S, 	(30-MAY-2025 15:48:35)
2,39 , 1,0,4,0,S, 	(30-MAY-2025 15:48:35)
2,39 , 1,0,4,0,S, 	(30-MAY-2025 15:48:35)
2,39 , 1,0,4,0,S, 	(30-MAY-2025 15:48:35)
2,39 , 1,0,4,0,S, 	(30-MAY-2025 15:48:35)
2,39 , 1,0,4,0,S, 	(30-MAY-2025 15:48:35)
2,39 , 1,0,4,0,S, 	(30-MAY-2025 15:48:35)
2,39 , 1,0,4,0,S, 	(30-MAY-2025 15:48:35)
2,39 , 1,0,4,0,S, 	(30-MAY-2025 15:48:35)
2,39 , 1,0,4,0,S, 	(30-MAY-2025 15:48:35)
2,39 , 1,0,4,0,S, 	(30-MAY-2025 15:48:35)
2,39 , 1,0,4,0,S, 	(30-MAY-2025 15:48:35)
2,39 , 1,0,4,0,S, 	(30-MAY-2025 15:48:35)
2,39 , 1,0,4,0,S, 	(30-MAY-2025 15:48:35)
2,39 , 1,0,4,0,S, 	(30-MAY-2025 15:48:35)
2,39 , 1,0,4,0,S, 	(30-MAY-2025 15:48:35)
2,39 , 1,0,4,0,S, 	(30-MAY-2025 15:48:35)
2,39 , 1,0,4,0,S, 	(30-MAY-2025 15:48:35)
2,39 , 1,0,4,0,S, 	(30-MAY-2025 15:48:35)
2,39 , 1,0,4,0,S, 	(30-MAY-2025 15:48:35)
2,39 , 1,0,4,0,S, 	(30-MAY-2025 15:48:35)
2,39 , 1,0,4,0,S, 	(30-MAY-2025 15:48:35)
2,39 , 1,0,4,0,S, 	(30-MAY-2025 15:48:35)
2,39 , 1,0,4,0,S, 	(30-MAY-2025 15:48:35)
2,39 , 1,0,4,0,S, 	(30-MAY-2025 15:48:35)
2,39 , 1,0,4,0,S, 	(30-MAY-2025 15:48:35)
2,39 , 1,0,4,0,S, 	(30-MAY-2025 15:48:35)
2,39 , 1,0,4,0,S, 	(30-MAY-2025 15:48:35)
2,39 , 1,0,4,0,S, 	(30-MAY-2025 15:48:35)
2,39 , 1,0,4,0,S, 	(30-MAY-2025 15:48:35)
2,39 , 1,0,4,0,S, 	(30-MAY-2025 15:48:35)
2,39 , 1,0,4,0,S, 	(30-MAY-2025 15:48:35)
2,39 , 1,0,4,0,S, 	(30-MAY-2025 15:48:35)
2,39 , 1,0,4,0,S, 	(30-MAY-2025 15:48:35)
2,39 , 1,0,4,0,S, 	(30-MAY-2025 15:48:35)
2,39 , 1,0,4,0,S, 	(30-MAY-2025 15:48:35)
2,39 , 1,0,4,0,S, 	(30-MAY-2025 15:48:35)
2,39 , 1,0,4,0,S, 	(30-MAY-2025 15:48:35)
2,39 , 1,0,4,0,S, 	(30-MAY-2025 15:48:35)
2,39 , 1,0,4,0,S, 	(30-MAY-2025 15:48:35)
2,39 , 1,0,4,0,S, 	(30-MAY-2025 15:48:35)
2,39 , 1,0,4,0,S, 	(30-MAY-2025 15:48:35)
2,39 , 1,0,4,0,S, 	(30-MAY-2025 15:48:35)
2,39 , 1,0,4,0,S, 	(30-MAY-2025 15:48:35)
2,39 , 1,0,4,0,S, 	(30-MAY-2025 15:48:35)
2,39 , 1,0,4,0,S, 	(30-MAY-2025 15:48:35)
2,39 , 1,0,4,0,S, 	(30-MAY-2025 15:48:35)
2,39 , 1,0,4,0,S, 	(30-MAY-2025 15:48:35)
2,39 , 1,0,4,0,S, 	(30-MAY-2025 15:48:35)
2,39 , 1,0,4,0,S, 	(30-MAY-2025 15:48:35)
2,39 , 1,0,4,0,S, 	(30-MAY-2025 15:48:35)
2,39 , 1,0,4,0,S, 	(30-MAY-2025 15:48:35)
2,39 , 1,0,4,0,S, 	(30-MAY-2025 15:48:35)
2,39 , 1,0,4,0,S, 	(30-MAY-2025 15:48:35)
2,39 , 1,0,4,0,S, 	(30-MAY-2025 15:48:35)
2,39 , 1,0,4,0,S, 	(30-MAY-2025 15:48:35)
2,39 , 1,0,4,0,S, 	(30-MAY-2025 15:48:35)
2,39 , 1,0,4,0,S, 	(30-MAY-2025 15:48:35)
2,39 , 1,0,4,0,S, 	(30-MAY-2025 15:48:35)
2,39 , 1,0,4,0,S, 	(30-MAY-2025 15:48:35)
2,39 , 1,0,4,0,S, 	(30-MAY-2025 15:48:35)
2,39 , 1,0,4,0,S, 	(30-MAY-2025 15:48:35)
2,39 , 1,0,4,0,S, 	(30-MAY-2025 15:48:35)
2,39 , 1,0,4,0,S, 	(30-MAY-2025 15:48:35)
2,39 , 1,0,4,0,S, 	(30-MAY-2025 15:48:35)
2,39 , 1,0,4,0,S, 	(30-MAY-2025 15:48:35)
2,39 , 1,0,4,0,S, 	(30-MAY-2025 15:48:35)
2,39 , 1,0,4,0,S, 	(30-MAY-2025 15:48:35)
2,39 , 1,0,4,0,S, 	(30-MAY-2025 15:48:35)
2,39 , 1,0,4,0,S, 	(30-MAY-2025 15:48:35)
2,39 , 1,0,4,0,S, 	(30-MAY-2025 15:48:35)
2,39 , 1,0,4,0,S, 	(30-MAY-2025 15:48:35)
2,39 , 1,0,4,0,S, 	(30-MAY-2025 15:48:35)
2,39 , 1,0,4,0,S, 	(30-MAY-2025 15:48:35)
2,39 , 1,0,4,0,S, 	(30-MAY-2025 15:48:35)
2,39 , 1,0,4,0,S, 	(30-MAY-2025 15:48:35)
2,39 , 1,0,4,0,S, 	(30-MAY-2025 15:48:35)
2,39 , 1,0,4,0,S, 	(30-MAY-2025 15:48:35)
2,39 , 1,0,4,0,S, 	(30-MAY-2025 15:48:35)
2,39 , 1,0,4,0,S, 	(30-MAY-2025 15:48:35)
2,39 , 1,0,4,0,S, 	(30-MAY-2025 15:48:35)
2,39 , 1,0,4,0,S, 	(30-MAY-2025 15:48:35)
2,39 , 1,0,4,0,S, 	(30-MAY-2025 15:48:35)
2,39 , 1,0,4,0,S, 	(30-MAY-2025 15:48:35)
2,39 , 1,0,4,0,S, 	(30-MAY-2025 15:48:35)
2,39 , 1,0,4,0,S, 	(30-MAY-2025 15:48:35)
2,39 , 1,0,4,0,S, 	(30-MAY-2025 15:48:35)
2,39 , 1,0,4,0,S, 	(30-MAY-2025 15:48:35)
2,39 , 1,0,4,0,S, 	(30-MAY-2025 15:48:35)
2,39 , 1,0,4,0,S, 	(30-MAY-2025 15:48:35)
2,39 , 1,0,4,0,S, 	(30-MAY-2025 15:48:35)
2,39 , 1,0,4,0,S, 	(30-MAY-2025 15:48:35)
2,39 , 1,0,4,0,S, 	(30-MAY-2025 15:48:35)
2,39 , 1,0,4,0,S, 	(30-MAY-2025 15:48:35)
2,39 , 1,0,4,0,S, 	(30-MAY-2025 15:48:35)
2,39 , 1,0,4,0,S, 	(30-MAY-2025 15:48:35)
2,39 , 1,0,4,0,S, 	(30-MAY-2025 15:48:35)
2,39 , 1,0,4,0,S, 	(30-MAY-2025 15:48:35)
2,39 , 1,0,4,0,S, 	(30-MAY-2025 15:48:35)
2,39 , 1,0,4,0,S, 	(30-MAY-2025 15:48:35)
2,39 , 1,0,4,0,S, 	(30-MAY-2025 15:48:35)
2,39 , 1,0,4,0,S, 	(30-MAY-2025 15:48:35)
2,39 , 1,0,4,0,S, 	(30-MAY-2025 15:48:35)
2,39 , 1,0,4,0,S, 	(30-MAY-2025 15:48:35)
2,39 , 1,0,4,0,S, 	(30-MAY-2025 15:48:35)
2,39 , 1,0,4,0,S, 	(30-MAY-2025 15:48:35)
2,39 , 1,0,4,0,S, 	(30-MAY-2025 15:48:35)
2,39 , 1,0,4,0,S, 	(30-MAY-2025 15:48:35)
2,39 , 1,0,4,0,S, 	(30-MAY-2025 15:48:35)
2,39 , 1,0,4,0,S, 	(30-MAY-2025 15:48:35)
2,39 , 1,0,4,0,S, 	(30-MAY-2025 15:48:35)
2,39 , 1,0,4,0,S, 	(30-MAY-2025 15:48:35)
2,39 , 1,0,4,0,S, 	(30-MAY-2025 15:48:35)
2,39 , 1,0,4,0,S, 	(30-MAY-2025 15:48:35)
2,39 , 1,0,4,0,S, 	(30-MAY-2025 15:48:35)
2,39 , 1,0,4,0,S, 	(30-MAY-2025 15:48:35)
2,39 , 1,0,4,0,S, 	(30-MAY-2025 15:48:35)
2,39 , 1,0,4,0,S, 	(30-MAY-2025 15:48:35)
2,39 , 1,0,4,0,S, 	(30-MAY-2025 15:48:35)
2,39 , 1,0,4,0,S, 	(30-MAY-2025 15:48:35)
2,39 , 1,0,4,0,S, 	(30-MAY-2025 15:48:35)
2,39 , 1,0,4,0,S, 	(30-MAY-2025 15:48:35)
2,39 , 1,0,4,0,S, 	(30-MAY-2025 15:48:35)
2,39 , 1,0,4,0,S, 	(30-MAY-2025 15:48:35)
2,39 , 1,0,4,0,S, 	(30-MAY-2025 15:48:35)
2,39 , 1,0,4,0,S, 	(30-MAY-2025 15:48:35)
2,39 , 1,0,4,0,S, 	(30-MAY-2025 15:48:35)
2,39 , 1,0,4,0,S, 	(30-MAY-2025 15:48:35)
2,39 , 1,0,4,0,S, 	(30-MAY-2025 15:48:35)
2,39 , 1,0,4,0,S, 	(30-MAY-2025 15:48:35)
2,39 , 1,0,4,0,S, 	(30-MAY-2025 15:48:35)
2,39 , 1,0,4,0,S, 	(30-MAY-2025 15:48:35)
2,39 , 1,0,4,0,S, 	(30-MAY-2025 15:48:35)
2,39 , 1,0,4,0,S, 	(30-MAY-2025 15:48:35)
2,39 , 1,0,4,0,S, 	(30-MAY-2025 15:48:35)
2,39 , 1,0,4,0,S, 	(30-MAY-2025 15:48:35)
2,39 , 1,0,4,0,S, 	(30-MAY-2025 15:48:35)
2,39 , 1,0,4,0,S, 	(30-MAY-2025 15:48:35)
2,39 , 1,0,4,0,S, 	(30-MAY-2025 15:48:35)
2,39 , 1,0,7,0,S, 	(30-MAY-2025 15:48:35)
2,39 , 1,0,7,0,S, 	(30-MAY-2025 15:48:35)
2,39 , 1,0,7,0,S, 	(30-MAY-2025 15:48:35)
2,39 , 1,0,7,0,S, 	(30-MAY-2025 15:48:35)
2,39 , 1,0,7,0,S, 	(30-MAY-2025 15:48:35)
2,39 , 1,0,7,0,S, 	(30-MAY-2025 15:48:35)
2,39 , 1,0,7,0,S, 	(30-MAY-2025 15:48:35)
2,39 , 1,0,7,0,S, 	(30-MAY-2025 15:48:35)
2,39 , 1,0,7,0,S, 	(30-MAY-2025 15:48:35)
2,39 , 1,0,7,0,S, 	(30-MAY-2025 15:48:35)
2,39 , 1,0,7,0,S, 	(30-MAY-2025 15:48:35)
2,39 , 1,0,7,0,S, 	(30-MAY-2025 15:48:35)
2,39 , 1,0,7,0,S, 	(30-MAY-2025 15:48:35)
2,39 , 1,0,7,0,S, 	(30-MAY-2025 15:48:35)
2,39 , 1,0,7,0,S, 	(30-MAY-2025 15:48:35)
2,39 , 1,0,7,0,S, 	(30-MAY-2025 15:48:35)
2,39 , 1,0,7,0,S, 	(30-MAY-2025 15:48:35)
2,39 , 1,0,7,0,S, 	(30-MAY-2025 15:48:35)
2,39 , 1,0,7,0,S, 	(30-MAY-2025 15:48:35)
2,39 , 1,0,7,0,S, 	(30-MAY-2025 15:48:35)
2,39 , 1,0,7,0,S, 	(30-MAY-2025 15:48:35)
2,39 , 1,0,7,0,S, 	(30-MAY-2025 15:48:35)
2,39 , 1,0,7,0,S, 	(30-MAY-2025 15:48:35)
2,39 , 1,0,7,0,S, 	(30-MAY-2025 15:48:35)
2,39 , 1,0,7,0,S, 	(30-MAY-2025 15:48:35)
2,39 , 1,0,7,0,S, 	(30-MAY-2025 15:48:35)
2,39 , 1,0,7,0,S, 	(30-MAY-2025 15:48:35)
2,39 , 1,0,7,0,S, 	(30-MAY-2025 15:48:35)
2,39 , 1,0,7,0,S, 	(30-MAY-2025 15:48:35)
2,39 , 1,0,7,0,S, 	(30-MAY-2025 15:48:35)
2,39 , 1,0,7,0,S, 	(30-MAY-2025 15:48:35)
2,39 , 1,0,7,0,S, 	(30-MAY-2025 15:48:35)
2,39 , 1,0,7,0,S, 	(30-MAY-2025 15:48:35)
2,39 , 1,0,7,0,S, 	(30-MAY-2025 15:48:35)
2,39 , 1,0,7,0,S, 	(30-MAY-2025 15:48:35)
2,39 , 1,0,7,0,S, 	(30-MAY-2025 15:48:35)
2,39 , 1,0,7,0,S, 	(30-MAY-2025 15:48:35)
2,39 , 1,0,7,0,S, 	(30-MAY-2025 15:48:35)
2,39 , 1,0,7,0,S, 	(30-MAY-2025 15:48:35)
2,39 , 1,0,7,0,S, 	(30-MAY-2025 15:48:35)
2,39 , 1,0,7,0,S, 	(30-MAY-2025 15:48:35)
2,39 , 1,0,7,0,S, 	(30-MAY-2025 15:48:35)
2,39 , 1,0,7,0,S, 	(30-MAY-2025 15:48:35)
2,39 , 1,0,7,0,S, 	(30-MAY-2025 15:48:35)
2,39 , 1,0,7,0,S, 	(30-MAY-2025 15:48:35)
2,39 , 1,0,7,0,S, 	(30-MAY-2025 15:48:35)
2,39 , 1,0,7,0,S, 	(30-MAY-2025 15:48:35)
2,39 , 1,0,7,0,S, 	(30-MAY-2025 15:48:35)
2,39 , 1,0,7,0,S, 	(30-MAY-2025 15:48:35)
2,39 , 1,0,7,0,S, 	(30-MAY-2025 15:48:35)
2,39 , 1,0,7,0,S, 	(30-MAY-2025 15:48:35)
2,39 , 1,0,7,0,S, 	(30-MAY-2025 15:48:35)
2,39 , 1,0,7,0,S, 	(30-MAY-2025 15:48:35)
2,39 , 1,0,7,0,S, 	(30-MAY-2025 15:48:35)
2,39 , 1,0,7,0,S, 	(30-MAY-2025 15:48:35)
2,39 , 1,0,7,0,S, 	(30-MAY-2025 15:48:35)
2,39 , 1,0,7,0,S, 	(30-MAY-2025 15:48:35)
2,39 , 1,0,7,0,S, 	(30-MAY-2025 15:48:35)
2,39 , 1,0,7,0,S, 	(30-MAY-2025 15:48:35)
2,39 , 1,0,7,0,S, 	(30-MAY-2025 15:48:35)
2,39 , 1,0,7,0,S, 	(30-MAY-2025 15:48:35)
2,39 , 1,0,7,0,S, 	(30-MAY-2025 15:48:35)
2,39 , 1,0,8,0,S, 	(30-MAY-2025 15:48:35)
2,39 , 1,0,8,0,S, 	(30-MAY-2025 15:48:35)
2,39 , 1,0,8,0,S, 	(30-MAY-2025 15:48:35)
2,39 , 1,0,8,0,S, 	(30-MAY-2025 15:48:35)
2,39 , 1,0,8,0,S, 	(30-MAY-2025 15:48:35)
2,39 , 1,0,8,0,S, 	(30-MAY-2025 15:48:35)
2,39 , 1,0,8,0,S, 	(30-MAY-2025 15:48:35)
2,39 , 1,0,8,0,S, 	(30-MAY-2025 15:48:35)
2,39 , 1,0,8,0,S, 	(30-MAY-2025 15:48:35)
2,39 , 1,0,8,0,S, 	(30-MAY-2025 15:48:35)
2,39 , 1,0,8,0,S, 	(30-MAY-2025 15:48:35)
2,39 , 1,0,8,0,S, 	(30-MAY-2025 15:48:35)
2,39 , 1,0,8,0,S, 	(30-MAY-2025 15:48:35)
2,39 , 1,0,8,0,S, 	(30-MAY-2025 15:48:35)
2,39 , 1,0,8,0,S, 	(30-MAY-2025 15:48:35)
2,39 , 1,0,8,0,S, 	(30-MAY-2025 15:48:35)
2,39 , 1,0,8,0,S, 	(30-MAY-2025 15:48:35)
2,39 , 1,0,8,0,S, 	(30-MAY-2025 15:48:35)
2,39 , 1,0,8,0,S, 	(30-MAY-2025 15:48:35)
2,39 , 1,0,8,0,S, 	(30-MAY-2025 15:48:35)
2,39 , 1,0,8,0,S, 	(30-MAY-2025 15:48:35)
2,39 , 1,0,8,0,S, 	(30-MAY-2025 15:48:35)
2,39 , 1,0,8,0,S, 	(30-MAY-2025 15:48:35)
2,39 , 1,0,8,0,S, 	(30-MAY-2025 15:48:35)
2,39 , 1,0,8,0,S, 	(30-MAY-2025 15:48:35)
2,39 , 1,0,8,0,S, 	(30-MAY-2025 15:48:35)
2,39 , 1,0,8,0,S, 	(30-MAY-2025 15:48:35)
2,39 , 1,0,8,0,S, 	(30-MAY-2025 15:48:35)
2,39 , 1,0,8,0,S, 	(30-MAY-2025 15:48:35)
2,39 , 1,0,8,0,S, 	(30-MAY-2025 15:48:35)
2,39 , 1,0,8,0,S, 	(30-MAY-2025 15:48:35)
2,39 , 1,0,8,0,S, 	(30-MAY-2025 15:48:35)
2,39 , 1,0,8,0,S, 	(30-MAY-2025 15:48:35)
2,39 , 1,0,8,0,S, 	(30-MAY-2025 15:48:35)
2,39 , 1,0,8,0,S, 	(30-MAY-2025 15:48:35)
2,39 , 1,0,8,0,S, 	(30-MAY-2025 15:48:35)
2,39 , 1,0,8,0,S, 	(30-MAY-2025 15:48:35)
2,39 , 1,0,8,0,S, 	(30-MAY-2025 15:48:35)
2,39 , 1,0,8,0,S, 	(30-MAY-2025 15:48:35)
2,39 , 1,0,8,0,S, 	(30-MAY-2025 15:48:35)
2,39 , 1,0,8,0,S, 	(30-MAY-2025 15:48:35)
2,39 , 1,0,8,0,S, 	(30-MAY-2025 15:48:35)
2,39 , 1,0,8,0,S, 	(30-MAY-2025 15:48:35)
2,39 , 1,0,8,0,S, 	(30-MAY-2025 15:48:35)
2,39 , 1,0,8,0,S, 	(30-MAY-2025 15:48:35)
2,39 , 1,0,8,0,S, 	(30-MAY-2025 15:48:35)
2,39 , 1,0,8,0,S, 	(30-MAY-2025 15:48:35)
2,39 , 1,0,8,0,S, 	(30-MAY-2025 15:48:35)
2,39 , 1,0,8,0,S, 	(30-MAY-2025 15:48:35)
2,39 , 1,0,8,0,S, 	(30-MAY-2025 15:48:35)
2,39 , 1,0,8,0,S, 	(30-MAY-2025 15:48:35)
2,39 , 1,0,8,0,S, 	(30-MAY-2025 15:48:35)
2,39 , 1,0,8,0,S, 	(30-MAY-2025 15:48:35)
2,39 , 1,0,8,0,S, 	(30-MAY-2025 15:48:35)
2,39 , 1,0,8,0,S, 	(30-MAY-2025 15:48:35)
2,39 , 1,0,8,0,S, 	(30-MAY-2025 15:48:35)
2,39 , 1,0,8,0,S, 	(30-MAY-2025 15:48:35)
2,39 , 1,0,8,0,S, 	(30-MAY-2025 15:48:35)
2,39 , 1,0,8,0,S, 	(30-MAY-2025 15:48:35)
2,39 , 1,0,8,0,S, 	(30-MAY-2025 15:48:35)
2,39 , 1,0,8,0,S, 	(30-MAY-2025 15:48:35)
2,39 , 1,0,8,0,S, 	(30-MAY-2025 15:48:35)
2,39 , 1,0,8,0,S, 	(30-MAY-2025 15:48:35)
2,39 , 1,0,8,0,S, 	(30-MAY-2025 15:48:35)
2,39 , 1,0,8,0,S, 	(30-MAY-2025 15:48:35)
2,39 , 1,0,8,0,S, 	(30-MAY-2025 15:48:35)
2,39 , 1,0,8,0,S, 	(30-MAY-2025 15:48:35)
2,39 , 1,0,8,0,S, 	(30-MAY-2025 15:48:35)
2,39 , 1,0,8,0,S, 	(30-MAY-2025 15:48:35)
2,39 , 1,0,8,0,S, 	(30-MAY-2025 15:48:35)
2,39 , 1,0,8,0,S, 	(30-MAY-2025 15:48:35)
2,39 , 1,0,8,0,S, 	(30-MAY-2025 15:48:35)
2,39 , 1,0,8,0,S, 	(30-MAY-2025 15:48:35)
2,39 , 1,0,8,0,S, 	(30-MAY-2025 15:48:35)
2,39 , 1,0,8,0,S, 	(30-MAY-2025 15:48:35)
2,39 , 1,0,8,0,S, 	(30-MAY-2025 15:48:35)
2,39 , 1,0,8,0,S, 	(30-MAY-2025 15:48:35)
2,39 , 1,0,8,0,S, 	(30-MAY-2025 15:48:35)
2,39 , 1,0,8,0,S, 	(30-MAY-2025 15:48:35)
2,39 , 1,0,8,0,S, 	(30-MAY-2025 15:48:35)
2,39 , 1,0,8,0,S, 	(30-MAY-2025 15:48:35)
2,39 , 1,0,8,0,S, 	(30-MAY-2025 15:48:35)
2,39 , 1,0,8,0,S, 	(30-MAY-2025 15:48:35)
2,39 , 1,0,8,0,S, 	(30-MAY-2025 15:48:35)
2,39 , 1,0,8,0,S, 	(30-MAY-2025 15:48:35)
2,39 , 1,0,8,0,S, 	(30-MAY-2025 15:48:35)
2,39 , 1,0,8,0,S, 	(30-MAY-2025 15:48:35)
2,39 , 1,0,8,0,S, 	(30-MAY-2025 15:48:35)
2,39 , 1,0,8,0,S, 	(30-MAY-2025 15:48:35)
2,39 , 1,0,8,0,S, 	(30-MAY-2025 15:48:35)
2,39 , 1,0,8,0,S, 	(30-MAY-2025 15:48:35)
2,39 , 1,0,8,0,S, 	(30-MAY-2025 15:48:35)
2,39 , 1,0,8,0,S, 	(30-MAY-2025 15:48:35)
2,39 , 1,0,8,0,S, 	(30-MAY-2025 15:48:35)
2,39 , 1,0,8,0,S, 	(30-MAY-2025 15:48:35)
2,39 , 1,0,8,0,S, 	(30-MAY-2025 15:48:35)
2,39 , 1,0,8,0,S, 	(30-MAY-2025 15:48:35)
2,39 , 1,0,8,0,S, 	(30-MAY-2025 15:48:35)
2,39 , 1,0,8,0,S, 	(30-MAY-2025 15:48:35)
2,39 , 1,0,8,0,S, 	(30-MAY-2025 15:48:35)
2,39 , 1,0,8,0,S, 	(30-MAY-2025 15:48:35)
2,39 , 1,0,8,0,S, 	(30-MAY-2025 15:48:35)
2,39 , 1,0,8,0,S, 	(30-MAY-2025 15:48:35)
2,39 , 1,0,8,0,S, 	(30-MAY-2025 15:48:35)
2,39 , 1,0,8,0,S, 	(30-MAY-2025 15:48:35)
2,39 , 1,0,8,0,S, 	(30-MAY-2025 15:48:35)
2,39 , 1,0,8,0,S, 	(30-MAY-2025 15:48:35)
2,39 , 1,0,8,0,S, 	(30-MAY-2025 15:48:35)
2,39 , 1,0,8,0,S, 	(30-MAY-2025 15:48:35)
2,39 , 1,0,8,0,S, 	(30-MAY-2025 15:48:35)
2,39 , 1,0,8,0,S, 	(30-MAY-2025 15:48:35)
2,39 , 1,0,8,0,S, 	(30-MAY-2025 15:48:35)
2,39 , 1,0,8,0,S, 	(30-MAY-2025 15:48:35)
2,39 , 1,0,8,0,S, 	(30-MAY-2025 15:48:35)
2,39 , 1,0,8,0,S, 	(30-MAY-2025 15:48:35)
2,39 , 1,0,8,0,S, 	(30-MAY-2025 15:48:35)
2,39 , 1,0,8,0,S, 	(30-MAY-2025 15:48:35)
2,39 , 1,0,8,0,S, 	(30-MAY-2025 15:48:35)
2,39 , 1,0,8,0,S, 	(30-MAY-2025 15:48:35)
2,39 , 1,0,8,0,S, 	(30-MAY-2025 15:48:35)
2,39 , 1,0,8,0,S, 	(30-MAY-2025 15:48:35)
2,39 , 1,0,8,0,S, 	(30-MAY-2025 15:48:35)
2,39 , 1,0,8,0,S, 	(30-MAY-2025 15:48:35)
2,39 , 1,0,8,0,S, 	(30-MAY-2025 15:48:35)
2,39 , 1,0,8,0,S, 	(30-MAY-2025 15:48:35)
2,39 , 1,0,8,0,S, 	(30-MAY-2025 15:48:35)
2,39 , 1,0,8,0,S, 	(30-MAY-2025 15:48:35)
2,39 , 1,0,8,0,S, 	(30-MAY-2025 15:48:35)
2,39 , 1,0,8,0,S, 	(30-MAY-2025 15:48:35)
2,39 , 1,0,8,0,S, 	(30-MAY-2025 15:48:35)
2,39 , 1,0,8,0,S, 	(30-MAY-2025 15:48:35)
2,39 , 1,0,8,0,S, 	(30-MAY-2025 15:48:35)
2,39 , 1,0,8,0,S, 	(30-MAY-2025 15:48:35)
2,39 , 1,0,8,0,S, 	(30-MAY-2025 15:48:35)
2,39 , 1,0,8,0,S, 	(30-MAY-2025 15:48:35)
2,39 , 1,0,8,0,S, 	(30-MAY-2025 15:48:35)
2,39 , 1,0,8,0,S, 	(30-MAY-2025 15:48:35)
2,39 , 1,0,8,0,S, 	(30-MAY-2025 15:48:35)
2,39 , 1,0,8,0,S, 	(30-MAY-2025 15:48:35)
2,39 , 1,0,8,0,S, 	(30-MAY-2025 15:48:35)
2,39 , 1,0,8,0,S, 	(30-MAY-2025 15:48:35)
2,39 , 1,0,8,0,S, 	(30-MAY-2025 15:48:35)
2,39 , 1,0,8,0,S, 	(30-MAY-2025 15:48:35)
2,39 , 1,0,8,0,S, 	(30-MAY-2025 15:48:35)
2,39 , 1,0,8,0,S, 	(30-MAY-2025 15:48:35)
2,39 , 1,0,8,0,S, 	(30-MAY-2025 15:48:35)
2,39 , 1,0,8,0,S, 	(30-MAY-2025 15:48:35)
2,39 , 1,0,8,0,S, 	(30-MAY-2025 15:48:35)
2,39 , 1,0,8,0,S, 	(30-MAY-2025 15:48:35)
2,39 , 1,0,8,0,S, 	(30-MAY-2025 15:48:35)
2,39 , 1,0,8,0,S, 	(30-MAY-2025 15:48:35)
2,39 , 1,0,8,0,S, 	(30-MAY-2025 15:48:35)
2,39 , 1,0,8,0,S, 	(30-MAY-2025 15:48:35)
2,39 , 1,0,8,0,S, 	(30-MAY-2025 15:48:35)
2,39 , 1,0,8,0,S, 	(30-MAY-2025 15:48:35)
2,39 , 1,0,8,0,S, 	(30-MAY-2025 15:48:35)
2,39 , 1,0,8,0,S, 	(30-MAY-2025 15:48:35)
2,39 , 1,0,8,0,S, 	(30-MAY-2025 15:48:35)
2,39 , 1,0,8,0,S, 	(30-MAY-2025 15:48:35)
2,39 , 1,0,8,0,S, 	(30-MAY-2025 15:48:35)
2,39 , 1,0,8,0,S, 	(30-MAY-2025 15:48:35)
2,39 , 1,0,8,0,S, 	(30-MAY-2025 15:48:35)
2,39 , 1,0,8,0,S, 	(30-MAY-2025 15:48:35)
2,39 , 1,0,8,0,S, 	(30-MAY-2025 15:48:35)
2,39 , 1,0,8,0,S, 	(30-MAY-2025 15:48:35)
2,39 , 1,0,8,0,S, 	(30-MAY-2025 15:48:35)
2,39 , 1,0,8,0,S, 	(30-MAY-2025 15:48:35)
2,39 , 1,0,8,0,S, 	(30-MAY-2025 15:48:35)
2,39 , 1,0,8,0,S, 	(30-MAY-2025 15:48:35)
2,39 , 1,0,8,0,S, 	(30-MAY-2025 15:48:35)
2,39 , 1,0,8,0,S, 	(30-MAY-2025 15:48:35)
2,39 , 1,0,8,0,S, 	(30-MAY-2025 15:48:35)
2,39 , 1,0,8,0,S, 	(30-MAY-2025 15:48:35)
2,39 , 1,0,8,0,S, 	(30-MAY-2025 15:48:35)
2,39 , 1,0,8,0,S, 	(30-MAY-2025 15:48:35)
2,39 , 1,0,8,0,S, 	(30-MAY-2025 15:48:35)
2,39 , 1,0,8,0,S, 	(30-MAY-2025 15:48:35)
2,39 , 1,0,8,0,S, 	(30-MAY-2025 15:48:35)
2,39 , 1,0,8,0,S, 	(30-MAY-2025 15:48:35)
2,39 , 1,0,8,0,S, 	(30-MAY-2025 15:48:35)
2,39 , 1,0,8,0,S, 	(30-MAY-2025 15:48:35)
2,39 , 1,0,8,0,S, 	(30-MAY-2025 15:48:35)
2,39 , 1,0,8,0,S, 	(30-MAY-2025 15:48:35)
2,39 , 1,0,8,0,S, 	(30-MAY-2025 15:48:35)
2,39 , 1,0,8,0,S, 	(30-MAY-2025 15:48:35)
2,39 , 1,0,8,0,S, 	(30-MAY-2025 15:48:35)
2,39 , 1,0,8,0,S, 	(30-MAY-2025 15:48:35)
2,39 , 1,0,8,0,S, 	(30-MAY-2025 15:48:35)
2,39 , 1,0,8,0,S, 	(30-MAY-2025 15:48:35)
2,39 , 1,0,8,0,S, 	(30-MAY-2025 15:48:35)
2,39 , 1,0,8,0,S, 	(30-MAY-2025 15:48:35)
2,39 , 1,0,8,0,S, 	(30-MAY-2025 15:48:35)
2,39 , 1,0,8,0,S, 	(30-MAY-2025 15:48:35)
2,39 , 1,0,8,0,S, 	(30-MAY-2025 15:48:35)
2,39 , 1,0,8,0,S, 	(30-MAY-2025 15:48:35)
2,39 , 1,0,8,0,S, 	(30-MAY-2025 15:48:35)
2,39 , 1,0,8,0,S, 	(30-MAY-2025 15:48:35)
2,39 , 1,0,8,0,S, 	(30-MAY-2025 15:48:35)
2,39 , 1,0,8,0,S, 	(30-MAY-2025 15:48:35)
2,39 , 1,0,8,0,S, 	(30-MAY-2025 15:48:35)
2,39 , 1,0,8,0,S, 	(30-MAY-2025 15:48:35)
2,39 , 1,0,8,0,S, 	(30-MAY-2025 15:48:35)
2,39 , 1,0,8,0,S, 	(30-MAY-2025 15:48:35)
2,39 , 1,0,8,0,S, 	(30-MAY-2025 15:48:35)
2,39 , 1,0,8,0,S, 	(30-MAY-2025 15:48:35)
2,39 , 1,0,8,0,S, 	(30-MAY-2025 15:48:35)
2,39 , 1,0,8,0,S, 	(30-MAY-2025 15:48:35)
2,39 , 1,0,8,0,S, 	(30-MAY-2025 15:48:35)
2,39 , 1,0,8,0,S, 	(30-MAY-2025 15:48:35)
2,39 , 1,0,8,0,S, 	(30-MAY-2025 15:48:35)
2,39 , 1,0,8,0,S, 	(30-MAY-2025 15:48:35)
2,39 , 1,0,8,0,S, 	(30-MAY-2025 15:48:35)
2,39 , 1,0,8,0,S, 	(30-MAY-2025 15:48:35)
2,39 , 1,0,8,0,S, 	(30-MAY-2025 15:48:35)
2,39 , 1,0,8,0,S, 	(30-MAY-2025 15:48:35)
2,39 , 1,0,8,0,S, 	(30-MAY-2025 15:48:35)
2,39 , 1,0,8,0,S, 	(30-MAY-2025 15:48:35)
2,39 , 1,0,8,0,S, 	(30-MAY-2025 15:48:35)
2,39 , 1,0,8,0,S, 	(30-MAY-2025 15:48:35)
2,39 , 1,0,8,0,S, 	(30-MAY-2025 15:48:35)
2,39 , 1,0,8,0,S, 	(30-MAY-2025 15:48:35)
2,39 , 1,0,8,0,S, 	(30-MAY-2025 15:48:35)
2,39 , 1,0,8,0,S, 	(30-MAY-2025 15:48:35)
2,39 , 1,0,8,0,S, 	(30-MAY-2025 15:48:35)
2,39 , 1,0,8,0,S, 	(30-MAY-2025 15:48:35)
2,39 , 1,0,8,0,S, 	(30-MAY-2025 15:48:35)
2,39 , 1,0,8,0,S, 	(30-MAY-2025 15:48:35)
2,39 , 1,0,8,0,S, 	(30-MAY-2025 15:48:35)
2,39 , 1,0,8,0,S, 	(30-MAY-2025 15:48:35)
2,39 , 1,0,8,0,S, 	(30-MAY-2025 15:48:35)
2,39 , 1,0,8,0,S, 	(30-MAY-2025 15:48:35)
2,39 , 1,0,8,0,S, 	(30-MAY-2025 15:48:35)
2,39 , 1,0,8,0,S, 	(30-MAY-2025 15:48:35)
2,39 , 1,0,8,0,S, 	(30-MAY-2025 15:48:35)
2,39 , 1,0,8,0,S, 	(30-MAY-2025 15:48:35)
2,39 , 1,0,8,0,S, 	(30-MAY-2025 15:48:35)
2,39 , 1,0,8,0,S, 	(30-MAY-2025 15:48:35)
2,39 , 1,0,8,0,S, 	(30-MAY-2025 15:48:35)
2,39 , 1,0,8,0,S, 	(30-MAY-2025 15:48:35)
2,39 , 1,0,8,0,S, 	(30-MAY-2025 15:48:35)
2,39 , 1,0,8,0,S, 	(30-MAY-2025 15:48:35)
2,39 , 1,0,8,0,S, 	(30-MAY-2025 15:48:35)
2,39 , 1,0,8,0,S, 	(30-MAY-2025 15:48:35)
2,39 , 1,0,8,0,S, 	(30-MAY-2025 15:48:35)
2,39 , 1,0,8,0,S, 	(30-MAY-2025 15:48:35)
2,39 , 1,0,8,0,S, 	(30-MAY-2025 15:48:35)
2,39 , 1,0,8,0,S, 	(30-MAY-2025 15:48:35)
2,39 , 1,0,8,0,S, 	(30-MAY-2025 15:48:35)
2,39 , 1,0,8,0,S, 	(30-MAY-2025 15:48:35)
2,39 , 1,0,8,0,S, 	(30-MAY-2025 15:48:35)
2,39 , 1,0,8,0,S, 	(30-MAY-2025 15:48:35)
2,39 , 1,0,8,0,S, 	(30-MAY-2025 15:48:35)
2,39 , 1,0,8,0,S, 	(30-MAY-2025 15:48:35)
2,39 , 1,0,8,0,S, 	(30-MAY-2025 15:48:35)
2,39 , 1,0,8,0,S, 	(30-MAY-2025 15:48:35)
2,39 , 1,0,8,0,S, 	(30-MAY-2025 15:48:35)
2,39 , 1,0,8,0,S, 	(30-MAY-2025 15:48:35)
2,39 , 1,0,8,0,S, 	(30-MAY-2025 15:48:35)
2,39 , 1,0,8,0,S, 	(30-MAY-2025 15:48:35)
2,39 , 1,0,8,0,S, 	(30-MAY-2025 15:48:35)
2,39 , 1,0,8,0,S, 	(30-MAY-2025 15:48:35)
2,39 , 1,0,8,0,S, 	(30-MAY-2025 15:48:35)
2,39 , 1,0,8,0,S, 	(30-MAY-2025 15:48:35)
2,39 , 1,0,8,0,S, 	(30-MAY-2025 15:48:35)
2,39 , 1,0,8,0,S, 	(30-MAY-2025 15:48:35)
2,39 , 1,0,8,0,S, 	(30-MAY-2025 15:48:35)
2,39 , 1,0,8,0,S, 	(30-MAY-2025 15:48:35)
2,39 , 1,0,8,0,S, 	(30-MAY-2025 15:48:35)
2,39 , 1,0,8,0,S, 	(30-MAY-2025 15:48:35)
2,39 , 1,0,8,0,S, 	(30-MAY-2025 15:48:35)
2,39 , 1,0,8,0,S, 	(30-MAY-2025 15:48:35)
2,39 , 1,0,8,0,S, 	(30-MAY-2025 15:48:35)
2,39 , 1,0,8,0,S, 	(30-MAY-2025 15:48:36)
2,39 , 1,0,8,0,S, 	(30-MAY-2025 15:48:36)
2,39 , 1,0,8,0,S, 	(30-MAY-2025 15:48:36)
2,39 , 1,0,8,0,S, 	(30-MAY-2025 15:48:36)
2,39 , 1,0,8,0,S, 	(30-MAY-2025 15:48:36)
2,39 , 1,0,8,0,S, 	(30-MAY-2025 15:48:36)
2,39 , 1,0,8,0,S, 	(30-MAY-2025 15:48:36)
2,39 , 1,0,8,0,S, 	(30-MAY-2025 15:48:36)
2,39 , 1,0,8,0,S, 	(30-MAY-2025 15:48:36)
2,39 , 1,0,8,0,S, 	(30-MAY-2025 15:48:36)
2,39 , 1,0,8,0,S, 	(30-MAY-2025 15:48:36)
2,39 , 1,0,8,0,S, 	(30-MAY-2025 15:48:36)
2,39 , 1,0,8,0,S, 	(30-MAY-2025 15:48:36)
2,39 , 1,0,8,0,S, 	(30-MAY-2025 15:48:36)
2,39 , 1,0,8,0,S, 	(30-MAY-2025 15:48:36)
2,39 , 1,0,8,0,S, 	(30-MAY-2025 15:48:36)
2,39 , 1,0,8,0,S, 	(30-MAY-2025 15:48:36)
2,39 , 1,0,8,0,S, 	(30-MAY-2025 15:48:36)
2,39 , 1,0,8,0,S, 	(30-MAY-2025 15:48:36)
2,39 , 1,0,8,0,S, 	(30-MAY-2025 15:48:36)
2,39 , 1,0,8,0,S, 	(30-MAY-2025 15:48:36)
2,39 , 1,0,8,0,S, 	(30-MAY-2025 15:48:36)
2,39 , 1,0,8,0,S, 	(30-MAY-2025 15:48:36)
2,39 , 1,0,8,0,S, 	(30-MAY-2025 15:48:36)
2,39 , 1,0,8,0,S, 	(30-MAY-2025 15:48:36)
2,39 , 1,0,8,0,S, 	(30-MAY-2025 15:48:36)
2,39 , 1,0,8,0,S, 	(30-MAY-2025 15:48:36)
2,39 , 1,0,8,0,S, 	(30-MAY-2025 15:48:36)
2,39 , 1,0,8,0,S, 	(30-MAY-2025 15:48:36)
2,39 , 1,0,8,0,S, 	(30-MAY-2025 15:48:36)
2,39 , 1,0,8,0,S, 	(30-MAY-2025 15:48:36)
2,39 , 1,0,8,0,S, 	(30-MAY-2025 15:48:36)
2,39 , 1,0,8,0,S, 	(30-MAY-2025 15:48:36)
2,39 , 1,0,8,0,S, 	(30-MAY-2025 15:48:36)
2,39 , 1,0,8,0,S, 	(30-MAY-2025 15:48:36)
2,39 , 1,0,8,0,S, 	(30-MAY-2025 15:48:36)
2,39 , 1,0,8,0,S, 	(30-MAY-2025 15:48:36)
2,39 , 1,0,8,0,S, 	(30-MAY-2025 15:48:36)
2,39 , 1,0,8,0,S, 	(30-MAY-2025 15:48:36)
2,39 , 1,0,8,0,S, 	(30-MAY-2025 15:48:36)
2,39 , 1,0,8,0,S, 	(30-MAY-2025 15:48:36)
2,39 , 1,0,8,0,S, 	(30-MAY-2025 15:48:36)
2,39 , 1,0,8,0,S, 	(30-MAY-2025 15:48:36)
2,39 , 1,0,8,0,S, 	(30-MAY-2025 15:48:36)
2,39 , 1,0,8,0,S, 	(30-MAY-2025 15:48:36)
2,39 , 1,0,8,0,S, 	(30-MAY-2025 15:48:36)
2,39 , 1,0,8,0,S, 	(30-MAY-2025 15:48:36)
2,39 , 1,0,8,0,S, 	(30-MAY-2025 15:48:36)
2,39 , 1,0,8,0,S, 	(30-MAY-2025 15:48:36)
2,39 , 1,0,8,0,S, 	(30-MAY-2025 15:48:36)
2,39 , 1,0,8,0,S, 	(30-MAY-2025 15:48:36)
2,39 , 1,0,8,0,S, 	(30-MAY-2025 15:48:36)
2,39 , 1,0,8,0,S, 	(30-MAY-2025 15:48:36)
2,39 , 1,0,8,0,S, 	(30-MAY-2025 15:48:36)
2,39 , 1,0,8,0,S, 	(30-MAY-2025 15:48:36)
2,39 , 1,0,8,0,S, 	(30-MAY-2025 15:48:36)
2,39 , 1,0,8,0,S, 	(30-MAY-2025 15:48:36)
2,39 , 1,0,8,0,S, 	(30-MAY-2025 15:48:36)
2,39 , 1,0,8,0,S, 	(30-MAY-2025 15:48:36)
2,39 , 1,0,8,0,S, 	(30-MAY-2025 15:48:36)
2,39 , 1,0,8,0,S, 	(30-MAY-2025 15:48:36)
2,39 , 1,0,8,0,S, 	(30-MAY-2025 15:48:36)
2,39 , 1,0,8,0,S, 	(30-MAY-2025 15:48:36)
2,39 , 1,0,8,0,S, 	(30-MAY-2025 15:48:36)
2,39 , 1,0,8,0,S, 	(30-MAY-2025 15:48:36)
2,39 , 1,0,8,0,S, 	(30-MAY-2025 15:48:36)
2,39 , 1,0,8,0,S, 	(30-MAY-2025 15:48:36)
2,39 , 1,0,8,0,S, 	(30-MAY-2025 15:48:36)
2,39 , 1,0,8,0,S, 	(30-MAY-2025 15:48:36)
2,39 , 1,0,8,0,S, 	(30-MAY-2025 15:48:36)
2,39 , 1,0,8,0,S, 	(30-MAY-2025 15:48:36)
2,39 , 1,0,8,0,S, 	(30-MAY-2025 15:48:36)
2,39 , 1,0,8,0,S, 	(30-MAY-2025 15:48:36)
2,39 , 1,0,8,0,S, 	(30-MAY-2025 15:48:36)
2,39 , 1,0,8,0,S, 	(30-MAY-2025 15:48:36)
2,39 , 1,0,8,0,S, 	(30-MAY-2025 15:48:36)
2,39 , 1,0,8,0,S, 	(30-MAY-2025 15:48:36)
2,39 , 1,0,8,0,S, 	(30-MAY-2025 15:48:36)
2,39 , 1,0,8,0,S, 	(30-MAY-2025 15:48:36)
2,39 , 1,0,8,0,S, 	(30-MAY-2025 15:48:36)
2,39 , 1,0,8,0,S, 	(30-MAY-2025 15:48:36)
2,39 , 1,0,8,0,S, 	(30-MAY-2025 15:48:36)
2,39 , 1,0,8,0,S, 	(30-MAY-2025 15:48:36)
2,39 , 1,0,8,0,S, 	(30-MAY-2025 15:48:36)
2,39 , 1,0,8,0,S, 	(30-MAY-2025 15:48:36)
2,39 , 1,0,8,0,S, 	(30-MAY-2025 15:48:36)
2,39 , 1,0,8,0,S, 	(30-MAY-2025 15:48:36)
2,39 , 1,0,8,0,S, 	(30-MAY-2025 15:48:36)
2,39 , 1,0,8,0,S, 	(30-MAY-2025 15:48:36)
2,39 , 1,0,8,0,S, 	(30-MAY-2025 15:48:36)
2,39 , 1,0,8,0,S, 	(30-MAY-2025 15:48:36)
2,39 , 1,0,8,0,S, 	(30-MAY-2025 15:48:36)
2,39 , 1,0,8,0,S, 	(30-MAY-2025 15:48:36)
2,39 , 1,0,8,0,S, 	(30-MAY-2025 15:48:36)
2,39 , 1,0,8,0,S, 	(30-MAY-2025 15:48:36)
2,39 , 1,0,8,0,S, 	(30-MAY-2025 15:48:36)
2,39 , 1,0,8,0,S, 	(30-MAY-2025 15:48:36)
2,39 , 1,0,8,0,S, 	(30-MAY-2025 15:48:36)
2,39 , 1,0,8,0,S, 	(30-MAY-2025 15:48:36)
2,39 , 1,0,8,0,S, 	(30-MAY-2025 15:48:36)
2,39 , 1,0,8,0,S, 	(30-MAY-2025 15:48:36)
2,39 , 1,0,8,0,S, 	(30-MAY-2025 15:48:36)
2,39 , 1,0,8,0,S, 	(30-MAY-2025 15:48:36)
2,39 , 1,0,8,0,S, 	(30-MAY-2025 15:48:36)
2,39 , 1,0,8,0,S, 	(30-MAY-2025 15:48:36)
2,39 , 1,0,8,0,S, 	(30-MAY-2025 15:48:36)
2,39 , 1,0,8,0,S, 	(30-MAY-2025 15:48:36)
2,39 , 1,0,8,0,S, 	(30-MAY-2025 15:48:36)
2,39 , 1,0,8,0,S, 	(30-MAY-2025 15:48:36)
2,40 , 1,0,2,0,S, 	(30-MAY-2025 15:48:36)
2,40 , 1,0,2,0,S, 	(30-MAY-2025 15:48:36)
2,40 , 1,0,2,0,S, 	(30-MAY-2025 15:48:36)
2,40 , 1,0,2,0,S, 	(30-MAY-2025 15:48:36)
2,40 , 1,0,2,0,S, 	(30-MAY-2025 15:48:36)
2,40 , 1,0,2,0,S, 	(30-MAY-2025 15:48:36)
2,40 , 1,0,2,0,S, 	(30-MAY-2025 15:48:36)
2,40 , 1,0,2,0,S, 	(30-MAY-2025 15:48:36)
2,40 , 1,0,2,0,S, 	(30-MAY-2025 15:48:36)
2,40 , 1,0,2,0,S, 	(30-MAY-2025 15:48:36)
2,40 , 1,0,2,0,S, 	(30-MAY-2025 15:48:36)
2,40 , 1,0,2,0,S, 	(30-MAY-2025 15:48:36)
2,40 , 1,0,2,0,S, 	(30-MAY-2025 15:48:36)
2,40 , 1,0,2,0,S, 	(30-MAY-2025 15:48:36)
2,40 , 1,0,2,0,S, 	(30-MAY-2025 15:48:36)
2,40 , 1,0,2,0,S, 	(30-MAY-2025 15:48:36)
2,40 , 1,0,2,0,S, 	(30-MAY-2025 15:48:36)
2,40 , 1,0,2,0,S, 	(30-MAY-2025 15:48:36)
2,40 , 1,0,2,0,S, 	(30-MAY-2025 15:48:36)
2,40 , 1,0,2,0,S, 	(30-MAY-2025 15:48:36)
2,40 , 1,0,2,0,S, 	(30-MAY-2025 15:48:36)
2,40 , 1,0,2,0,S, 	(30-MAY-2025 15:48:36)
2,40 , 1,0,2,0,S, 	(30-MAY-2025 15:48:36)
2,40 , 1,0,2,0,S, 	(30-MAY-2025 15:48:36)
2,40 , 1,0,2,0,S, 	(30-MAY-2025 15:48:36)
2,40 , 1,0,2,0,S, 	(30-MAY-2025 15:48:36)
2,40 , 1,0,2,0,S, 	(30-MAY-2025 15:48:36)
2,40 , 1,0,2,0,S, 	(30-MAY-2025 15:48:36)
2,40 , 1,0,2,0,S, 	(30-MAY-2025 15:48:36)
2,40 , 1,0,2,0,S, 	(30-MAY-2025 15:48:36)
2,40 , 1,0,2,0,S, 	(30-MAY-2025 15:48:36)
2,40 , 1,0,3,0,S, 	(30-MAY-2025 15:48:36)
2,40 , 1,0,3,0,S, 	(30-MAY-2025 15:48:36)
2,40 , 1,0,3,0,S, 	(30-MAY-2025 15:48:36)
2,40 , 1,0,5,0,S, 	(30-MAY-2025 15:48:36)
2,40 , 1,0,5,0,S, 	(30-MAY-2025 15:48:36)
2,40 , 1,0,5,0,S, 	(30-MAY-2025 15:48:36)
2,40 , 1,0,5,0,S, 	(30-MAY-2025 15:48:36)
2,40 , 1,0,5,0,S, 	(30-MAY-2025 15:48:36)
2,40 , 1,0,5,0,S, 	(30-MAY-2025 15:48:36)
2,40 , 1,0,5,0,S, 	(30-MAY-2025 15:48:36)
2,40 , 1,0,5,0,S, 	(30-MAY-2025 15:48:36)
2,40 , 1,0,5,0,S, 	(30-MAY-2025 15:48:36)
2,40 , 1,0,5,0,S, 	(30-MAY-2025 15:48:36)
2,40 , 1,0,5,0,S, 	(30-MAY-2025 15:48:36)
2,40 , 1,0,5,0,S, 	(30-MAY-2025 15:48:36)
2,40 , 1,0,5,0,S, 	(30-MAY-2025 15:48:36)
2,40 , 1,0,5,0,S, 	(30-MAY-2025 15:48:36)
2,40 , 1,0,5,0,S, 	(30-MAY-2025 15:48:36)
2,40 , 1,0,5,0,S, 	(30-MAY-2025 15:48:36)
2,40 , 1,0,1,0,S, 	(30-MAY-2025 15:48:36)
2,40 , 1,0,1,0,S, 	(30-MAY-2025 15:48:36)
2,40 , 1,0,1,0,S, 	(30-MAY-2025 15:48:36)
2,40 , 1,0,1,0,S, 	(30-MAY-2025 15:48:36)
2,40 , 1,0,1,0,S, 	(30-MAY-2025 15:48:36)
2,40 , 1,0,1,0,S, 	(30-MAY-2025 15:48:36)
2,40 , 1,0,1,0,S, 	(30-MAY-2025 15:48:36)
2,40 , 1,0,1,0,S, 	(30-MAY-2025 15:48:36)
2,40 , 1,0,1,0,S, 	(30-MAY-2025 15:48:36)
2,40 , 1,0,4,0,S, 	(30-MAY-2025 15:48:36)
2,40 , 1,0,4,0,S, 	(30-MAY-2025 15:48:36)
2,40 , 1,0,4,0,S, 	(30-MAY-2025 15:48:36)
2,40 , 1,0,4,0,S, 	(30-MAY-2025 15:48:36)
2,40 , 1,0,4,0,S, 	(30-MAY-2025 15:48:36)
2,40 , 1,0,4,0,S, 	(30-MAY-2025 15:48:36)
2,40 , 1,0,4,0,S, 	(30-MAY-2025 15:48:36)
2,40 , 1,0,4,0,S, 	(30-MAY-2025 15:48:36)
2,40 , 1,0,4,0,S, 	(30-MAY-2025 15:48:36)
2,40 , 1,0,4,0,S, 	(30-MAY-2025 15:48:36)
2,40 , 1,0,4,0,S, 	(30-MAY-2025 15:48:36)
2,40 , 1,0,4,0,S, 	(30-MAY-2025 15:48:36)
2,40 , 1,0,4,0,S, 	(30-MAY-2025 15:48:36)
2,40 , 1,0,4,0,S, 	(30-MAY-2025 15:48:36)
2,40 , 1,0,6,0,S, 	(30-MAY-2025 15:48:36)
2,40 , 1,0,6,0,S, 	(30-MAY-2025 15:48:36)
2,40 , 1,0,6,0,S, 	(30-MAY-2025 15:48:36)
2,40 , 1,0,6,0,S, 	(30-MAY-2025 15:48:36)
2,40 , 1,0,6,0,S, 	(30-MAY-2025 15:48:36)
2,40 , 1,0,6,0,S, 	(30-MAY-2025 15:48:36)
2,40 , 1,0,6,0,S, 	(30-MAY-2025 15:48:36)
2,40 , 1,0,6,0,S, 	(30-MAY-2025 15:48:36)
2,40 , 1,0,6,0,S, 	(30-MAY-2025 15:48:36)
2,40 , 1,0,6,0,S, 	(30-MAY-2025 15:48:36)
2,40 , 1,0,6,0,S, 	(30-MAY-2025 15:48:36)
2,40 , 1,0,6,0,S, 	(30-MAY-2025 15:48:36)
2,40 , 1,0,6,0,S, 	(30-MAY-2025 15:48:36)
2,40 , 1,0,6,0,S, 	(30-MAY-2025 15:48:36)
2,40 , 1,0,6,0,S, 	(30-MAY-2025 15:48:36)
2,40 , 1,0,6,0,S, 	(30-MAY-2025 15:48:36)
2,40 , 1,0,6,0,S, 	(30-MAY-2025 15:48:36)
2,40 , 1,0,6,0,S, 	(30-MAY-2025 15:48:36)
2,40 , 1,0,6,0,S, 	(30-MAY-2025 15:48:36)
2,40 , 1,0,6,0,S, 	(30-MAY-2025 15:48:36)
2,40 , 1,0,6,0,S, 	(30-MAY-2025 15:48:36)
2,40 , 1,0,6,0,S, 	(30-MAY-2025 15:48:36)
2,40 , 1,0,6,0,S, 	(30-MAY-2025 15:48:36)
2,40 , 1,0,6,0,S, 	(30-MAY-2025 15:48:36)
2,40 , 1,0,6,0,S, 	(30-MAY-2025 15:48:36)
2,40 , 1,0,6,0,S, 	(30-MAY-2025 15:48:36)
2,40 , 1,0,6,0,S, 	(30-MAY-2025 15:48:36)
2,40 , 1,0,6,0,S, 	(30-MAY-2025 15:48:36)
2,40 , 1,0,6,0,S, 	(30-MAY-2025 15:48:36)
2,40 , 1,0,6,0,S, 	(30-MAY-2025 15:48:36)
2,41 , 1,0,1,0,S, 	(30-MAY-2025 15:48:36)
2,41 , 1,0,1,0,S, 	(30-MAY-2025 15:48:36)
2,41 , 1,0,1,0,S, 	(30-MAY-2025 15:48:36)
2,41 , 1,0,1,0,S, 	(30-MAY-2025 15:48:36)
2,41 , 1,0,1,0,S, 	(30-MAY-2025 15:48:36)
2,41 , 1,0,1,0,S, 	(30-MAY-2025 15:48:36)
2,41 , 1,0,1,0,S, 	(30-MAY-2025 15:48:36)
2,41 , 1,0,1,0,S, 	(30-MAY-2025 15:48:36)
2,41 , 1,0,1,0,S, 	(30-MAY-2025 15:48:36)
2,41 , 1,0,1,0,S, 	(30-MAY-2025 15:48:36)
2,41 , 1,0,1,0,S, 	(30-MAY-2025 15:48:36)
2,41 , 1,0,1,0,S, 	(30-MAY-2025 15:48:36)
2,41 , 1,0,1,0,S, 	(30-MAY-2025 15:48:36)
2,41 , 1,0,1,0,S, 	(30-MAY-2025 15:48:36)
2,41 , 1,0,1,0,S, 	(30-MAY-2025 15:48:36)
2,41 , 1,0,1,0,S, 	(30-MAY-2025 15:48:36)
2,41 , 1,0,1,0,S, 	(30-MAY-2025 15:48:36)
2,41 , 1,0,1,0,S, 	(30-MAY-2025 15:48:36)
2,41 , 1,0,1,0,S, 	(30-MAY-2025 15:48:36)
2,41 , 1,0,1,0,S, 	(30-MAY-2025 15:48:36)
2,41 , 1,0,1,0,S, 	(30-MAY-2025 15:48:36)
2,41 , 1,0,1,0,S, 	(30-MAY-2025 15:48:36)
2,41 , 1,0,1,0,S, 	(30-MAY-2025 15:48:36)
2,41 , 1,0,1,0,S, 	(30-MAY-2025 15:48:36)
2,41 , 1,0,1,0,S, 	(30-MAY-2025 15:48:36)
2,41 , 1,0,1,0,S, 	(30-MAY-2025 15:48:36)
2,41 , 1,0,1,0,S, 	(30-MAY-2025 15:48:36)
2,41 , 1,0,1,0,S, 	(30-MAY-2025 15:48:36)
2,41 , 1,0,1,0,S, 	(30-MAY-2025 15:48:36)
2,41 , 1,0,1,0,S, 	(30-MAY-2025 15:48:36)
2,41 , 1,0,1,0,S, 	(30-MAY-2025 15:48:36)
2,41 , 1,0,1,0,S, 	(30-MAY-2025 15:48:36)
2,41 , 1,0,1,0,S, 	(30-MAY-2025 15:48:36)
2,41 , 1,0,3,0,S, 	(30-MAY-2025 15:48:36)
2,41 , 1,0,3,0,S, 	(30-MAY-2025 15:48:36)
2,41 , 1,0,3,0,S, 	(30-MAY-2025 15:48:36)
2,41 , 1,0,3,0,S, 	(30-MAY-2025 15:48:36)
2,41 , 1,0,3,0,S, 	(30-MAY-2025 15:48:36)
2,41 , 1,0,3,0,S, 	(30-MAY-2025 15:48:36)
2,41 , 1,0,3,0,S, 	(30-MAY-2025 15:48:36)
2,41 , 1,0,3,0,S, 	(30-MAY-2025 15:48:36)
2,41 , 1,0,3,0,S, 	(30-MAY-2025 15:48:36)
2,41 , 1,0,3,0,S, 	(30-MAY-2025 15:48:36)
2,41 , 1,0,3,0,S, 	(30-MAY-2025 15:48:36)
2,41 , 1,0,3,0,S, 	(30-MAY-2025 15:48:36)
2,41 , 1,0,3,0,S, 	(30-MAY-2025 15:48:36)
2,41 , 1,0,3,0,S, 	(30-MAY-2025 15:48:36)
2,41 , 1,0,3,0,S, 	(30-MAY-2025 15:48:36)
2,41 , 1,0,3,0,S, 	(30-MAY-2025 15:48:36)
2,41 , 1,0,3,0,S, 	(30-MAY-2025 15:48:36)
2,41 , 1,0,3,0,S, 	(30-MAY-2025 15:48:36)
2,41 , 1,0,3,0,S, 	(30-MAY-2025 15:48:36)
2,41 , 1,0,3,0,S, 	(30-MAY-2025 15:48:36)
2,41 , 1,0,3,0,S, 	(30-MAY-2025 15:48:36)
2,41 , 1,0,3,0,S, 	(30-MAY-2025 15:48:36)
2,41 , 1,0,3,0,S, 	(30-MAY-2025 15:48:36)
2,41 , 1,0,3,0,S, 	(30-MAY-2025 15:48:36)
2,41 , 1,0,3,0,S, 	(30-MAY-2025 15:48:36)
2,41 , 1,0,3,0,S, 	(30-MAY-2025 15:48:36)
2,41 , 1,0,3,0,S, 	(30-MAY-2025 15:48:36)
2,41 , 1,0,3,0,S, 	(30-MAY-2025 15:48:36)
2,41 , 1,0,3,0,S, 	(30-MAY-2025 15:48:36)
2,41 , 1,0,3,0,S, 	(30-MAY-2025 15:48:36)
2,41 , 0,0,221009,2,L, 	(30-MAY-2025 15:48:36)
2,41 , 0,0,221009,2,L, 	(30-MAY-2025 15:48:36)
2,41 , 0,0,221009,2,L, 	(30-MAY-2025 15:48:36)
2,41 , 0,0,221009,2,L, 	(30-MAY-2025 15:48:36)
2,41 , 0,0,221009,2,L, 	(30-MAY-2025 15:48:36)
2,41 , 0,0,221009,2,L, 	(30-MAY-2025 15:48:36)
2,41 , 0,0,221009,2,L, 	(30-MAY-2025 15:48:36)
2,41 , 0,0,221009,2,L, 	(30-MAY-2025 15:48:36)
2,41 , 0,0,221009,2,L, 	(30-MAY-2025 15:48:36)
2,41 , 0,0,221009,2,L, 	(30-MAY-2025 15:48:36)
2,41 , 0,0,221009,2,L, 	(30-MAY-2025 15:48:36)
2,41 , 0,0,221009,2,L, 	(30-MAY-2025 15:48:36)
2,41 , 0,0,221009,2,L, 	(30-MAY-2025 15:48:36)
2,41 , 0,0,221009,2,L, 	(30-MAY-2025 15:48:36)
2,41 , 0,0,221009,2,L, 	(30-MAY-2025 15:48:36)
2,41 , 0,0,221009,2,L, 	(30-MAY-2025 15:48:36)
2,41 , 0,0,221009,2,L, 	(30-MAY-2025 15:48:36)
2,41 , 0,0,221009,2,L, 	(30-MAY-2025 15:48:36)
2,41 , 0,0,221009,2,L, 	(30-MAY-2025 15:48:36)
2,41 , 0,0,221009,2,L, 	(30-MAY-2025 15:48:36)
2,41 , 0,0,221009,2,L, 	(30-MAY-2025 15:48:36)
2,41 , 0,0,221009,2,L, 	(30-MAY-2025 15:48:36)
2,41 , 0,0,221009,2,L, 	(30-MAY-2025 15:48:36)
2,41 , 0,0,221009,2,L, 	(30-MAY-2025 15:48:36)
2,41 , 0,0,221009,2,L, 	(30-MAY-2025 15:48:36)
2,41 , 0,0,221009,2,L, 	(30-MAY-2025 15:48:36)
2,41 , 0,0,221009,2,L, 	(30-MAY-2025 15:48:36)
2,41 , 0,0,221009,2,L, 	(30-MAY-2025 15:48:36)
2,41 , 0,0,221009,2,L, 	(30-MAY-2025 15:48:36)
2,41 , 0,0,221009,2,L, 	(30-MAY-2025 15:48:36)
2,41 , 0,0,221009,2,L, 	(30-MAY-2025 15:48:36)
2,41 , 0,0,221009,2,L, 	(30-MAY-2025 15:48:36)
2,41 , 0,0,221009,2,L, 	(30-MAY-2025 15:48:36)
2,41 , 0,0,221009,2,L, 	(30-MAY-2025 15:48:36)
2,41 , 0,0,221009,2,L, 	(30-MAY-2025 15:48:36)
2,41 , 0,0,221009,2,L, 	(30-MAY-2025 15:48:36)
2,41 , 0,0,221009,2,L, 	(30-MAY-2025 15:48:36)
2,41 , 0,0,221009,2,L, 	(30-MAY-2025 15:48:36)
2,41 , 0,0,221009,2,L, 	(30-MAY-2025 15:48:36)
2,41 , 0,0,221009,2,L, 	(30-MAY-2025 15:48:36)
2,41 , 0,0,221009,2,L, 	(30-MAY-2025 15:48:36)
2,41 , 0,0,221009,2,L, 	(30-MAY-2025 15:48:36)
2,41 , 0,0,221009,2,L, 	(30-MAY-2025 15:48:36)
2,41 , 0,0,221009,2,L, 	(30-MAY-2025 15:48:36)
2,41 , 0,0,221009,2,L, 	(30-MAY-2025 15:48:36)
2,41 , 0,0,221009,2,L, 	(30-MAY-2025 15:48:36)
2,41 , 0,0,221010,0,L, 	(30-MAY-2025 15:48:36)
2,41 , 0,0,221010,0,L, 	(30-MAY-2025 15:48:36)
2,41 , 0,0,221010,0,L, 	(30-MAY-2025 15:48:36)
2,41 , 0,0,221010,0,L, 	(30-MAY-2025 15:48:36)
2,41 , 0,0,221010,0,L, 	(30-MAY-2025 15:48:36)
2,41 , 0,0,221010,0,L, 	(30-MAY-2025 15:48:36)
2,41 , 0,0,221010,0,L, 	(30-MAY-2025 15:48:36)
2,41 , 0,0,221010,0,L, 	(30-MAY-2025 15:48:36)
2,41 , 0,0,221010,0,L, 	(30-MAY-2025 15:48:36)
2,41 , 0,0,221010,0,L, 	(30-MAY-2025 15:48:36)
2,41 , 0,0,221010,0,L, 	(30-MAY-2025 15:48:36)
2,41 , 0,0,221010,0,L, 	(30-MAY-2025 15:48:36)
2,41 , 0,0,221010,0,L, 	(30-MAY-2025 15:48:36)
2,41 , 0,0,221010,0,L, 	(30-MAY-2025 15:48:36)
2,41 , 0,0,221010,0,L, 	(30-MAY-2025 15:48:36)
2,41 , 0,0,221010,0,L, 	(30-MAY-2025 15:48:36)
2,41 , 0,0,221010,0,L, 	(30-MAY-2025 15:48:36)
2,41 , 0,0,221010,0,L, 	(30-MAY-2025 15:48:36)
2,41 , 0,0,221010,0,L, 	(30-MAY-2025 15:48:36)
2,41 , 0,0,221010,0,L, 	(30-MAY-2025 15:48:36)
2,41 , 0,0,221010,0,L, 	(30-MAY-2025 15:48:36)
2,41 , 0,0,221010,0,L, 	(30-MAY-2025 15:48:36)
2,41 , 0,0,221010,0,L, 	(30-MAY-2025 15:48:36)
2,41 , 0,0,221010,0,L, 	(30-MAY-2025 15:48:36)
2,41 , 0,0,221010,0,L, 	(30-MAY-2025 15:48:36)
2,41 , 0,0,221010,0,L, 	(30-MAY-2025 15:48:36)
2,41 , 0,0,221010,0,L, 	(30-MAY-2025 15:48:36)
2,41 , 0,0,221010,0,L, 	(30-MAY-2025 15:48:36)
2,41 , 0,0,221010,0,L, 	(30-MAY-2025 15:48:36)
2,41 , 0,0,221010,0,L, 	(30-MAY-2025 15:48:36)
2,41 , 0,0,221010,0,L, 	(30-MAY-2025 15:48:36)
2,41 , 0,0,222027,0,L, 	(30-MAY-2025 15:48:36)
2,41 , 0,0,222027,0,L, 	(30-MAY-2025 15:48:36)
2,41 , 0,0,222027,0,L, 	(30-MAY-2025 15:48:36)
2,41 , 0,0,222027,0,L, 	(30-MAY-2025 15:48:36)
2,41 , 0,0,222027,0,L, 	(30-MAY-2025 15:48:36)
2,41 , 0,0,222027,0,L, 	(30-MAY-2025 15:48:36)
2,41 , 0,0,222027,0,L, 	(30-MAY-2025 15:48:36)
2,41 , 0,0,222027,0,L, 	(30-MAY-2025 15:48:36)
2,41 , 0,0,222027,0,L, 	(30-MAY-2025 15:48:36)
2,41 , 0,0,222027,0,L, 	(30-MAY-2025 15:48:36)
2,41 , 0,0,222027,0,L, 	(30-MAY-2025 15:48:36)
2,41 , 0,0,222027,0,L, 	(30-MAY-2025 15:48:36)
2,41 , 0,0,222027,0,L, 	(30-MAY-2025 15:48:36)
2,41 , 0,0,222027,0,L, 	(30-MAY-2025 15:48:36)
2,41 , 0,0,222027,0,L, 	(30-MAY-2025 15:48:36)
2,41 , 0,0,222027,0,L, 	(30-MAY-2025 15:48:36)
2,41 , 0,0,222027,0,L, 	(30-MAY-2025 15:48:36)
2,41 , 0,0,222027,0,L, 	(30-MAY-2025 15:48:36)
2,41 , 0,0,222027,0,L, 	(30-MAY-2025 15:48:36)
2,41 , 0,0,222027,0,L, 	(30-MAY-2025 15:48:36)
2,41 , 0,0,222027,0,L, 	(30-MAY-2025 15:48:36)
2,41 , 0,0,222027,0,L, 	(30-MAY-2025 15:48:36)
2,41 , 0,0,222027,0,L, 	(30-MAY-2025 15:48:36)
2,41 , 0,0,222027,0,L, 	(30-MAY-2025 15:48:36)
2,41 , 0,0,222027,0,L, 	(30-MAY-2025 15:48:36)
2,41 , 0,0,222027,0,L, 	(30-MAY-2025 15:48:36)
2,41 , 0,0,222027,0,L, 	(30-MAY-2025 15:48:36)
2,41 , 0,0,222027,0,L, 	(30-MAY-2025 15:48:36)
2,41 , 0,0,222027,0,L, 	(30-MAY-2025 15:48:36)
2,41 , 0,0,222027,0,L, 	(30-MAY-2025 15:48:36)
2,41 , 0,0,222027,0,L, 	(30-MAY-2025 15:48:36)
2,41 , 0,0,222027,0,L, 	(30-MAY-2025 15:48:36)
2,41 , 0,0,222027,0,L, 	(30-MAY-2025 15:48:36)
2,41 , 0,0,222027,0,L, 	(30-MAY-2025 15:48:36)
2,41 , 0,0,222027,0,L, 	(30-MAY-2025 15:48:36)
2,41 , 0,0,222027,0,L, 	(30-MAY-2025 15:48:36)
2,41 , 0,0,222027,0,L, 	(30-MAY-2025 15:48:36)
2,41 , 0,0,222027,0,L, 	(30-MAY-2025 15:48:36)
2,41 , 0,0,222027,0,L, 	(30-MAY-2025 15:48:36)
2,41 , 0,0,222027,0,L, 	(30-MAY-2025 15:48:36)
2,41 , 0,0,222027,0,L, 	(30-MAY-2025 15:48:36)
2,41 , 0,0,222027,0,L, 	(30-MAY-2025 15:48:36)
2,41 , 0,0,222027,0,L, 	(30-MAY-2025 15:48:36)
2,41 , 0,0,222027,0,L, 	(30-MAY-2025 15:48:36)
2,41 , 0,0,222027,0,L, 	(30-MAY-2025 15:48:36)
2,41 , 0,0,222027,0,L, 	(30-MAY-2025 15:48:36)
2,41 , 0,0,222027,0,L, 	(30-MAY-2025 15:48:36)
2,41 , 0,0,222027,0,L, 	(30-MAY-2025 15:48:36)
2,41 , 0,0,222027,0,L, 	(30-MAY-2025 15:48:36)
2,41 , 0,0,222027,0,L, 	(30-MAY-2025 15:48:36)
2,41 , 0,0,222027,0,L, 	(30-MAY-2025 15:48:36)
2,41 , 0,0,222027,0,L, 	(30-MAY-2025 15:48:36)
2,41 , 0,0,222027,0,L, 	(30-MAY-2025 15:48:36)
2,41 , 0,0,222027,0,L, 	(30-MAY-2025 15:48:36)
2,41 , 0,0,222027,0,L, 	(30-MAY-2025 15:48:36)
2,41 , 0,0,222027,0,L, 	(30-MAY-2025 15:48:36)
2,41 , 0,0,222027,0,L, 	(30-MAY-2025 15:48:36)
2,41 , 0,0,222027,0,L, 	(30-MAY-2025 15:48:36)
2,41 , 0,0,222027,0,L, 	(30-MAY-2025 15:48:36)
2,41 , 0,0,222027,0,L, 	(30-MAY-2025 15:48:36)
2,41 , 0,0,222027,0,L, 	(30-MAY-2025 15:48:36)
2,41 , 0,0,222028,0,L, 	(30-MAY-2025 15:48:36)
2,41 , 0,0,222028,0,L, 	(30-MAY-2025 15:48:36)
2,41 , 0,0,222028,0,L, 	(30-MAY-2025 15:48:36)
2,41 , 0,0,222028,0,L, 	(30-MAY-2025 15:48:36)
2,41 , 0,0,222028,0,L, 	(30-MAY-2025 15:48:36)
2,41 , 0,0,222028,0,L, 	(30-MAY-2025 15:48:36)
2,41 , 0,0,222028,0,L, 	(30-MAY-2025 15:48:36)
2,41 , 0,0,222028,0,L, 	(30-MAY-2025 15:48:36)
2,41 , 0,0,222028,0,L, 	(30-MAY-2025 15:48:36)
2,41 , 0,0,222028,0,L, 	(30-MAY-2025 15:48:36)
2,41 , 0,0,222028,0,L, 	(30-MAY-2025 15:48:36)
2,41 , 0,0,222028,0,L, 	(30-MAY-2025 15:48:36)
2,41 , 0,0,222028,0,L, 	(30-MAY-2025 15:48:36)
2,41 , 0,0,222028,0,L, 	(30-MAY-2025 15:48:36)
2,41 , 0,0,222028,0,L, 	(30-MAY-2025 15:48:36)
2,41 , 0,0,222029,0,L, 	(30-MAY-2025 15:48:36)
2,41 , 0,0,222029,0,L, 	(30-MAY-2025 15:48:36)
2,41 , 0,0,222029,0,L, 	(30-MAY-2025 15:48:36)
2,41 , 0,0,222029,0,L, 	(30-MAY-2025 15:48:36)
2,41 , 0,0,222029,0,L, 	(30-MAY-2025 15:48:36)
2,41 , 0,0,222029,0,L, 	(30-MAY-2025 15:48:36)
2,41 , 0,0,222029,0,L, 	(30-MAY-2025 15:48:36)
2,41 , 0,0,222029,0,L, 	(30-MAY-2025 15:48:36)
2,41 , 0,0,222029,0,L, 	(30-MAY-2025 15:48:36)
2,41 , 0,0,222029,0,L, 	(30-MAY-2025 15:48:36)
2,41 , 0,0,222029,0,L, 	(30-MAY-2025 15:48:36)
2,41 , 0,0,222029,0,L, 	(30-MAY-2025 15:48:36)
2,41 , 0,0,222029,0,L, 	(30-MAY-2025 15:48:36)
2,41 , 0,0,222029,0,L, 	(30-MAY-2025 15:48:36)
2,41 , 0,0,222029,0,L, 	(30-MAY-2025 15:48:36)
2,41 , 0,0,222029,0,L, 	(30-MAY-2025 15:48:36)
2,41 , 0,0,222029,0,L, 	(30-MAY-2025 15:48:36)
2,41 , 0,0,222029,0,L, 	(30-MAY-2025 15:48:36)
2,41 , 0,0,222029,0,L, 	(30-MAY-2025 15:48:36)
2,41 , 0,0,222029,0,L, 	(30-MAY-2025 15:48:36)
2,41 , 0,0,222029,0,L, 	(30-MAY-2025 15:48:36)
2,41 , 0,0,222029,0,L, 	(30-MAY-2025 15:48:36)
2,41 , 0,0,222029,0,L, 	(30-MAY-2025 15:48:36)
2,41 , 0,0,222029,0,L, 	(30-MAY-2025 15:48:36)
2,41 , 0,0,222029,0,L, 	(30-MAY-2025 15:48:36)
2,41 , 0,0,222029,0,L, 	(30-MAY-2025 15:48:36)
2,41 , 0,0,222029,0,L, 	(30-MAY-2025 15:48:36)
2,41 , 0,0,222029,0,L, 	(30-MAY-2025 15:48:36)
2,41 , 0,0,222029,0,L, 	(30-MAY-2025 15:48:36)
2,41 , 0,0,222029,0,L, 	(30-MAY-2025 15:48:36)
2,41 , 0,0,221011,1,L, 	(30-MAY-2025 15:48:36)
2,41 , 0,0,221011,1,L, 	(30-MAY-2025 15:48:36)
2,41 , 0,0,221011,1,L, 	(30-MAY-2025 15:48:36)
2,41 , 0,0,221011,1,L, 	(30-MAY-2025 15:48:36)
2,41 , 0,0,221011,1,L, 	(30-MAY-2025 15:48:36)
2,41 , 0,0,221011,1,L, 	(30-MAY-2025 15:48:36)
2,41 , 0,0,221011,1,L, 	(30-MAY-2025 15:48:36)
2,41 , 0,0,221011,1,L, 	(30-MAY-2025 15:48:36)
2,41 , 0,0,221011,1,L, 	(30-MAY-2025 15:48:36)
2,41 , 0,0,221011,1,L, 	(30-MAY-2025 15:48:36)
2,41 , 0,0,221011,1,L, 	(30-MAY-2025 15:48:36)
2,41 , 0,0,221011,1,L, 	(30-MAY-2025 15:48:36)
2,41 , 0,0,221011,1,L, 	(30-MAY-2025 15:48:36)
2,41 , 0,0,221011,1,L, 	(30-MAY-2025 15:48:36)
2,41 , 0,0,221011,1,L, 	(30-MAY-2025 15:48:36)
2,41 , 0,0,221011,1,L, 	(30-MAY-2025 15:48:36)
2,41 , 0,0,221011,1,L, 	(30-MAY-2025 15:48:36)
2,41 , 0,0,221011,1,L, 	(30-MAY-2025 15:48:36)
2,41 , 0,0,221011,1,L, 	(30-MAY-2025 15:48:36)
2,41 , 0,0,221011,1,L, 	(30-MAY-2025 15:48:36)
2,41 , 0,0,221011,1,L, 	(30-MAY-2025 15:48:36)
2,41 , 0,0,221011,1,L, 	(30-MAY-2025 15:48:36)
2,41 , 0,0,221011,1,L, 	(30-MAY-2025 15:48:36)
2,41 , 0,0,221011,1,L, 	(30-MAY-2025 15:48:36)
2,41 , 0,0,221011,1,L, 	(30-MAY-2025 15:48:36)
2,41 , 0,0,221011,1,L, 	(30-MAY-2025 15:48:36)
2,41 , 0,0,221011,1,L, 	(30-MAY-2025 15:48:36)
2,41 , 0,0,221011,1,L, 	(30-MAY-2025 15:48:36)
2,41 , 0,0,221011,1,L, 	(30-MAY-2025 15:48:36)
2,41 , 0,0,221011,1,L, 	(30-MAY-2025 15:48:36)
2,41 , 0,0,222030,1,L, 	(30-MAY-2025 15:48:36)
2,41 , 0,0,222030,1,L, 	(30-MAY-2025 15:48:36)
2,41 , 0,0,222030,1,L, 	(30-MAY-2025 15:48:36)
2,41 , 0,0,222030,1,L, 	(30-MAY-2025 15:48:36)
2,41 , 0,0,222030,1,L, 	(30-MAY-2025 15:48:36)
2,41 , 0,0,222030,1,L, 	(30-MAY-2025 15:48:36)
2,41 , 0,0,222030,1,L, 	(30-MAY-2025 15:48:36)
2,41 , 0,0,222030,1,L, 	(30-MAY-2025 15:48:36)
2,41 , 0,0,222030,1,L, 	(30-MAY-2025 15:48:36)
2,41 , 0,0,222030,1,L, 	(30-MAY-2025 15:48:36)
2,41 , 0,0,222030,1,L, 	(30-MAY-2025 15:48:36)
2,41 , 0,0,222030,1,L, 	(30-MAY-2025 15:48:36)
2,41 , 0,0,222030,1,L, 	(30-MAY-2025 15:48:36)
2,41 , 0,0,222030,1,L, 	(30-MAY-2025 15:48:36)
2,41 , 0,0,222030,1,L, 	(30-MAY-2025 15:48:36)
2,41 , 0,0,222030,1,L, 	(30-MAY-2025 15:48:36)
2,41 , 0,0,222028,1,L, 	(30-MAY-2025 15:48:36)
2,41 , 0,0,222028,1,L, 	(30-MAY-2025 15:48:36)
2,41 , 0,0,222028,1,L, 	(30-MAY-2025 15:48:36)
2,41 , 0,0,222028,1,L, 	(30-MAY-2025 15:48:36)
2,41 , 0,0,222028,1,L, 	(30-MAY-2025 15:48:36)
2,41 , 0,0,222028,1,L, 	(30-MAY-2025 15:48:36)
2,41 , 0,0,222028,1,L, 	(30-MAY-2025 15:48:36)
2,41 , 0,0,222028,1,L, 	(30-MAY-2025 15:48:36)
2,41 , 0,0,222028,1,L, 	(30-MAY-2025 15:48:36)
2,41 , 0,0,222028,1,L, 	(30-MAY-2025 15:48:36)
2,41 , 0,0,222028,1,L, 	(30-MAY-2025 15:48:36)
2,41 , 0,0,222028,1,L, 	(30-MAY-2025 15:48:36)
2,41 , 0,0,222028,1,L, 	(30-MAY-2025 15:48:36)
2,41 , 0,0,222028,1,L, 	(30-MAY-2025 15:48:36)
2,41 , 0,0,222028,1,L, 	(30-MAY-2025 15:48:36)
2,41 , 0,0,222031,1,L, 	(30-MAY-2025 15:48:36)
2,41 , 0,0,222031,1,L, 	(30-MAY-2025 15:48:36)
2,41 , 0,0,222031,1,L, 	(30-MAY-2025 15:48:36)
2,41 , 0,0,222031,1,L, 	(30-MAY-2025 15:48:36)
2,41 , 0,0,222031,1,L, 	(30-MAY-2025 15:48:36)
2,41 , 0,0,222031,1,L, 	(30-MAY-2025 15:48:36)
2,41 , 0,0,222031,1,L, 	(30-MAY-2025 15:48:36)
2,41 , 0,0,222031,1,L, 	(30-MAY-2025 15:48:36)
2,41 , 0,0,222031,1,L, 	(30-MAY-2025 15:48:36)
2,41 , 0,0,222031,1,L, 	(30-MAY-2025 15:48:36)
2,41 , 0,0,222031,1,L, 	(30-MAY-2025 15:48:36)
2,41 , 0,0,222031,1,L, 	(30-MAY-2025 15:48:36)
2,41 , 0,0,222031,1,L, 	(30-MAY-2025 15:48:36)
2,41 , 0,0,222031,1,L, 	(30-MAY-2025 15:48:36)
2,41 , 0,0,222031,1,L, 	(30-MAY-2025 15:48:36)
2,41 , 0,0,221012,0,L, 	(30-MAY-2025 15:48:36)
2,41 , 0,0,221012,0,L, 	(30-MAY-2025 15:48:36)
2,41 , 0,0,221012,0,L, 	(30-MAY-2025 15:48:36)
2,41 , 0,0,221012,0,L, 	(30-MAY-2025 15:48:36)
2,41 , 0,0,221012,0,L, 	(30-MAY-2025 15:48:36)
2,41 , 0,0,221012,0,L, 	(30-MAY-2025 15:48:36)
2,41 , 0,0,221012,0,L, 	(30-MAY-2025 15:48:36)
2,41 , 0,0,221012,0,L, 	(30-MAY-2025 15:48:36)
2,41 , 0,0,221012,0,L, 	(30-MAY-2025 15:48:36)
2,41 , 0,0,221012,0,L, 	(30-MAY-2025 15:48:36)
2,41 , 0,0,221012,0,L, 	(30-MAY-2025 15:48:36)
2,41 , 0,0,221012,0,L, 	(30-MAY-2025 15:48:36)
2,41 , 0,0,221012,0,L, 	(30-MAY-2025 15:48:36)
2,41 , 0,0,221012,0,L, 	(30-MAY-2025 15:48:36)
2,41 , 0,0,221012,0,L, 	(30-MAY-2025 15:48:36)
2,41 , 0,0,221012,0,L, 	(30-MAY-2025 15:48:36)
2,41 , 0,0,221012,0,L, 	(30-MAY-2025 15:48:36)
2,41 , 0,0,221012,0,L, 	(30-MAY-2025 15:48:36)
2,41 , 0,0,221012,0,L, 	(30-MAY-2025 15:48:36)
2,41 , 0,0,221012,0,L, 	(30-MAY-2025 15:48:36)
2,41 , 0,0,221012,0,L, 	(30-MAY-2025 15:48:36)
2,41 , 0,0,221012,0,L, 	(30-MAY-2025 15:48:36)
2,41 , 0,0,221012,0,L, 	(30-MAY-2025 15:48:36)
2,41 , 0,0,221012,0,L, 	(30-MAY-2025 15:48:36)
2,41 , 0,0,221012,0,L, 	(30-MAY-2025 15:48:36)
2,41 , 0,0,221012,0,L, 	(30-MAY-2025 15:48:36)
2,41 , 0,0,221012,0,L, 	(30-MAY-2025 15:48:36)
2,41 , 0,0,221012,0,L, 	(30-MAY-2025 15:48:36)
2,41 , 0,0,221012,0,L, 	(30-MAY-2025 15:48:36)
2,41 , 0,0,221012,0,L, 	(30-MAY-2025 15:48:36)
2,41 , 0,0,221012,0,L, 	(30-MAY-2025 15:48:36)
2,41 , 0,0,222030,0,L, 	(30-MAY-2025 15:48:36)
2,41 , 0,0,222030,0,L, 	(30-MAY-2025 15:48:36)
2,41 , 0,0,222030,0,L, 	(30-MAY-2025 15:48:36)
2,41 , 0,0,222030,0,L, 	(30-MAY-2025 15:48:36)
2,41 , 0,0,222030,0,L, 	(30-MAY-2025 15:48:36)
2,41 , 0,0,222030,0,L, 	(30-MAY-2025 15:48:36)
2,41 , 0,0,222030,0,L, 	(30-MAY-2025 15:48:36)
2,41 , 0,0,222030,0,L, 	(30-MAY-2025 15:48:36)
2,41 , 0,0,222030,0,L, 	(30-MAY-2025 15:48:36)
2,41 , 0,0,222030,0,L, 	(30-MAY-2025 15:48:36)
2,41 , 0,0,222030,0,L, 	(30-MAY-2025 15:48:36)
2,41 , 0,0,222030,0,L, 	(30-MAY-2025 15:48:36)
2,41 , 0,0,222030,0,L, 	(30-MAY-2025 15:48:36)
2,41 , 0,0,222030,0,L, 	(30-MAY-2025 15:48:36)
2,41 , 0,0,222030,0,L, 	(30-MAY-2025 15:48:36)
2,41 , 0,0,222032,0,L, 	(30-MAY-2025 15:48:36)
2,41 , 0,0,222032,0,L, 	(30-MAY-2025 15:48:36)
2,41 , 0,0,222032,0,L, 	(30-MAY-2025 15:48:36)
2,41 , 0,0,222032,0,L, 	(30-MAY-2025 15:48:36)
2,41 , 0,0,222032,0,L, 	(30-MAY-2025 15:48:36)
2,41 , 0,0,222032,0,L, 	(30-MAY-2025 15:48:36)
2,41 , 0,0,222032,0,L, 	(30-MAY-2025 15:48:36)
2,41 , 0,0,222032,0,L, 	(30-MAY-2025 15:48:36)
2,41 , 0,0,222032,0,L, 	(30-MAY-2025 15:48:36)
2,41 , 0,0,222032,0,L, 	(30-MAY-2025 15:48:36)
2,41 , 0,0,222032,0,L, 	(30-MAY-2025 15:48:36)
2,41 , 0,0,222032,0,L, 	(30-MAY-2025 15:48:36)
2,41 , 0,0,222032,0,L, 	(30-MAY-2025 15:48:36)
2,41 , 0,0,222032,0,L, 	(30-MAY-2025 15:48:37)
2,41 , 0,0,222032,0,L, 	(30-MAY-2025 15:48:37)
2,41 , 0,0,222032,0,L, 	(30-MAY-2025 15:48:37)
2,41 , 0,0,222032,0,L, 	(30-MAY-2025 15:48:37)
2,41 , 0,0,222032,0,L, 	(30-MAY-2025 15:48:37)
2,41 , 0,0,222032,0,L, 	(30-MAY-2025 15:48:37)
2,41 , 0,0,222032,0,L, 	(30-MAY-2025 15:48:37)
2,41 , 0,0,222032,0,L, 	(30-MAY-2025 15:48:37)
2,41 , 0,0,222032,0,L, 	(30-MAY-2025 15:48:37)
2,41 , 0,0,222032,0,L, 	(30-MAY-2025 15:48:37)
2,41 , 0,0,222032,0,L, 	(30-MAY-2025 15:48:37)
2,41 , 0,0,222032,0,L, 	(30-MAY-2025 15:48:37)
2,41 , 0,0,222032,0,L, 	(30-MAY-2025 15:48:37)
2,41 , 0,0,222032,0,L, 	(30-MAY-2025 15:48:37)
2,41 , 0,0,222032,0,L, 	(30-MAY-2025 15:48:37)
2,41 , 0,0,222032,0,L, 	(30-MAY-2025 15:48:37)
2,41 , 0,0,222032,0,L, 	(30-MAY-2025 15:48:37)
2,41 , 0,0,222033,0,L, 	(30-MAY-2025 15:48:37)
2,41 , 0,0,222033,0,L, 	(30-MAY-2025 15:48:37)
2,41 , 0,0,222033,0,L, 	(30-MAY-2025 15:48:37)
2,41 , 0,0,222033,0,L, 	(30-MAY-2025 15:48:37)
2,41 , 0,0,222033,0,L, 	(30-MAY-2025 15:48:37)
2,41 , 0,0,222033,0,L, 	(30-MAY-2025 15:48:37)
2,41 , 0,0,222033,0,L, 	(30-MAY-2025 15:48:37)
2,41 , 0,0,222033,0,L, 	(30-MAY-2025 15:48:37)
2,41 , 0,0,222033,0,L, 	(30-MAY-2025 15:48:37)
2,41 , 0,0,222033,0,L, 	(30-MAY-2025 15:48:37)
2,41 , 0,0,222033,0,L, 	(30-MAY-2025 15:48:37)
2,41 , 0,0,222033,0,L, 	(30-MAY-2025 15:48:37)
2,41 , 0,0,222033,0,L, 	(30-MAY-2025 15:48:37)
2,41 , 0,0,222033,0,L, 	(30-MAY-2025 15:48:37)
2,41 , 0,0,222033,0,L, 	(30-MAY-2025 15:48:37)
2,41 , 0,0,222033,0,L, 	(30-MAY-2025 15:48:37)
2,41 , 0,0,222033,0,L, 	(30-MAY-2025 15:48:37)
2,41 , 0,0,222033,0,L, 	(30-MAY-2025 15:48:37)
2,41 , 0,0,222033,0,L, 	(30-MAY-2025 15:48:37)
2,41 , 0,0,222033,0,L, 	(30-MAY-2025 15:48:37)
2,41 , 0,0,222033,0,L, 	(30-MAY-2025 15:48:37)
2,41 , 0,0,222033,0,L, 	(30-MAY-2025 15:48:37)
2,41 , 0,0,222033,0,L, 	(30-MAY-2025 15:48:37)
2,41 , 0,0,222033,0,L, 	(30-MAY-2025 15:48:37)
2,41 , 0,0,222033,0,L, 	(30-MAY-2025 15:48:37)
2,41 , 0,0,222033,0,L, 	(30-MAY-2025 15:48:37)
2,41 , 0,0,222033,0,L, 	(30-MAY-2025 15:48:37)
2,41 , 0,0,222033,0,L, 	(30-MAY-2025 15:48:37)
2,41 , 0,0,222033,0,L, 	(30-MAY-2025 15:48:37)
2,41 , 0,0,222033,0,L, 	(30-MAY-2025 15:48:37)
2,41 , 0,0,222034,0,L, 	(30-MAY-2025 15:48:37)
2,41 , 0,0,222034,0,L, 	(30-MAY-2025 15:48:37)
2,41 , 0,0,222034,0,L, 	(30-MAY-2025 15:48:37)
2,41 , 0,0,222034,0,L, 	(30-MAY-2025 15:48:37)
2,41 , 0,0,222034,0,L, 	(30-MAY-2025 15:48:37)
2,41 , 0,0,222034,0,L, 	(30-MAY-2025 15:48:37)
2,41 , 0,0,222034,0,L, 	(30-MAY-2025 15:48:37)
2,41 , 0,0,222034,0,L, 	(30-MAY-2025 15:48:37)
2,41 , 0,0,222034,0,L, 	(30-MAY-2025 15:48:37)
2,41 , 0,0,222034,0,L, 	(30-MAY-2025 15:48:37)
2,41 , 0,0,222034,0,L, 	(30-MAY-2025 15:48:37)
2,41 , 0,0,222034,0,L, 	(30-MAY-2025 15:48:37)
2,41 , 0,0,222034,0,L, 	(30-MAY-2025 15:48:37)
2,41 , 0,0,222034,0,L, 	(30-MAY-2025 15:48:37)
2,41 , 0,0,222034,0,L, 	(30-MAY-2025 15:48:37)
2,41 , 0,0,222034,0,L, 	(30-MAY-2025 15:48:37)
2,41 , 0,0,222034,0,L, 	(30-MAY-2025 15:48:37)
2,41 , 0,0,222034,0,L, 	(30-MAY-2025 15:48:37)
2,41 , 0,0,222034,0,L, 	(30-MAY-2025 15:48:37)
2,41 , 0,0,222034,0,L, 	(30-MAY-2025 15:48:37)
2,41 , 0,0,222034,0,L, 	(30-MAY-2025 15:48:37)
2,41 , 0,0,222034,0,L, 	(30-MAY-2025 15:48:37)
2,41 , 0,0,222034,0,L, 	(30-MAY-2025 15:48:37)
2,41 , 0,0,222034,0,L, 	(30-MAY-2025 15:48:37)
2,41 , 0,0,222034,0,L, 	(30-MAY-2025 15:48:37)
2,41 , 0,0,222034,0,L, 	(30-MAY-2025 15:48:37)
2,41 , 0,0,222034,0,L, 	(30-MAY-2025 15:48:37)
2,41 , 0,0,222034,0,L, 	(30-MAY-2025 15:48:37)
2,41 , 0,0,222034,0,L, 	(30-MAY-2025 15:48:37)
2,41 , 0,0,222034,0,L, 	(30-MAY-2025 15:48:37)
2,41 , 0,0,222034,0,L, 	(30-MAY-2025 15:48:37)
2,41 , 0,0,222035,0,L, 	(30-MAY-2025 15:48:37)
2,41 , 0,0,222035,0,L, 	(30-MAY-2025 15:48:37)
2,41 , 0,0,222035,0,L, 	(30-MAY-2025 15:48:37)
2,41 , 0,0,222035,0,L, 	(30-MAY-2025 15:48:37)
2,41 , 0,0,222035,0,L, 	(30-MAY-2025 15:48:37)
2,41 , 0,0,222035,0,L, 	(30-MAY-2025 15:48:37)
2,41 , 0,0,222035,0,L, 	(30-MAY-2025 15:48:37)
2,41 , 0,0,222035,0,L, 	(30-MAY-2025 15:48:37)
2,41 , 0,0,222035,0,L, 	(30-MAY-2025 15:48:37)
2,41 , 0,0,222035,0,L, 	(30-MAY-2025 15:48:37)
2,41 , 0,0,222035,0,L, 	(30-MAY-2025 15:48:37)
2,41 , 0,0,222035,0,L, 	(30-MAY-2025 15:48:37)
2,41 , 0,0,222035,0,L, 	(30-MAY-2025 15:48:37)
2,41 , 0,0,222035,0,L, 	(30-MAY-2025 15:48:37)
2,41 , 0,0,222035,0,L, 	(30-MAY-2025 15:48:37)
2,41 , 0,0,222035,0,L, 	(30-MAY-2025 15:48:37)
2,41 , 0,0,222035,0,L, 	(30-MAY-2025 15:48:37)
2,41 , 0,0,222035,0,L, 	(30-MAY-2025 15:48:37)
2,41 , 0,0,222035,0,L, 	(30-MAY-2025 15:48:37)
2,41 , 0,0,222035,0,L, 	(30-MAY-2025 15:48:37)
2,41 , 0,0,222035,0,L, 	(30-MAY-2025 15:48:37)
2,41 , 0,0,222035,0,L, 	(30-MAY-2025 15:48:37)
2,41 , 0,0,222035,0,L, 	(30-MAY-2025 15:48:37)
2,41 , 0,0,222035,0,L, 	(30-MAY-2025 15:48:37)
2,41 , 0,0,222035,0,L, 	(30-MAY-2025 15:48:37)
2,41 , 0,0,222035,0,L, 	(30-MAY-2025 15:48:37)
2,41 , 0,0,222035,0,L, 	(30-MAY-2025 15:48:37)
2,41 , 0,0,222035,0,L, 	(30-MAY-2025 15:48:37)
2,41 , 0,0,222035,0,L, 	(30-MAY-2025 15:48:37)
2,41 , 0,0,222035,0,L, 	(30-MAY-2025 15:48:37)
2,41 , 0,0,222035,0,L, 	(30-MAY-2025 15:48:37)
2,41 , 0,0,222031,0,L, 	(30-MAY-2025 15:48:37)
2,41 , 0,0,222031,0,L, 	(30-MAY-2025 15:48:37)
2,41 , 0,0,222031,0,L, 	(30-MAY-2025 15:48:37)
2,41 , 0,0,222031,0,L, 	(30-MAY-2025 15:48:37)
2,41 , 0,0,222031,0,L, 	(30-MAY-2025 15:48:37)
2,41 , 0,0,222031,0,L, 	(30-MAY-2025 15:48:37)
2,41 , 0,0,222031,0,L, 	(30-MAY-2025 15:48:37)
2,41 , 0,0,222031,0,L, 	(30-MAY-2025 15:48:37)
2,41 , 0,0,222031,0,L, 	(30-MAY-2025 15:48:37)
2,41 , 0,0,222031,0,L, 	(30-MAY-2025 15:48:37)
2,41 , 0,0,222031,0,L, 	(30-MAY-2025 15:48:37)
2,41 , 0,0,222031,0,L, 	(30-MAY-2025 15:48:37)
2,41 , 0,0,222031,0,L, 	(30-MAY-2025 15:48:37)
2,41 , 0,0,222031,0,L, 	(30-MAY-2025 15:48:37)
2,41 , 0,0,222031,0,L, 	(30-MAY-2025 15:48:37)
2,41 , 0,0,222031,0,L, 	(30-MAY-2025 15:48:37)
2,41 , 0,0,222031,0,L, 	(30-MAY-2025 15:48:37)
2,41 , 0,0,222031,0,L, 	(30-MAY-2025 15:48:37)
2,41 , 0,0,222031,0,L, 	(30-MAY-2025 15:48:37)
2,41 , 0,0,222031,0,L, 	(30-MAY-2025 15:48:37)
2,41 , 0,0,222031,0,L, 	(30-MAY-2025 15:48:37)
2,41 , 0,0,222031,0,L, 	(30-MAY-2025 15:48:37)
2,41 , 0,0,222031,0,L, 	(30-MAY-2025 15:48:37)
2,41 , 0,0,222031,0,L, 	(30-MAY-2025 15:48:37)
2,41 , 0,0,222031,0,L, 	(30-MAY-2025 15:48:37)
2,41 , 0,0,222031,0,L, 	(30-MAY-2025 15:48:37)
2,41 , 0,0,222031,0,L, 	(30-MAY-2025 15:48:37)
2,41 , 0,0,222031,0,L, 	(30-MAY-2025 15:48:37)
2,41 , 0,0,222031,0,L, 	(30-MAY-2025 15:48:37)
2,41 , 0,0,222031,0,L, 	(30-MAY-2025 15:48:37)
2,41 , 0,0,222031,0,L, 	(30-MAY-2025 15:48:37)
2,41 , 0,0,222031,0,L, 	(30-MAY-2025 15:48:37)
2,41 , 0,0,222031,0,L, 	(30-MAY-2025 15:48:37)
2,41 , 0,0,222031,0,L, 	(30-MAY-2025 15:48:37)
2,41 , 0,0,222031,0,L, 	(30-MAY-2025 15:48:37)
2,41 , 0,0,222031,0,L, 	(30-MAY-2025 15:48:37)
2,41 , 0,0,222031,0,L, 	(30-MAY-2025 15:48:37)
2,41 , 0,0,222031,0,L, 	(30-MAY-2025 15:48:37)
2,41 , 0,0,222031,0,L, 	(30-MAY-2025 15:48:37)
2,41 , 0,0,222031,0,L, 	(30-MAY-2025 15:48:37)
2,41 , 0,0,222031,0,L, 	(30-MAY-2025 15:48:37)
2,41 , 0,0,222031,0,L, 	(30-MAY-2025 15:48:37)
2,41 , 0,0,222031,0,L, 	(30-MAY-2025 15:48:37)
2,41 , 0,0,222031,0,L, 	(30-MAY-2025 15:48:37)
2,41 , 0,0,222031,0,L, 	(30-MAY-2025 15:48:37)
2,41 , 0,0,222031,0,L, 	(30-MAY-2025 15:48:37)
2,41 , 0,0,222036,0,L, 	(30-MAY-2025 15:48:37)
2,41 , 0,0,222036,0,L, 	(30-MAY-2025 15:48:37)
2,41 , 0,0,222036,0,L, 	(30-MAY-2025 15:48:37)
2,41 , 0,0,222036,0,L, 	(30-MAY-2025 15:48:37)
2,41 , 0,0,222036,0,L, 	(30-MAY-2025 15:48:37)
2,41 , 0,0,222036,0,L, 	(30-MAY-2025 15:48:37)
2,41 , 0,0,222036,0,L, 	(30-MAY-2025 15:48:37)
2,41 , 0,0,223092,0,L, 	(30-MAY-2025 15:48:37)
2,41 , 0,0,223092,0,L, 	(30-MAY-2025 15:48:37)
2,41 , 0,0,223092,0,L, 	(30-MAY-2025 15:48:37)
2,41 , 0,0,223092,0,L, 	(30-MAY-2025 15:48:37)
2,41 , 0,0,223092,0,L, 	(30-MAY-2025 15:48:37)
2,41 , 0,0,223092,0,L, 	(30-MAY-2025 15:48:37)
2,41 , 0,0,223092,0,L, 	(30-MAY-2025 15:48:37)
2,41 , 0,0,223092,0,L, 	(30-MAY-2025 15:48:37)
2,41 , 0,0,223092,0,L, 	(30-MAY-2025 15:48:37)
2,41 , 0,0,223092,0,L, 	(30-MAY-2025 15:48:37)
2,41 , 0,0,223092,0,L, 	(30-MAY-2025 15:48:37)
2,41 , 0,0,223092,0,L, 	(30-MAY-2025 15:48:37)
2,41 , 0,0,223092,0,L, 	(30-MAY-2025 15:48:37)
2,41 , 0,0,223092,0,L, 	(30-MAY-2025 15:48:37)
2,41 , 0,0,223092,0,L, 	(30-MAY-2025 15:48:37)
2,41 , 0,0,223092,1,L, 	(30-MAY-2025 15:48:37)
2,41 , 0,0,223092,1,L, 	(30-MAY-2025 15:48:37)
2,41 , 0,0,223092,1,L, 	(30-MAY-2025 15:48:37)
2,41 , 0,0,223092,1,L, 	(30-MAY-2025 15:48:37)
2,41 , 0,0,223092,1,L, 	(30-MAY-2025 15:48:37)
2,41 , 0,0,223092,1,L, 	(30-MAY-2025 15:48:37)
2,41 , 0,0,223092,1,L, 	(30-MAY-2025 15:48:37)
2,41 , 0,0,223092,1,L, 	(30-MAY-2025 15:48:37)
2,41 , 0,0,223092,1,L, 	(30-MAY-2025 15:48:37)
2,41 , 0,0,223092,1,L, 	(30-MAY-2025 15:48:37)
2,41 , 0,0,223092,1,L, 	(30-MAY-2025 15:48:37)
2,41 , 0,0,223092,1,L, 	(30-MAY-2025 15:48:37)
2,41 , 0,0,223092,1,L, 	(30-MAY-2025 15:48:37)
2,41 , 0,0,223092,1,L, 	(30-MAY-2025 15:48:37)
2,41 , 0,0,223092,1,L, 	(30-MAY-2025 15:48:37)
2,41 , 0,0,224018,0,L, 	(30-MAY-2025 15:48:37)
2,41 , 0,0,224018,0,L, 	(30-MAY-2025 15:48:37)
2,41 , 0,0,224018,0,L, 	(30-MAY-2025 15:48:37)
2,41 , 0,0,224018,0,L, 	(30-MAY-2025 15:48:37)
2,41 , 0,0,224018,0,L, 	(30-MAY-2025 15:48:37)
2,41 , 0,0,224018,0,L, 	(30-MAY-2025 15:48:37)
2,41 , 0,0,224018,0,L, 	(30-MAY-2025 15:48:37)
2,41 , 0,0,224018,0,L, 	(30-MAY-2025 15:48:37)
2,41 , 0,0,224018,0,L, 	(30-MAY-2025 15:48:37)
2,41 , 0,0,224018,0,L, 	(30-MAY-2025 15:48:37)
2,41 , 0,0,224018,0,L, 	(30-MAY-2025 15:48:37)
2,41 , 0,0,224018,0,L, 	(30-MAY-2025 15:48:37)
2,41 , 0,0,224018,0,L, 	(30-MAY-2025 15:48:37)
2,41 , 0,0,224018,0,L, 	(30-MAY-2025 15:48:37)
2,41 , 0,0,224018,0,L, 	(30-MAY-2025 15:48:37)
2,41 , 0,0,224018,0,L, 	(30-MAY-2025 15:48:37)
2,41 , 0,0,224018,0,L, 	(30-MAY-2025 15:48:37)
2,41 , 0,0,224018,0,L, 	(30-MAY-2025 15:48:37)
2,41 , 0,0,224018,0,L, 	(30-MAY-2025 15:48:37)
2,41 , 0,0,224018,0,L, 	(30-MAY-2025 15:48:37)
2,41 , 0,0,224018,0,L, 	(30-MAY-2025 15:48:37)
2,41 , 0,0,224018,0,L, 	(30-MAY-2025 15:48:37)
2,41 , 0,0,224018,0,L, 	(30-MAY-2025 15:48:37)
2,41 , 0,0,224018,0,L, 	(30-MAY-2025 15:48:37)
2,41 , 0,0,224018,0,L, 	(30-MAY-2025 15:48:37)
2,41 , 0,0,224018,0,L, 	(30-MAY-2025 15:48:37)
2,41 , 0,0,224018,0,L, 	(30-MAY-2025 15:48:37)
2,41 , 0,0,224018,0,L, 	(30-MAY-2025 15:48:37)
2,41 , 0,0,224018,0,L, 	(30-MAY-2025 15:48:37)
2,41 , 0,0,224018,0,L, 	(30-MAY-2025 15:48:37)
2,41 , 0,0,224018,0,L, 	(30-MAY-2025 15:48:37)
2,41 , 0,0,224019,0,L, 	(30-MAY-2025 15:48:37)
2,41 , 0,0,224019,0,L, 	(30-MAY-2025 15:48:37)
2,41 , 0,0,224019,0,L, 	(30-MAY-2025 15:48:37)
2,41 , 0,0,224019,0,L, 	(30-MAY-2025 15:48:37)
2,41 , 0,0,224019,0,L, 	(30-MAY-2025 15:48:37)
2,41 , 0,0,224019,0,L, 	(30-MAY-2025 15:48:37)
2,41 , 0,0,224019,0,L, 	(30-MAY-2025 15:48:37)
2,41 , 0,0,224019,0,L, 	(30-MAY-2025 15:48:37)
2,41 , 0,0,224019,0,L, 	(30-MAY-2025 15:48:37)
2,41 , 0,0,224019,0,L, 	(30-MAY-2025 15:48:37)
2,41 , 0,0,224019,0,L, 	(30-MAY-2025 15:48:37)
2,41 , 0,0,224019,0,L, 	(30-MAY-2025 15:48:37)
2,41 , 0,0,224019,0,L, 	(30-MAY-2025 15:48:37)
2,41 , 0,0,224019,0,L, 	(30-MAY-2025 15:48:37)
2,41 , 0,0,224019,0,L, 	(30-MAY-2025 15:48:37)
2,41 , 0,0,224019,0,L, 	(30-MAY-2025 15:48:37)
2,41 , 0,0,224019,0,L, 	(30-MAY-2025 15:48:37)
2,41 , 0,0,224019,0,L, 	(30-MAY-2025 15:48:37)
2,41 , 0,0,224019,0,L, 	(30-MAY-2025 15:48:37)
2,41 , 0,0,224019,0,L, 	(30-MAY-2025 15:48:37)
2,41 , 0,0,224019,0,L, 	(30-MAY-2025 15:48:37)
2,41 , 0,0,224019,0,L, 	(30-MAY-2025 15:48:37)
2,41 , 0,0,224019,0,L, 	(30-MAY-2025 15:48:37)
2,41 , 0,0,224019,0,L, 	(30-MAY-2025 15:48:37)
2,41 , 0,0,224019,0,L, 	(30-MAY-2025 15:48:37)
2,41 , 0,0,224019,0,L, 	(30-MAY-2025 15:48:37)
2,41 , 0,0,224019,0,L, 	(30-MAY-2025 15:48:37)
2,41 , 0,0,224019,0,L, 	(30-MAY-2025 15:48:37)
2,41 , 0,0,224019,0,L, 	(30-MAY-2025 15:48:37)
2,41 , 0,0,224019,0,L, 	(30-MAY-2025 15:48:37)
2,41 , 0,0,224019,0,L, 	(30-MAY-2025 15:48:37)
2,41 , 0,0,224020,0,L, 	(30-MAY-2025 15:48:37)
2,41 , 0,0,224020,0,L, 	(30-MAY-2025 15:48:37)
2,41 , 0,0,224020,0,L, 	(30-MAY-2025 15:48:37)
2,41 , 0,0,224020,0,L, 	(30-MAY-2025 15:48:37)
2,41 , 0,0,224020,0,L, 	(30-MAY-2025 15:48:37)
2,41 , 0,0,224020,0,L, 	(30-MAY-2025 15:48:37)
2,41 , 0,0,224020,0,L, 	(30-MAY-2025 15:48:37)
2,41 , 0,0,224020,0,L, 	(30-MAY-2025 15:48:37)
2,41 , 0,0,224020,0,L, 	(30-MAY-2025 15:48:37)
2,41 , 0,0,224020,0,L, 	(30-MAY-2025 15:48:37)
2,41 , 0,0,224020,0,L, 	(30-MAY-2025 15:48:37)
2,41 , 0,0,224020,0,L, 	(30-MAY-2025 15:48:37)
2,41 , 0,0,224020,0,L, 	(30-MAY-2025 15:48:37)
2,41 , 0,0,224020,0,L, 	(30-MAY-2025 15:48:37)
2,41 , 0,0,224020,0,L, 	(30-MAY-2025 15:48:37)
2,41 , 0,0,224020,0,L, 	(30-MAY-2025 15:48:37)
2,41 , 0,0,224020,0,L, 	(30-MAY-2025 15:48:37)
2,41 , 0,0,224020,0,L, 	(30-MAY-2025 15:48:37)
2,41 , 0,0,224020,0,L, 	(30-MAY-2025 15:48:37)
2,41 , 0,0,224020,0,L, 	(30-MAY-2025 15:48:37)
2,41 , 0,0,224020,0,L, 	(30-MAY-2025 15:48:37)
2,41 , 0,0,224020,0,L, 	(30-MAY-2025 15:48:37)
2,41 , 0,0,224020,0,L, 	(30-MAY-2025 15:48:37)
2,41 , 0,0,224020,0,L, 	(30-MAY-2025 15:48:37)
2,41 , 0,0,224020,0,L, 	(30-MAY-2025 15:48:37)
2,41 , 0,0,224020,0,L, 	(30-MAY-2025 15:48:37)
2,41 , 0,0,224020,0,L, 	(30-MAY-2025 15:48:37)
2,41 , 0,0,224020,0,L, 	(30-MAY-2025 15:48:37)
2,41 , 0,0,224020,0,L, 	(30-MAY-2025 15:48:37)
2,41 , 0,0,224020,0,L, 	(30-MAY-2025 15:48:37)
2,41 , 0,0,224020,0,L, 	(30-MAY-2025 15:48:37)
2,41 , 0,0,225004,0,L, 	(30-MAY-2025 15:48:37)
2,41 , 0,0,225004,0,L, 	(30-MAY-2025 15:48:37)
2,41 , 0,0,225004,0,L, 	(30-MAY-2025 15:48:37)
2,41 , 0,0,225004,0,L, 	(30-MAY-2025 15:48:37)
2,41 , 0,0,225004,0,L, 	(30-MAY-2025 15:48:37)
2,41 , 0,0,225004,0,L, 	(30-MAY-2025 15:48:37)
2,41 , 0,0,225004,0,L, 	(30-MAY-2025 15:48:37)
2,41 , 0,0,225004,0,L, 	(30-MAY-2025 15:48:37)
2,41 , 0,0,225004,0,L, 	(30-MAY-2025 15:48:37)
2,41 , 0,0,225004,0,L, 	(30-MAY-2025 15:48:37)
2,41 , 0,0,225004,0,L, 	(30-MAY-2025 15:48:37)
2,41 , 0,0,225004,0,L, 	(30-MAY-2025 15:48:37)
2,41 , 0,0,225004,0,L, 	(30-MAY-2025 15:48:37)
2,41 , 0,0,225004,0,L, 	(30-MAY-2025 15:48:37)
2,41 , 0,0,225004,0,L, 	(30-MAY-2025 15:48:37)
2,41 , 0,0,225004,0,L, 	(30-MAY-2025 15:48:37)
2,41 , 0,0,225004,0,L, 	(30-MAY-2025 15:48:37)
2,41 , 0,0,225004,0,L, 	(30-MAY-2025 15:48:37)
2,41 , 0,0,225004,0,L, 	(30-MAY-2025 15:48:37)
2,41 , 0,0,225004,0,L, 	(30-MAY-2025 15:48:37)
2,41 , 0,0,225004,0,L, 	(30-MAY-2025 15:48:37)
2,41 , 0,0,225004,0,L, 	(30-MAY-2025 15:48:37)
2,41 , 0,0,225004,0,L, 	(30-MAY-2025 15:48:37)
2,41 , 0,0,225004,0,L, 	(30-MAY-2025 15:48:37)
2,41 , 0,0,225004,0,L, 	(30-MAY-2025 15:48:37)
2,41 , 0,0,225004,0,L, 	(30-MAY-2025 15:48:37)
2,41 , 0,0,225004,0,L, 	(30-MAY-2025 15:48:37)
2,41 , 0,0,225004,0,L, 	(30-MAY-2025 15:48:37)
2,41 , 0,0,225004,0,L, 	(30-MAY-2025 15:48:37)
2,41 , 0,0,225004,0,L, 	(30-MAY-2025 15:48:37)
2,41 , 0,0,225004,0,L, 	(30-MAY-2025 15:48:37)
2,41 , 0,0,225005,0,L, 	(30-MAY-2025 15:48:37)
2,41 , 0,0,225005,0,L, 	(30-MAY-2025 15:48:37)
2,41 , 0,0,225005,0,L, 	(30-MAY-2025 15:48:37)
2,41 , 0,0,225005,0,L, 	(30-MAY-2025 15:48:37)
2,41 , 0,0,225005,0,L, 	(30-MAY-2025 15:48:37)
2,41 , 0,0,225005,0,L, 	(30-MAY-2025 15:48:37)
2,41 , 0,0,225005,0,L, 	(30-MAY-2025 15:48:37)
2,41 , 0,0,225005,0,L, 	(30-MAY-2025 15:48:37)
2,41 , 0,0,225005,0,L, 	(30-MAY-2025 15:48:37)
2,41 , 0,0,225005,0,L, 	(30-MAY-2025 15:48:37)
2,41 , 0,0,225005,0,L, 	(30-MAY-2025 15:48:37)
2,41 , 0,0,225005,0,L, 	(30-MAY-2025 15:48:37)
2,41 , 0,0,225005,0,L, 	(30-MAY-2025 15:48:37)
2,41 , 0,0,225005,0,L, 	(30-MAY-2025 15:48:37)
2,41 , 0,0,225005,0,L, 	(30-MAY-2025 15:48:37)
2,41 , 0,0,225005,0,L, 	(30-MAY-2025 15:48:37)
2,41 , 0,0,225005,0,L, 	(30-MAY-2025 15:48:37)
2,41 , 0,0,225005,0,L, 	(30-MAY-2025 15:48:37)
2,41 , 0,0,225005,0,L, 	(30-MAY-2025 15:48:37)
2,41 , 0,0,225005,0,L, 	(30-MAY-2025 15:48:37)
2,41 , 0,0,225005,0,L, 	(30-MAY-2025 15:48:37)
2,41 , 0,0,225005,0,L, 	(30-MAY-2025 15:48:37)
2,41 , 0,0,225005,0,L, 	(30-MAY-2025 15:48:37)
2,41 , 0,0,225005,0,L, 	(30-MAY-2025 15:48:37)
2,41 , 0,0,225005,0,L, 	(30-MAY-2025 15:48:37)
2,41 , 0,0,225005,0,L, 	(30-MAY-2025 15:48:37)
2,41 , 0,0,225005,0,L, 	(30-MAY-2025 15:48:37)
2,41 , 0,0,225005,0,L, 	(30-MAY-2025 15:48:37)
2,41 , 0,0,225005,0,L, 	(30-MAY-2025 15:48:37)
2,41 , 0,0,225005,0,L, 	(30-MAY-2025 15:48:37)
2,41 , 0,0,225005,0,L, 	(30-MAY-2025 15:48:37)
2,41 , 0,0,225006,0,L, 	(30-MAY-2025 15:48:37)
2,41 , 0,0,225006,0,L, 	(30-MAY-2025 15:48:37)
2,41 , 0,0,225006,0,L, 	(30-MAY-2025 15:48:37)
2,41 , 0,0,225006,0,L, 	(30-MAY-2025 15:48:37)
2,41 , 0,0,225006,0,L, 	(30-MAY-2025 15:48:37)
2,41 , 0,0,225006,0,L, 	(30-MAY-2025 15:48:37)
2,41 , 0,0,225006,0,L, 	(30-MAY-2025 15:48:37)
2,41 , 0,0,225006,0,L, 	(30-MAY-2025 15:48:37)
2,41 , 0,0,225006,0,L, 	(30-MAY-2025 15:48:37)
2,41 , 0,0,225006,0,L, 	(30-MAY-2025 15:48:37)
2,41 , 0,0,225006,0,L, 	(30-MAY-2025 15:48:37)
2,41 , 0,0,225006,0,L, 	(30-MAY-2025 15:48:37)
2,41 , 0,0,225006,0,L, 	(30-MAY-2025 15:48:37)
2,41 , 0,0,225006,0,L, 	(30-MAY-2025 15:48:37)
2,41 , 0,0,225006,0,L, 	(30-MAY-2025 15:48:37)
2,41 , 0,0,225006,0,L, 	(30-MAY-2025 15:48:37)
2,41 , 0,0,225006,0,L, 	(30-MAY-2025 15:48:37)
2,41 , 0,0,225006,0,L, 	(30-MAY-2025 15:48:37)
2,41 , 0,0,225006,0,L, 	(30-MAY-2025 15:48:37)
2,41 , 0,0,225006,0,L, 	(30-MAY-2025 15:48:37)
2,41 , 0,0,225006,0,L, 	(30-MAY-2025 15:48:37)
2,41 , 0,0,225006,0,L, 	(30-MAY-2025 15:48:37)
2,41 , 0,0,225006,0,L, 	(30-MAY-2025 15:48:37)
2,41 , 0,0,225006,0,L, 	(30-MAY-2025 15:48:37)
2,41 , 0,0,225006,0,L, 	(30-MAY-2025 15:48:37)
2,41 , 0,0,225006,0,L, 	(30-MAY-2025 15:48:37)
2,41 , 0,0,225006,0,L, 	(30-MAY-2025 15:48:37)
2,41 , 0,0,225006,0,L, 	(30-MAY-2025 15:48:37)
2,41 , 0,0,225006,0,L, 	(30-MAY-2025 15:48:37)
2,41 , 0,0,225006,0,L, 	(30-MAY-2025 15:48:37)
2,41 , 0,0,225007,0,L, 	(30-MAY-2025 15:48:37)
2,41 , 0,0,225007,0,L, 	(30-MAY-2025 15:48:37)
2,41 , 0,0,225007,0,L, 	(30-MAY-2025 15:48:37)
2,41 , 0,0,225007,0,L, 	(30-MAY-2025 15:48:37)
2,41 , 0,0,225007,0,L, 	(30-MAY-2025 15:48:37)
2,41 , 0,0,225007,0,L, 	(30-MAY-2025 15:48:37)
2,41 , 0,0,225007,0,L, 	(30-MAY-2025 15:48:37)
2,41 , 0,0,225007,0,L, 	(30-MAY-2025 15:48:37)
2,41 , 0,0,225007,0,L, 	(30-MAY-2025 15:48:37)
2,41 , 0,0,225007,0,L, 	(30-MAY-2025 15:48:37)
2,41 , 0,0,225007,0,L, 	(30-MAY-2025 15:48:37)
2,41 , 0,0,225007,0,L, 	(30-MAY-2025 15:48:37)
2,41 , 0,0,225007,0,L, 	(30-MAY-2025 15:48:37)
2,41 , 0,0,225007,0,L, 	(30-MAY-2025 15:48:37)
2,41 , 0,0,225007,0,L, 	(30-MAY-2025 15:48:37)
2,41 , 0,0,225007,0,L, 	(30-MAY-2025 15:48:37)
2,41 , 0,0,225007,0,L, 	(30-MAY-2025 15:48:37)
2,41 , 0,0,225007,0,L, 	(30-MAY-2025 15:48:37)
2,41 , 0,0,225007,0,L, 	(30-MAY-2025 15:48:37)
2,41 , 0,0,225007,0,L, 	(30-MAY-2025 15:48:37)
2,41 , 0,0,225007,0,L, 	(30-MAY-2025 15:48:37)
2,41 , 0,0,225007,0,L, 	(30-MAY-2025 15:48:37)
2,41 , 0,0,225007,0,L, 	(30-MAY-2025 15:48:37)
2,41 , 0,0,225007,0,L, 	(30-MAY-2025 15:48:37)
2,41 , 0,0,225007,0,L, 	(30-MAY-2025 15:48:37)
2,41 , 0,0,225007,0,L, 	(30-MAY-2025 15:48:37)
2,41 , 0,0,225007,0,L, 	(30-MAY-2025 15:48:37)
2,41 , 0,0,225007,0,L, 	(30-MAY-2025 15:48:37)
2,41 , 0,0,225007,0,L, 	(30-MAY-2025 15:48:37)
2,41 , 0,0,225007,0,L, 	(30-MAY-2025 15:48:37)
2,41 , 0,0,223093,0,L, 	(30-MAY-2025 15:48:37)
2,41 , 0,0,223093,0,L, 	(30-MAY-2025 15:48:37)
2,41 , 0,0,223093,0,L, 	(30-MAY-2025 15:48:37)
2,41 , 0,0,223093,0,L, 	(30-MAY-2025 15:48:37)
2,41 , 0,0,223093,0,L, 	(30-MAY-2025 15:48:37)
2,41 , 0,0,223093,0,L, 	(30-MAY-2025 15:48:37)
2,41 , 0,0,223093,0,L, 	(30-MAY-2025 15:48:37)
2,41 , 0,0,223093,0,L, 	(30-MAY-2025 15:48:37)
2,41 , 0,0,223093,0,L, 	(30-MAY-2025 15:48:37)
2,41 , 0,0,223093,0,L, 	(30-MAY-2025 15:48:37)
2,41 , 0,0,223093,0,L, 	(30-MAY-2025 15:48:37)
2,41 , 0,0,223093,0,L, 	(30-MAY-2025 15:48:37)
2,41 , 0,0,223093,0,L, 	(30-MAY-2025 15:48:37)
2,41 , 0,0,223093,0,L, 	(30-MAY-2025 15:48:37)
2,41 , 0,0,223093,0,L, 	(30-MAY-2025 15:48:37)
2,41 , 0,0,223093,0,L, 	(30-MAY-2025 15:48:37)
2,41 , 0,0,223093,0,L, 	(30-MAY-2025 15:48:37)
2,41 , 0,0,223093,0,L, 	(30-MAY-2025 15:48:37)
2,41 , 0,0,223093,0,L, 	(30-MAY-2025 15:48:37)
2,41 , 0,0,223093,0,L, 	(30-MAY-2025 15:48:37)
2,41 , 0,0,223093,0,L, 	(30-MAY-2025 15:48:37)
2,41 , 0,0,223093,0,L, 	(30-MAY-2025 15:48:37)
2,41 , 0,0,223093,0,L, 	(30-MAY-2025 15:48:37)
2,41 , 0,0,223093,0,L, 	(30-MAY-2025 15:48:37)
2,41 , 0,0,223093,0,L, 	(30-MAY-2025 15:48:37)
2,41 , 0,0,223093,0,L, 	(30-MAY-2025 15:48:37)
2,41 , 0,0,223093,0,L, 	(30-MAY-2025 15:48:37)
2,41 , 0,0,223093,0,L, 	(30-MAY-2025 15:48:37)
2,41 , 0,0,223093,0,L, 	(30-MAY-2025 15:48:37)
2,41 , 0,0,223093,0,L, 	(30-MAY-2025 15:48:37)
2,41 , 0,0,223093,0,L, 	(30-MAY-2025 15:48:37)
2,41 , 0,0,224022,0,L, 	(30-MAY-2025 15:48:37)
2,41 , 0,0,224022,0,L, 	(30-MAY-2025 15:48:37)
2,41 , 0,0,224022,0,L, 	(30-MAY-2025 15:48:37)
2,41 , 0,0,224022,0,L, 	(30-MAY-2025 15:48:37)
2,41 , 0,0,224022,0,L, 	(30-MAY-2025 15:48:37)
2,41 , 0,0,224022,0,L, 	(30-MAY-2025 15:48:37)
2,41 , 0,0,224022,0,L, 	(30-MAY-2025 15:48:37)
2,41 , 0,0,224022,0,L, 	(30-MAY-2025 15:48:37)
2,41 , 0,0,224022,0,L, 	(30-MAY-2025 15:48:37)
2,41 , 0,0,224022,0,L, 	(30-MAY-2025 15:48:37)
2,41 , 0,0,224022,0,L, 	(30-MAY-2025 15:48:37)
2,41 , 0,0,224022,0,L, 	(30-MAY-2025 15:48:37)
2,41 , 0,0,224022,0,L, 	(30-MAY-2025 15:48:37)
2,41 , 0,0,224022,0,L, 	(30-MAY-2025 15:48:37)
2,41 , 0,0,224022,0,L, 	(30-MAY-2025 15:48:37)
2,41 , 0,0,224022,0,L, 	(30-MAY-2025 15:48:37)
2,41 , 0,0,224022,0,L, 	(30-MAY-2025 15:48:37)
2,41 , 0,0,224022,0,L, 	(30-MAY-2025 15:48:37)
2,41 , 0,0,224022,0,L, 	(30-MAY-2025 15:48:37)
2,41 , 0,0,224022,0,L, 	(30-MAY-2025 15:48:37)
2,41 , 0,0,224022,0,L, 	(30-MAY-2025 15:48:37)
2,41 , 0,0,224022,0,L, 	(30-MAY-2025 15:48:37)
2,41 , 0,0,224022,0,L, 	(30-MAY-2025 15:48:37)
2,41 , 0,0,224022,0,L, 	(30-MAY-2025 15:48:37)
2,41 , 0,0,224022,0,L, 	(30-MAY-2025 15:48:37)
2,41 , 0,0,224022,0,L, 	(30-MAY-2025 15:48:37)
2,41 , 0,0,224022,0,L, 	(30-MAY-2025 15:48:37)
2,41 , 0,0,224022,0,L, 	(30-MAY-2025 15:48:37)
2,41 , 0,0,224022,0,L, 	(30-MAY-2025 15:48:37)
2,41 , 0,0,224022,0,L, 	(30-MAY-2025 15:48:37)
2,41 , 0,0,224022,0,L, 	(30-MAY-2025 15:48:37)
2,41 , 0,0,222037,0,L, 	(30-MAY-2025 15:48:37)
2,41 , 0,0,222037,0,L, 	(30-MAY-2025 15:48:37)
2,41 , 0,0,222037,0,L, 	(30-MAY-2025 15:48:37)
2,41 , 0,0,222037,0,L, 	(30-MAY-2025 15:48:37)
2,41 , 0,0,222037,0,L, 	(30-MAY-2025 15:48:37)
2,41 , 0,0,222037,0,L, 	(30-MAY-2025 15:48:37)
2,41 , 0,0,222037,0,L, 	(30-MAY-2025 15:48:37)
2,41 , 0,0,222037,0,L, 	(30-MAY-2025 15:48:37)
2,41 , 0,0,222037,0,L, 	(30-MAY-2025 15:48:37)
2,41 , 0,0,222037,0,L, 	(30-MAY-2025 15:48:37)
2,41 , 0,0,222037,0,L, 	(30-MAY-2025 15:48:37)
2,41 , 0,0,222037,0,L, 	(30-MAY-2025 15:48:37)
2,41 , 0,0,222037,0,L, 	(30-MAY-2025 15:48:37)
2,41 , 0,0,222037,0,L, 	(30-MAY-2025 15:48:37)
2,41 , 0,0,222037,0,L, 	(30-MAY-2025 15:48:37)
2,41 , 0,0,224023,0,L, 	(30-MAY-2025 15:48:37)
2,41 , 0,0,224023,0,L, 	(30-MAY-2025 15:48:37)
2,41 , 0,0,224023,0,L, 	(30-MAY-2025 15:48:37)
2,41 , 0,0,224023,0,L, 	(30-MAY-2025 15:48:37)
2,41 , 0,0,224023,0,L, 	(30-MAY-2025 15:48:37)
2,41 , 0,0,224023,0,L, 	(30-MAY-2025 15:48:37)
2,41 , 0,0,224023,0,L, 	(30-MAY-2025 15:48:37)
2,41 , 0,0,224023,0,L, 	(30-MAY-2025 15:48:37)
2,41 , 0,0,224023,0,L, 	(30-MAY-2025 15:48:37)
2,41 , 0,0,224023,0,L, 	(30-MAY-2025 15:48:37)
2,41 , 0,0,224023,0,L, 	(30-MAY-2025 15:48:37)
2,41 , 0,0,224023,0,L, 	(30-MAY-2025 15:48:37)
2,41 , 0,0,224023,0,L, 	(30-MAY-2025 15:48:37)
2,41 , 0,0,224023,0,L, 	(30-MAY-2025 15:48:37)
2,41 , 0,0,224023,0,L, 	(30-MAY-2025 15:48:37)
2,41 , 0,0,224023,0,L, 	(30-MAY-2025 15:48:37)
2,41 , 0,0,224023,0,L, 	(30-MAY-2025 15:48:37)
2,41 , 0,0,224023,0,L, 	(30-MAY-2025 15:48:37)
2,41 , 0,0,224023,0,L, 	(30-MAY-2025 15:48:37)
2,41 , 0,0,224023,0,L, 	(30-MAY-2025 15:48:37)
2,41 , 0,0,224023,0,L, 	(30-MAY-2025 15:48:37)
2,41 , 0,0,224023,0,L, 	(30-MAY-2025 15:48:37)
2,41 , 0,0,224023,0,L, 	(30-MAY-2025 15:48:37)
2,41 , 0,0,224023,0,L, 	(30-MAY-2025 15:48:37)
2,41 , 0,0,224023,0,L, 	(30-MAY-2025 15:48:37)
2,41 , 0,0,224023,0,L, 	(30-MAY-2025 15:48:37)
2,41 , 0,0,224023,0,L, 	(30-MAY-2025 15:48:37)
2,41 , 0,0,224023,0,L, 	(30-MAY-2025 15:48:37)
2,41 , 0,0,224023,0,L, 	(30-MAY-2025 15:48:37)
2,41 , 0,0,224023,0,L, 	(30-MAY-2025 15:48:37)
2,41 , 0,0,224023,0,L, 	(30-MAY-2025 15:48:37)
2,41 , 0,0,122051,0,X, 	(30-MAY-2025 15:48:37)
2,41 , 0,0,122051,0,X, 	(30-MAY-2025 15:48:37)
2,41 , 0,0,122051,0,X, 	(30-MAY-2025 15:48:37)
2,41 , 0,0,122051,0,X, 	(30-MAY-2025 15:48:37)
2,41 , 0,0,122051,0,X, 	(30-MAY-2025 15:48:37)
2,41 , 0,0,122051,0,X, 	(30-MAY-2025 15:48:37)
2,41 , 0,0,122051,0,X, 	(30-MAY-2025 15:48:37)
2,41 , 0,0,122051,0,X, 	(30-MAY-2025 15:48:37)
2,41 , 0,0,122051,0,X, 	(30-MAY-2025 15:48:37)
2,41 , 0,0,122051,0,X, 	(30-MAY-2025 15:48:37)
2,41 , 0,0,122051,0,X, 	(30-MAY-2025 15:48:37)
2,41 , 0,0,122051,0,X, 	(30-MAY-2025 15:48:37)
2,41 , 0,0,122051,0,X, 	(30-MAY-2025 15:48:37)
2,41 , 0,0,122051,0,X, 	(30-MAY-2025 15:48:37)
2,41 , 0,0,122051,0,X, 	(30-MAY-2025 15:48:37)
2,41 , 0,0,122051,0,X, 	(30-MAY-2025 15:48:37)
2,41 , 0,0,122051,0,X, 	(30-MAY-2025 15:48:37)
2,41 , 0,0,122051,0,X, 	(30-MAY-2025 15:48:37)
2,41 , 0,0,122051,0,X, 	(30-MAY-2025 15:48:37)
2,41 , 0,0,122051,0,X, 	(30-MAY-2025 15:48:37)
2,41 , 0,0,122051,0,X, 	(30-MAY-2025 15:48:37)
2,41 , 0,0,122051,0,X, 	(30-MAY-2025 15:48:37)
2,41 , 0,0,122051,0,X, 	(30-MAY-2025 15:48:37)
2,41 , 0,0,122051,0,X, 	(30-MAY-2025 15:48:37)
2,41 , 0,0,122051,0,X, 	(30-MAY-2025 15:48:37)
2,41 , 0,0,122051,0,X, 	(30-MAY-2025 15:48:37)
2,41 , 0,0,122051,0,X, 	(30-MAY-2025 15:48:37)
2,41 , 0,0,122051,0,X, 	(30-MAY-2025 15:48:37)
2,41 , 0,0,122051,0,X, 	(30-MAY-2025 15:48:37)
2,41 , 0,0,122051,0,X, 	(30-MAY-2025 15:48:37)
2,41 , 0,0,122051,0,X, 	(30-MAY-2025 15:48:37)
2,42 , 0,0,223094,0,L, 	(30-MAY-2025 15:48:37)
2,42 , 0,0,223094,0,L, 	(30-MAY-2025 15:48:37)
2,42 , 0,0,223094,0,L, 	(30-MAY-2025 15:48:37)
2,42 , 0,0,223094,0,L, 	(30-MAY-2025 15:48:37)
2,42 , 0,0,223094,0,L, 	(30-MAY-2025 15:48:37)
2,42 , 0,0,223094,0,L, 	(30-MAY-2025 15:48:37)
2,42 , 0,0,223094,0,L, 	(30-MAY-2025 15:48:37)
2,42 , 0,0,223094,0,L, 	(30-MAY-2025 15:48:37)
2,42 , 0,0,223094,0,L, 	(30-MAY-2025 15:48:37)
2,42 , 0,0,223094,0,L, 	(30-MAY-2025 15:48:37)
2,42 , 0,0,223094,0,L, 	(30-MAY-2025 15:48:37)
2,42 , 0,0,223094,0,L, 	(30-MAY-2025 15:48:37)
2,42 , 0,0,223094,0,L, 	(30-MAY-2025 15:48:37)
2,42 , 0,0,223094,0,L, 	(30-MAY-2025 15:48:37)
2,42 , 0,0,223094,0,L, 	(30-MAY-2025 15:48:37)
2,42 , 0,0,223094,0,L, 	(30-MAY-2025 15:48:37)
2,42 , 0,0,223094,0,L, 	(30-MAY-2025 15:48:37)
2,42 , 0,0,223094,0,L, 	(30-MAY-2025 15:48:37)
2,42 , 0,0,223094,0,L, 	(30-MAY-2025 15:48:37)
2,42 , 0,0,223094,0,L, 	(30-MAY-2025 15:48:37)
2,42 , 0,0,223094,0,L, 	(30-MAY-2025 15:48:37)
2,42 , 0,0,223094,0,L, 	(30-MAY-2025 15:48:37)
2,42 , 0,0,223094,0,L, 	(30-MAY-2025 15:48:37)
2,42 , 0,0,223094,0,L, 	(30-MAY-2025 15:48:37)
2,42 , 0,0,223094,0,L, 	(30-MAY-2025 15:48:37)
2,42 , 0,0,223094,0,L, 	(30-MAY-2025 15:48:37)
2,42 , 0,0,223094,0,L, 	(30-MAY-2025 15:48:37)
2,42 , 0,0,223094,0,L, 	(30-MAY-2025 15:48:37)
2,42 , 0,0,223094,0,L, 	(30-MAY-2025 15:48:37)
2,42 , 0,0,223094,0,L, 	(30-MAY-2025 15:48:37)
2,42 , 0,0,223094,0,L, 	(30-MAY-2025 15:48:37)
2,42 , 0,0,223094,0,L, 	(30-MAY-2025 15:48:37)
2,42 , 0,0,223094,0,L, 	(30-MAY-2025 15:48:37)
2,42 , 0,0,223094,0,L, 	(30-MAY-2025 15:48:37)
2,42 , 0,0,223094,0,L, 	(30-MAY-2025 15:48:37)
2,42 , 0,0,223094,0,L, 	(30-MAY-2025 15:48:37)
2,42 , 0,0,223094,0,L, 	(30-MAY-2025 15:48:37)
2,42 , 0,0,223094,0,L, 	(30-MAY-2025 15:48:37)
2,42 , 0,0,223094,0,L, 	(30-MAY-2025 15:48:37)
2,42 , 0,0,223094,0,L, 	(30-MAY-2025 15:48:37)
2,42 , 0,0,223094,0,L, 	(30-MAY-2025 15:48:37)
2,42 , 0,0,223094,0,L, 	(30-MAY-2025 15:48:37)
2,42 , 0,0,223094,0,L, 	(30-MAY-2025 15:48:37)
2,42 , 0,0,223094,0,L, 	(30-MAY-2025 15:48:37)
2,42 , 0,0,223094,0,L, 	(30-MAY-2025 15:48:37)
2,42 , 0,0,223094,0,L, 	(30-MAY-2025 15:48:37)
2,42 , 0,0,223094,0,L, 	(30-MAY-2025 15:48:37)
2,42 , 0,0,223094,0,L, 	(30-MAY-2025 15:48:37)
2,42 , 0,0,223094,0,L, 	(30-MAY-2025 15:48:37)
2,42 , 0,0,223094,0,L, 	(30-MAY-2025 15:48:37)
2,42 , 0,0,223094,0,L, 	(30-MAY-2025 15:48:38)
2,42 , 0,0,223094,0,L, 	(30-MAY-2025 15:48:38)
2,42 , 0,0,223094,0,L, 	(30-MAY-2025 15:48:38)
2,42 , 0,0,223094,0,L, 	(30-MAY-2025 15:48:38)
2,42 , 0,0,223094,0,L, 	(30-MAY-2025 15:48:38)
2,42 , 0,0,223094,0,L, 	(30-MAY-2025 15:48:38)
2,42 , 0,0,223094,0,L, 	(30-MAY-2025 15:48:38)
2,42 , 0,0,223094,0,L, 	(30-MAY-2025 15:48:38)
2,42 , 0,0,223094,0,L, 	(30-MAY-2025 15:48:38)
2,42 , 0,0,223094,0,L, 	(30-MAY-2025 15:48:38)
2,42 , 0,0,223094,0,L, 	(30-MAY-2025 15:48:38)
2,42 , 0,0,223094,0,L, 	(30-MAY-2025 15:48:38)
2,42 , 0,0,223094,0,L, 	(30-MAY-2025 15:48:38)
2,42 , 0,0,223094,0,L, 	(30-MAY-2025 15:48:38)
2,42 , 0,0,223094,0,L, 	(30-MAY-2025 15:48:38)
2,42 , 0,0,223094,0,L, 	(30-MAY-2025 15:48:38)
2,42 , 0,0,223094,0,L, 	(30-MAY-2025 15:48:38)
2,42 , 0,0,223094,0,L, 	(30-MAY-2025 15:48:38)
2,42 , 0,0,223094,0,L, 	(30-MAY-2025 15:48:38)
2,42 , 0,0,223094,0,L, 	(30-MAY-2025 15:48:38)
2,42 , 0,0,223094,0,L, 	(30-MAY-2025 15:48:38)
2,42 , 0,0,223094,0,L, 	(30-MAY-2025 15:48:38)
2,42 , 0,0,223094,0,L, 	(30-MAY-2025 15:48:38)
2,42 , 0,0,223094,0,L, 	(30-MAY-2025 15:48:38)
2,42 , 0,0,223094,0,L, 	(30-MAY-2025 15:48:38)
2,42 , 0,0,223094,0,L, 	(30-MAY-2025 15:48:38)
2,42 , 0,0,223094,0,L, 	(30-MAY-2025 15:48:38)
2,42 , 0,0,223094,0,L, 	(30-MAY-2025 15:48:38)
2,42 , 0,0,223094,0,L, 	(30-MAY-2025 15:48:38)
2,42 , 0,0,223094,0,L, 	(30-MAY-2025 15:48:38)
2,42 , 0,0,223094,0,L, 	(30-MAY-2025 15:48:38)
2,42 , 0,0,223094,0,L, 	(30-MAY-2025 15:48:38)
2,42 , 0,0,223094,0,L, 	(30-MAY-2025 15:48:38)
2,42 , 0,0,223094,0,L, 	(30-MAY-2025 15:48:38)
2,42 , 0,0,223094,0,L, 	(30-MAY-2025 15:48:38)
2,42 , 0,0,223094,0,L, 	(30-MAY-2025 15:48:38)
2,42 , 0,0,223094,0,L, 	(30-MAY-2025 15:48:38)
2,42 , 0,0,223094,0,L, 	(30-MAY-2025 15:48:38)
2,42 , 0,0,223094,0,L, 	(30-MAY-2025 15:48:38)
2,42 , 0,0,223094,0,L, 	(30-MAY-2025 15:48:38)
2,42 , 0,0,223094,0,L, 	(30-MAY-2025 15:48:38)
2,42 , 0,0,223094,0,L, 	(30-MAY-2025 15:48:38)
2,42 , 0,0,223094,0,L, 	(30-MAY-2025 15:48:38)
2,42 , 0,0,223094,0,L, 	(30-MAY-2025 15:48:38)
2,42 , 0,0,223094,0,L, 	(30-MAY-2025 15:48:38)
2,42 , 0,0,223094,0,L, 	(30-MAY-2025 15:48:38)
2,42 , 0,0,223094,0,L, 	(30-MAY-2025 15:48:38)
2,42 , 0,0,223094,0,L, 	(30-MAY-2025 15:48:38)
2,42 , 0,0,223094,0,L, 	(30-MAY-2025 15:48:38)
2,42 , 0,0,223094,0,L, 	(30-MAY-2025 15:48:38)
2,42 , 0,0,223094,0,L, 	(30-MAY-2025 15:48:38)
2,42 , 0,0,223094,0,L, 	(30-MAY-2025 15:48:38)
2,42 , 0,0,223094,0,L, 	(30-MAY-2025 15:48:38)
2,42 , 0,0,223094,0,L, 	(30-MAY-2025 15:48:38)
2,42 , 0,0,223094,0,L, 	(30-MAY-2025 15:48:38)
2,42 , 0,0,223094,0,L, 	(30-MAY-2025 15:48:38)
2,42 , 0,0,223094,0,L, 	(30-MAY-2025 15:48:38)
2,42 , 0,0,223094,0,L, 	(30-MAY-2025 15:48:38)
2,42 , 0,0,223094,0,L, 	(30-MAY-2025 15:48:38)
2,42 , 0,0,223094,0,L, 	(30-MAY-2025 15:48:38)
2,42 , 0,0,223094,0,L, 	(30-MAY-2025 15:48:38)
2,42 , 0,0,223094,0,L, 	(30-MAY-2025 15:48:38)
2,42 , 0,0,223094,0,L, 	(30-MAY-2025 15:48:38)
2,42 , 0,0,223094,0,L, 	(30-MAY-2025 15:48:38)
2,42 , 0,0,223094,0,L, 	(30-MAY-2025 15:48:38)
2,42 , 0,0,223094,0,L, 	(30-MAY-2025 15:48:38)
2,42 , 0,0,223094,0,L, 	(30-MAY-2025 15:48:38)
2,42 , 0,0,223094,0,L, 	(30-MAY-2025 15:48:38)
2,42 , 0,0,223094,0,L, 	(30-MAY-2025 15:48:38)
2,42 , 0,0,223094,0,L, 	(30-MAY-2025 15:48:38)
2,42 , 0,0,223094,0,L, 	(30-MAY-2025 15:48:38)
2,42 , 0,0,223094,0,L, 	(30-MAY-2025 15:48:38)
2,42 , 0,0,223094,0,L, 	(30-MAY-2025 15:48:38)
2,42 , 0,0,223094,0,L, 	(30-MAY-2025 15:48:38)
2,42 , 0,0,223094,0,L, 	(30-MAY-2025 15:48:38)
2,42 , 0,0,223094,0,L, 	(30-MAY-2025 15:48:38)
2,42 , 0,0,223094,0,L, 	(30-MAY-2025 15:48:38)
2,42 , 0,0,223094,0,L, 	(30-MAY-2025 15:48:38)
2,42 , 0,0,223094,0,L, 	(30-MAY-2025 15:48:38)
2,42 , 0,0,223094,0,L, 	(30-MAY-2025 15:48:38)
2,42 , 0,0,223094,0,L, 	(30-MAY-2025 15:48:38)
2,42 , 0,0,223094,0,L, 	(30-MAY-2025 15:48:38)
2,42 , 0,0,223094,0,L, 	(30-MAY-2025 15:48:38)
2,42 , 0,0,223094,0,L, 	(30-MAY-2025 15:48:38)
2,42 , 0,0,223094,0,L, 	(30-MAY-2025 15:48:38)
2,42 , 0,0,223094,0,L, 	(30-MAY-2025 15:48:38)
2,42 , 0,0,223094,0,L, 	(30-MAY-2025 15:48:38)
2,42 , 0,0,223094,0,L, 	(30-MAY-2025 15:48:38)
2,42 , 0,0,223094,0,L, 	(30-MAY-2025 15:48:38)
2,42 , 0,0,223094,0,L, 	(30-MAY-2025 15:48:38)
2,42 , 0,0,223094,0,L, 	(30-MAY-2025 15:48:38)
2,42 , 0,0,223094,0,L, 	(30-MAY-2025 15:48:38)
2,42 , 0,0,223094,0,L, 	(30-MAY-2025 15:48:38)
2,42 , 0,0,223094,0,L, 	(30-MAY-2025 15:48:38)
2,42 , 0,0,223094,0,L, 	(30-MAY-2025 15:48:38)
2,42 , 0,0,223094,0,L, 	(30-MAY-2025 15:48:38)
2,42 , 0,0,223094,0,L, 	(30-MAY-2025 15:48:38)
2,42 , 0,0,223094,0,L, 	(30-MAY-2025 15:48:38)
2,42 , 0,0,223094,0,L, 	(30-MAY-2025 15:48:38)
2,42 , 0,0,223094,0,L, 	(30-MAY-2025 15:48:38)
2,42 , 0,0,223094,0,L, 	(30-MAY-2025 15:48:38)
2,42 , 0,0,223094,0,L, 	(30-MAY-2025 15:48:38)
2,42 , 0,0,223094,0,L, 	(30-MAY-2025 15:48:38)
2,42 , 0,0,223094,0,L, 	(30-MAY-2025 15:48:38)
2,42 , 0,0,223094,0,L, 	(30-MAY-2025 15:48:38)
2,42 , 0,0,223094,0,L, 	(30-MAY-2025 15:48:38)
2,42 , 0,0,223094,0,L, 	(30-MAY-2025 15:48:38)
2,42 , 0,0,223094,0,L, 	(30-MAY-2025 15:48:38)
2,42 , 0,0,223094,0,L, 	(30-MAY-2025 15:48:38)
2,42 , 0,0,223094,0,L, 	(30-MAY-2025 15:48:38)
2,42 , 0,0,223094,0,L, 	(30-MAY-2025 15:48:38)
2,42 , 0,0,223094,0,L, 	(30-MAY-2025 15:48:38)
2,42 , 0,0,223094,0,L, 	(30-MAY-2025 15:48:38)
2,42 , 0,0,223094,0,L, 	(30-MAY-2025 15:48:38)
2,42 , 0,0,223094,0,L, 	(30-MAY-2025 15:48:38)
2,42 , 0,0,223094,0,L, 	(30-MAY-2025 15:48:38)
2,42 , 0,0,223094,0,L, 	(30-MAY-2025 15:48:38)
2,42 , 0,0,223094,0,L, 	(30-MAY-2025 15:48:38)
2,42 , 0,0,223094,0,L, 	(30-MAY-2025 15:48:38)
2,42 , 0,0,223094,0,L, 	(30-MAY-2025 15:48:38)
2,42 , 0,0,223094,0,L, 	(30-MAY-2025 15:48:38)
2,42 , 0,0,223094,0,L, 	(30-MAY-2025 15:48:38)
2,42 , 0,0,223094,0,L, 	(30-MAY-2025 15:48:38)
2,42 , 0,0,223094,0,L, 	(30-MAY-2025 15:48:38)
2,42 , 0,0,223094,0,L, 	(30-MAY-2025 15:48:38)
2,42 , 0,0,223094,0,L, 	(30-MAY-2025 15:48:38)
2,42 , 0,0,223094,0,L, 	(30-MAY-2025 15:48:38)
2,42 , 0,0,223094,0,L, 	(30-MAY-2025 15:48:38)
2,42 , 0,0,223094,0,L, 	(30-MAY-2025 15:48:38)
2,42 , 0,0,223094,0,L, 	(30-MAY-2025 15:48:38)
2,42 , 0,0,223094,0,L, 	(30-MAY-2025 15:48:38)
2,42 , 0,0,223094,0,L, 	(30-MAY-2025 15:48:38)
2,42 , 0,0,223094,0,L, 	(30-MAY-2025 15:48:38)
2,42 , 0,0,223094,0,L, 	(30-MAY-2025 15:48:38)
2,42 , 0,0,223094,0,L, 	(30-MAY-2025 15:48:38)
2,42 , 0,0,223094,0,L, 	(30-MAY-2025 15:48:38)
2,42 , 0,0,223094,0,L, 	(30-MAY-2025 15:48:38)
2,42 , 0,0,223094,0,L, 	(30-MAY-2025 15:48:38)
2,42 , 0,0,223094,0,L, 	(30-MAY-2025 15:48:38)
2,42 , 0,0,223094,0,L, 	(30-MAY-2025 15:48:38)
2,42 , 0,0,223094,0,L, 	(30-MAY-2025 15:48:38)
2,42 , 0,0,223094,0,L, 	(30-MAY-2025 15:48:38)
2,42 , 0,0,223094,0,L, 	(30-MAY-2025 15:48:38)
2,42 , 0,0,223094,0,L, 	(30-MAY-2025 15:48:38)
2,42 , 0,0,223094,0,L, 	(30-MAY-2025 15:48:38)
2,42 , 0,0,223094,0,L, 	(30-MAY-2025 15:48:38)
2,42 , 0,0,223094,0,L, 	(30-MAY-2025 15:48:38)
2,42 , 0,0,223094,0,L, 	(30-MAY-2025 15:48:38)
2,42 , 0,0,223094,0,L, 	(30-MAY-2025 15:48:38)
2,42 , 0,0,223094,0,L, 	(30-MAY-2025 15:48:38)
2,42 , 0,0,223094,0,L, 	(30-MAY-2025 15:48:38)
2,42 , 0,0,223094,0,L, 	(30-MAY-2025 15:48:38)
2,42 , 0,0,223094,0,L, 	(30-MAY-2025 15:48:38)
2,42 , 0,0,223094,0,L, 	(30-MAY-2025 15:48:38)
2,42 , 0,0,223094,0,L, 	(30-MAY-2025 15:48:38)
2,42 , 0,0,223094,0,L, 	(30-MAY-2025 15:48:38)
2,42 , 0,0,223094,0,L, 	(30-MAY-2025 15:48:38)
2,42 , 0,0,223094,0,L, 	(30-MAY-2025 15:48:38)
2,42 , 0,0,223094,0,L, 	(30-MAY-2025 15:48:38)
2,42 , 0,0,223094,0,L, 	(30-MAY-2025 15:48:38)
2,42 , 0,0,223094,0,L, 	(30-MAY-2025 15:48:38)
2,42 , 0,0,223094,0,L, 	(30-MAY-2025 15:48:38)
2,42 , 0,0,223094,0,L, 	(30-MAY-2025 15:48:38)
2,42 , 0,0,223094,0,L, 	(30-MAY-2025 15:48:38)
2,42 , 0,0,223094,0,L, 	(30-MAY-2025 15:48:38)
2,42 , 0,0,223094,0,L, 	(30-MAY-2025 15:48:38)
2,42 , 0,0,223094,0,L, 	(30-MAY-2025 15:48:38)
2,42 , 0,0,223094,0,L, 	(30-MAY-2025 15:48:38)
2,42 , 0,0,223094,0,L, 	(30-MAY-2025 15:48:38)
2,42 , 0,0,223094,0,L, 	(30-MAY-2025 15:48:38)
2,42 , 0,0,223094,0,L, 	(30-MAY-2025 15:48:38)
2,42 , 0,0,223094,0,L, 	(30-MAY-2025 15:48:38)
2,42 , 0,0,223094,0,L, 	(30-MAY-2025 15:48:38)
2,42 , 0,0,223094,0,L, 	(30-MAY-2025 15:48:38)
2,42 , 0,0,223094,0,L, 	(30-MAY-2025 15:48:38)
2,42 , 0,0,223094,0,L, 	(30-MAY-2025 15:48:38)
2,42 , 0,0,223094,0,L, 	(30-MAY-2025 15:48:38)
2,42 , 0,0,223094,0,L, 	(30-MAY-2025 15:48:38)
2,42 , 0,0,223094,0,L, 	(30-MAY-2025 15:48:38)
2,42 , 0,0,223094,0,L, 	(30-MAY-2025 15:48:38)
2,42 , 0,0,223094,0,L, 	(30-MAY-2025 15:48:38)
2,42 , 0,0,223094,0,L, 	(30-MAY-2025 15:48:38)
2,42 , 0,0,223094,0,L, 	(30-MAY-2025 15:48:38)
2,42 , 0,0,223094,0,L, 	(30-MAY-2025 15:48:38)
2,42 , 0,0,223094,0,L, 	(30-MAY-2025 15:48:38)
2,42 , 0,0,223094,0,L, 	(30-MAY-2025 15:48:38)
2,42 , 0,0,223094,0,L, 	(30-MAY-2025 15:48:38)
2,42 , 0,0,223094,0,L, 	(30-MAY-2025 15:48:38)
2,42 , 0,0,223094,0,L, 	(30-MAY-2025 15:48:38)
2,42 , 0,0,223094,0,L, 	(30-MAY-2025 15:48:38)
2,42 , 0,0,223094,0,L, 	(30-MAY-2025 15:48:38)
2,42 , 0,0,223094,0,L, 	(30-MAY-2025 15:48:38)
2,42 , 0,0,223094,0,L, 	(30-MAY-2025 15:48:38)
2,42 , 0,0,223094,0,L, 	(30-MAY-2025 15:48:38)
2,42 , 0,0,223094,0,L, 	(30-MAY-2025 15:48:38)
2,42 , 0,0,223094,0,L, 	(30-MAY-2025 15:48:38)
2,42 , 0,0,223094,0,L, 	(30-MAY-2025 15:48:38)
2,42 , 0,0,223094,0,L, 	(30-MAY-2025 15:48:38)
2,42 , 0,0,223094,0,L, 	(30-MAY-2025 15:48:38)
2,42 , 0,0,223094,0,L, 	(30-MAY-2025 15:48:38)
2,42 , 0,0,223094,0,L, 	(30-MAY-2025 15:48:38)
2,42 , 0,0,223094,0,L, 	(30-MAY-2025 15:48:38)
2,42 , 0,0,223094,0,L, 	(30-MAY-2025 15:48:38)
2,42 , 0,0,223094,0,L, 	(30-MAY-2025 15:48:38)
2,42 , 0,0,223094,0,L, 	(30-MAY-2025 15:48:38)
2,42 , 0,0,223094,0,L, 	(30-MAY-2025 15:48:38)
2,42 , 0,0,223094,0,L, 	(30-MAY-2025 15:48:38)
2,42 , 0,0,223094,0,L, 	(30-MAY-2025 15:48:38)
2,42 , 0,0,223094,0,L, 	(30-MAY-2025 15:48:38)
2,42 , 0,0,223094,0,L, 	(30-MAY-2025 15:48:38)
2,42 , 0,0,223094,0,L, 	(30-MAY-2025 15:48:38)
2,42 , 0,0,223094,0,L, 	(30-MAY-2025 15:48:38)
2,42 , 0,0,223094,0,L, 	(30-MAY-2025 15:48:38)
2,42 , 0,0,223094,0,L, 	(30-MAY-2025 15:48:38)
2,42 , 0,0,223094,0,L, 	(30-MAY-2025 15:48:38)
2,42 , 0,0,223094,0,L, 	(30-MAY-2025 15:48:38)
2,42 , 0,0,223094,0,L, 	(30-MAY-2025 15:48:38)
2,42 , 0,0,223094,0,L, 	(30-MAY-2025 15:48:38)
2,42 , 0,0,223094,0,L, 	(30-MAY-2025 15:48:38)
2,42 , 0,0,223094,0,L, 	(30-MAY-2025 15:48:38)
2,42 , 0,0,223094,0,L, 	(30-MAY-2025 15:48:38)
2,42 , 0,0,223094,0,L, 	(30-MAY-2025 15:48:38)
2,42 , 0,0,223094,0,L, 	(30-MAY-2025 15:48:38)
2,42 , 0,0,223094,0,L, 	(30-MAY-2025 15:48:38)
2,42 , 0,0,223094,0,L, 	(30-MAY-2025 15:48:38)
2,42 , 0,0,223094,0,L, 	(30-MAY-2025 15:48:38)
2,42 , 0,0,223094,0,L, 	(30-MAY-2025 15:48:38)
2,42 , 0,0,223094,0,L, 	(30-MAY-2025 15:48:38)
2,42 , 0,0,223094,0,L, 	(30-MAY-2025 15:48:38)
2,42 , 0,0,223094,0,L, 	(30-MAY-2025 15:48:38)
2,42 , 0,0,223094,0,L, 	(30-MAY-2025 15:48:38)
2,42 , 0,0,223094,0,L, 	(30-MAY-2025 15:48:38)
2,42 , 0,0,223094,0,L, 	(30-MAY-2025 15:48:38)
2,42 , 0,0,223094,0,L, 	(30-MAY-2025 15:48:38)
2,42 , 0,0,223094,0,L, 	(30-MAY-2025 15:48:38)
2,42 , 0,0,223094,0,L, 	(30-MAY-2025 15:48:38)
2,42 , 0,0,223094,0,L, 	(30-MAY-2025 15:48:38)
2,42 , 0,0,223094,0,L, 	(30-MAY-2025 15:48:38)
2,42 , 0,0,223094,0,L, 	(30-MAY-2025 15:48:38)
2,42 , 0,0,223094,0,L, 	(30-MAY-2025 15:48:38)
2,42 , 0,0,223094,0,L, 	(30-MAY-2025 15:48:38)
2,42 , 0,0,223094,0,L, 	(30-MAY-2025 15:48:38)
2,42 , 0,0,223094,0,L, 	(30-MAY-2025 15:48:38)
2,42 , 0,0,223094,0,L, 	(30-MAY-2025 15:48:38)
2,42 , 0,0,223094,0,L, 	(30-MAY-2025 15:48:38)
2,42 , 0,0,223094,0,L, 	(30-MAY-2025 15:48:38)
2,42 , 0,0,223094,0,L, 	(30-MAY-2025 15:48:38)
2,42 , 0,0,223094,0,L, 	(30-MAY-2025 15:48:38)
2,42 , 0,0,223094,0,L, 	(30-MAY-2025 15:48:38)
2,42 , 0,0,223094,0,L, 	(30-MAY-2025 15:48:38)
2,42 , 0,0,223094,0,L, 	(30-MAY-2025 15:48:38)
2,42 , 0,0,223094,0,L, 	(30-MAY-2025 15:48:38)
2,42 , 0,0,223094,0,L, 	(30-MAY-2025 15:48:38)
2,42 , 0,0,223094,0,L, 	(30-MAY-2025 15:48:38)
2,42 , 0,0,223094,0,L, 	(30-MAY-2025 15:48:38)
2,42 , 0,0,223094,0,L, 	(30-MAY-2025 15:48:38)
2,42 , 0,0,223094,0,L, 	(30-MAY-2025 15:48:38)
2,42 , 0,0,223094,0,L, 	(30-MAY-2025 15:48:38)
2,42 , 0,0,223094,0,L, 	(30-MAY-2025 15:48:38)
2,42 , 0,0,223094,0,L, 	(30-MAY-2025 15:48:38)
2,42 , 0,0,223094,0,L, 	(30-MAY-2025 15:48:38)
2,42 , 0,0,223094,0,L, 	(30-MAY-2025 15:48:38)
2,42 , 0,0,223094,0,L, 	(30-MAY-2025 15:48:38)
2,42 , 0,0,223094,0,L, 	(30-MAY-2025 15:48:38)
2,42 , 0,0,223094,0,L, 	(30-MAY-2025 15:48:38)
2,42 , 0,0,223094,0,L, 	(30-MAY-2025 15:48:38)
2,42 , 0,0,223094,0,L, 	(30-MAY-2025 15:48:38)
2,42 , 0,0,223094,0,L, 	(30-MAY-2025 15:48:38)
2,42 , 0,0,223094,0,L, 	(30-MAY-2025 15:48:38)
2,42 , 0,0,223094,0,L, 	(30-MAY-2025 15:48:38)
2,42 , 0,0,223094,0,L, 	(30-MAY-2025 15:48:38)
2,42 , 0,0,223094,0,L, 	(30-MAY-2025 15:48:38)
2,42 , 0,0,223094,0,L, 	(30-MAY-2025 15:48:38)
2,42 , 0,0,223094,0,L, 	(30-MAY-2025 15:48:38)
2,42 , 0,0,223094,0,L, 	(30-MAY-2025 15:48:38)
2,42 , 0,0,223094,0,L, 	(30-MAY-2025 15:48:38)
2,42 , 0,0,223094,0,L, 	(30-MAY-2025 15:48:38)
2,42 , 0,0,223094,0,L, 	(30-MAY-2025 15:48:38)
2,42 , 0,0,223094,0,L, 	(30-MAY-2025 15:48:38)
2,42 , 0,0,223094,0,L, 	(30-MAY-2025 15:48:38)
2,42 , 0,0,223094,0,L, 	(30-MAY-2025 15:48:38)
2,42 , 0,0,223094,0,L, 	(30-MAY-2025 15:48:38)
2,42 , 0,0,223094,0,L, 	(30-MAY-2025 15:48:38)
2,42 , 0,0,223094,0,L, 	(30-MAY-2025 15:48:38)
2,42 , 0,0,223094,0,L, 	(30-MAY-2025 15:48:38)
2,42 , 0,0,223094,0,L, 	(30-MAY-2025 15:48:38)
2,42 , 0,0,223094,0,L, 	(30-MAY-2025 15:48:38)
2,42 , 0,0,223094,0,L, 	(30-MAY-2025 15:48:38)
2,42 , 0,0,223094,0,L, 	(30-MAY-2025 15:48:38)
2,42 , 0,0,223094,0,L, 	(30-MAY-2025 15:48:38)
2,42 , 0,0,223094,0,L, 	(30-MAY-2025 15:48:38)
2,42 , 0,0,223094,0,L, 	(30-MAY-2025 15:48:38)
2,42 , 0,0,223094,0,L, 	(30-MAY-2025 15:48:38)
2,42 , 0,0,223094,0,L, 	(30-MAY-2025 15:48:38)
2,42 , 0,0,223094,0,L, 	(30-MAY-2025 15:48:38)
2,42 , 0,0,223094,0,L, 	(30-MAY-2025 15:48:38)
2,42 , 0,0,223094,0,L, 	(30-MAY-2025 15:48:38)
2,42 , 0,0,223094,0,L, 	(30-MAY-2025 15:48:38)
2,42 , 0,0,223094,0,L, 	(30-MAY-2025 15:48:38)
2,42 , 0,0,223094,0,L, 	(30-MAY-2025 15:48:38)
2,42 , 0,0,223094,0,L, 	(30-MAY-2025 15:48:38)
2,42 , 0,0,223094,0,L, 	(30-MAY-2025 15:48:38)
2,42 , 0,0,223094,0,L, 	(30-MAY-2025 15:48:38)
2,42 , 0,0,223094,0,L, 	(30-MAY-2025 15:48:38)
2,42 , 0,0,223094,0,L, 	(30-MAY-2025 15:48:38)
2,42 , 0,0,223094,0,L, 	(30-MAY-2025 15:48:38)
2,42 , 0,0,223094,0,L, 	(30-MAY-2025 15:48:38)
2,42 , 0,0,223094,0,L, 	(30-MAY-2025 15:48:38)
2,42 , 0,0,223094,0,L, 	(30-MAY-2025 15:48:38)
2,42 , 0,0,223094,0,L, 	(30-MAY-2025 15:48:38)
2,42 , 0,0,223094,0,L, 	(30-MAY-2025 15:48:38)
2,42 , 0,0,223094,0,L, 	(30-MAY-2025 15:48:38)
2,42 , 0,0,223094,0,L, 	(30-MAY-2025 15:48:38)
2,42 , 0,0,223094,0,L, 	(30-MAY-2025 15:48:38)
2,42 , 0,0,223094,0,L, 	(30-MAY-2025 15:48:38)
2,42 , 0,0,222038,0,L, 	(30-MAY-2025 15:48:38)
2,42 , 0,0,222038,0,L, 	(30-MAY-2025 15:48:38)
2,42 , 0,0,222038,0,L, 	(30-MAY-2025 15:48:38)
2,42 , 0,0,222038,0,L, 	(30-MAY-2025 15:48:38)
2,42 , 0,0,222038,0,L, 	(30-MAY-2025 15:48:38)
2,42 , 0,0,222038,0,L, 	(30-MAY-2025 15:48:38)
2,42 , 0,0,222038,0,L, 	(30-MAY-2025 15:48:38)
2,42 , 0,0,222038,0,L, 	(30-MAY-2025 15:48:38)
2,42 , 0,0,222038,0,L, 	(30-MAY-2025 15:48:38)
2,42 , 0,0,222038,0,L, 	(30-MAY-2025 15:48:38)
2,42 , 0,0,222038,0,L, 	(30-MAY-2025 15:48:38)
2,42 , 0,0,222038,0,L, 	(30-MAY-2025 15:48:38)
2,42 , 0,0,222038,0,L, 	(30-MAY-2025 15:48:38)
2,42 , 0,0,222038,0,L, 	(30-MAY-2025 15:48:38)
2,42 , 0,0,222038,0,L, 	(30-MAY-2025 15:48:38)
2,42 , 0,0,222038,0,L, 	(30-MAY-2025 15:48:38)
2,42 , 0,0,222038,0,L, 	(30-MAY-2025 15:48:38)
2,42 , 0,0,222038,0,L, 	(30-MAY-2025 15:48:38)
2,42 , 0,0,222038,0,L, 	(30-MAY-2025 15:48:38)
2,42 , 0,0,222038,0,L, 	(30-MAY-2025 15:48:38)
2,42 , 0,0,222038,0,L, 	(30-MAY-2025 15:48:38)
2,42 , 0,0,222038,0,L, 	(30-MAY-2025 15:48:38)
2,42 , 0,0,222038,0,L, 	(30-MAY-2025 15:48:38)
2,42 , 0,0,222038,0,L, 	(30-MAY-2025 15:48:38)
2,42 , 0,0,222038,0,L, 	(30-MAY-2025 15:48:38)
2,42 , 0,0,222038,0,L, 	(30-MAY-2025 15:48:38)
2,42 , 0,0,222038,0,L, 	(30-MAY-2025 15:48:38)
2,42 , 0,0,222038,0,L, 	(30-MAY-2025 15:48:38)
2,42 , 0,0,222038,0,L, 	(30-MAY-2025 15:48:38)
2,42 , 0,0,222038,0,L, 	(30-MAY-2025 15:48:38)
2,42 , 0,0,222038,0,L, 	(30-MAY-2025 15:48:38)
2,42 , 0,0,222039,0,L, 	(30-MAY-2025 15:48:38)
2,42 , 0,0,222039,0,L, 	(30-MAY-2025 15:48:38)
2,42 , 0,0,222039,0,L, 	(30-MAY-2025 15:48:38)
2,42 , 0,0,222039,0,L, 	(30-MAY-2025 15:48:38)
2,42 , 0,0,222039,0,L, 	(30-MAY-2025 15:48:38)
2,42 , 0,0,222039,0,L, 	(30-MAY-2025 15:48:38)
2,42 , 0,0,222039,0,L, 	(30-MAY-2025 15:48:38)
2,42 , 0,0,222039,0,L, 	(30-MAY-2025 15:48:38)
2,42 , 0,0,222039,0,L, 	(30-MAY-2025 15:48:38)
2,42 , 0,0,222039,0,L, 	(30-MAY-2025 15:48:38)
2,42 , 0,0,222039,0,L, 	(30-MAY-2025 15:48:38)
2,42 , 0,0,222039,0,L, 	(30-MAY-2025 15:48:38)
2,42 , 0,0,222039,0,L, 	(30-MAY-2025 15:48:38)
2,42 , 0,0,222039,0,L, 	(30-MAY-2025 15:48:38)
2,42 , 0,0,222039,0,L, 	(30-MAY-2025 15:48:38)
2,42 , 0,0,222039,0,L, 	(30-MAY-2025 15:48:38)
2,42 , 0,0,222039,0,L, 	(30-MAY-2025 15:48:38)
2,42 , 0,0,222039,0,L, 	(30-MAY-2025 15:48:38)
2,42 , 0,0,222039,0,L, 	(30-MAY-2025 15:48:38)
2,42 , 0,0,222039,0,L, 	(30-MAY-2025 15:48:38)
2,42 , 0,0,222039,0,L, 	(30-MAY-2025 15:48:38)
2,42 , 0,0,222039,0,L, 	(30-MAY-2025 15:48:38)
2,42 , 0,0,222039,0,L, 	(30-MAY-2025 15:48:38)
2,42 , 0,0,222039,0,L, 	(30-MAY-2025 15:48:38)
2,42 , 0,0,222039,0,L, 	(30-MAY-2025 15:48:38)
2,42 , 0,0,222039,0,L, 	(30-MAY-2025 15:48:38)
2,42 , 0,0,222039,0,L, 	(30-MAY-2025 15:48:38)
2,42 , 0,0,222039,0,L, 	(30-MAY-2025 15:48:38)
2,42 , 0,0,222039,0,L, 	(30-MAY-2025 15:48:38)
2,42 , 0,0,222039,0,L, 	(30-MAY-2025 15:48:38)
2,42 , 0,0,222039,0,L, 	(30-MAY-2025 15:48:38)
2,42 , 0,0,222039,0,L, 	(30-MAY-2025 15:48:38)
2,42 , 0,0,222039,0,L, 	(30-MAY-2025 15:48:38)
2,42 , 0,0,222039,0,L, 	(30-MAY-2025 15:48:38)
2,42 , 0,0,222039,0,L, 	(30-MAY-2025 15:48:38)
2,42 , 0,0,222039,0,L, 	(30-MAY-2025 15:48:38)
2,42 , 0,0,222039,0,L, 	(30-MAY-2025 15:48:38)
2,42 , 0,0,222039,0,L, 	(30-MAY-2025 15:48:38)
2,42 , 0,0,222039,0,L, 	(30-MAY-2025 15:48:38)
2,42 , 0,0,222039,0,L, 	(30-MAY-2025 15:48:38)
2,42 , 0,0,222039,0,L, 	(30-MAY-2025 15:48:38)
2,42 , 0,0,222039,0,L, 	(30-MAY-2025 15:48:38)
2,42 , 0,0,222039,0,L, 	(30-MAY-2025 15:48:38)
2,42 , 0,0,222039,0,L, 	(30-MAY-2025 15:48:38)
2,42 , 0,0,222039,0,L, 	(30-MAY-2025 15:48:38)
2,42 , 0,0,222039,0,L, 	(30-MAY-2025 15:48:38)
2,42 , 0,0,222039,0,L, 	(30-MAY-2025 15:48:38)
2,42 , 0,0,222039,0,L, 	(30-MAY-2025 15:48:38)
2,42 , 0,0,222039,0,L, 	(30-MAY-2025 15:48:38)
2,42 , 0,0,222039,0,L, 	(30-MAY-2025 15:48:38)
2,42 , 0,0,222039,0,L, 	(30-MAY-2025 15:48:38)
2,42 , 0,0,222039,0,L, 	(30-MAY-2025 15:48:38)
2,42 , 0,0,222039,0,L, 	(30-MAY-2025 15:48:38)
2,42 , 0,0,222039,0,L, 	(30-MAY-2025 15:48:38)
2,42 , 0,0,222039,0,L, 	(30-MAY-2025 15:48:38)
2,42 , 0,0,222039,0,L, 	(30-MAY-2025 15:48:38)
2,42 , 0,0,222039,0,L, 	(30-MAY-2025 15:48:38)
2,42 , 0,0,222039,0,L, 	(30-MAY-2025 15:48:38)
2,42 , 0,0,222039,0,L, 	(30-MAY-2025 15:48:38)
2,42 , 0,0,222039,0,L, 	(30-MAY-2025 15:48:38)
2,42 , 0,0,222039,0,L, 	(30-MAY-2025 15:48:38)
2,42 , 0,0,222039,0,L, 	(30-MAY-2025 15:48:38)
2,42 , 0,0,222039,0,L, 	(30-MAY-2025 15:48:38)
2,42 , 0,0,222039,0,L, 	(30-MAY-2025 15:48:38)
2,42 , 0,0,222039,0,L, 	(30-MAY-2025 15:48:38)
2,42 , 0,0,222039,0,L, 	(30-MAY-2025 15:48:38)
2,42 , 0,0,222039,0,L, 	(30-MAY-2025 15:48:38)
2,42 , 0,0,222039,0,L, 	(30-MAY-2025 15:48:38)
2,42 , 0,0,222039,0,L, 	(30-MAY-2025 15:48:38)
2,42 , 0,0,222039,0,L, 	(30-MAY-2025 15:48:38)
2,42 , 0,0,222039,0,L, 	(30-MAY-2025 15:48:38)
2,42 , 0,0,222039,0,L, 	(30-MAY-2025 15:48:38)
2,42 , 0,0,222039,0,L, 	(30-MAY-2025 15:48:38)
2,42 , 0,0,222039,0,L, 	(30-MAY-2025 15:48:38)
2,42 , 0,0,222039,0,L, 	(30-MAY-2025 15:48:38)
2,42 , 0,0,222039,0,L, 	(30-MAY-2025 15:48:38)
2,42 , 0,0,222039,0,L, 	(30-MAY-2025 15:48:38)
2,42 , 0,0,222039,0,L, 	(30-MAY-2025 15:48:38)
2,42 , 0,0,222039,0,L, 	(30-MAY-2025 15:48:38)
2,42 , 0,0,222039,0,L, 	(30-MAY-2025 15:48:38)
2,42 , 0,0,222039,0,L, 	(30-MAY-2025 15:48:38)
2,42 , 0,0,222039,0,L, 	(30-MAY-2025 15:48:38)
2,42 , 0,0,222039,0,L, 	(30-MAY-2025 15:48:38)
2,42 , 0,0,222039,0,L, 	(30-MAY-2025 15:48:38)
2,42 , 0,0,222039,0,L, 	(30-MAY-2025 15:48:38)
2,42 , 0,0,222039,0,L, 	(30-MAY-2025 15:48:38)
2,42 , 0,0,222039,0,L, 	(30-MAY-2025 15:48:38)
2,42 , 0,0,222039,0,L, 	(30-MAY-2025 15:48:38)
2,42 , 0,0,222039,0,L, 	(30-MAY-2025 15:48:38)
2,42 , 0,0,222039,0,L, 	(30-MAY-2025 15:48:38)
2,42 , 0,0,222039,0,L, 	(30-MAY-2025 15:48:38)
2,42 , 0,0,222039,0,L, 	(30-MAY-2025 15:48:38)
2,42 , 0,0,223096,0,L, 	(30-MAY-2025 15:48:38)
2,42 , 0,0,223096,0,L, 	(30-MAY-2025 15:48:38)
2,42 , 0,0,223096,0,L, 	(30-MAY-2025 15:48:38)
2,42 , 0,0,223096,0,L, 	(30-MAY-2025 15:48:38)
2,42 , 0,0,223096,0,L, 	(30-MAY-2025 15:48:38)
2,42 , 0,0,223096,0,L, 	(30-MAY-2025 15:48:38)
2,42 , 0,0,223096,0,L, 	(30-MAY-2025 15:48:38)
2,42 , 0,0,223096,0,L, 	(30-MAY-2025 15:48:38)
2,42 , 0,0,223096,0,L, 	(30-MAY-2025 15:48:38)
2,42 , 0,0,223096,0,L, 	(30-MAY-2025 15:48:38)
2,42 , 0,0,223096,0,L, 	(30-MAY-2025 15:48:38)
2,42 , 0,0,223096,0,L, 	(30-MAY-2025 15:48:38)
2,42 , 0,0,223096,0,L, 	(30-MAY-2025 15:48:38)
2,42 , 0,0,223096,0,L, 	(30-MAY-2025 15:48:38)
2,42 , 0,0,223096,0,L, 	(30-MAY-2025 15:48:38)
2,42 , 0,0,223096,0,L, 	(30-MAY-2025 15:48:38)
2,42 , 0,0,223096,0,L, 	(30-MAY-2025 15:48:38)
2,42 , 0,0,223096,0,L, 	(30-MAY-2025 15:48:38)
2,42 , 0,0,223096,0,L, 	(30-MAY-2025 15:48:38)
2,42 , 0,0,223096,0,L, 	(30-MAY-2025 15:48:38)
2,42 , 0,0,223096,0,L, 	(30-MAY-2025 15:48:38)
2,42 , 0,0,223096,0,L, 	(30-MAY-2025 15:48:38)
2,42 , 0,0,223096,0,L, 	(30-MAY-2025 15:48:38)
2,42 , 0,0,223096,0,L, 	(30-MAY-2025 15:48:38)
2,42 , 0,0,223096,0,L, 	(30-MAY-2025 15:48:38)
2,42 , 0,0,223096,0,L, 	(30-MAY-2025 15:48:38)
2,42 , 0,0,223096,0,L, 	(30-MAY-2025 15:48:38)
2,42 , 0,0,223096,0,L, 	(30-MAY-2025 15:48:38)
2,42 , 0,0,223097,0,L, 	(30-MAY-2025 15:48:38)
2,42 , 0,0,223097,0,L, 	(30-MAY-2025 15:48:38)
2,42 , 0,0,223097,0,L, 	(30-MAY-2025 15:48:38)
2,42 , 0,0,223097,0,L, 	(30-MAY-2025 15:48:38)
2,42 , 0,0,223097,0,L, 	(30-MAY-2025 15:48:38)
2,42 , 0,0,223097,0,L, 	(30-MAY-2025 15:48:38)
2,42 , 0,0,223097,0,L, 	(30-MAY-2025 15:48:38)
2,42 , 0,0,223097,0,L, 	(30-MAY-2025 15:48:38)
2,42 , 0,0,223097,0,L, 	(30-MAY-2025 15:48:38)
2,42 , 0,0,223097,0,L, 	(30-MAY-2025 15:48:38)
2,42 , 0,0,223097,0,L, 	(30-MAY-2025 15:48:38)
2,42 , 0,0,223097,0,L, 	(30-MAY-2025 15:48:38)
2,42 , 0,0,223097,0,L, 	(30-MAY-2025 15:48:38)
2,42 , 0,0,223097,0,L, 	(30-MAY-2025 15:48:38)
2,42 , 0,0,223097,0,L, 	(30-MAY-2025 15:48:38)
2,42 , 0,0,223095,1,L, 	(30-MAY-2025 15:48:38)
2,42 , 0,0,223095,1,L, 	(30-MAY-2025 15:48:38)
2,42 , 0,0,223095,1,L, 	(30-MAY-2025 15:48:38)
2,42 , 0,0,223095,1,L, 	(30-MAY-2025 15:48:38)
2,42 , 0,0,223095,1,L, 	(30-MAY-2025 15:48:38)
2,42 , 0,0,223095,1,L, 	(30-MAY-2025 15:48:38)
2,42 , 0,0,223095,1,L, 	(30-MAY-2025 15:48:38)
2,42 , 0,0,223095,1,L, 	(30-MAY-2025 15:48:38)
2,42 , 0,0,223095,1,L, 	(30-MAY-2025 15:48:38)
2,42 , 0,0,223095,1,L, 	(30-MAY-2025 15:48:38)
2,42 , 0,0,223095,1,L, 	(30-MAY-2025 15:48:38)
2,42 , 0,0,223095,1,L, 	(30-MAY-2025 15:48:38)
2,42 , 0,0,222040,1,L, 	(30-MAY-2025 15:48:38)
2,42 , 0,0,222040,1,L, 	(30-MAY-2025 15:48:38)
2,42 , 0,0,222040,1,L, 	(30-MAY-2025 15:48:38)
2,42 , 0,0,222040,1,L, 	(30-MAY-2025 15:48:38)
2,42 , 0,0,222040,1,L, 	(30-MAY-2025 15:48:38)
2,42 , 0,0,222040,1,L, 	(30-MAY-2025 15:48:38)
2,42 , 0,0,222040,1,L, 	(30-MAY-2025 15:48:38)
2,42 , 0,0,222040,1,L, 	(30-MAY-2025 15:48:38)
2,42 , 0,0,222040,1,L, 	(30-MAY-2025 15:48:38)
2,42 , 0,0,222040,1,L, 	(30-MAY-2025 15:48:38)
2,42 , 0,0,222040,1,L, 	(30-MAY-2025 15:48:38)
2,42 , 0,0,222040,1,L, 	(30-MAY-2025 15:48:38)
2,42 , 0,0,222040,1,L, 	(30-MAY-2025 15:48:38)
2,42 , 0,0,222040,1,L, 	(30-MAY-2025 15:48:38)
2,42 , 0,0,222040,1,L, 	(30-MAY-2025 15:48:38)
2,42 , 0,0,222040,1,L, 	(30-MAY-2025 15:48:38)
2,42 , 0,0,222040,1,L, 	(30-MAY-2025 15:48:38)
2,42 , 0,0,222040,1,L, 	(30-MAY-2025 15:48:38)
2,42 , 0,0,222040,1,L, 	(30-MAY-2025 15:48:38)
2,42 , 0,0,223097,1,L, 	(30-MAY-2025 15:48:38)
2,42 , 0,0,223097,1,L, 	(30-MAY-2025 15:48:38)
2,42 , 0,0,223097,1,L, 	(30-MAY-2025 15:48:38)
2,42 , 0,0,223097,1,L, 	(30-MAY-2025 15:48:38)
2,42 , 0,0,223097,1,L, 	(30-MAY-2025 15:48:38)
2,42 , 0,0,223097,1,L, 	(30-MAY-2025 15:48:38)
2,42 , 0,0,223097,1,L, 	(30-MAY-2025 15:48:38)
2,42 , 0,0,223097,1,L, 	(30-MAY-2025 15:48:38)
2,42 , 0,0,223097,1,L, 	(30-MAY-2025 15:48:38)
2,42 , 0,0,223097,1,L, 	(30-MAY-2025 15:48:38)
2,42 , 0,0,223097,1,L, 	(30-MAY-2025 15:48:38)
2,42 , 0,0,223097,1,L, 	(30-MAY-2025 15:48:38)
2,42 , 0,0,223097,1,L, 	(30-MAY-2025 15:48:38)
2,42 , 0,0,223097,1,L, 	(30-MAY-2025 15:48:38)
2,42 , 0,0,223097,1,L, 	(30-MAY-2025 15:48:38)
2,46 , 1,0,2,0,S, 	(30-MAY-2025 15:48:38)
2,46 , 1,0,2,0,S, 	(30-MAY-2025 15:48:38)
2,46 , 1,0,2,0,S, 	(30-MAY-2025 15:48:38)
2,46 , 1,0,2,0,S, 	(30-MAY-2025 15:48:38)
2,46 , 1,0,2,0,S, 	(30-MAY-2025 15:48:38)
2,46 , 1,0,2,0,S, 	(30-MAY-2025 15:48:38)
2,46 , 1,0,2,0,S, 	(30-MAY-2025 15:48:38)
2,46 , 1,0,2,0,S, 	(30-MAY-2025 15:48:38)
2,46 , 1,0,2,0,S, 	(30-MAY-2025 15:48:38)
2,46 , 1,0,2,0,S, 	(30-MAY-2025 15:48:38)
2,46 , 1,0,2,0,S, 	(30-MAY-2025 15:48:38)
2,46 , 1,0,2,0,S, 	(30-MAY-2025 15:48:38)
2,46 , 1,0,2,0,S, 	(30-MAY-2025 15:48:38)
2,46 , 1,0,2,0,S, 	(30-MAY-2025 15:48:38)
2,46 , 1,0,1,2,S, 	(30-MAY-2025 15:48:38)
2,46 , 1,0,1,2,S, 	(30-MAY-2025 15:48:38)
2,46 , 1,0,1,2,S, 	(30-MAY-2025 15:48:38)
2,46 , 1,0,1,2,S, 	(30-MAY-2025 15:48:38)
2,46 , 1,0,1,2,S, 	(30-MAY-2025 15:48:38)
2,46 , 1,0,1,2,S, 	(30-MAY-2025 15:48:38)
2,46 , 1,0,1,2,S, 	(30-MAY-2025 15:48:38)
2,46 , 1,0,1,2,S, 	(30-MAY-2025 15:48:38)
2,46 , 1,0,1,2,S, 	(30-MAY-2025 15:48:38)
2,46 , 1,0,1,2,S, 	(30-MAY-2025 15:48:38)
2,46 , 1,0,1,2,S, 	(30-MAY-2025 15:48:38)
2,46 , 1,0,1,2,S, 	(30-MAY-2025 15:48:38)
2,46 , 1,0,1,2,S, 	(30-MAY-2025 15:48:38)
2,46 , 1,0,1,2,S, 	(30-MAY-2025 15:48:38)
2,46 , 1,0,1,2,S, 	(30-MAY-2025 15:48:38)
2,46 , 1,0,1,2,S, 	(30-MAY-2025 15:48:38)
2,46 , 1,0,1,2,S, 	(30-MAY-2025 15:48:38)
2,46 , 1,0,1,2,S, 	(30-MAY-2025 15:48:38)
2,46 , 1,0,1,2,S, 	(30-MAY-2025 15:48:38)
2,46 , 1,0,1,2,S, 	(30-MAY-2025 15:48:38)
2,46 , 1,0,1,2,S, 	(30-MAY-2025 15:48:38)
2,46 , 1,0,1,2,S, 	(30-MAY-2025 15:48:38)
2,46 , 1,0,1,2,S, 	(30-MAY-2025 15:48:38)
2,46 , 1,0,1,2,S, 	(30-MAY-2025 15:48:38)
2,46 , 1,0,1,2,S, 	(30-MAY-2025 15:48:38)
2,46 , 1,0,1,2,S, 	(30-MAY-2025 15:48:38)
2,46 , 1,0,1,2,S, 	(30-MAY-2025 15:48:38)
2,46 , 1,0,1,2,S, 	(30-MAY-2025 15:48:38)
2,46 , 1,0,3,0,S, 	(30-MAY-2025 15:48:38)
2,46 , 1,0,3,0,S, 	(30-MAY-2025 15:48:38)
2,46 , 1,0,3,0,S, 	(30-MAY-2025 15:48:38)
2,46 , 1,0,3,0,S, 	(30-MAY-2025 15:48:38)
2,46 , 1,0,3,0,S, 	(30-MAY-2025 15:48:38)
2,46 , 1,0,3,0,S, 	(30-MAY-2025 15:48:38)
2,46 , 1,0,3,0,S, 	(30-MAY-2025 15:48:38)
2,46 , 1,0,3,0,S, 	(30-MAY-2025 15:48:38)
2,46 , 1,0,3,0,S, 	(30-MAY-2025 15:48:38)
2,46 , 1,0,3,0,S, 	(30-MAY-2025 15:48:38)
2,46 , 1,0,3,0,S, 	(30-MAY-2025 15:48:38)
2,46 , 1,0,3,0,S, 	(30-MAY-2025 15:48:38)
2,46 , 1,0,3,0,S, 	(30-MAY-2025 15:48:38)
2,46 , 1,0,3,0,S, 	(30-MAY-2025 15:48:38)
2,46 , 1,0,3,0,S, 	(30-MAY-2025 15:48:38)
2,46 , 1,0,3,0,S, 	(30-MAY-2025 15:48:38)
2,46 , 1,0,3,0,S, 	(30-MAY-2025 15:48:38)
2,46 , 1,0,3,0,S, 	(30-MAY-2025 15:48:38)
2,46 , 1,0,3,0,S, 	(30-MAY-2025 15:48:38)
2,46 , 1,0,3,0,S, 	(30-MAY-2025 15:48:38)
2,46 , 1,0,3,0,S, 	(30-MAY-2025 15:48:38)
2,46 , 1,0,3,0,S, 	(30-MAY-2025 15:48:38)
2,46 , 1,0,3,0,S, 	(30-MAY-2025 15:48:38)
2,46 , 1,0,3,0,S, 	(30-MAY-2025 15:48:38)
2,46 , 1,0,3,0,S, 	(30-MAY-2025 15:48:38)
2,46 , 1,0,3,0,S, 	(30-MAY-2025 15:48:38)
2,46 , 1,0,3,0,S, 	(30-MAY-2025 15:48:38)
2,46 , 1,0,3,0,S, 	(30-MAY-2025 15:48:38)
2,46 , 1,0,3,0,S, 	(30-MAY-2025 15:48:38)
2,46 , 1,0,3,0,S, 	(30-MAY-2025 15:48:38)
2,46 , 1,0,3,0,S, 	(30-MAY-2025 15:48:38)
2,46 , 1,0,3,0,S, 	(30-MAY-2025 15:48:38)
2,46 , 1,0,3,0,S, 	(30-MAY-2025 15:48:38)
2,46 , 1,0,3,0,S, 	(30-MAY-2025 15:48:38)
2,46 , 1,0,3,0,S, 	(30-MAY-2025 15:48:38)
2,46 , 1,0,3,0,S, 	(30-MAY-2025 15:48:38)
2,46 , 1,0,3,0,S, 	(30-MAY-2025 15:48:38)
2,46 , 1,0,3,0,S, 	(30-MAY-2025 15:48:38)
2,46 , 1,0,3,0,S, 	(30-MAY-2025 15:48:38)
2,46 , 1,0,3,0,S, 	(30-MAY-2025 15:48:38)
2,46 , 1,0,3,0,S, 	(30-MAY-2025 15:48:38)
2,46 , 1,0,3,0,S, 	(30-MAY-2025 15:48:38)
2,46 , 1,0,3,0,S, 	(30-MAY-2025 15:48:38)
2,46 , 1,0,3,0,S, 	(30-MAY-2025 15:48:38)
2,46 , 1,0,3,0,S, 	(30-MAY-2025 15:48:38)
2,46 , 1,0,3,0,S, 	(30-MAY-2025 15:48:38)
2,46 , 1,0,3,0,S, 	(30-MAY-2025 15:48:38)
2,46 , 1,0,3,0,S, 	(30-MAY-2025 15:48:38)
2,46 , 1,0,3,0,S, 	(30-MAY-2025 15:48:38)
2,46 , 1,0,3,0,S, 	(30-MAY-2025 15:48:38)
2,46 , 1,0,3,0,S, 	(30-MAY-2025 15:48:38)
2,46 , 1,0,3,0,S, 	(30-MAY-2025 15:48:38)
2,46 , 1,0,3,0,S, 	(30-MAY-2025 15:48:38)
2,46 , 1,0,3,0,S, 	(30-MAY-2025 15:48:38)
2,46 , 1,0,3,0,S, 	(30-MAY-2025 15:48:38)
2,46 , 1,0,3,0,S, 	(30-MAY-2025 15:48:38)
2,46 , 1,0,3,0,S, 	(30-MAY-2025 15:48:39)
2,46 , 1,0,3,0,S, 	(30-MAY-2025 15:48:39)
2,46 , 1,0,3,0,S, 	(30-MAY-2025 15:48:39)
2,46 , 1,0,3,0,S, 	(30-MAY-2025 15:48:39)
2,46 , 1,0,3,0,S, 	(30-MAY-2025 15:48:39)
2,46 , 1,0,3,0,S, 	(30-MAY-2025 15:48:39)
2,46 , 1,0,3,0,S, 	(30-MAY-2025 15:48:39)
2,46 , 1,0,3,0,S, 	(30-MAY-2025 15:48:39)
2,46 , 1,0,3,0,S, 	(30-MAY-2025 15:48:39)
2,46 , 1,0,3,0,S, 	(30-MAY-2025 15:48:39)
2,46 , 1,0,3,0,S, 	(30-MAY-2025 15:48:39)
2,46 , 1,0,3,0,S, 	(30-MAY-2025 15:48:39)
2,46 , 1,0,3,0,S, 	(30-MAY-2025 15:48:39)
2,46 , 1,0,3,0,S, 	(30-MAY-2025 15:48:39)
2,46 , 1,0,3,0,S, 	(30-MAY-2025 15:48:39)
2,46 , 1,0,3,0,S, 	(30-MAY-2025 15:48:39)
2,46 , 1,0,3,0,S, 	(30-MAY-2025 15:48:39)
2,46 , 1,0,3,0,S, 	(30-MAY-2025 15:48:39)
2,46 , 1,0,3,0,S, 	(30-MAY-2025 15:48:39)
2,46 , 1,0,3,0,S, 	(30-MAY-2025 15:48:39)
2,46 , 1,0,3,0,S, 	(30-MAY-2025 15:48:39)
2,46 , 1,0,3,0,S, 	(30-MAY-2025 15:48:39)
2,46 , 1,0,3,0,S, 	(30-MAY-2025 15:48:39)
2,46 , 1,0,3,0,S, 	(30-MAY-2025 15:48:39)
2,46 , 1,0,3,0,S, 	(30-MAY-2025 15:48:39)
2,46 , 1,0,3,0,S, 	(30-MAY-2025 15:48:39)
2,46 , 1,0,3,0,S, 	(30-MAY-2025 15:48:39)
2,46 , 1,0,3,0,S, 	(30-MAY-2025 15:48:39)
2,46 , 1,0,3,0,S, 	(30-MAY-2025 15:48:39)
2,46 , 1,0,3,0,S, 	(30-MAY-2025 15:48:39)
2,46 , 1,0,3,0,S, 	(30-MAY-2025 15:48:39)
2,46 , 1,0,3,0,S, 	(30-MAY-2025 15:48:39)
2,46 , 1,0,3,0,S, 	(30-MAY-2025 15:48:39)
2,46 , 1,0,3,0,S, 	(30-MAY-2025 15:48:39)
2,46 , 1,0,3,0,S, 	(30-MAY-2025 15:48:39)
2,46 , 1,0,3,0,S, 	(30-MAY-2025 15:48:39)
2,46 , 1,0,3,0,S, 	(30-MAY-2025 15:48:39)
2,46 , 1,0,3,0,S, 	(30-MAY-2025 15:48:39)
2,46 , 1,0,3,0,S, 	(30-MAY-2025 15:48:39)
2,46 , 1,0,3,0,S, 	(30-MAY-2025 15:48:39)
2,46 , 1,0,3,0,S, 	(30-MAY-2025 15:48:39)
2,46 , 1,0,3,0,S, 	(30-MAY-2025 15:48:39)
2,46 , 1,0,3,0,S, 	(30-MAY-2025 15:48:39)
2,46 , 1,0,3,0,S, 	(30-MAY-2025 15:48:39)
2,46 , 1,0,3,0,S, 	(30-MAY-2025 15:48:39)
2,46 , 1,0,3,0,S, 	(30-MAY-2025 15:48:39)
2,46 , 1,0,3,0,S, 	(30-MAY-2025 15:48:39)
2,46 , 1,0,3,0,S, 	(30-MAY-2025 15:48:39)
2,46 , 1,0,3,0,S, 	(30-MAY-2025 15:48:39)
2,46 , 1,0,3,0,S, 	(30-MAY-2025 15:48:39)
2,46 , 1,0,3,0,S, 	(30-MAY-2025 15:48:39)
2,46 , 1,0,3,0,S, 	(30-MAY-2025 15:48:39)
2,46 , 1,0,3,0,S, 	(30-MAY-2025 15:48:39)
2,46 , 1,0,3,0,S, 	(30-MAY-2025 15:48:39)
2,46 , 1,0,3,0,S, 	(30-MAY-2025 15:48:39)
2,46 , 1,0,3,0,S, 	(30-MAY-2025 15:48:39)
2,46 , 1,0,3,0,S, 	(30-MAY-2025 15:48:39)
2,46 , 1,0,3,0,S, 	(30-MAY-2025 15:48:39)
2,46 , 1,0,3,0,S, 	(30-MAY-2025 15:48:39)
2,46 , 1,0,3,0,S, 	(30-MAY-2025 15:48:39)
2,46 , 1,0,3,0,S, 	(30-MAY-2025 15:48:39)
2,46 , 1,0,3,0,S, 	(30-MAY-2025 15:48:39)
2,46 , 1,0,3,0,S, 	(30-MAY-2025 15:48:39)
2,46 , 1,0,3,0,S, 	(30-MAY-2025 15:48:39)
2,46 , 1,0,3,0,S, 	(30-MAY-2025 15:48:39)
2,46 , 1,0,3,0,S, 	(30-MAY-2025 15:48:39)
2,46 , 1,0,3,1,S, 	(30-MAY-2025 15:48:39)
2,46 , 1,0,3,1,S, 	(30-MAY-2025 15:48:39)
2,46 , 1,0,3,1,S, 	(30-MAY-2025 15:48:39)
2,46 , 1,0,3,1,S, 	(30-MAY-2025 15:48:39)
2,46 , 1,0,3,1,S, 	(30-MAY-2025 15:48:39)
2,46 , 1,0,3,1,S, 	(30-MAY-2025 15:48:39)
2,46 , 1,0,3,1,S, 	(30-MAY-2025 15:48:39)
2,46 , 1,0,3,1,S, 	(30-MAY-2025 15:48:39)
2,46 , 1,0,3,1,S, 	(30-MAY-2025 15:48:39)
2,46 , 1,0,3,1,S, 	(30-MAY-2025 15:48:39)
2,46 , 1,0,3,1,S, 	(30-MAY-2025 15:48:39)
2,46 , 1,0,3,1,S, 	(30-MAY-2025 15:48:39)
2,46 , 1,0,3,1,S, 	(30-MAY-2025 15:48:39)
2,46 , 1,0,3,1,S, 	(30-MAY-2025 15:48:39)
2,46 , 1,0,3,1,S, 	(30-MAY-2025 15:48:39)
2,46 , 1,0,1,0,S, 	(30-MAY-2025 15:48:39)
2,46 , 1,0,1,0,S, 	(30-MAY-2025 15:48:39)
2,46 , 1,0,1,0,S, 	(30-MAY-2025 15:48:39)
2,46 , 1,0,1,0,S, 	(30-MAY-2025 15:48:39)
2,46 , 1,0,1,0,S, 	(30-MAY-2025 15:48:39)
2,46 , 1,0,1,0,S, 	(30-MAY-2025 15:48:39)
2,46 , 1,0,1,0,S, 	(30-MAY-2025 15:48:39)
2,46 , 1,0,1,0,S, 	(30-MAY-2025 15:48:39)
2,46 , 1,0,1,0,S, 	(30-MAY-2025 15:48:39)
2,46 , 1,0,1,0,S, 	(30-MAY-2025 15:48:39)
2,46 , 1,0,1,0,S, 	(30-MAY-2025 15:48:39)
2,46 , 1,0,1,0,S, 	(30-MAY-2025 15:48:39)
2,46 , 1,0,1,0,S, 	(30-MAY-2025 15:48:39)
2,46 , 1,0,1,0,S, 	(30-MAY-2025 15:48:39)
2,46 , 1,0,1,0,S, 	(30-MAY-2025 15:48:39)
2,46 , 1,0,1,0,S, 	(30-MAY-2025 15:48:39)
2,46 , 1,0,1,0,S, 	(30-MAY-2025 15:48:39)
2,46 , 1,0,1,0,S, 	(30-MAY-2025 15:48:39)
2,46 , 1,0,1,0,S, 	(30-MAY-2025 15:48:39)
2,46 , 1,0,1,0,S, 	(30-MAY-2025 15:48:39)
2,46 , 1,0,1,0,S, 	(30-MAY-2025 15:48:39)
2,46 , 1,0,1,0,S, 	(30-MAY-2025 15:48:39)
2,46 , 1,0,1,0,S, 	(30-MAY-2025 15:48:39)
2,46 , 1,0,1,0,S, 	(30-MAY-2025 15:48:39)
2,46 , 1,0,1,0,S, 	(30-MAY-2025 15:48:39)
2,46 , 1,0,1,0,S, 	(30-MAY-2025 15:48:39)
2,46 , 1,0,1,0,S, 	(30-MAY-2025 15:48:39)
2,46 , 1,0,1,0,S, 	(30-MAY-2025 15:48:39)
2,46 , 1,0,1,0,S, 	(30-MAY-2025 15:48:39)
2,46 , 1,0,1,0,S, 	(30-MAY-2025 15:48:39)
2,46 , 1,0,1,0,S, 	(30-MAY-2025 15:48:39)
2,46 , 1,0,1,0,S, 	(30-MAY-2025 15:48:39)
2,46 , 1,0,1,0,S, 	(30-MAY-2025 15:48:39)
2,46 , 1,0,1,0,S, 	(30-MAY-2025 15:48:39)
2,46 , 1,0,1,0,S, 	(30-MAY-2025 15:48:39)
2,46 , 1,0,1,0,S, 	(30-MAY-2025 15:48:39)
2,46 , 1,0,1,0,S, 	(30-MAY-2025 15:48:39)
2,46 , 1,0,1,0,S, 	(30-MAY-2025 15:48:39)
2,46 , 1,0,1,0,S, 	(30-MAY-2025 15:48:39)
2,46 , 1,0,1,0,S, 	(30-MAY-2025 15:48:39)
2,46 , 1,0,1,0,S, 	(30-MAY-2025 15:48:39)
2,46 , 1,0,1,0,S, 	(30-MAY-2025 15:48:39)
2,46 , 1,0,1,0,S, 	(30-MAY-2025 15:48:39)
2,46 , 1,0,1,0,S, 	(30-MAY-2025 15:48:39)
2,46 , 1,0,1,0,S, 	(30-MAY-2025 15:48:39)
2,46 , 1,0,1,0,S, 	(30-MAY-2025 15:48:39)
2,46 , 1,0,1,0,S, 	(30-MAY-2025 15:48:39)
2,46 , 1,0,1,0,S, 	(30-MAY-2025 15:48:39)
2,46 , 1,0,1,0,S, 	(30-MAY-2025 15:48:39)
2,46 , 1,0,1,0,S, 	(30-MAY-2025 15:48:39)
2,46 , 1,0,1,0,S, 	(30-MAY-2025 15:48:39)
2,46 , 1,0,1,0,S, 	(30-MAY-2025 15:48:39)
2,46 , 1,0,1,0,S, 	(30-MAY-2025 15:48:39)
2,46 , 1,0,1,0,S, 	(30-MAY-2025 15:48:39)
2,46 , 1,0,1,0,S, 	(30-MAY-2025 15:48:39)
2,46 , 1,0,1,0,S, 	(30-MAY-2025 15:48:39)
2,46 , 1,0,1,0,S, 	(30-MAY-2025 15:48:39)
2,46 , 1,0,1,0,S, 	(30-MAY-2025 15:48:39)
2,46 , 1,0,1,0,S, 	(30-MAY-2025 15:48:39)
2,46 , 1,0,1,0,S, 	(30-MAY-2025 15:48:39)
2,46 , 1,0,1,0,S, 	(30-MAY-2025 15:48:39)
2,46 , 1,0,1,0,S, 	(30-MAY-2025 15:48:39)
2,46 , 1,0,1,0,S, 	(30-MAY-2025 15:48:39)
2,46 , 1,0,1,0,S, 	(30-MAY-2025 15:48:39)
2,46 , 1,0,1,0,S, 	(30-MAY-2025 15:48:39)
2,46 , 1,0,1,0,S, 	(30-MAY-2025 15:48:39)
2,46 , 1,0,1,0,S, 	(30-MAY-2025 15:48:39)
2,46 , 1,0,1,0,S, 	(30-MAY-2025 15:48:39)
2,46 , 1,0,1,0,S, 	(30-MAY-2025 15:48:39)
2,46 , 1,0,1,0,S, 	(30-MAY-2025 15:48:39)
2,46 , 1,0,1,0,S, 	(30-MAY-2025 15:48:39)
2,46 , 1,0,1,0,S, 	(30-MAY-2025 15:48:39)
2,46 , 1,0,1,0,S, 	(30-MAY-2025 15:48:39)
2,46 , 1,0,1,0,S, 	(30-MAY-2025 15:48:39)
2,46 , 1,0,1,0,S, 	(30-MAY-2025 15:48:39)
2,46 , 1,0,1,0,S, 	(30-MAY-2025 15:48:39)
2,46 , 1,0,1,0,S, 	(30-MAY-2025 15:48:39)
2,46 , 1,0,1,0,S, 	(30-MAY-2025 15:48:39)
2,46 , 1,0,1,0,S, 	(30-MAY-2025 15:48:39)
2,46 , 1,0,1,0,S, 	(30-MAY-2025 15:48:39)
2,46 , 1,0,1,0,S, 	(30-MAY-2025 15:48:39)
2,46 , 1,0,1,0,S, 	(30-MAY-2025 15:48:39)
2,46 , 1,0,1,0,S, 	(30-MAY-2025 15:48:39)
2,46 , 1,0,1,0,S, 	(30-MAY-2025 15:48:39)
2,46 , 1,0,1,0,S, 	(30-MAY-2025 15:48:39)
2,46 , 1,0,1,0,S, 	(30-MAY-2025 15:48:39)
2,46 , 1,0,1,0,S, 	(30-MAY-2025 15:48:39)
2,46 , 1,0,1,0,S, 	(30-MAY-2025 15:48:39)
2,46 , 1,0,1,0,S, 	(30-MAY-2025 15:48:39)
2,46 , 1,0,1,0,S, 	(30-MAY-2025 15:48:39)
2,46 , 1,0,1,0,S, 	(30-MAY-2025 15:48:39)
2,46 , 1,0,1,0,S, 	(30-MAY-2025 15:48:39)
2,46 , 1,0,1,0,S, 	(30-MAY-2025 15:48:39)
2,46 , 1,0,1,0,S, 	(30-MAY-2025 15:48:39)
2,46 , 1,0,1,0,S, 	(30-MAY-2025 15:48:39)
2,46 , 1,0,1,0,S, 	(30-MAY-2025 15:48:39)
2,46 , 1,0,1,0,S, 	(30-MAY-2025 15:48:39)
2,46 , 1,0,1,0,S, 	(30-MAY-2025 15:48:39)
2,46 , 1,0,1,0,S, 	(30-MAY-2025 15:48:39)
2,46 , 1,0,1,0,S, 	(30-MAY-2025 15:48:39)
2,46 , 1,0,1,0,S, 	(30-MAY-2025 15:48:39)
2,46 , 1,0,1,0,S, 	(30-MAY-2025 15:48:39)
2,46 , 1,0,1,0,S, 	(30-MAY-2025 15:48:39)
2,46 , 1,0,1,0,S, 	(30-MAY-2025 15:48:39)
2,46 , 1,0,1,0,S, 	(30-MAY-2025 15:48:39)
2,46 , 1,0,1,0,S, 	(30-MAY-2025 15:48:39)
2,46 , 1,0,1,0,S, 	(30-MAY-2025 15:48:39)
2,46 , 1,0,1,0,S, 	(30-MAY-2025 15:48:39)
2,46 , 1,0,1,0,S, 	(30-MAY-2025 15:48:39)
2,46 , 1,0,1,0,S, 	(30-MAY-2025 15:48:39)
2,46 , 1,0,1,0,S, 	(30-MAY-2025 15:48:39)
2,46 , 1,0,1,0,S, 	(30-MAY-2025 15:48:39)
2,46 , 1,0,1,0,S, 	(30-MAY-2025 15:48:39)
2,46 , 1,0,1,0,S, 	(30-MAY-2025 15:48:39)
2,46 , 1,0,1,0,S, 	(30-MAY-2025 15:48:39)
2,46 , 1,0,1,0,S, 	(30-MAY-2025 15:48:39)
2,46 , 1,0,1,0,S, 	(30-MAY-2025 15:48:39)
2,46 , 1,0,1,0,S, 	(30-MAY-2025 15:48:39)
2,46 , 1,0,1,0,S, 	(30-MAY-2025 15:48:39)
2,46 , 1,0,1,0,S, 	(30-MAY-2025 15:48:39)
2,46 , 1,0,1,0,S, 	(30-MAY-2025 15:48:39)
2,46 , 1,0,1,0,S, 	(30-MAY-2025 15:48:39)
2,46 , 1,0,1,0,S, 	(30-MAY-2025 15:48:39)
2,46 , 1,0,1,0,S, 	(30-MAY-2025 15:48:39)
2,46 , 1,0,1,0,S, 	(30-MAY-2025 15:48:39)
2,46 , 1,0,1,0,S, 	(30-MAY-2025 15:48:39)
2,46 , 1,0,1,0,S, 	(30-MAY-2025 15:48:39)
2,46 , 1,0,1,0,S, 	(30-MAY-2025 15:48:39)
2,46 , 1,0,1,0,S, 	(30-MAY-2025 15:48:39)
2,46 , 1,0,1,0,S, 	(30-MAY-2025 15:48:39)
2,46 , 1,0,1,0,S, 	(30-MAY-2025 15:48:39)
2,46 , 1,0,1,0,S, 	(30-MAY-2025 15:48:39)
2,46 , 1,0,1,0,S, 	(30-MAY-2025 15:48:39)
2,46 , 1,0,1,0,S, 	(30-MAY-2025 15:48:39)
2,46 , 1,0,1,0,S, 	(30-MAY-2025 15:48:39)
2,46 , 1,0,1,0,S, 	(30-MAY-2025 15:48:39)
2,46 , 1,0,1,0,S, 	(30-MAY-2025 15:48:39)
2,46 , 0,0,122052,0,X, 	(30-MAY-2025 15:48:39)
2,46 , 0,0,124060,0,X, 	(30-MAY-2025 15:48:39)
2,46 , 0,0,124060,0,X, 	(30-MAY-2025 15:48:39)
2,46 , 0,0,124060,0,X, 	(30-MAY-2025 15:48:39)
2,46 , 0,0,124060,0,X, 	(30-MAY-2025 15:48:39)
2,46 , 0,0,124060,0,X, 	(30-MAY-2025 15:48:39)
2,46 , 0,0,124060,0,X, 	(30-MAY-2025 15:48:39)
2,46 , 0,0,124060,0,X, 	(30-MAY-2025 15:48:39)
2,46 , 0,0,124060,0,X, 	(30-MAY-2025 15:48:39)
2,46 , 0,0,124060,0,X, 	(30-MAY-2025 15:48:39)
2,46 , 0,0,124060,0,X, 	(30-MAY-2025 15:48:39)
2,46 , 0,0,124060,0,X, 	(30-MAY-2025 15:48:39)
2,46 , 0,0,124060,0,X, 	(30-MAY-2025 15:48:39)
2,46 , 0,0,124060,0,X, 	(30-MAY-2025 15:48:39)
2,46 , 0,0,124060,0,X, 	(30-MAY-2025 15:48:39)
2,46 , 0,0,124060,0,X, 	(30-MAY-2025 15:48:39)
2,46 , 0,0,124060,0,X, 	(30-MAY-2025 15:48:39)
2,46 , 0,0,124060,0,X, 	(30-MAY-2025 15:48:39)
2,46 , 0,0,124060,0,X, 	(30-MAY-2025 15:48:39)
2,46 , 0,0,124060,0,X, 	(30-MAY-2025 15:48:39)
2,46 , 0,0,124060,0,X, 	(30-MAY-2025 15:48:39)
2,46 , 0,0,124060,0,X, 	(30-MAY-2025 15:48:39)
2,46 , 0,0,124060,0,X, 	(30-MAY-2025 15:48:39)
2,46 , 0,0,124060,0,X, 	(30-MAY-2025 15:48:39)
2,46 , 0,0,124060,0,X, 	(30-MAY-2025 15:48:39)
2,46 , 0,0,124060,0,X, 	(30-MAY-2025 15:48:39)
2,46 , 0,0,124060,0,X, 	(30-MAY-2025 15:48:39)
2,46 , 0,0,124060,0,X, 	(30-MAY-2025 15:48:39)
2,46 , 0,0,124060,0,X, 	(30-MAY-2025 15:48:39)
2,46 , 0,0,124060,0,X, 	(30-MAY-2025 15:48:39)
2,46 , 0,0,124060,0,X, 	(30-MAY-2025 15:48:39)
2,46 , 0,0,124060,0,X, 	(30-MAY-2025 15:48:39)
2,47 , 1,0,4,0,S, 	(30-MAY-2025 15:48:39)
2,47 , 1,0,4,0,S, 	(30-MAY-2025 15:48:39)
2,47 , 1,0,4,0,S, 	(30-MAY-2025 15:48:39)
2,47 , 1,0,4,0,S, 	(30-MAY-2025 15:48:39)
2,47 , 1,0,4,0,S, 	(30-MAY-2025 15:48:39)
2,47 , 1,0,4,0,S, 	(30-MAY-2025 15:48:39)
2,47 , 1,0,4,0,S, 	(30-MAY-2025 15:48:39)
2,47 , 1,0,4,0,S, 	(30-MAY-2025 15:48:39)
2,47 , 1,0,4,0,S, 	(30-MAY-2025 15:48:39)
2,47 , 1,0,4,0,S, 	(30-MAY-2025 15:48:39)
2,47 , 1,0,4,0,S, 	(30-MAY-2025 15:48:39)
2,47 , 1,0,4,0,S, 	(30-MAY-2025 15:48:39)
2,47 , 1,0,4,0,S, 	(30-MAY-2025 15:48:39)
2,47 , 1,0,4,0,S, 	(30-MAY-2025 15:48:39)
2,47 , 1,0,4,0,S, 	(30-MAY-2025 15:48:39)
2,47 , 1,0,4,0,S, 	(30-MAY-2025 15:48:39)
2,47 , 1,0,4,0,S, 	(30-MAY-2025 15:48:39)
2,47 , 1,0,4,0,S, 	(30-MAY-2025 15:48:39)
2,47 , 1,0,4,0,S, 	(30-MAY-2025 15:48:39)
2,47 , 1,0,4,0,S, 	(30-MAY-2025 15:48:39)
2,47 , 1,0,4,0,S, 	(30-MAY-2025 15:48:39)
2,47 , 1,0,4,0,S, 	(30-MAY-2025 15:48:39)
2,47 , 1,0,4,0,S, 	(30-MAY-2025 15:48:39)
2,47 , 1,0,4,0,S, 	(30-MAY-2025 15:48:39)
2,47 , 1,0,4,0,S, 	(30-MAY-2025 15:48:39)
2,47 , 1,0,4,0,S, 	(30-MAY-2025 15:48:39)
2,47 , 1,0,4,0,S, 	(30-MAY-2025 15:48:39)
2,47 , 1,0,4,0,S, 	(30-MAY-2025 15:48:39)
2,47 , 1,0,4,0,S, 	(30-MAY-2025 15:48:39)
2,47 , 1,0,4,0,S, 	(30-MAY-2025 15:48:39)
2,47 , 1,0,4,0,S, 	(30-MAY-2025 15:48:39)
2,47 , 1,0,1,2,S, 	(30-MAY-2025 15:48:39)
2,47 , 1,0,1,2,S, 	(30-MAY-2025 15:48:39)
2,47 , 1,0,1,2,S, 	(30-MAY-2025 15:48:39)
2,47 , 1,0,1,2,S, 	(30-MAY-2025 15:48:39)
2,47 , 1,0,1,2,S, 	(30-MAY-2025 15:48:39)
2,47 , 1,0,1,2,S, 	(30-MAY-2025 15:48:39)
2,47 , 1,0,1,2,S, 	(30-MAY-2025 15:48:39)
2,47 , 1,0,1,2,S, 	(30-MAY-2025 15:48:39)
2,47 , 1,0,1,2,S, 	(30-MAY-2025 15:48:39)
2,47 , 1,0,1,2,S, 	(30-MAY-2025 15:48:39)
2,47 , 1,0,1,2,S, 	(30-MAY-2025 15:48:39)
2,47 , 1,0,1,2,S, 	(30-MAY-2025 15:48:39)
2,47 , 1,0,1,2,S, 	(30-MAY-2025 15:48:39)
2,47 , 1,0,1,2,S, 	(30-MAY-2025 15:48:39)
2,47 , 1,0,1,2,S, 	(30-MAY-2025 15:48:39)
2,47 , 1,0,1,2,S, 	(30-MAY-2025 15:48:39)
2,47 , 1,0,1,2,S, 	(30-MAY-2025 15:48:39)
2,47 , 1,0,1,2,S, 	(30-MAY-2025 15:48:39)
2,47 , 1,0,1,2,S, 	(30-MAY-2025 15:48:39)
2,47 , 1,0,1,2,S, 	(30-MAY-2025 15:48:39)
2,47 , 1,0,1,2,S, 	(30-MAY-2025 15:48:39)
2,47 , 1,0,1,2,S, 	(30-MAY-2025 15:48:39)
2,47 , 1,0,1,2,S, 	(30-MAY-2025 15:48:39)
2,47 , 1,0,1,2,S, 	(30-MAY-2025 15:48:39)
2,47 , 1,0,1,2,S, 	(30-MAY-2025 15:48:39)
2,47 , 1,0,1,2,S, 	(30-MAY-2025 15:48:39)
2,47 , 1,0,1,2,S, 	(30-MAY-2025 15:48:39)
2,47 , 1,0,1,2,S, 	(30-MAY-2025 15:48:39)
2,47 , 1,0,1,2,S, 	(30-MAY-2025 15:48:39)
2,47 , 1,0,1,2,S, 	(30-MAY-2025 15:48:39)
2,47 , 1,0,1,2,S, 	(30-MAY-2025 15:48:39)
2,47 , 1,0,1,3,S, 	(30-MAY-2025 15:48:39)
2,47 , 1,0,1,3,S, 	(30-MAY-2025 15:48:39)
2,47 , 1,0,1,3,S, 	(30-MAY-2025 15:48:39)
2,47 , 1,0,1,3,S, 	(30-MAY-2025 15:48:39)
2,47 , 1,0,1,3,S, 	(30-MAY-2025 15:48:39)
2,47 , 1,0,1,3,S, 	(30-MAY-2025 15:48:39)
2,47 , 1,0,1,3,S, 	(30-MAY-2025 15:48:39)
2,47 , 1,0,1,3,S, 	(30-MAY-2025 15:48:39)
2,47 , 1,0,1,3,S, 	(30-MAY-2025 15:48:39)
2,47 , 1,0,1,3,S, 	(30-MAY-2025 15:48:39)
2,47 , 1,0,1,3,S, 	(30-MAY-2025 15:48:39)
2,47 , 1,0,1,3,S, 	(30-MAY-2025 15:48:39)
2,47 , 1,0,1,3,S, 	(30-MAY-2025 15:48:39)
2,47 , 1,0,1,3,S, 	(30-MAY-2025 15:48:39)
2,47 , 1,0,1,3,S, 	(30-MAY-2025 15:48:39)
2,47 , 1,0,1,3,S, 	(30-MAY-2025 15:48:39)
2,47 , 1,0,1,3,S, 	(30-MAY-2025 15:48:39)
2,47 , 1,0,1,3,S, 	(30-MAY-2025 15:48:39)
2,47 , 1,0,1,3,S, 	(30-MAY-2025 15:48:39)
2,47 , 1,0,1,3,S, 	(30-MAY-2025 15:48:39)
2,47 , 1,0,1,3,S, 	(30-MAY-2025 15:48:39)
2,47 , 1,0,1,3,S, 	(30-MAY-2025 15:48:39)
2,47 , 1,0,1,3,S, 	(30-MAY-2025 15:48:39)
2,47 , 1,0,1,3,S, 	(30-MAY-2025 15:48:39)
2,47 , 1,0,1,3,S, 	(30-MAY-2025 15:48:39)
2,47 , 1,0,1,3,S, 	(30-MAY-2025 15:48:39)
2,47 , 1,0,1,3,S, 	(30-MAY-2025 15:48:39)
2,47 , 1,0,1,3,S, 	(30-MAY-2025 15:48:39)
2,47 , 1,0,1,3,S, 	(30-MAY-2025 15:48:39)
2,47 , 1,0,1,3,S, 	(30-MAY-2025 15:48:39)
2,47 , 1,0,5,0,S, 	(30-MAY-2025 15:48:39)
2,47 , 1,0,5,0,S, 	(30-MAY-2025 15:48:39)
2,47 , 1,0,5,0,S, 	(30-MAY-2025 15:48:39)
2,47 , 1,0,5,0,S, 	(30-MAY-2025 15:48:39)
2,47 , 1,0,5,0,S, 	(30-MAY-2025 15:48:39)
2,47 , 1,0,5,0,S, 	(30-MAY-2025 15:48:39)
2,47 , 1,0,5,0,S, 	(30-MAY-2025 15:48:39)
2,47 , 1,0,5,0,S, 	(30-MAY-2025 15:48:39)
2,47 , 1,0,5,0,S, 	(30-MAY-2025 15:48:39)
2,47 , 1,0,5,0,S, 	(30-MAY-2025 15:48:39)
2,47 , 1,0,5,0,S, 	(30-MAY-2025 15:48:39)
2,47 , 1,0,5,0,S, 	(30-MAY-2025 15:48:39)
2,47 , 1,0,5,0,S, 	(30-MAY-2025 15:48:39)
2,47 , 1,0,5,0,S, 	(30-MAY-2025 15:48:39)
2,47 , 1,0,5,0,S, 	(30-MAY-2025 15:48:39)
2,47 , 1,0,5,0,S, 	(30-MAY-2025 15:48:39)
2,47 , 1,0,5,0,S, 	(30-MAY-2025 15:48:39)
2,47 , 1,0,5,0,S, 	(30-MAY-2025 15:48:39)
2,47 , 1,0,5,0,S, 	(30-MAY-2025 15:48:39)
2,47 , 1,0,5,0,S, 	(30-MAY-2025 15:48:39)
2,47 , 1,0,5,0,S, 	(30-MAY-2025 15:48:39)
2,47 , 1,0,5,0,S, 	(30-MAY-2025 15:48:39)
2,47 , 1,0,5,0,S, 	(30-MAY-2025 15:48:39)
2,47 , 1,0,5,0,S, 	(30-MAY-2025 15:48:39)
2,47 , 1,0,5,0,S, 	(30-MAY-2025 15:48:39)
2,47 , 1,0,5,0,S, 	(30-MAY-2025 15:48:39)
2,47 , 1,0,5,0,S, 	(30-MAY-2025 15:48:39)
2,47 , 1,0,5,0,S, 	(30-MAY-2025 15:48:39)
2,47 , 1,0,5,0,S, 	(30-MAY-2025 15:48:39)
2,47 , 1,0,5,0,S, 	(30-MAY-2025 15:48:39)
2,47 , 1,0,5,0,S, 	(30-MAY-2025 15:48:39)
2,47 , 1,0,5,0,S, 	(30-MAY-2025 15:48:39)
2,47 , 1,0,5,0,S, 	(30-MAY-2025 15:48:39)
2,47 , 1,0,5,0,S, 	(30-MAY-2025 15:48:39)
2,47 , 1,0,5,0,S, 	(30-MAY-2025 15:48:39)
2,47 , 1,0,5,0,S, 	(30-MAY-2025 15:48:39)
2,47 , 1,0,5,0,S, 	(30-MAY-2025 15:48:39)
2,47 , 1,0,5,0,S, 	(30-MAY-2025 15:48:39)
2,47 , 1,0,5,0,S, 	(30-MAY-2025 15:48:39)
2,47 , 1,0,5,0,S, 	(30-MAY-2025 15:48:39)
2,47 , 1,0,5,0,S, 	(30-MAY-2025 15:48:39)
2,47 , 1,0,5,0,S, 	(30-MAY-2025 15:48:39)
2,47 , 1,0,5,0,S, 	(30-MAY-2025 15:48:39)
2,47 , 1,0,5,0,S, 	(30-MAY-2025 15:48:39)
2,47 , 1,0,5,0,S, 	(30-MAY-2025 15:48:39)
2,47 , 1,0,5,0,S, 	(30-MAY-2025 15:48:39)
2,47 , 1,0,5,0,S, 	(30-MAY-2025 15:48:39)
2,47 , 1,0,5,0,S, 	(30-MAY-2025 15:48:39)
2,47 , 1,0,5,0,S, 	(30-MAY-2025 15:48:39)
2,47 , 1,0,5,0,S, 	(30-MAY-2025 15:48:39)
2,47 , 1,0,5,0,S, 	(30-MAY-2025 15:48:39)
2,47 , 1,0,5,0,S, 	(30-MAY-2025 15:48:39)
2,47 , 1,0,5,0,S, 	(30-MAY-2025 15:48:39)
2,47 , 1,0,5,0,S, 	(30-MAY-2025 15:48:39)
2,47 , 1,0,5,0,S, 	(30-MAY-2025 15:48:39)
2,47 , 1,0,5,0,S, 	(30-MAY-2025 15:48:39)
2,47 , 1,0,5,0,S, 	(30-MAY-2025 15:48:39)
2,47 , 1,0,5,0,S, 	(30-MAY-2025 15:48:39)
2,47 , 1,0,5,0,S, 	(30-MAY-2025 15:48:39)
2,47 , 1,0,5,0,S, 	(30-MAY-2025 15:48:39)
2,47 , 1,0,5,0,S, 	(30-MAY-2025 15:48:39)
2,47 , 1,0,5,0,S, 	(30-MAY-2025 15:48:39)
2,47 , 1,0,5,0,S, 	(30-MAY-2025 15:48:39)
2,47 , 1,0,5,0,S, 	(30-MAY-2025 15:48:39)
2,47 , 1,0,5,0,S, 	(30-MAY-2025 15:48:39)
2,47 , 1,0,5,0,S, 	(30-MAY-2025 15:48:39)
2,47 , 1,0,5,0,S, 	(30-MAY-2025 15:48:39)
2,47 , 1,0,5,0,S, 	(30-MAY-2025 15:48:39)
2,47 , 1,0,5,0,S, 	(30-MAY-2025 15:48:39)
2,47 , 1,0,5,0,S, 	(30-MAY-2025 15:48:39)
2,47 , 1,0,5,0,S, 	(30-MAY-2025 15:48:39)
2,47 , 1,0,5,0,S, 	(30-MAY-2025 15:48:39)
2,47 , 1,0,5,0,S, 	(30-MAY-2025 15:48:39)
2,47 , 1,0,5,0,S, 	(30-MAY-2025 15:48:39)
2,47 , 1,0,5,0,S, 	(30-MAY-2025 15:48:39)
2,47 , 1,0,5,0,S, 	(30-MAY-2025 15:48:39)
2,47 , 1,0,5,0,S, 	(30-MAY-2025 15:48:39)
2,47 , 1,0,5,0,S, 	(30-MAY-2025 15:48:39)
2,47 , 1,0,5,0,S, 	(30-MAY-2025 15:48:39)
2,47 , 1,0,5,0,S, 	(30-MAY-2025 15:48:39)
2,47 , 1,0,5,0,S, 	(30-MAY-2025 15:48:39)
2,47 , 1,0,5,0,S, 	(30-MAY-2025 15:48:39)
2,47 , 1,0,5,0,S, 	(30-MAY-2025 15:48:39)
2,47 , 1,0,5,0,S, 	(30-MAY-2025 15:48:39)
2,47 , 1,0,5,0,S, 	(30-MAY-2025 15:48:39)
2,47 , 1,0,5,0,S, 	(30-MAY-2025 15:48:39)
2,47 , 1,0,5,0,S, 	(30-MAY-2025 15:48:39)
2,47 , 1,0,5,0,S, 	(30-MAY-2025 15:48:39)
2,47 , 1,0,5,0,S, 	(30-MAY-2025 15:48:39)
2,47 , 1,0,5,0,S, 	(30-MAY-2025 15:48:39)
2,47 , 1,0,5,0,S, 	(30-MAY-2025 15:48:39)
2,47 , 1,0,5,0,S, 	(30-MAY-2025 15:48:39)
2,47 , 1,0,5,0,S, 	(30-MAY-2025 15:48:39)
2,47 , 1,0,5,0,S, 	(30-MAY-2025 15:48:39)
2,47 , 1,0,5,0,S, 	(30-MAY-2025 15:48:39)
2,47 , 1,0,5,0,S, 	(30-MAY-2025 15:48:39)
2,47 , 1,0,5,0,S, 	(30-MAY-2025 15:48:39)
2,47 , 1,0,5,0,S, 	(30-MAY-2025 15:48:39)
2,47 , 1,0,5,0,S, 	(30-MAY-2025 15:48:39)
2,47 , 1,0,5,0,S, 	(30-MAY-2025 15:48:39)
2,47 , 1,0,5,0,S, 	(30-MAY-2025 15:48:39)
2,47 , 1,0,5,0,S, 	(30-MAY-2025 15:48:39)
2,47 , 1,0,5,0,S, 	(30-MAY-2025 15:48:39)
2,47 , 1,0,5,0,S, 	(30-MAY-2025 15:48:39)
2,47 , 1,0,5,0,S, 	(30-MAY-2025 15:48:39)
2,47 , 1,0,5,0,S, 	(30-MAY-2025 15:48:39)
2,47 , 1,0,5,0,S, 	(30-MAY-2025 15:48:39)
2,47 , 1,0,5,0,S, 	(30-MAY-2025 15:48:39)
2,47 , 1,0,5,0,S, 	(30-MAY-2025 15:48:39)
2,47 , 1,0,5,0,S, 	(30-MAY-2025 15:48:39)
2,47 , 1,0,5,0,S, 	(30-MAY-2025 15:48:39)
2,47 , 1,0,5,0,S, 	(30-MAY-2025 15:48:39)
2,47 , 1,0,5,0,S, 	(30-MAY-2025 15:48:39)
2,47 , 1,0,5,0,S, 	(30-MAY-2025 15:48:39)
2,47 , 1,0,5,0,S, 	(30-MAY-2025 15:48:39)
2,47 , 1,0,5,0,S, 	(30-MAY-2025 15:48:39)
2,47 , 1,0,5,0,S, 	(30-MAY-2025 15:48:39)
2,47 , 1,0,5,0,S, 	(30-MAY-2025 15:48:39)
2,47 , 1,0,5,0,S, 	(30-MAY-2025 15:48:39)
2,47 , 1,0,5,0,S, 	(30-MAY-2025 15:48:39)
2,47 , 1,0,5,0,S, 	(30-MAY-2025 15:48:39)
2,47 , 1,0,5,0,S, 	(30-MAY-2025 15:48:39)
2,47 , 1,0,5,0,S, 	(30-MAY-2025 15:48:39)
2,47 , 1,0,5,0,S, 	(30-MAY-2025 15:48:39)
2,47 , 1,0,5,0,S, 	(30-MAY-2025 15:48:39)
2,47 , 1,0,5,0,S, 	(30-MAY-2025 15:48:39)
2,47 , 1,0,5,0,S, 	(30-MAY-2025 15:48:39)
2,47 , 1,0,5,0,S, 	(30-MAY-2025 15:48:39)
2,47 , 1,0,5,0,S, 	(30-MAY-2025 15:48:39)
2,47 , 1,0,5,0,S, 	(30-MAY-2025 15:48:39)
2,47 , 1,0,5,0,S, 	(30-MAY-2025 15:48:39)
2,47 , 1,0,5,0,S, 	(30-MAY-2025 15:48:39)
2,47 , 1,0,5,0,S, 	(30-MAY-2025 15:48:39)
2,47 , 1,0,5,0,S, 	(30-MAY-2025 15:48:39)
2,47 , 1,0,5,0,S, 	(30-MAY-2025 15:48:39)
2,47 , 1,0,5,0,S, 	(30-MAY-2025 15:48:39)
2,47 , 1,0,5,0,S, 	(30-MAY-2025 15:48:39)
2,47 , 1,0,5,0,S, 	(30-MAY-2025 15:48:39)
2,47 , 1,0,5,0,S, 	(30-MAY-2025 15:48:39)
2,47 , 1,0,5,0,S, 	(30-MAY-2025 15:48:39)
2,47 , 1,0,5,0,S, 	(30-MAY-2025 15:48:39)
2,47 , 1,0,5,0,S, 	(30-MAY-2025 15:48:39)
2,47 , 1,0,5,0,S, 	(30-MAY-2025 15:48:39)
2,47 , 1,0,5,0,S, 	(30-MAY-2025 15:48:39)
2,47 , 1,0,5,0,S, 	(30-MAY-2025 15:48:39)
2,47 , 1,0,5,0,S, 	(30-MAY-2025 15:48:39)
2,47 , 1,0,5,0,S, 	(30-MAY-2025 15:48:39)
2,47 , 1,0,5,0,S, 	(30-MAY-2025 15:48:39)
2,47 , 1,0,5,0,S, 	(30-MAY-2025 15:48:39)
2,47 , 1,0,5,0,S, 	(30-MAY-2025 15:48:39)
2,47 , 1,0,5,0,S, 	(30-MAY-2025 15:48:39)
2,47 , 1,0,5,0,S, 	(30-MAY-2025 15:48:39)
2,47 , 1,0,5,0,S, 	(30-MAY-2025 15:48:39)
2,47 , 1,0,5,0,S, 	(30-MAY-2025 15:48:39)
2,47 , 1,0,5,0,S, 	(30-MAY-2025 15:48:39)
2,47 , 1,0,5,0,S, 	(30-MAY-2025 15:48:39)
2,47 , 1,0,5,0,S, 	(30-MAY-2025 15:48:39)
2,47 , 1,0,5,0,S, 	(30-MAY-2025 15:48:39)
2,47 , 1,0,5,0,S, 	(30-MAY-2025 15:48:39)
2,47 , 1,0,5,0,S, 	(30-MAY-2025 15:48:39)
2,47 , 1,0,5,0,S, 	(30-MAY-2025 15:48:39)
2,47 , 1,0,5,0,S, 	(30-MAY-2025 15:48:39)
2,47 , 1,0,5,0,S, 	(30-MAY-2025 15:48:39)
2,47 , 1,0,5,0,S, 	(30-MAY-2025 15:48:39)
2,47 , 1,0,5,0,S, 	(30-MAY-2025 15:48:39)
2,47 , 1,0,5,0,S, 	(30-MAY-2025 15:48:39)
2,47 , 1,0,5,0,S, 	(30-MAY-2025 15:48:39)
2,47 , 1,0,5,0,S, 	(30-MAY-2025 15:48:39)
2,47 , 1,0,5,0,S, 	(30-MAY-2025 15:48:39)
2,47 , 1,0,5,0,S, 	(30-MAY-2025 15:48:39)
2,47 , 1,0,5,0,S, 	(30-MAY-2025 15:48:39)
2,47 , 1,0,5,0,S, 	(30-MAY-2025 15:48:39)
2,47 , 1,0,5,0,S, 	(30-MAY-2025 15:48:39)
2,47 , 1,0,5,0,S, 	(30-MAY-2025 15:48:39)
2,47 , 1,0,5,0,S, 	(30-MAY-2025 15:48:39)
2,47 , 1,0,5,0,S, 	(30-MAY-2025 15:48:39)
2,47 , 1,0,5,0,S, 	(30-MAY-2025 15:48:39)
2,47 , 1,0,5,0,S, 	(30-MAY-2025 15:48:39)
2,47 , 1,0,5,0,S, 	(30-MAY-2025 15:48:39)
2,47 , 1,0,5,0,S, 	(30-MAY-2025 15:48:39)
2,47 , 1,0,5,0,S, 	(30-MAY-2025 15:48:39)
2,47 , 1,0,5,0,S, 	(30-MAY-2025 15:48:39)
2,47 , 1,0,5,0,S, 	(30-MAY-2025 15:48:39)
2,47 , 1,0,5,0,S, 	(30-MAY-2025 15:48:39)
2,47 , 1,0,5,0,S, 	(30-MAY-2025 15:48:39)
2,47 , 1,0,5,0,S, 	(30-MAY-2025 15:48:39)
2,47 , 1,0,5,0,S, 	(30-MAY-2025 15:48:39)
2,47 , 1,0,5,0,S, 	(30-MAY-2025 15:48:39)
2,47 , 1,0,5,0,S, 	(30-MAY-2025 15:48:39)
2,47 , 1,0,5,0,S, 	(30-MAY-2025 15:48:39)
2,47 , 1,0,5,0,S, 	(30-MAY-2025 15:48:39)
2,47 , 1,0,5,0,S, 	(30-MAY-2025 15:48:39)
2,47 , 1,0,5,0,S, 	(30-MAY-2025 15:48:39)
2,47 , 1,0,5,0,S, 	(30-MAY-2025 15:48:39)
2,47 , 1,0,5,0,S, 	(30-MAY-2025 15:48:39)
2,47 , 1,0,5,0,S, 	(30-MAY-2025 15:48:39)
2,47 , 1,0,5,0,S, 	(30-MAY-2025 15:48:39)
2,47 , 1,0,5,0,S, 	(30-MAY-2025 15:48:39)
2,47 , 1,0,5,0,S, 	(30-MAY-2025 15:48:39)
2,47 , 1,0,5,0,S, 	(30-MAY-2025 15:48:39)
2,47 , 1,0,5,0,S, 	(30-MAY-2025 15:48:39)
2,47 , 1,0,5,0,S, 	(30-MAY-2025 15:48:39)
2,47 , 1,0,5,0,S, 	(30-MAY-2025 15:48:39)
2,47 , 1,0,5,0,S, 	(30-MAY-2025 15:48:39)
2,47 , 1,0,5,0,S, 	(30-MAY-2025 15:48:39)
2,47 , 1,0,5,0,S, 	(30-MAY-2025 15:48:39)
2,47 , 1,0,5,0,S, 	(30-MAY-2025 15:48:39)
2,47 , 1,0,5,0,S, 	(30-MAY-2025 15:48:39)
2,47 , 1,0,5,0,S, 	(30-MAY-2025 15:48:39)
2,47 , 1,0,5,0,S, 	(30-MAY-2025 15:48:39)
2,47 , 1,0,5,0,S, 	(30-MAY-2025 15:48:39)
2,47 , 1,0,5,0,S, 	(30-MAY-2025 15:48:39)
2,47 , 1,0,5,0,S, 	(30-MAY-2025 15:48:39)
2,47 , 1,0,5,1,S, 	(30-MAY-2025 15:48:39)
2,47 , 1,0,5,1,S, 	(30-MAY-2025 15:48:39)
2,47 , 1,0,5,1,S, 	(30-MAY-2025 15:48:39)
2,47 , 1,0,5,1,S, 	(30-MAY-2025 15:48:39)
2,47 , 1,0,5,1,S, 	(30-MAY-2025 15:48:39)
2,47 , 1,0,5,1,S, 	(30-MAY-2025 15:48:39)
2,47 , 1,0,5,1,S, 	(30-MAY-2025 15:48:39)
2,47 , 1,0,5,1,S, 	(30-MAY-2025 15:48:39)
2,47 , 1,0,5,1,S, 	(30-MAY-2025 15:48:39)
2,47 , 1,0,5,1,S, 	(30-MAY-2025 15:48:39)
2,47 , 1,0,5,1,S, 	(30-MAY-2025 15:48:39)
2,47 , 1,0,5,1,S, 	(30-MAY-2025 15:48:39)
2,47 , 1,0,5,1,S, 	(30-MAY-2025 15:48:39)
2,47 , 1,0,5,1,S, 	(30-MAY-2025 15:48:39)
2,47 , 1,0,5,1,S, 	(30-MAY-2025 15:48:39)
2,47 , 1,0,5,1,S, 	(30-MAY-2025 15:48:39)
2,47 , 1,0,5,1,S, 	(30-MAY-2025 15:48:39)
2,47 , 1,0,5,1,S, 	(30-MAY-2025 15:48:39)
2,47 , 1,0,5,1,S, 	(30-MAY-2025 15:48:39)
2,47 , 1,0,5,1,S, 	(30-MAY-2025 15:48:39)
2,47 , 1,0,5,1,S, 	(30-MAY-2025 15:48:39)
2,47 , 1,0,5,1,S, 	(30-MAY-2025 15:48:39)
2,47 , 1,0,5,1,S, 	(30-MAY-2025 15:48:39)
2,47 , 1,0,5,1,S, 	(30-MAY-2025 15:48:39)
2,47 , 1,0,5,1,S, 	(30-MAY-2025 15:48:39)
2,47 , 1,0,5,1,S, 	(30-MAY-2025 15:48:39)
2,47 , 1,0,5,1,S, 	(30-MAY-2025 15:48:39)
2,47 , 1,0,5,1,S, 	(30-MAY-2025 15:48:39)
2,47 , 1,0,5,1,S, 	(30-MAY-2025 15:48:39)
2,47 , 1,0,5,1,S, 	(30-MAY-2025 15:48:39)
2,47 , 1,0,5,1,S, 	(30-MAY-2025 15:48:39)
2,47 , 1,0,5,1,S, 	(30-MAY-2025 15:48:39)
2,47 , 1,0,5,1,S, 	(30-MAY-2025 15:48:39)
2,47 , 1,0,5,1,S, 	(30-MAY-2025 15:48:39)
2,47 , 1,0,5,1,S, 	(30-MAY-2025 15:48:39)
2,47 , 1,0,5,1,S, 	(30-MAY-2025 15:48:39)
2,47 , 1,0,5,1,S, 	(30-MAY-2025 15:48:39)
2,47 , 1,0,5,1,S, 	(30-MAY-2025 15:48:39)
2,47 , 1,0,5,1,S, 	(30-MAY-2025 15:48:39)
2,47 , 1,0,5,1,S, 	(30-MAY-2025 15:48:39)
2,47 , 1,0,5,1,S, 	(30-MAY-2025 15:48:39)
2,47 , 1,0,5,1,S, 	(30-MAY-2025 15:48:39)
2,47 , 1,0,5,1,S, 	(30-MAY-2025 15:48:39)
2,47 , 1,0,5,1,S, 	(30-MAY-2025 15:48:39)
2,47 , 1,0,5,1,S, 	(30-MAY-2025 15:48:39)
2,47 , 1,0,5,1,S, 	(30-MAY-2025 15:48:39)
2,47 , 1,0,5,1,S, 	(30-MAY-2025 15:48:39)
2,47 , 1,0,5,1,S, 	(30-MAY-2025 15:48:39)
2,47 , 1,0,5,1,S, 	(30-MAY-2025 15:48:39)
2,47 , 1,0,5,1,S, 	(30-MAY-2025 15:48:39)
2,47 , 1,0,5,1,S, 	(30-MAY-2025 15:48:39)
2,47 , 1,0,5,1,S, 	(30-MAY-2025 15:48:39)
2,47 , 1,0,5,1,S, 	(30-MAY-2025 15:48:39)
2,47 , 1,0,5,1,S, 	(30-MAY-2025 15:48:39)
2,47 , 1,0,5,1,S, 	(30-MAY-2025 15:48:39)
2,47 , 1,0,5,1,S, 	(30-MAY-2025 15:48:39)
2,47 , 1,0,5,1,S, 	(30-MAY-2025 15:48:39)
2,47 , 1,0,5,1,S, 	(30-MAY-2025 15:48:39)
2,47 , 1,0,5,1,S, 	(30-MAY-2025 15:48:39)
2,47 , 1,0,5,1,S, 	(30-MAY-2025 15:48:39)
2,47 , 1,0,5,1,S, 	(30-MAY-2025 15:48:39)
2,47 , 1,0,5,1,S, 	(30-MAY-2025 15:48:39)
2,47 , 1,0,5,1,S, 	(30-MAY-2025 15:48:39)
2,47 , 1,0,5,1,S, 	(30-MAY-2025 15:48:39)
2,47 , 1,0,5,1,S, 	(30-MAY-2025 15:48:39)
2,47 , 1,0,5,1,S, 	(30-MAY-2025 15:48:39)
2,47 , 1,0,5,1,S, 	(30-MAY-2025 15:48:39)
2,47 , 1,0,5,1,S, 	(30-MAY-2025 15:48:39)
2,47 , 1,0,5,1,S, 	(30-MAY-2025 15:48:40)
2,47 , 1,0,5,1,S, 	(30-MAY-2025 15:48:40)
2,47 , 1,0,5,1,S, 	(30-MAY-2025 15:48:40)
2,47 , 1,0,5,1,S, 	(30-MAY-2025 15:48:40)
2,47 , 1,0,2,0,S, 	(30-MAY-2025 15:48:40)
2,47 , 1,0,2,0,S, 	(30-MAY-2025 15:48:40)
2,47 , 1,0,2,0,S, 	(30-MAY-2025 15:48:40)
2,47 , 1,0,2,0,S, 	(30-MAY-2025 15:48:40)
2,47 , 1,0,2,0,S, 	(30-MAY-2025 15:48:40)
2,47 , 1,0,2,0,S, 	(30-MAY-2025 15:48:40)
2,47 , 1,0,2,0,S, 	(30-MAY-2025 15:48:40)
2,47 , 1,0,2,0,S, 	(30-MAY-2025 15:48:40)
2,47 , 1,0,2,0,S, 	(30-MAY-2025 15:48:40)
2,47 , 1,0,2,0,S, 	(30-MAY-2025 15:48:40)
2,47 , 1,0,2,0,S, 	(30-MAY-2025 15:48:40)
2,47 , 1,0,2,0,S, 	(30-MAY-2025 15:48:40)
2,47 , 1,0,2,0,S, 	(30-MAY-2025 15:48:40)
2,47 , 1,0,2,0,S, 	(30-MAY-2025 15:48:40)
2,47 , 1,0,2,0,S, 	(30-MAY-2025 15:48:40)
2,47 , 1,0,2,0,S, 	(30-MAY-2025 15:48:40)
2,47 , 1,0,2,0,S, 	(30-MAY-2025 15:48:40)
2,47 , 1,0,2,0,S, 	(30-MAY-2025 15:48:40)
2,47 , 1,0,2,0,S, 	(30-MAY-2025 15:48:40)
2,47 , 1,0,2,0,S, 	(30-MAY-2025 15:48:40)
2,47 , 1,0,2,0,S, 	(30-MAY-2025 15:48:40)
2,47 , 1,0,2,0,S, 	(30-MAY-2025 15:48:40)
2,47 , 1,0,2,0,S, 	(30-MAY-2025 15:48:40)
2,47 , 1,0,2,0,S, 	(30-MAY-2025 15:48:40)
2,47 , 1,0,2,0,S, 	(30-MAY-2025 15:48:40)
2,47 , 1,0,2,0,S, 	(30-MAY-2025 15:48:40)
2,47 , 1,0,2,0,S, 	(30-MAY-2025 15:48:40)
2,47 , 1,0,2,0,S, 	(30-MAY-2025 15:48:40)
2,47 , 1,0,2,0,S, 	(30-MAY-2025 15:48:40)
2,47 , 1,0,2,0,S, 	(30-MAY-2025 15:48:40)
2,47 , 1,0,2,0,S, 	(30-MAY-2025 15:48:40)
2,47 , 1,0,1,0,S, 	(30-MAY-2025 15:48:40)
2,47 , 1,0,1,0,S, 	(30-MAY-2025 15:48:40)
2,47 , 1,0,1,0,S, 	(30-MAY-2025 15:48:40)
2,47 , 1,0,1,0,S, 	(30-MAY-2025 15:48:40)
2,47 , 1,0,1,0,S, 	(30-MAY-2025 15:48:40)
2,47 , 1,0,1,0,S, 	(30-MAY-2025 15:48:40)
2,47 , 1,0,1,0,S, 	(30-MAY-2025 15:48:40)
2,47 , 1,0,1,0,S, 	(30-MAY-2025 15:48:40)
2,47 , 1,0,1,0,S, 	(30-MAY-2025 15:48:40)
2,47 , 1,0,1,0,S, 	(30-MAY-2025 15:48:40)
2,47 , 1,0,1,0,S, 	(30-MAY-2025 15:48:40)
2,47 , 1,0,1,0,S, 	(30-MAY-2025 15:48:40)
2,47 , 1,0,1,0,S, 	(30-MAY-2025 15:48:40)
2,47 , 1,0,1,0,S, 	(30-MAY-2025 15:48:40)
2,47 , 1,0,1,0,S, 	(30-MAY-2025 15:48:40)
2,47 , 1,0,1,0,S, 	(30-MAY-2025 15:48:40)
2,47 , 1,0,1,0,S, 	(30-MAY-2025 15:48:40)
2,47 , 1,0,1,0,S, 	(30-MAY-2025 15:48:40)
2,47 , 1,0,1,0,S, 	(30-MAY-2025 15:48:40)
2,47 , 1,0,1,0,S, 	(30-MAY-2025 15:48:40)
2,47 , 1,0,1,0,S, 	(30-MAY-2025 15:48:40)
2,47 , 1,0,1,0,S, 	(30-MAY-2025 15:48:40)
2,47 , 1,0,1,0,S, 	(30-MAY-2025 15:48:40)
2,47 , 1,0,1,0,S, 	(30-MAY-2025 15:48:40)
2,47 , 1,0,1,0,S, 	(30-MAY-2025 15:48:40)
2,47 , 1,0,1,0,S, 	(30-MAY-2025 15:48:40)
2,47 , 1,0,1,0,S, 	(30-MAY-2025 15:48:40)
2,47 , 1,0,1,0,S, 	(30-MAY-2025 15:48:40)
2,47 , 1,0,1,0,S, 	(30-MAY-2025 15:48:40)
2,47 , 1,0,1,0,S, 	(30-MAY-2025 15:48:40)
2,47 , 1,0,1,0,S, 	(30-MAY-2025 15:48:40)
2,47 , 1,0,1,0,S, 	(30-MAY-2025 15:48:40)
2,47 , 1,0,1,0,S, 	(30-MAY-2025 15:48:40)
2,47 , 1,0,1,0,S, 	(30-MAY-2025 15:48:40)
2,47 , 1,0,1,0,S, 	(30-MAY-2025 15:48:40)
2,47 , 1,0,1,0,S, 	(30-MAY-2025 15:48:40)
2,47 , 1,0,1,0,S, 	(30-MAY-2025 15:48:40)
2,47 , 1,0,1,0,S, 	(30-MAY-2025 15:48:40)
2,47 , 1,0,1,0,S, 	(30-MAY-2025 15:48:40)
2,47 , 1,0,1,0,S, 	(30-MAY-2025 15:48:40)
2,47 , 1,0,1,0,S, 	(30-MAY-2025 15:48:40)
2,47 , 1,0,1,0,S, 	(30-MAY-2025 15:48:40)
2,47 , 1,0,1,0,S, 	(30-MAY-2025 15:48:40)
2,47 , 1,0,1,0,S, 	(30-MAY-2025 15:48:40)
2,47 , 1,0,1,0,S, 	(30-MAY-2025 15:48:40)
2,47 , 1,0,1,0,S, 	(30-MAY-2025 15:48:40)
2,47 , 1,0,1,0,S, 	(30-MAY-2025 15:48:40)
2,47 , 1,0,1,0,S, 	(30-MAY-2025 15:48:40)
2,47 , 1,0,1,0,S, 	(30-MAY-2025 15:48:40)
2,47 , 1,0,1,0,S, 	(30-MAY-2025 15:48:40)
2,47 , 1,0,1,0,S, 	(30-MAY-2025 15:48:40)
2,47 , 1,0,1,0,S, 	(30-MAY-2025 15:48:40)
2,47 , 1,0,1,0,S, 	(30-MAY-2025 15:48:40)
2,47 , 1,0,1,0,S, 	(30-MAY-2025 15:48:40)
2,47 , 1,0,1,0,S, 	(30-MAY-2025 15:48:40)
2,47 , 1,0,1,0,S, 	(30-MAY-2025 15:48:40)
2,47 , 1,0,1,0,S, 	(30-MAY-2025 15:48:40)
2,47 , 1,0,1,0,S, 	(30-MAY-2025 15:48:40)
2,47 , 1,0,1,0,S, 	(30-MAY-2025 15:48:40)
2,47 , 1,0,1,0,S, 	(30-MAY-2025 15:48:40)
2,47 , 1,0,1,0,S, 	(30-MAY-2025 15:48:40)
2,47 , 1,0,1,0,S, 	(30-MAY-2025 15:48:40)
2,47 , 1,0,1,0,S, 	(30-MAY-2025 15:48:40)
2,47 , 1,0,1,0,S, 	(30-MAY-2025 15:48:40)
2,47 , 1,0,1,0,S, 	(30-MAY-2025 15:48:40)
2,47 , 1,0,1,0,S, 	(30-MAY-2025 15:48:40)
2,47 , 1,0,1,0,S, 	(30-MAY-2025 15:48:40)
2,47 , 1,0,1,0,S, 	(30-MAY-2025 15:48:40)
2,47 , 1,0,1,0,S, 	(30-MAY-2025 15:48:40)
2,47 , 1,0,1,0,S, 	(30-MAY-2025 15:48:40)
2,47 , 1,0,1,0,S, 	(30-MAY-2025 15:48:40)
2,47 , 1,0,1,0,S, 	(30-MAY-2025 15:48:40)
2,47 , 1,0,1,0,S, 	(30-MAY-2025 15:48:40)
2,47 , 1,0,1,0,S, 	(30-MAY-2025 15:48:40)
2,47 , 1,0,1,0,S, 	(30-MAY-2025 15:48:40)
2,47 , 1,0,1,0,S, 	(30-MAY-2025 15:48:40)
2,47 , 1,0,1,0,S, 	(30-MAY-2025 15:48:40)
2,47 , 1,0,1,0,S, 	(30-MAY-2025 15:48:40)
2,47 , 1,0,1,0,S, 	(30-MAY-2025 15:48:40)
2,47 , 1,0,1,0,S, 	(30-MAY-2025 15:48:40)
2,47 , 1,0,1,0,S, 	(30-MAY-2025 15:48:40)
2,47 , 1,0,1,0,S, 	(30-MAY-2025 15:48:40)
2,47 , 1,0,1,0,S, 	(30-MAY-2025 15:48:40)
2,47 , 1,0,1,0,S, 	(30-MAY-2025 15:48:40)
2,47 , 1,0,1,0,S, 	(30-MAY-2025 15:48:40)
2,47 , 1,0,1,0,S, 	(30-MAY-2025 15:48:40)
2,47 , 1,0,1,0,S, 	(30-MAY-2025 15:48:40)
2,47 , 1,0,1,0,S, 	(30-MAY-2025 15:48:40)
2,47 , 1,0,1,0,S, 	(30-MAY-2025 15:48:40)
2,47 , 1,0,1,0,S, 	(30-MAY-2025 15:48:40)
2,47 , 1,0,1,0,S, 	(30-MAY-2025 15:48:40)
2,47 , 1,0,1,0,S, 	(30-MAY-2025 15:48:40)
2,47 , 1,0,1,0,S, 	(30-MAY-2025 15:48:40)
2,47 , 1,0,1,0,S, 	(30-MAY-2025 15:48:40)
2,47 , 1,0,1,0,S, 	(30-MAY-2025 15:48:40)
2,47 , 1,0,1,0,S, 	(30-MAY-2025 15:48:40)
2,47 , 1,0,1,0,S, 	(30-MAY-2025 15:48:40)
2,47 , 1,0,1,0,S, 	(30-MAY-2025 15:48:40)
2,47 , 1,0,1,0,S, 	(30-MAY-2025 15:48:40)
2,47 , 1,0,1,0,S, 	(30-MAY-2025 15:48:40)
2,47 , 1,0,1,0,S, 	(30-MAY-2025 15:48:40)
2,47 , 1,0,1,0,S, 	(30-MAY-2025 15:48:40)
2,47 , 1,0,1,0,S, 	(30-MAY-2025 15:48:40)
2,47 , 1,0,1,0,S, 	(30-MAY-2025 15:48:40)
2,47 , 1,0,1,0,S, 	(30-MAY-2025 15:48:40)
2,47 , 1,0,1,0,S, 	(30-MAY-2025 15:48:40)
2,47 , 1,0,1,0,S, 	(30-MAY-2025 15:48:40)
2,47 , 1,0,1,1,S, 	(30-MAY-2025 15:48:40)
2,47 , 1,0,1,1,S, 	(30-MAY-2025 15:48:40)
2,47 , 1,0,1,1,S, 	(30-MAY-2025 15:48:40)
2,47 , 1,0,1,1,S, 	(30-MAY-2025 15:48:40)
2,47 , 1,0,1,1,S, 	(30-MAY-2025 15:48:40)
2,47 , 1,0,1,1,S, 	(30-MAY-2025 15:48:40)
2,47 , 1,0,1,1,S, 	(30-MAY-2025 15:48:40)
2,47 , 1,0,1,1,S, 	(30-MAY-2025 15:48:40)
2,47 , 1,0,1,1,S, 	(30-MAY-2025 15:48:40)
2,47 , 1,0,1,1,S, 	(30-MAY-2025 15:48:40)
2,47 , 1,0,1,1,S, 	(30-MAY-2025 15:48:40)
2,47 , 1,0,1,1,S, 	(30-MAY-2025 15:48:40)
2,47 , 1,0,1,1,S, 	(30-MAY-2025 15:48:40)
2,47 , 1,0,1,1,S, 	(30-MAY-2025 15:48:40)
2,47 , 1,0,1,1,S, 	(30-MAY-2025 15:48:40)
2,47 , 1,0,1,1,S, 	(30-MAY-2025 15:48:40)
2,47 , 1,0,1,1,S, 	(30-MAY-2025 15:48:40)
2,47 , 1,0,1,1,S, 	(30-MAY-2025 15:48:40)
2,47 , 1,0,1,1,S, 	(30-MAY-2025 15:48:40)
2,47 , 1,0,1,1,S, 	(30-MAY-2025 15:48:40)
2,47 , 1,0,1,1,S, 	(30-MAY-2025 15:48:40)
2,47 , 1,0,1,1,S, 	(30-MAY-2025 15:48:40)
2,47 , 1,0,1,1,S, 	(30-MAY-2025 15:48:40)
2,47 , 1,0,1,1,S, 	(30-MAY-2025 15:48:40)
2,47 , 1,0,1,1,S, 	(30-MAY-2025 15:48:40)
2,47 , 1,0,1,1,S, 	(30-MAY-2025 15:48:40)
2,47 , 1,0,1,1,S, 	(30-MAY-2025 15:48:40)
2,47 , 1,0,1,1,S, 	(30-MAY-2025 15:48:40)
2,47 , 1,0,1,1,S, 	(30-MAY-2025 15:48:40)
2,47 , 1,0,1,1,S, 	(30-MAY-2025 15:48:40)
2,47 , 1,0,1,1,S, 	(30-MAY-2025 15:48:40)
2,47 , 1,0,1,1,S, 	(30-MAY-2025 15:48:40)
2,47 , 1,0,1,1,S, 	(30-MAY-2025 15:48:40)
2,47 , 1,0,1,1,S, 	(30-MAY-2025 15:48:40)
2,47 , 1,0,1,1,S, 	(30-MAY-2025 15:48:40)
2,47 , 1,0,1,1,S, 	(30-MAY-2025 15:48:40)
2,47 , 1,0,1,1,S, 	(30-MAY-2025 15:48:40)
2,47 , 1,0,1,1,S, 	(30-MAY-2025 15:48:40)
2,47 , 1,0,1,1,S, 	(30-MAY-2025 15:48:40)
2,47 , 1,0,1,1,S, 	(30-MAY-2025 15:48:40)
2,47 , 1,0,1,1,S, 	(30-MAY-2025 15:48:40)
2,47 , 1,0,1,1,S, 	(30-MAY-2025 15:48:40)
2,47 , 1,0,1,1,S, 	(30-MAY-2025 15:48:40)
2,47 , 1,0,1,1,S, 	(30-MAY-2025 15:48:40)
2,47 , 1,0,1,1,S, 	(30-MAY-2025 15:48:40)
2,47 , 1,0,1,1,S, 	(30-MAY-2025 15:48:40)
2,47 , 1,0,1,1,S, 	(30-MAY-2025 15:48:40)
2,47 , 1,0,1,1,S, 	(30-MAY-2025 15:48:40)
2,47 , 1,0,1,1,S, 	(30-MAY-2025 15:48:40)
2,47 , 1,0,1,1,S, 	(30-MAY-2025 15:48:40)
2,47 , 1,0,1,1,S, 	(30-MAY-2025 15:48:40)
2,47 , 1,0,1,1,S, 	(30-MAY-2025 15:48:40)
2,47 , 1,0,1,1,S, 	(30-MAY-2025 15:48:40)
2,47 , 1,0,1,1,S, 	(30-MAY-2025 15:48:40)
2,47 , 1,0,1,1,S, 	(30-MAY-2025 15:48:40)
2,47 , 1,0,1,1,S, 	(30-MAY-2025 15:48:40)
2,47 , 1,0,1,1,S, 	(30-MAY-2025 15:48:40)
2,47 , 1,0,1,1,S, 	(30-MAY-2025 15:48:40)
2,47 , 1,0,1,1,S, 	(30-MAY-2025 15:48:40)
2,47 , 1,0,1,1,S, 	(30-MAY-2025 15:48:40)
2,47 , 1,0,1,1,S, 	(30-MAY-2025 15:48:40)
2,47 , 1,0,1,1,S, 	(30-MAY-2025 15:48:40)
2,47 , 1,0,1,1,S, 	(30-MAY-2025 15:48:40)
2,47 , 1,0,1,1,S, 	(30-MAY-2025 15:48:40)
2,47 , 1,0,1,1,S, 	(30-MAY-2025 15:48:40)
2,47 , 1,0,1,1,S, 	(30-MAY-2025 15:48:40)
2,47 , 1,0,1,1,S, 	(30-MAY-2025 15:48:40)
2,47 , 1,0,1,1,S, 	(30-MAY-2025 15:48:40)
2,47 , 1,0,1,1,S, 	(30-MAY-2025 15:48:40)
2,47 , 1,0,1,1,S, 	(30-MAY-2025 15:48:40)
2,47 , 1,0,1,1,S, 	(30-MAY-2025 15:48:40)
2,47 , 1,0,1,1,S, 	(30-MAY-2025 15:48:40)
2,47 , 1,0,1,1,S, 	(30-MAY-2025 15:48:40)
2,47 , 1,0,1,1,S, 	(30-MAY-2025 15:48:40)
2,47 , 1,0,1,1,S, 	(30-MAY-2025 15:48:40)
2,47 , 1,0,1,1,S, 	(30-MAY-2025 15:48:40)
2,47 , 1,0,1,1,S, 	(30-MAY-2025 15:48:40)
2,47 , 1,0,1,1,S, 	(30-MAY-2025 15:48:40)
2,47 , 1,0,1,1,S, 	(30-MAY-2025 15:48:40)
2,47 , 1,0,1,1,S, 	(30-MAY-2025 15:48:40)
2,47 , 1,0,1,1,S, 	(30-MAY-2025 15:48:40)
2,47 , 1,0,1,1,S, 	(30-MAY-2025 15:48:40)
2,47 , 1,0,1,1,S, 	(30-MAY-2025 15:48:40)
2,47 , 1,0,1,1,S, 	(30-MAY-2025 15:48:40)
2,47 , 1,0,1,1,S, 	(30-MAY-2025 15:48:40)
2,47 , 1,0,1,1,S, 	(30-MAY-2025 15:48:40)
2,47 , 1,0,1,1,S, 	(30-MAY-2025 15:48:40)
2,47 , 1,0,1,1,S, 	(30-MAY-2025 15:48:40)
2,47 , 1,0,1,1,S, 	(30-MAY-2025 15:48:40)
2,47 , 1,0,1,1,S, 	(30-MAY-2025 15:48:40)
2,47 , 1,0,1,1,S, 	(30-MAY-2025 15:48:40)
2,47 , 1,0,1,1,S, 	(30-MAY-2025 15:48:40)
2,47 , 1,0,1,1,S, 	(30-MAY-2025 15:48:40)
2,47 , 1,0,1,1,S, 	(30-MAY-2025 15:48:40)
2,47 , 1,0,1,1,S, 	(30-MAY-2025 15:48:40)
2,47 , 1,0,1,1,S, 	(30-MAY-2025 15:48:40)
2,47 , 1,0,1,1,S, 	(30-MAY-2025 15:48:40)
2,47 , 1,0,1,1,S, 	(30-MAY-2025 15:48:40)
2,47 , 1,0,1,1,S, 	(30-MAY-2025 15:48:40)
2,47 , 1,0,1,1,S, 	(30-MAY-2025 15:48:40)
2,47 , 1,0,1,1,S, 	(30-MAY-2025 15:48:40)
2,47 , 1,0,1,1,S, 	(30-MAY-2025 15:48:40)
2,47 , 1,0,1,1,S, 	(30-MAY-2025 15:48:40)
2,47 , 1,0,1,1,S, 	(30-MAY-2025 15:48:40)
2,47 , 1,0,1,1,S, 	(30-MAY-2025 15:48:40)
2,47 , 1,0,1,1,S, 	(30-MAY-2025 15:48:40)
2,47 , 1,0,1,1,S, 	(30-MAY-2025 15:48:40)
2,47 , 1,0,1,1,S, 	(30-MAY-2025 15:48:40)
2,47 , 1,0,1,1,S, 	(30-MAY-2025 15:48:40)
2,47 , 1,0,1,1,S, 	(30-MAY-2025 15:48:40)
2,47 , 1,0,1,1,S, 	(30-MAY-2025 15:48:40)
2,47 , 1,0,1,1,S, 	(30-MAY-2025 15:48:40)
2,47 , 1,0,1,1,S, 	(30-MAY-2025 15:48:40)
2,47 , 1,0,1,1,S, 	(30-MAY-2025 15:48:40)
2,47 , 1,0,1,1,S, 	(30-MAY-2025 15:48:40)
2,47 , 1,0,1,1,S, 	(30-MAY-2025 15:48:40)
2,47 , 1,0,1,1,S, 	(30-MAY-2025 15:48:40)
2,47 , 1,0,1,1,S, 	(30-MAY-2025 15:48:40)
2,47 , 1,0,1,1,S, 	(30-MAY-2025 15:48:40)
2,47 , 1,0,1,1,S, 	(30-MAY-2025 15:48:40)
2,47 , 1,0,1,1,S, 	(30-MAY-2025 15:48:40)
2,47 , 1,0,1,1,S, 	(30-MAY-2025 15:48:40)
2,47 , 1,0,1,1,S, 	(30-MAY-2025 15:48:40)
2,47 , 1,0,1,1,S, 	(30-MAY-2025 15:48:40)
2,47 , 1,0,1,1,S, 	(30-MAY-2025 15:48:40)
2,47 , 1,0,1,1,S, 	(30-MAY-2025 15:48:40)
2,47 , 1,0,1,1,S, 	(30-MAY-2025 15:48:40)
2,47 , 1,0,1,1,S, 	(30-MAY-2025 15:48:40)
2,47 , 1,0,1,1,S, 	(30-MAY-2025 15:48:40)
2,47 , 1,0,1,1,S, 	(30-MAY-2025 15:48:40)
2,47 , 1,0,1,1,S, 	(30-MAY-2025 15:48:40)
2,47 , 1,0,1,1,S, 	(30-MAY-2025 15:48:40)
2,47 , 1,0,1,1,S, 	(30-MAY-2025 15:48:40)
2,47 , 1,0,1,1,S, 	(30-MAY-2025 15:48:40)
2,47 , 1,0,3,0,S, 	(30-MAY-2025 15:48:40)
2,47 , 1,0,3,0,S, 	(30-MAY-2025 15:48:40)
2,47 , 1,0,3,0,S, 	(30-MAY-2025 15:48:40)
2,47 , 1,0,3,0,S, 	(30-MAY-2025 15:48:40)
2,47 , 1,0,3,0,S, 	(30-MAY-2025 15:48:40)
2,47 , 1,0,3,0,S, 	(30-MAY-2025 15:48:40)
2,47 , 1,0,3,0,S, 	(30-MAY-2025 15:48:40)
2,47 , 1,0,3,0,S, 	(30-MAY-2025 15:48:40)
2,47 , 1,0,3,0,S, 	(30-MAY-2025 15:48:40)
2,47 , 1,0,3,0,S, 	(30-MAY-2025 15:48:40)
2,47 , 1,0,3,0,S, 	(30-MAY-2025 15:48:40)
2,47 , 1,0,3,0,S, 	(30-MAY-2025 15:48:40)
2,47 , 1,0,3,0,S, 	(30-MAY-2025 15:48:40)
2,47 , 1,0,3,0,S, 	(30-MAY-2025 15:48:40)
2,47 , 1,0,3,0,S, 	(30-MAY-2025 15:48:40)
2,47 , 1,0,3,0,S, 	(30-MAY-2025 15:48:40)
2,47 , 1,0,3,0,S, 	(30-MAY-2025 15:48:40)
2,47 , 1,0,3,0,S, 	(30-MAY-2025 15:48:40)
2,47 , 1,0,3,0,S, 	(30-MAY-2025 15:48:40)
2,47 , 1,0,3,0,S, 	(30-MAY-2025 15:48:40)
2,47 , 1,0,3,0,S, 	(30-MAY-2025 15:48:40)
2,47 , 1,0,3,0,S, 	(30-MAY-2025 15:48:40)
2,47 , 1,0,3,0,S, 	(30-MAY-2025 15:48:40)
2,47 , 1,0,3,0,S, 	(30-MAY-2025 15:48:40)
2,47 , 1,0,3,0,S, 	(30-MAY-2025 15:48:40)
2,47 , 1,0,3,0,S, 	(30-MAY-2025 15:48:40)
2,47 , 1,0,3,0,S, 	(30-MAY-2025 15:48:40)
2,47 , 1,0,3,0,S, 	(30-MAY-2025 15:48:40)
2,47 , 1,0,3,0,S, 	(30-MAY-2025 15:48:40)
2,47 , 0,0,124061,0,X, 	(30-MAY-2025 15:48:40)
2,47 , 0,0,124061,0,X, 	(30-MAY-2025 15:48:40)
2,47 , 0,0,124061,0,X, 	(30-MAY-2025 15:48:40)
2,47 , 0,0,124061,0,X, 	(30-MAY-2025 15:48:40)
2,47 , 0,0,124061,0,X, 	(30-MAY-2025 15:48:40)
2,47 , 0,0,124061,0,X, 	(30-MAY-2025 15:48:40)
2,47 , 0,0,124061,0,X, 	(30-MAY-2025 15:48:40)
2,47 , 0,0,124061,0,X, 	(30-MAY-2025 15:48:40)
2,48 , 1,0,1,5,S, 	(30-MAY-2025 15:48:40)
2,48 , 1,0,1,5,S, 	(30-MAY-2025 15:48:40)
2,48 , 1,0,1,5,S, 	(30-MAY-2025 15:48:40)
2,48 , 1,0,1,5,S, 	(30-MAY-2025 15:48:40)
2,48 , 1,0,1,5,S, 	(30-MAY-2025 15:48:40)
2,48 , 1,0,1,5,S, 	(30-MAY-2025 15:48:40)
2,48 , 1,0,1,5,S, 	(30-MAY-2025 15:48:40)
2,48 , 1,0,1,5,S, 	(30-MAY-2025 15:48:40)
2,48 , 1,0,1,5,S, 	(30-MAY-2025 15:48:40)
2,48 , 1,0,1,5,S, 	(30-MAY-2025 15:48:40)
2,48 , 1,0,1,5,S, 	(30-MAY-2025 15:48:40)
2,48 , 1,0,1,5,S, 	(30-MAY-2025 15:48:40)
2,48 , 1,0,1,5,S, 	(30-MAY-2025 15:48:40)
2,48 , 1,0,1,5,S, 	(30-MAY-2025 15:48:40)
2,48 , 1,0,1,5,S, 	(30-MAY-2025 15:48:40)
2,48 , 1,0,1,5,S, 	(30-MAY-2025 15:48:40)
2,48 , 1,0,1,5,S, 	(30-MAY-2025 15:48:40)
2,48 , 1,0,1,5,S, 	(30-MAY-2025 15:48:40)
2,48 , 1,0,1,5,S, 	(30-MAY-2025 15:48:40)
2,48 , 1,0,1,5,S, 	(30-MAY-2025 15:48:40)
2,48 , 1,0,1,5,S, 	(30-MAY-2025 15:48:40)
2,48 , 1,0,1,5,S, 	(30-MAY-2025 15:48:40)
2,48 , 1,0,1,5,S, 	(30-MAY-2025 15:48:40)
2,48 , 1,0,1,5,S, 	(30-MAY-2025 15:48:40)
2,48 , 1,0,1,5,S, 	(30-MAY-2025 15:48:40)
2,48 , 1,0,1,5,S, 	(30-MAY-2025 15:48:40)
2,48 , 1,0,1,5,S, 	(30-MAY-2025 15:48:40)
2,48 , 1,0,1,5,S, 	(30-MAY-2025 15:48:40)
2,48 , 1,0,1,5,S, 	(30-MAY-2025 15:48:40)
2,48 , 1,0,1,5,S, 	(30-MAY-2025 15:48:40)
2,48 , 1,0,1,5,S, 	(30-MAY-2025 15:48:40)
2,48 , 1,0,1,2,S, 	(30-MAY-2025 15:48:40)
2,48 , 1,0,1,2,S, 	(30-MAY-2025 15:48:40)
2,48 , 1,0,1,2,S, 	(30-MAY-2025 15:48:40)
2,48 , 1,0,1,2,S, 	(30-MAY-2025 15:48:40)
2,48 , 1,0,1,2,S, 	(30-MAY-2025 15:48:40)
2,48 , 1,0,1,2,S, 	(30-MAY-2025 15:48:40)
2,48 , 1,0,1,2,S, 	(30-MAY-2025 15:48:40)
2,48 , 1,0,1,2,S, 	(30-MAY-2025 15:48:40)
2,48 , 1,0,1,2,S, 	(30-MAY-2025 15:48:40)
2,48 , 1,0,1,2,S, 	(30-MAY-2025 15:48:40)
2,48 , 1,0,1,2,S, 	(30-MAY-2025 15:48:40)
2,48 , 1,0,1,2,S, 	(30-MAY-2025 15:48:40)
2,48 , 1,0,1,2,S, 	(30-MAY-2025 15:48:40)
2,48 , 1,0,1,2,S, 	(30-MAY-2025 15:48:40)
2,48 , 1,0,1,2,S, 	(30-MAY-2025 15:48:40)
2,48 , 1,0,1,2,S, 	(30-MAY-2025 15:48:40)
2,48 , 1,0,1,2,S, 	(30-MAY-2025 15:48:40)
2,48 , 1,0,1,2,S, 	(30-MAY-2025 15:48:40)
2,48 , 1,0,1,2,S, 	(30-MAY-2025 15:48:40)
2,48 , 1,0,1,2,S, 	(30-MAY-2025 15:48:40)
2,48 , 1,0,1,2,S, 	(30-MAY-2025 15:48:40)
2,48 , 1,0,1,2,S, 	(30-MAY-2025 15:48:40)
2,48 , 1,0,1,2,S, 	(30-MAY-2025 15:48:40)
2,48 , 1,0,1,2,S, 	(30-MAY-2025 15:48:40)
2,48 , 1,0,1,2,S, 	(30-MAY-2025 15:48:40)
2,48 , 1,0,1,2,S, 	(30-MAY-2025 15:48:40)
2,48 , 1,0,1,2,S, 	(30-MAY-2025 15:48:40)
2,48 , 1,0,1,2,S, 	(30-MAY-2025 15:48:40)
2,48 , 1,0,1,2,S, 	(30-MAY-2025 15:48:40)
2,48 , 1,0,1,2,S, 	(30-MAY-2025 15:48:40)
2,48 , 1,0,1,2,S, 	(30-MAY-2025 15:48:40)
2,48 , 1,0,1,4,S, 	(30-MAY-2025 15:48:40)
2,48 , 1,0,1,4,S, 	(30-MAY-2025 15:48:40)
2,48 , 1,0,1,4,S, 	(30-MAY-2025 15:48:40)
2,48 , 1,0,1,4,S, 	(30-MAY-2025 15:48:40)
2,48 , 1,0,1,4,S, 	(30-MAY-2025 15:48:40)
2,48 , 1,0,1,4,S, 	(30-MAY-2025 15:48:40)
2,48 , 1,0,1,4,S, 	(30-MAY-2025 15:48:40)
2,48 , 1,0,1,4,S, 	(30-MAY-2025 15:48:40)
2,48 , 1,0,1,4,S, 	(30-MAY-2025 15:48:40)
2,48 , 1,0,1,4,S, 	(30-MAY-2025 15:48:40)
2,48 , 1,0,1,4,S, 	(30-MAY-2025 15:48:40)
2,48 , 1,0,1,4,S, 	(30-MAY-2025 15:48:40)
2,48 , 1,0,1,4,S, 	(30-MAY-2025 15:48:40)
2,48 , 1,0,1,4,S, 	(30-MAY-2025 15:48:40)
2,48 , 1,0,1,4,S, 	(30-MAY-2025 15:48:40)
2,48 , 1,0,1,4,S, 	(30-MAY-2025 15:48:40)
2,48 , 1,0,1,4,S, 	(30-MAY-2025 15:48:40)
2,48 , 1,0,1,4,S, 	(30-MAY-2025 15:48:40)
2,48 , 1,0,1,4,S, 	(30-MAY-2025 15:48:40)
2,48 , 1,0,1,4,S, 	(30-MAY-2025 15:48:40)
2,48 , 1,0,1,4,S, 	(30-MAY-2025 15:48:40)
2,48 , 1,0,1,4,S, 	(30-MAY-2025 15:48:40)
2,48 , 1,0,1,4,S, 	(30-MAY-2025 15:48:40)
2,48 , 1,0,1,4,S, 	(30-MAY-2025 15:48:40)
2,48 , 1,0,1,4,S, 	(30-MAY-2025 15:48:40)
2,48 , 1,0,1,4,S, 	(30-MAY-2025 15:48:40)
2,48 , 1,0,1,4,S, 	(30-MAY-2025 15:48:40)
2,48 , 1,0,1,4,S, 	(30-MAY-2025 15:48:40)
2,48 , 1,0,1,4,S, 	(30-MAY-2025 15:48:40)
2,48 , 1,0,1,4,S, 	(30-MAY-2025 15:48:40)
2,48 , 1,0,1,4,S, 	(30-MAY-2025 15:48:40)
2,48 , 1,0,1,4,S, 	(30-MAY-2025 15:48:40)
2,48 , 1,0,1,4,S, 	(30-MAY-2025 15:48:40)
2,48 , 1,0,1,4,S, 	(30-MAY-2025 15:48:40)
2,48 , 1,0,1,4,S, 	(30-MAY-2025 15:48:40)
2,48 , 1,0,1,4,S, 	(30-MAY-2025 15:48:40)
2,48 , 1,0,1,4,S, 	(30-MAY-2025 15:48:40)
2,48 , 1,0,1,4,S, 	(30-MAY-2025 15:48:40)
2,48 , 1,0,1,4,S, 	(30-MAY-2025 15:48:40)
2,48 , 1,0,1,4,S, 	(30-MAY-2025 15:48:40)
2,48 , 1,0,1,4,S, 	(30-MAY-2025 15:48:40)
2,48 , 1,0,1,4,S, 	(30-MAY-2025 15:48:40)
2,48 , 1,0,1,4,S, 	(30-MAY-2025 15:48:40)
2,48 , 1,0,1,4,S, 	(30-MAY-2025 15:48:40)
2,48 , 1,0,2,0,S, 	(30-MAY-2025 15:48:40)
2,48 , 1,0,2,0,S, 	(30-MAY-2025 15:48:40)
2,48 , 1,0,2,0,S, 	(30-MAY-2025 15:48:40)
2,48 , 1,0,2,0,S, 	(30-MAY-2025 15:48:40)
2,48 , 1,0,2,0,S, 	(30-MAY-2025 15:48:40)
2,48 , 1,0,2,0,S, 	(30-MAY-2025 15:48:40)
2,48 , 1,0,2,0,S, 	(30-MAY-2025 15:48:40)
2,48 , 1,0,2,0,S, 	(30-MAY-2025 15:48:40)
2,48 , 1,0,2,0,S, 	(30-MAY-2025 15:48:40)
2,48 , 1,0,2,0,S, 	(30-MAY-2025 15:48:40)
2,48 , 1,0,2,0,S, 	(30-MAY-2025 15:48:40)
2,48 , 1,0,2,0,S, 	(30-MAY-2025 15:48:40)
2,48 , 1,0,2,0,S, 	(30-MAY-2025 15:48:40)
2,48 , 1,0,1,6,S, 	(30-MAY-2025 15:48:40)
2,48 , 1,0,1,6,S, 	(30-MAY-2025 15:48:40)
2,48 , 1,0,1,6,S, 	(30-MAY-2025 15:48:40)
2,48 , 1,0,1,6,S, 	(30-MAY-2025 15:48:40)
2,48 , 1,0,1,6,S, 	(30-MAY-2025 15:48:40)
2,48 , 1,0,1,6,S, 	(30-MAY-2025 15:48:40)
2,48 , 1,0,1,6,S, 	(30-MAY-2025 15:48:40)
2,48 , 1,0,1,6,S, 	(30-MAY-2025 15:48:40)
2,48 , 1,0,1,6,S, 	(30-MAY-2025 15:48:40)
2,48 , 1,0,1,6,S, 	(30-MAY-2025 15:48:40)
2,48 , 1,0,1,6,S, 	(30-MAY-2025 15:48:40)
2,48 , 1,0,1,6,S, 	(30-MAY-2025 15:48:40)
2,48 , 1,0,1,6,S, 	(30-MAY-2025 15:48:40)
2,48 , 1,0,1,6,S, 	(30-MAY-2025 15:48:40)
2,48 , 1,0,1,6,S, 	(30-MAY-2025 15:48:40)
2,48 , 1,0,1,6,S, 	(30-MAY-2025 15:48:40)
2,48 , 1,0,1,6,S, 	(30-MAY-2025 15:48:40)
2,48 , 1,0,1,6,S, 	(30-MAY-2025 15:48:40)
2,48 , 1,0,1,6,S, 	(30-MAY-2025 15:48:40)
2,48 , 1,0,1,6,S, 	(30-MAY-2025 15:48:40)
2,48 , 1,0,1,6,S, 	(30-MAY-2025 15:48:40)
2,48 , 1,0,1,6,S, 	(30-MAY-2025 15:48:40)
2,48 , 1,0,1,6,S, 	(30-MAY-2025 15:48:40)
2,48 , 1,0,1,6,S, 	(30-MAY-2025 15:48:40)
2,48 , 1,0,1,6,S, 	(30-MAY-2025 15:48:40)
2,48 , 1,0,1,6,S, 	(30-MAY-2025 15:48:40)
2,48 , 1,0,1,6,S, 	(30-MAY-2025 15:48:40)
2,48 , 1,0,1,6,S, 	(30-MAY-2025 15:48:40)
2,48 , 1,0,1,6,S, 	(30-MAY-2025 15:48:40)
2,48 , 1,0,1,6,S, 	(30-MAY-2025 15:48:40)
2,48 , 1,0,3,0,S, 	(30-MAY-2025 15:48:40)
2,48 , 1,0,3,0,S, 	(30-MAY-2025 15:48:40)
2,48 , 1,0,3,0,S, 	(30-MAY-2025 15:48:40)
2,48 , 1,0,3,0,S, 	(30-MAY-2025 15:48:40)
2,48 , 1,0,3,0,S, 	(30-MAY-2025 15:48:40)
2,48 , 1,0,3,0,S, 	(30-MAY-2025 15:48:40)
2,48 , 1,0,3,0,S, 	(30-MAY-2025 15:48:40)
2,48 , 1,0,3,0,S, 	(30-MAY-2025 15:48:40)
2,48 , 1,0,3,0,S, 	(30-MAY-2025 15:48:40)
2,48 , 1,0,3,0,S, 	(30-MAY-2025 15:48:40)
2,48 , 1,0,3,0,S, 	(30-MAY-2025 15:48:40)
2,48 , 1,0,3,0,S, 	(30-MAY-2025 15:48:40)
2,48 , 1,0,3,0,S, 	(30-MAY-2025 15:48:40)
2,48 , 1,0,3,0,S, 	(30-MAY-2025 15:48:40)
2,48 , 1,0,3,0,S, 	(30-MAY-2025 15:48:40)
2,48 , 1,0,3,0,S, 	(30-MAY-2025 15:48:40)
2,48 , 1,0,3,0,S, 	(30-MAY-2025 15:48:40)
2,48 , 1,0,3,0,S, 	(30-MAY-2025 15:48:40)
2,48 , 1,0,3,0,S, 	(30-MAY-2025 15:48:40)
2,48 , 1,0,3,0,S, 	(30-MAY-2025 15:48:40)
2,48 , 1,0,3,0,S, 	(30-MAY-2025 15:48:40)
2,48 , 1,0,3,0,S, 	(30-MAY-2025 15:48:40)
2,48 , 1,0,3,0,S, 	(30-MAY-2025 15:48:40)
2,48 , 1,0,3,0,S, 	(30-MAY-2025 15:48:40)
2,48 , 1,0,3,0,S, 	(30-MAY-2025 15:48:40)
2,48 , 1,0,3,0,S, 	(30-MAY-2025 15:48:40)
2,48 , 1,0,3,0,S, 	(30-MAY-2025 15:48:40)
2,48 , 1,0,3,0,S, 	(30-MAY-2025 15:48:40)
2,48 , 1,0,3,0,S, 	(30-MAY-2025 15:48:40)
2,48 , 1,0,3,0,S, 	(30-MAY-2025 15:48:40)
2,48 , 1,0,3,0,S, 	(30-MAY-2025 15:48:40)
2,48 , 1,0,3,0,S, 	(30-MAY-2025 15:48:40)
2,48 , 1,0,3,0,S, 	(30-MAY-2025 15:48:40)
2,48 , 1,0,3,0,S, 	(30-MAY-2025 15:48:40)
2,48 , 1,0,3,0,S, 	(30-MAY-2025 15:48:40)
2,48 , 1,0,3,0,S, 	(30-MAY-2025 15:48:40)
2,48 , 1,0,3,0,S, 	(30-MAY-2025 15:48:40)
2,48 , 1,0,3,0,S, 	(30-MAY-2025 15:48:40)
2,48 , 1,0,3,0,S, 	(30-MAY-2025 15:48:40)
2,48 , 1,0,3,0,S, 	(30-MAY-2025 15:48:40)
2,48 , 1,0,3,0,S, 	(30-MAY-2025 15:48:40)
2,48 , 1,0,3,0,S, 	(30-MAY-2025 15:48:40)
2,48 , 1,0,3,0,S, 	(30-MAY-2025 15:48:40)
2,48 , 1,0,3,0,S, 	(30-MAY-2025 15:48:40)
2,48 , 1,0,3,0,S, 	(30-MAY-2025 15:48:40)
2,48 , 1,0,3,0,S, 	(30-MAY-2025 15:48:40)
2,48 , 1,0,3,0,S, 	(30-MAY-2025 15:48:40)
2,48 , 1,0,3,0,S, 	(30-MAY-2025 15:48:40)
2,48 , 1,0,3,0,S, 	(30-MAY-2025 15:48:40)
2,48 , 1,0,3,0,S, 	(30-MAY-2025 15:48:40)
2,48 , 1,0,3,0,S, 	(30-MAY-2025 15:48:40)
2,48 , 1,0,3,0,S, 	(30-MAY-2025 15:48:40)
2,48 , 1,0,3,0,S, 	(30-MAY-2025 15:48:40)
2,48 , 1,0,3,0,S, 	(30-MAY-2025 15:48:40)
2,48 , 1,0,3,0,S, 	(30-MAY-2025 15:48:40)
2,48 , 1,0,3,0,S, 	(30-MAY-2025 15:48:40)
2,48 , 1,0,3,0,S, 	(30-MAY-2025 15:48:40)
2,48 , 1,0,3,0,S, 	(30-MAY-2025 15:48:40)
2,48 , 1,0,3,0,S, 	(30-MAY-2025 15:48:40)
2,48 , 1,0,3,0,S, 	(30-MAY-2025 15:48:40)
2,48 , 1,0,3,0,S, 	(30-MAY-2025 15:48:40)
2,48 , 1,0,3,0,S, 	(30-MAY-2025 15:48:40)
2,48 , 1,0,3,0,S, 	(30-MAY-2025 15:48:40)
2,48 , 1,0,3,0,S, 	(30-MAY-2025 15:48:40)
2,48 , 1,0,3,0,S, 	(30-MAY-2025 15:48:40)
2,48 , 1,0,3,0,S, 	(30-MAY-2025 15:48:40)
2,48 , 1,0,3,0,S, 	(30-MAY-2025 15:48:40)
2,48 , 1,0,3,0,S, 	(30-MAY-2025 15:48:40)
2,48 , 1,0,3,0,S, 	(30-MAY-2025 15:48:40)
2,48 , 1,0,3,0,S, 	(30-MAY-2025 15:48:40)
2,48 , 1,0,3,0,S, 	(30-MAY-2025 15:48:40)
2,48 , 1,0,3,0,S, 	(30-MAY-2025 15:48:40)
2,48 , 1,0,3,0,S, 	(30-MAY-2025 15:48:40)
2,48 , 1,0,3,0,S, 	(30-MAY-2025 15:48:40)
2,48 , 1,0,3,0,S, 	(30-MAY-2025 15:48:40)
2,48 , 1,0,3,0,S, 	(30-MAY-2025 15:48:40)
2,48 , 1,0,3,0,S, 	(30-MAY-2025 15:48:40)
2,48 , 1,0,3,0,S, 	(30-MAY-2025 15:48:40)
2,48 , 1,0,3,0,S, 	(30-MAY-2025 15:48:40)
2,48 , 1,0,3,0,S, 	(30-MAY-2025 15:48:40)
2,48 , 1,0,3,0,S, 	(30-MAY-2025 15:48:40)
2,48 , 1,0,3,0,S, 	(30-MAY-2025 15:48:40)
2,48 , 1,0,3,0,S, 	(30-MAY-2025 15:48:40)
2,48 , 1,0,3,0,S, 	(30-MAY-2025 15:48:40)
2,48 , 1,0,3,0,S, 	(30-MAY-2025 15:48:40)
2,48 , 1,0,3,0,S, 	(30-MAY-2025 15:48:40)
2,48 , 1,0,3,0,S, 	(30-MAY-2025 15:48:40)
2,48 , 1,0,3,0,S, 	(30-MAY-2025 15:48:40)
2,48 , 1,0,3,0,S, 	(30-MAY-2025 15:48:40)
2,48 , 1,0,3,0,S, 	(30-MAY-2025 15:48:40)
2,48 , 1,0,3,0,S, 	(30-MAY-2025 15:48:40)
2,48 , 1,0,3,0,S, 	(30-MAY-2025 15:48:40)
2,48 , 1,0,3,0,S, 	(30-MAY-2025 15:48:40)
2,48 , 1,0,3,0,S, 	(30-MAY-2025 15:48:40)
2,48 , 1,0,3,0,S, 	(30-MAY-2025 15:48:40)
2,48 , 1,0,3,0,S, 	(30-MAY-2025 15:48:40)
2,48 , 1,0,3,0,S, 	(30-MAY-2025 15:48:40)
2,48 , 1,0,3,0,S, 	(30-MAY-2025 15:48:40)
2,48 , 1,0,3,0,S, 	(30-MAY-2025 15:48:40)
2,48 , 1,0,3,0,S, 	(30-MAY-2025 15:48:40)
2,48 , 1,0,3,0,S, 	(30-MAY-2025 15:48:40)
2,48 , 1,0,3,0,S, 	(30-MAY-2025 15:48:40)
2,48 , 1,0,3,0,S, 	(30-MAY-2025 15:48:40)
2,48 , 1,0,3,0,S, 	(30-MAY-2025 15:48:40)
2,48 , 1,0,3,0,S, 	(30-MAY-2025 15:48:40)
2,48 , 1,0,3,0,S, 	(30-MAY-2025 15:48:40)
2,48 , 1,0,3,0,S, 	(30-MAY-2025 15:48:40)
2,48 , 1,0,3,0,S, 	(30-MAY-2025 15:48:40)
2,48 , 1,0,3,0,S, 	(30-MAY-2025 15:48:40)
2,48 , 1,0,3,0,S, 	(30-MAY-2025 15:48:40)
2,48 , 1,0,3,0,S, 	(30-MAY-2025 15:48:40)
2,48 , 1,0,3,0,S, 	(30-MAY-2025 15:48:40)
2,48 , 1,0,3,0,S, 	(30-MAY-2025 15:48:40)
2,48 , 1,0,3,0,S, 	(30-MAY-2025 15:48:40)
2,48 , 1,0,3,0,S, 	(30-MAY-2025 15:48:40)
2,48 , 1,0,3,0,S, 	(30-MAY-2025 15:48:40)
2,48 , 1,0,3,0,S, 	(30-MAY-2025 15:48:40)
2,48 , 1,0,3,0,S, 	(30-MAY-2025 15:48:40)
2,48 , 1,0,3,0,S, 	(30-MAY-2025 15:48:40)
2,48 , 1,0,3,0,S, 	(30-MAY-2025 15:48:40)
2,48 , 1,0,3,0,S, 	(30-MAY-2025 15:48:40)
2,48 , 1,0,3,0,S, 	(30-MAY-2025 15:48:40)
2,48 , 1,0,3,0,S, 	(30-MAY-2025 15:48:40)
2,48 , 1,0,3,0,S, 	(30-MAY-2025 15:48:40)
2,48 , 1,0,3,0,S, 	(30-MAY-2025 15:48:40)
2,48 , 1,0,3,0,S, 	(30-MAY-2025 15:48:40)
2,48 , 1,0,3,0,S, 	(30-MAY-2025 15:48:40)
2,48 , 1,0,3,0,S, 	(30-MAY-2025 15:48:40)
2,48 , 1,0,3,0,S, 	(30-MAY-2025 15:48:40)
2,48 , 1,0,3,0,S, 	(30-MAY-2025 15:48:40)
2,48 , 1,0,3,0,S, 	(30-MAY-2025 15:48:40)
2,48 , 1,0,3,0,S, 	(30-MAY-2025 15:48:40)
2,48 , 1,0,3,0,S, 	(30-MAY-2025 15:48:40)
2,48 , 1,0,3,0,S, 	(30-MAY-2025 15:48:40)
2,48 , 1,0,3,0,S, 	(30-MAY-2025 15:48:40)
2,48 , 1,0,3,0,S, 	(30-MAY-2025 15:48:40)
2,48 , 1,0,3,0,S, 	(30-MAY-2025 15:48:40)
2,48 , 1,0,3,0,S, 	(30-MAY-2025 15:48:40)
2,48 , 1,0,3,0,S, 	(30-MAY-2025 15:48:40)
2,48 , 1,0,3,0,S, 	(30-MAY-2025 15:48:40)
2,48 , 1,0,3,0,S, 	(30-MAY-2025 15:48:40)
2,48 , 1,0,3,0,S, 	(30-MAY-2025 15:48:40)
2,48 , 1,0,3,0,S, 	(30-MAY-2025 15:48:40)
2,48 , 1,0,3,0,S, 	(30-MAY-2025 15:48:40)
2,48 , 1,0,3,0,S, 	(30-MAY-2025 15:48:40)
2,48 , 1,0,3,0,S, 	(30-MAY-2025 15:48:41)
2,48 , 1,0,3,0,S, 	(30-MAY-2025 15:48:41)
2,48 , 1,0,3,0,S, 	(30-MAY-2025 15:48:41)
2,48 , 1,0,3,0,S, 	(30-MAY-2025 15:48:41)
2,48 , 1,0,3,0,S, 	(30-MAY-2025 15:48:41)
2,48 , 1,0,3,0,S, 	(30-MAY-2025 15:48:41)
2,48 , 1,0,3,0,S, 	(30-MAY-2025 15:48:41)
2,48 , 1,0,3,0,S, 	(30-MAY-2025 15:48:41)
2,48 , 1,0,3,0,S, 	(30-MAY-2025 15:48:41)
2,48 , 1,0,3,0,S, 	(30-MAY-2025 15:48:41)
2,48 , 1,0,3,0,S, 	(30-MAY-2025 15:48:41)
2,48 , 1,0,3,0,S, 	(30-MAY-2025 15:48:41)
2,48 , 1,0,3,0,S, 	(30-MAY-2025 15:48:41)
2,48 , 1,0,3,0,S, 	(30-MAY-2025 15:48:41)
2,48 , 1,0,3,0,S, 	(30-MAY-2025 15:48:41)
2,48 , 1,0,3,0,S, 	(30-MAY-2025 15:48:41)
2,48 , 1,0,3,0,S, 	(30-MAY-2025 15:48:41)
2,48 , 1,0,3,0,S, 	(30-MAY-2025 15:48:41)
2,48 , 1,0,3,0,S, 	(30-MAY-2025 15:48:41)
2,48 , 1,0,3,0,S, 	(30-MAY-2025 15:48:41)
2,48 , 1,0,3,0,S, 	(30-MAY-2025 15:48:41)
2,48 , 1,0,3,0,S, 	(30-MAY-2025 15:48:41)
2,48 , 1,0,3,0,S, 	(30-MAY-2025 15:48:41)
2,48 , 1,0,1,0,S, 	(30-MAY-2025 15:48:41)
2,48 , 1,0,1,0,S, 	(30-MAY-2025 15:48:41)
2,48 , 1,0,1,0,S, 	(30-MAY-2025 15:48:41)
2,48 , 1,0,1,0,S, 	(30-MAY-2025 15:48:41)
2,48 , 1,0,1,0,S, 	(30-MAY-2025 15:48:41)
2,48 , 1,0,1,0,S, 	(30-MAY-2025 15:48:41)
2,48 , 1,0,1,0,S, 	(30-MAY-2025 15:48:41)
2,48 , 1,0,1,0,S, 	(30-MAY-2025 15:48:41)
2,48 , 1,0,1,0,S, 	(30-MAY-2025 15:48:41)
2,48 , 1,0,1,0,S, 	(30-MAY-2025 15:48:41)
2,48 , 1,0,1,0,S, 	(30-MAY-2025 15:48:41)
2,48 , 1,0,1,0,S, 	(30-MAY-2025 15:48:41)
2,48 , 1,0,1,0,S, 	(30-MAY-2025 15:48:41)
2,48 , 1,0,1,0,S, 	(30-MAY-2025 15:48:41)
2,48 , 1,0,1,0,S, 	(30-MAY-2025 15:48:41)
2,48 , 1,0,1,0,S, 	(30-MAY-2025 15:48:41)
2,48 , 1,0,1,0,S, 	(30-MAY-2025 15:48:41)
2,48 , 1,0,1,0,S, 	(30-MAY-2025 15:48:41)
2,48 , 1,0,1,0,S, 	(30-MAY-2025 15:48:41)
2,48 , 1,0,1,0,S, 	(30-MAY-2025 15:48:41)
2,48 , 1,0,1,0,S, 	(30-MAY-2025 15:48:41)
2,48 , 1,0,1,0,S, 	(30-MAY-2025 15:48:41)
2,48 , 1,0,1,0,S, 	(30-MAY-2025 15:48:41)
2,48 , 1,0,1,0,S, 	(30-MAY-2025 15:48:41)
2,48 , 1,0,1,0,S, 	(30-MAY-2025 15:48:41)
2,48 , 1,0,1,0,S, 	(30-MAY-2025 15:48:41)
2,48 , 1,0,1,0,S, 	(30-MAY-2025 15:48:41)
2,48 , 1,0,1,0,S, 	(30-MAY-2025 15:48:41)
2,48 , 1,0,1,0,S, 	(30-MAY-2025 15:48:41)
2,48 , 1,0,1,0,S, 	(30-MAY-2025 15:48:41)
2,48 , 1,0,1,0,S, 	(30-MAY-2025 15:48:41)
2,48 , 1,0,1,0,S, 	(30-MAY-2025 15:48:41)
2,48 , 1,0,1,0,S, 	(30-MAY-2025 15:48:41)
2,48 , 1,0,1,0,S, 	(30-MAY-2025 15:48:41)
2,48 , 1,0,1,0,S, 	(30-MAY-2025 15:48:41)
2,48 , 1,0,1,0,S, 	(30-MAY-2025 15:48:41)
2,48 , 1,0,1,0,S, 	(30-MAY-2025 15:48:41)
2,48 , 1,0,1,0,S, 	(30-MAY-2025 15:48:41)
2,48 , 1,0,1,0,S, 	(30-MAY-2025 15:48:41)
2,48 , 1,0,1,0,S, 	(30-MAY-2025 15:48:41)
2,48 , 1,0,1,0,S, 	(30-MAY-2025 15:48:41)
2,48 , 1,0,1,0,S, 	(30-MAY-2025 15:48:41)
2,48 , 1,0,1,0,S, 	(30-MAY-2025 15:48:41)
2,48 , 1,0,1,0,S, 	(30-MAY-2025 15:48:41)
2,48 , 1,0,1,0,S, 	(30-MAY-2025 15:48:41)
2,48 , 1,0,1,0,S, 	(30-MAY-2025 15:48:41)
2,48 , 1,0,1,0,S, 	(30-MAY-2025 15:48:41)
2,48 , 1,0,1,0,S, 	(30-MAY-2025 15:48:41)
2,48 , 1,0,1,0,S, 	(30-MAY-2025 15:48:41)
2,48 , 1,0,1,0,S, 	(30-MAY-2025 15:48:41)
2,48 , 1,0,1,0,S, 	(30-MAY-2025 15:48:41)
2,48 , 1,0,1,0,S, 	(30-MAY-2025 15:48:41)
2,48 , 1,0,1,0,S, 	(30-MAY-2025 15:48:41)
2,48 , 1,0,1,0,S, 	(30-MAY-2025 15:48:41)
2,48 , 1,0,1,0,S, 	(30-MAY-2025 15:48:41)
2,48 , 1,0,1,0,S, 	(30-MAY-2025 15:48:41)
2,48 , 1,0,1,0,S, 	(30-MAY-2025 15:48:41)
2,48 , 1,0,1,0,S, 	(30-MAY-2025 15:48:41)
2,48 , 1,0,1,0,S, 	(30-MAY-2025 15:48:41)
2,48 , 1,0,1,0,S, 	(30-MAY-2025 15:48:41)
2,48 , 1,0,1,0,S, 	(30-MAY-2025 15:48:41)
2,48 , 1,0,1,0,S, 	(30-MAY-2025 15:48:41)
2,48 , 1,0,1,0,S, 	(30-MAY-2025 15:48:41)
2,48 , 1,0,1,0,S, 	(30-MAY-2025 15:48:41)
2,48 , 1,0,1,0,S, 	(30-MAY-2025 15:48:41)
2,48 , 1,0,1,0,S, 	(30-MAY-2025 15:48:41)
2,48 , 1,0,1,0,S, 	(30-MAY-2025 15:48:41)
2,48 , 1,0,1,0,S, 	(30-MAY-2025 15:48:41)
2,48 , 1,0,1,0,S, 	(30-MAY-2025 15:48:41)
2,48 , 1,0,1,0,S, 	(30-MAY-2025 15:48:41)
2,48 , 1,0,1,0,S, 	(30-MAY-2025 15:48:41)
2,48 , 1,0,1,0,S, 	(30-MAY-2025 15:48:41)
2,48 , 1,0,1,0,S, 	(30-MAY-2025 15:48:41)
2,48 , 1,0,1,0,S, 	(30-MAY-2025 15:48:41)
2,48 , 1,0,1,0,S, 	(30-MAY-2025 15:48:41)
2,48 , 1,0,1,0,S, 	(30-MAY-2025 15:48:41)
2,48 , 1,0,1,0,S, 	(30-MAY-2025 15:48:41)
2,48 , 1,0,1,0,S, 	(30-MAY-2025 15:48:41)
2,48 , 1,0,1,0,S, 	(30-MAY-2025 15:48:41)
2,48 , 1,0,1,0,S, 	(30-MAY-2025 15:48:41)
2,48 , 1,0,1,0,S, 	(30-MAY-2025 15:48:41)
2,48 , 1,0,1,0,S, 	(30-MAY-2025 15:48:41)
2,48 , 1,0,1,0,S, 	(30-MAY-2025 15:48:41)
2,48 , 1,0,1,0,S, 	(30-MAY-2025 15:48:41)
2,48 , 1,0,1,0,S, 	(30-MAY-2025 15:48:41)
2,48 , 1,0,1,0,S, 	(30-MAY-2025 15:48:41)
2,48 , 1,0,1,0,S, 	(30-MAY-2025 15:48:41)
2,48 , 1,0,1,0,S, 	(30-MAY-2025 15:48:41)
2,48 , 1,0,1,0,S, 	(30-MAY-2025 15:48:41)
2,48 , 1,0,1,0,S, 	(30-MAY-2025 15:48:41)
2,48 , 1,0,1,0,S, 	(30-MAY-2025 15:48:41)
2,48 , 1,0,1,0,S, 	(30-MAY-2025 15:48:41)
2,48 , 1,0,1,0,S, 	(30-MAY-2025 15:48:41)
2,48 , 1,0,1,0,S, 	(30-MAY-2025 15:48:41)
2,48 , 1,0,1,0,S, 	(30-MAY-2025 15:48:41)
2,48 , 1,0,1,0,S, 	(30-MAY-2025 15:48:41)
2,48 , 1,0,1,0,S, 	(30-MAY-2025 15:48:41)
2,48 , 1,0,1,0,S, 	(30-MAY-2025 15:48:41)
2,48 , 1,0,1,0,S, 	(30-MAY-2025 15:48:41)
2,48 , 1,0,1,0,S, 	(30-MAY-2025 15:48:41)
2,48 , 1,0,1,0,S, 	(30-MAY-2025 15:48:41)
2,48 , 1,0,1,0,S, 	(30-MAY-2025 15:48:41)
2,48 , 1,0,1,0,S, 	(30-MAY-2025 15:48:41)
2,48 , 1,0,1,0,S, 	(30-MAY-2025 15:48:41)
2,48 , 1,0,1,0,S, 	(30-MAY-2025 15:48:41)
2,48 , 1,0,1,0,S, 	(30-MAY-2025 15:48:41)
2,48 , 1,0,1,0,S, 	(30-MAY-2025 15:48:41)
2,48 , 1,0,1,0,S, 	(30-MAY-2025 15:48:41)
2,48 , 1,0,1,0,S, 	(30-MAY-2025 15:48:41)
2,48 , 1,0,1,0,S, 	(30-MAY-2025 15:48:41)
2,48 , 1,0,1,0,S, 	(30-MAY-2025 15:48:41)
2,48 , 1,0,1,0,S, 	(30-MAY-2025 15:48:41)
2,48 , 1,0,1,0,S, 	(30-MAY-2025 15:48:41)
2,48 , 1,0,1,0,S, 	(30-MAY-2025 15:48:41)
2,48 , 1,0,1,0,S, 	(30-MAY-2025 15:48:41)
2,48 , 1,0,1,0,S, 	(30-MAY-2025 15:48:41)
2,48 , 1,0,1,0,S, 	(30-MAY-2025 15:48:41)
2,48 , 1,0,1,0,S, 	(30-MAY-2025 15:48:41)
2,48 , 1,0,1,0,S, 	(30-MAY-2025 15:48:41)
2,48 , 1,0,1,0,S, 	(30-MAY-2025 15:48:41)
2,48 , 1,0,1,0,S, 	(30-MAY-2025 15:48:41)
2,48 , 1,0,1,0,S, 	(30-MAY-2025 15:48:41)
2,48 , 1,0,1,0,S, 	(30-MAY-2025 15:48:41)
2,48 , 1,0,1,0,S, 	(30-MAY-2025 15:48:41)
2,48 , 1,0,1,0,S, 	(30-MAY-2025 15:48:41)
2,48 , 1,0,1,0,S, 	(30-MAY-2025 15:48:41)
2,48 , 1,0,1,0,S, 	(30-MAY-2025 15:48:41)
2,48 , 1,0,1,0,S, 	(30-MAY-2025 15:48:41)
2,48 , 1,0,1,0,S, 	(30-MAY-2025 15:48:41)
2,48 , 1,0,1,0,S, 	(30-MAY-2025 15:48:41)
2,48 , 1,0,1,0,S, 	(30-MAY-2025 15:48:41)
2,48 , 1,0,1,0,S, 	(30-MAY-2025 15:48:41)
2,48 , 1,0,1,0,S, 	(30-MAY-2025 15:48:41)
2,48 , 1,0,1,0,S, 	(30-MAY-2025 15:48:41)
2,48 , 1,0,1,0,S, 	(30-MAY-2025 15:48:41)
2,48 , 1,0,1,0,S, 	(30-MAY-2025 15:48:41)
2,48 , 1,0,1,0,S, 	(30-MAY-2025 15:48:41)
2,48 , 1,0,1,0,S, 	(30-MAY-2025 15:48:41)
2,48 , 1,0,1,0,S, 	(30-MAY-2025 15:48:41)
2,48 , 1,0,1,0,S, 	(30-MAY-2025 15:48:41)
2,48 , 1,0,1,0,S, 	(30-MAY-2025 15:48:41)
2,48 , 1,0,1,0,S, 	(30-MAY-2025 15:48:41)
2,48 , 1,0,1,0,S, 	(30-MAY-2025 15:48:41)
2,48 , 1,0,1,0,S, 	(30-MAY-2025 15:48:41)
2,48 , 1,0,1,0,S, 	(30-MAY-2025 15:48:41)
2,48 , 1,0,1,0,S, 	(30-MAY-2025 15:48:41)
2,48 , 1,0,1,0,S, 	(30-MAY-2025 15:48:41)
2,48 , 1,0,1,0,S, 	(30-MAY-2025 15:48:41)
2,48 , 1,0,1,0,S, 	(30-MAY-2025 15:48:41)
2,48 , 1,0,1,0,S, 	(30-MAY-2025 15:48:41)
2,48 , 1,0,1,0,S, 	(30-MAY-2025 15:48:41)
2,48 , 1,0,1,0,S, 	(30-MAY-2025 15:48:41)
2,48 , 1,0,1,0,S, 	(30-MAY-2025 15:48:41)
2,48 , 1,0,1,3,S, 	(30-MAY-2025 15:48:41)
2,48 , 1,0,1,3,S, 	(30-MAY-2025 15:48:41)
2,48 , 1,0,1,3,S, 	(30-MAY-2025 15:48:41)
2,48 , 1,0,1,3,S, 	(30-MAY-2025 15:48:41)
2,48 , 1,0,1,3,S, 	(30-MAY-2025 15:48:41)
2,48 , 1,0,1,3,S, 	(30-MAY-2025 15:48:41)
2,48 , 1,0,1,3,S, 	(30-MAY-2025 15:48:41)
2,48 , 1,0,1,3,S, 	(30-MAY-2025 15:48:41)
2,48 , 1,0,1,3,S, 	(30-MAY-2025 15:48:41)
2,48 , 1,0,1,3,S, 	(30-MAY-2025 15:48:41)
2,48 , 1,0,1,3,S, 	(30-MAY-2025 15:48:41)
2,48 , 1,0,1,3,S, 	(30-MAY-2025 15:48:41)
2,48 , 1,0,1,3,S, 	(30-MAY-2025 15:48:41)
2,48 , 1,0,1,3,S, 	(30-MAY-2025 15:48:41)
2,48 , 1,0,1,3,S, 	(30-MAY-2025 15:48:41)
2,49 , 1,0,3,0,S, 	(30-MAY-2025 15:48:41)
2,49 , 1,0,3,0,S, 	(30-MAY-2025 15:48:41)
2,49 , 1,0,3,0,S, 	(30-MAY-2025 15:48:41)
2,49 , 1,0,3,0,S, 	(30-MAY-2025 15:48:41)
2,49 , 1,0,3,0,S, 	(30-MAY-2025 15:48:41)
2,49 , 1,0,3,0,S, 	(30-MAY-2025 15:48:41)
2,49 , 1,0,3,0,S, 	(30-MAY-2025 15:48:41)
2,49 , 1,0,3,0,S, 	(30-MAY-2025 15:48:41)
2,49 , 1,0,3,0,S, 	(30-MAY-2025 15:48:41)
2,49 , 1,0,3,0,S, 	(30-MAY-2025 15:48:41)
2,49 , 1,0,3,0,S, 	(30-MAY-2025 15:48:41)
2,49 , 1,0,3,0,S, 	(30-MAY-2025 15:48:41)
2,49 , 1,0,3,0,S, 	(30-MAY-2025 15:48:41)
2,49 , 1,0,3,0,S, 	(30-MAY-2025 15:48:41)
2,49 , 1,0,3,0,S, 	(30-MAY-2025 15:48:41)
2,49 , 1,0,3,0,S, 	(30-MAY-2025 15:48:41)
2,49 , 1,0,3,0,S, 	(30-MAY-2025 15:48:41)
2,49 , 1,0,3,0,S, 	(30-MAY-2025 15:48:41)
2,49 , 1,0,3,0,S, 	(30-MAY-2025 15:48:41)
2,49 , 1,0,3,0,S, 	(30-MAY-2025 15:48:41)
2,49 , 1,0,3,0,S, 	(30-MAY-2025 15:48:41)
2,49 , 1,0,3,0,S, 	(30-MAY-2025 15:48:41)
2,49 , 1,0,3,0,S, 	(30-MAY-2025 15:48:41)
2,49 , 1,0,3,0,S, 	(30-MAY-2025 15:48:41)
2,49 , 1,0,3,0,S, 	(30-MAY-2025 15:48:41)
2,49 , 1,0,3,0,S, 	(30-MAY-2025 15:48:41)
2,49 , 1,0,3,0,S, 	(30-MAY-2025 15:48:41)
2,49 , 1,0,3,0,S, 	(30-MAY-2025 15:48:41)
2,49 , 1,0,3,0,S, 	(30-MAY-2025 15:48:41)
2,49 , 1,0,3,0,S, 	(30-MAY-2025 15:48:41)
2,49 , 1,0,3,0,S, 	(30-MAY-2025 15:48:41)
2,49 , 1,0,3,0,S, 	(30-MAY-2025 15:48:41)
2,49 , 1,0,3,0,S, 	(30-MAY-2025 15:48:41)
2,49 , 1,0,3,0,S, 	(30-MAY-2025 15:48:41)
2,49 , 1,0,3,0,S, 	(30-MAY-2025 15:48:41)
2,49 , 1,0,3,0,S, 	(30-MAY-2025 15:48:41)
2,49 , 1,0,3,0,S, 	(30-MAY-2025 15:48:41)
2,49 , 1,0,3,0,S, 	(30-MAY-2025 15:48:41)
2,49 , 1,0,3,0,S, 	(30-MAY-2025 15:48:41)
2,49 , 1,0,3,0,S, 	(30-MAY-2025 15:48:41)
2,49 , 1,0,3,0,S, 	(30-MAY-2025 15:48:41)
2,49 , 1,0,3,0,S, 	(30-MAY-2025 15:48:41)
2,49 , 1,0,3,0,S, 	(30-MAY-2025 15:48:41)
2,49 , 1,0,3,0,S, 	(30-MAY-2025 15:48:41)
2,49 , 1,0,3,0,S, 	(30-MAY-2025 15:48:41)
2,49 , 1,0,3,0,S, 	(30-MAY-2025 15:48:41)
2,49 , 1,0,3,0,S, 	(30-MAY-2025 15:48:41)
2,49 , 1,0,3,0,S, 	(30-MAY-2025 15:48:41)
2,49 , 1,0,3,0,S, 	(30-MAY-2025 15:48:41)
2,49 , 1,0,3,0,S, 	(30-MAY-2025 15:48:41)
2,49 , 1,0,3,0,S, 	(30-MAY-2025 15:48:41)
2,49 , 1,0,3,0,S, 	(30-MAY-2025 15:48:41)
2,49 , 1,0,3,0,S, 	(30-MAY-2025 15:48:41)
2,49 , 1,0,3,0,S, 	(30-MAY-2025 15:48:41)
2,49 , 1,0,3,0,S, 	(30-MAY-2025 15:48:41)
2,49 , 1,0,3,0,S, 	(30-MAY-2025 15:48:41)
2,49 , 1,0,3,0,S, 	(30-MAY-2025 15:48:41)
2,49 , 1,0,3,0,S, 	(30-MAY-2025 15:48:41)
2,49 , 1,0,3,0,S, 	(30-MAY-2025 15:48:41)
2,49 , 1,0,3,0,S, 	(30-MAY-2025 15:48:41)
2,49 , 1,0,3,0,S, 	(30-MAY-2025 15:48:41)
2,49 , 1,0,3,0,S, 	(30-MAY-2025 15:48:41)
2,49 , 1,0,3,0,S, 	(30-MAY-2025 15:48:41)
2,49 , 1,0,3,0,S, 	(30-MAY-2025 15:48:41)
2,49 , 1,0,3,0,S, 	(30-MAY-2025 15:48:41)
2,49 , 1,0,3,0,S, 	(30-MAY-2025 15:48:41)
2,49 , 1,0,3,0,S, 	(30-MAY-2025 15:48:41)
2,49 , 1,0,3,0,S, 	(30-MAY-2025 15:48:41)
2,49 , 1,0,3,0,S, 	(30-MAY-2025 15:48:41)
2,49 , 1,0,3,0,S, 	(30-MAY-2025 15:48:41)
2,49 , 1,0,3,0,S, 	(30-MAY-2025 15:48:41)
2,49 , 1,0,3,0,S, 	(30-MAY-2025 15:48:41)
2,49 , 1,0,3,0,S, 	(30-MAY-2025 15:48:41)
2,49 , 1,0,3,0,S, 	(30-MAY-2025 15:48:41)
2,49 , 1,0,3,0,S, 	(30-MAY-2025 15:48:41)
2,49 , 1,0,3,0,S, 	(30-MAY-2025 15:48:41)
2,49 , 1,0,3,0,S, 	(30-MAY-2025 15:48:41)
2,49 , 1,0,3,0,S, 	(30-MAY-2025 15:48:41)
2,49 , 1,0,3,0,S, 	(30-MAY-2025 15:48:41)
2,49 , 1,0,3,0,S, 	(30-MAY-2025 15:48:41)
2,49 , 1,0,3,0,S, 	(30-MAY-2025 15:48:41)
2,49 , 1,0,3,0,S, 	(30-MAY-2025 15:48:41)
2,49 , 1,0,3,0,S, 	(30-MAY-2025 15:48:41)
2,49 , 1,0,3,0,S, 	(30-MAY-2025 15:48:41)
2,49 , 1,0,3,0,S, 	(30-MAY-2025 15:48:41)
2,49 , 1,0,3,0,S, 	(30-MAY-2025 15:48:41)
2,49 , 1,0,3,0,S, 	(30-MAY-2025 15:48:41)
2,49 , 1,0,3,0,S, 	(30-MAY-2025 15:48:41)
2,49 , 1,0,3,0,S, 	(30-MAY-2025 15:48:41)
2,49 , 1,0,3,0,S, 	(30-MAY-2025 15:48:41)
2,49 , 1,0,3,0,S, 	(30-MAY-2025 15:48:41)
2,49 , 1,0,3,0,S, 	(30-MAY-2025 15:48:41)
2,49 , 1,0,4,0,S, 	(30-MAY-2025 15:48:41)
2,49 , 1,0,4,0,S, 	(30-MAY-2025 15:48:41)
2,49 , 1,0,4,0,S, 	(30-MAY-2025 15:48:41)
2,49 , 1,0,4,0,S, 	(30-MAY-2025 15:48:41)
2,49 , 1,0,4,0,S, 	(30-MAY-2025 15:48:41)
2,49 , 1,0,4,0,S, 	(30-MAY-2025 15:48:41)
2,49 , 1,0,4,0,S, 	(30-MAY-2025 15:48:41)
2,49 , 1,0,4,0,S, 	(30-MAY-2025 15:48:41)
2,49 , 1,0,4,0,S, 	(30-MAY-2025 15:48:41)
2,49 , 1,0,4,0,S, 	(30-MAY-2025 15:48:41)
2,49 , 1,0,4,0,S, 	(30-MAY-2025 15:48:41)
2,49 , 1,0,4,0,S, 	(30-MAY-2025 15:48:41)
2,49 , 1,0,4,0,S, 	(30-MAY-2025 15:48:41)
2,49 , 1,0,4,0,S, 	(30-MAY-2025 15:48:41)
2,49 , 1,0,4,0,S, 	(30-MAY-2025 15:48:41)
2,49 , 1,0,4,0,S, 	(30-MAY-2025 15:48:41)
2,49 , 1,0,4,0,S, 	(30-MAY-2025 15:48:41)
2,49 , 1,0,4,0,S, 	(30-MAY-2025 15:48:41)
2,49 , 1,0,4,0,S, 	(30-MAY-2025 15:48:41)
2,49 , 1,0,4,0,S, 	(30-MAY-2025 15:48:41)
2,49 , 1,0,4,0,S, 	(30-MAY-2025 15:48:41)
2,49 , 1,0,4,0,S, 	(30-MAY-2025 15:48:41)
2,49 , 1,0,4,0,S, 	(30-MAY-2025 15:48:41)
2,49 , 1,0,4,0,S, 	(30-MAY-2025 15:48:41)
2,49 , 1,0,4,0,S, 	(30-MAY-2025 15:48:41)
2,49 , 1,0,4,0,S, 	(30-MAY-2025 15:48:41)
2,49 , 1,0,4,0,S, 	(30-MAY-2025 15:48:41)
2,49 , 1,0,4,0,S, 	(30-MAY-2025 15:48:41)
2,49 , 1,0,4,0,S, 	(30-MAY-2025 15:48:41)
2,49 , 1,0,4,0,S, 	(30-MAY-2025 15:48:41)
2,49 , 1,0,8,0,S, 	(30-MAY-2025 15:48:41)
2,49 , 1,0,8,0,S, 	(30-MAY-2025 15:48:41)
2,49 , 1,0,8,0,S, 	(30-MAY-2025 15:48:41)
2,49 , 1,0,8,0,S, 	(30-MAY-2025 15:48:41)
2,49 , 1,0,8,0,S, 	(30-MAY-2025 15:48:41)
2,49 , 1,0,8,0,S, 	(30-MAY-2025 15:48:41)
2,49 , 1,0,8,0,S, 	(30-MAY-2025 15:48:41)
2,49 , 1,0,8,0,S, 	(30-MAY-2025 15:48:41)
2,49 , 1,0,8,0,S, 	(30-MAY-2025 15:48:41)
2,49 , 1,0,8,0,S, 	(30-MAY-2025 15:48:41)
2,49 , 1,0,8,0,S, 	(30-MAY-2025 15:48:41)
2,49 , 1,0,8,0,S, 	(30-MAY-2025 15:48:41)
2,49 , 1,0,8,0,S, 	(30-MAY-2025 15:48:41)
2,49 , 1,0,8,0,S, 	(30-MAY-2025 15:48:41)
2,49 , 1,0,8,0,S, 	(30-MAY-2025 15:48:41)
2,49 , 1,0,8,0,S, 	(30-MAY-2025 15:48:41)
2,49 , 1,0,8,0,S, 	(30-MAY-2025 15:48:41)
2,49 , 1,0,8,0,S, 	(30-MAY-2025 15:48:41)
2,49 , 1,0,8,0,S, 	(30-MAY-2025 15:48:41)
2,49 , 1,0,8,0,S, 	(30-MAY-2025 15:48:41)
2,49 , 1,0,8,0,S, 	(30-MAY-2025 15:48:41)
2,49 , 1,0,8,0,S, 	(30-MAY-2025 15:48:41)
2,49 , 1,0,8,0,S, 	(30-MAY-2025 15:48:41)
2,49 , 1,0,8,0,S, 	(30-MAY-2025 15:48:41)
2,49 , 1,0,8,0,S, 	(30-MAY-2025 15:48:41)
2,49 , 1,0,8,0,S, 	(30-MAY-2025 15:48:41)
2,49 , 1,0,8,0,S, 	(30-MAY-2025 15:48:41)
2,49 , 1,0,8,0,S, 	(30-MAY-2025 15:48:41)
2,49 , 1,0,8,0,S, 	(30-MAY-2025 15:48:41)
2,49 , 1,0,8,0,S, 	(30-MAY-2025 15:48:41)
2,49 , 1,0,1,1,S, 	(30-MAY-2025 15:48:41)
2,49 , 1,0,1,1,S, 	(30-MAY-2025 15:48:41)
2,49 , 1,0,1,1,S, 	(30-MAY-2025 15:48:41)
2,49 , 1,0,1,1,S, 	(30-MAY-2025 15:48:41)
2,49 , 1,0,1,1,S, 	(30-MAY-2025 15:48:41)
2,49 , 1,0,1,1,S, 	(30-MAY-2025 15:48:41)
2,49 , 1,0,1,1,S, 	(30-MAY-2025 15:48:41)
2,49 , 1,0,1,1,S, 	(30-MAY-2025 15:48:41)
2,49 , 1,0,1,1,S, 	(30-MAY-2025 15:48:41)
2,49 , 1,0,1,1,S, 	(30-MAY-2025 15:48:41)
2,49 , 1,0,1,1,S, 	(30-MAY-2025 15:48:41)
2,49 , 1,0,1,1,S, 	(30-MAY-2025 15:48:41)
2,49 , 1,0,1,1,S, 	(30-MAY-2025 15:48:41)
2,49 , 1,0,1,1,S, 	(30-MAY-2025 15:48:41)
2,49 , 1,0,1,1,S, 	(30-MAY-2025 15:48:41)
2,49 , 1,0,1,1,S, 	(30-MAY-2025 15:48:41)
2,49 , 1,0,6,1,S, 	(30-MAY-2025 15:48:41)
2,49 , 1,0,6,1,S, 	(30-MAY-2025 15:48:41)
2,49 , 1,0,6,1,S, 	(30-MAY-2025 15:48:41)
2,49 , 1,0,6,1,S, 	(30-MAY-2025 15:48:41)
2,49 , 1,0,6,1,S, 	(30-MAY-2025 15:48:41)
2,49 , 1,0,6,1,S, 	(30-MAY-2025 15:48:41)
2,49 , 1,0,6,1,S, 	(30-MAY-2025 15:48:41)
2,49 , 1,0,6,1,S, 	(30-MAY-2025 15:48:41)
2,49 , 1,0,6,1,S, 	(30-MAY-2025 15:48:41)
2,49 , 1,0,6,1,S, 	(30-MAY-2025 15:48:41)
2,49 , 1,0,6,1,S, 	(30-MAY-2025 15:48:41)
2,49 , 1,0,6,1,S, 	(30-MAY-2025 15:48:41)
2,49 , 1,0,6,1,S, 	(30-MAY-2025 15:48:41)
2,49 , 1,0,6,1,S, 	(30-MAY-2025 15:48:41)
2,49 , 1,0,6,1,S, 	(30-MAY-2025 15:48:41)
2,49 , 1,0,7,2,S, 	(30-MAY-2025 15:48:41)
2,49 , 1,0,7,2,S, 	(30-MAY-2025 15:48:41)
2,49 , 1,0,7,2,S, 	(30-MAY-2025 15:48:41)
2,49 , 1,0,7,2,S, 	(30-MAY-2025 15:48:41)
2,49 , 1,0,7,2,S, 	(30-MAY-2025 15:48:41)
2,49 , 1,0,7,2,S, 	(30-MAY-2025 15:48:41)
2,49 , 1,0,7,2,S, 	(30-MAY-2025 15:48:41)
2,49 , 1,0,7,2,S, 	(30-MAY-2025 15:48:41)
2,49 , 1,0,7,2,S, 	(30-MAY-2025 15:48:41)
2,49 , 1,0,7,2,S, 	(30-MAY-2025 15:48:41)
2,49 , 1,0,7,2,S, 	(30-MAY-2025 15:48:41)
2,49 , 1,0,7,2,S, 	(30-MAY-2025 15:48:41)
2,49 , 1,0,7,2,S, 	(30-MAY-2025 15:48:41)
2,49 , 1,0,7,2,S, 	(30-MAY-2025 15:48:41)
2,49 , 1,0,7,2,S, 	(30-MAY-2025 15:48:41)
2,49 , 1,0,7,2,S, 	(30-MAY-2025 15:48:41)
2,49 , 1,0,7,1,S, 	(30-MAY-2025 15:48:41)
2,49 , 1,0,7,1,S, 	(30-MAY-2025 15:48:41)
2,49 , 1,0,7,1,S, 	(30-MAY-2025 15:48:41)
2,49 , 1,0,7,1,S, 	(30-MAY-2025 15:48:41)
2,49 , 1,0,7,1,S, 	(30-MAY-2025 15:48:41)
2,49 , 1,0,7,1,S, 	(30-MAY-2025 15:48:41)
2,49 , 1,0,7,1,S, 	(30-MAY-2025 15:48:41)
2,49 , 1,0,7,1,S, 	(30-MAY-2025 15:48:41)
2,49 , 1,0,7,1,S, 	(30-MAY-2025 15:48:41)
2,49 , 1,0,7,1,S, 	(30-MAY-2025 15:48:41)
2,49 , 1,0,7,1,S, 	(30-MAY-2025 15:48:41)
2,49 , 1,0,7,1,S, 	(30-MAY-2025 15:48:41)
2,49 , 1,0,7,1,S, 	(30-MAY-2025 15:48:41)
2,49 , 1,0,7,1,S, 	(30-MAY-2025 15:48:41)
2,49 , 1,0,7,1,S, 	(30-MAY-2025 15:48:41)
2,49 , 1,0,2,0,S, 	(30-MAY-2025 15:48:41)
2,49 , 1,0,2,0,S, 	(30-MAY-2025 15:48:41)
2,49 , 1,0,2,0,S, 	(30-MAY-2025 15:48:41)
2,49 , 1,0,2,0,S, 	(30-MAY-2025 15:48:41)
2,49 , 1,0,2,0,S, 	(30-MAY-2025 15:48:41)
2,49 , 1,0,2,0,S, 	(30-MAY-2025 15:48:41)
2,49 , 1,0,2,0,S, 	(30-MAY-2025 15:48:41)
2,49 , 1,0,2,0,S, 	(30-MAY-2025 15:48:41)
2,49 , 1,0,2,0,S, 	(30-MAY-2025 15:48:41)
2,49 , 1,0,2,0,S, 	(30-MAY-2025 15:48:41)
2,49 , 1,0,2,0,S, 	(30-MAY-2025 15:48:41)
2,49 , 1,0,2,0,S, 	(30-MAY-2025 15:48:41)
2,49 , 1,0,2,0,S, 	(30-MAY-2025 15:48:41)
2,49 , 1,0,2,0,S, 	(30-MAY-2025 15:48:41)
2,49 , 1,0,2,0,S, 	(30-MAY-2025 15:48:41)
2,49 , 1,0,2,0,S, 	(30-MAY-2025 15:48:41)
2,49 , 1,0,2,0,S, 	(30-MAY-2025 15:48:41)
2,49 , 1,0,2,0,S, 	(30-MAY-2025 15:48:41)
2,49 , 1,0,2,0,S, 	(30-MAY-2025 15:48:41)
2,49 , 1,0,2,0,S, 	(30-MAY-2025 15:48:41)
2,49 , 1,0,2,0,S, 	(30-MAY-2025 15:48:41)
2,49 , 1,0,2,0,S, 	(30-MAY-2025 15:48:41)
2,49 , 1,0,2,0,S, 	(30-MAY-2025 15:48:41)
2,49 , 1,0,2,0,S, 	(30-MAY-2025 15:48:41)
2,49 , 1,0,2,0,S, 	(30-MAY-2025 15:48:41)
2,49 , 1,0,2,0,S, 	(30-MAY-2025 15:48:41)
2,49 , 1,0,2,0,S, 	(30-MAY-2025 15:48:41)
2,49 , 1,0,2,0,S, 	(30-MAY-2025 15:48:41)
2,49 , 1,0,2,0,S, 	(30-MAY-2025 15:48:41)
2,49 , 1,0,2,0,S, 	(30-MAY-2025 15:48:41)
2,49 , 1,0,2,0,S, 	(30-MAY-2025 15:48:41)
2,49 , 1,0,2,0,S, 	(30-MAY-2025 15:48:41)
2,49 , 1,0,2,0,S, 	(30-MAY-2025 15:48:41)
2,49 , 1,0,2,0,S, 	(30-MAY-2025 15:48:41)
2,49 , 1,0,2,0,S, 	(30-MAY-2025 15:48:41)
2,49 , 1,0,2,0,S, 	(30-MAY-2025 15:48:41)
2,49 , 1,0,2,0,S, 	(30-MAY-2025 15:48:41)
2,49 , 1,0,2,0,S, 	(30-MAY-2025 15:48:41)
2,49 , 1,0,2,0,S, 	(30-MAY-2025 15:48:41)
2,49 , 1,0,2,0,S, 	(30-MAY-2025 15:48:41)
2,49 , 1,0,2,0,S, 	(30-MAY-2025 15:48:41)
2,49 , 1,0,2,0,S, 	(30-MAY-2025 15:48:41)
2,49 , 1,0,2,0,S, 	(30-MAY-2025 15:48:41)
2,49 , 1,0,2,0,S, 	(30-MAY-2025 15:48:41)
2,49 , 1,0,2,0,S, 	(30-MAY-2025 15:48:41)
2,49 , 1,0,2,0,S, 	(30-MAY-2025 15:48:41)
2,49 , 1,0,2,0,S, 	(30-MAY-2025 15:48:41)
2,49 , 1,0,2,0,S, 	(30-MAY-2025 15:48:41)
2,49 , 1,0,2,0,S, 	(30-MAY-2025 15:48:41)
2,49 , 1,0,2,0,S, 	(30-MAY-2025 15:48:41)
2,49 , 1,0,2,0,S, 	(30-MAY-2025 15:48:41)
2,49 , 1,0,2,0,S, 	(30-MAY-2025 15:48:41)
2,49 , 1,0,2,0,S, 	(30-MAY-2025 15:48:41)
2,49 , 1,0,2,0,S, 	(30-MAY-2025 15:48:41)
2,49 , 1,0,2,0,S, 	(30-MAY-2025 15:48:41)
2,49 , 1,0,2,0,S, 	(30-MAY-2025 15:48:41)
2,49 , 1,0,2,0,S, 	(30-MAY-2025 15:48:41)
2,49 , 1,0,2,0,S, 	(30-MAY-2025 15:48:41)
2,49 , 1,0,2,0,S, 	(30-MAY-2025 15:48:41)
2,49 , 1,0,2,0,S, 	(30-MAY-2025 15:48:41)
2,49 , 1,0,2,0,S, 	(30-MAY-2025 15:48:41)
2,49 , 1,0,6,2,S, 	(30-MAY-2025 15:48:41)
2,49 , 1,0,6,2,S, 	(30-MAY-2025 15:48:41)
2,49 , 1,0,6,2,S, 	(30-MAY-2025 15:48:41)
2,49 , 1,0,6,2,S, 	(30-MAY-2025 15:48:41)
2,49 , 1,0,6,2,S, 	(30-MAY-2025 15:48:41)
2,49 , 1,0,6,2,S, 	(30-MAY-2025 15:48:41)
2,49 , 1,0,6,2,S, 	(30-MAY-2025 15:48:41)
2,49 , 1,0,6,2,S, 	(30-MAY-2025 15:48:41)
2,49 , 1,0,6,2,S, 	(30-MAY-2025 15:48:41)
2,49 , 1,0,6,2,S, 	(30-MAY-2025 15:48:41)
2,49 , 1,0,6,2,S, 	(30-MAY-2025 15:48:41)
2,49 , 1,0,6,2,S, 	(30-MAY-2025 15:48:41)
2,49 , 1,0,6,2,S, 	(30-MAY-2025 15:48:41)
2,49 , 1,0,9,0,S, 	(30-MAY-2025 15:48:41)
2,49 , 1,0,9,0,S, 	(30-MAY-2025 15:48:41)
2,49 , 1,0,9,0,S, 	(30-MAY-2025 15:48:41)
2,49 , 1,0,9,0,S, 	(30-MAY-2025 15:48:41)
2,49 , 1,0,9,0,S, 	(30-MAY-2025 15:48:41)
2,49 , 1,0,9,0,S, 	(30-MAY-2025 15:48:41)
2,49 , 1,0,9,0,S, 	(30-MAY-2025 15:48:41)
2,49 , 1,0,9,0,S, 	(30-MAY-2025 15:48:41)
2,49 , 1,0,9,0,S, 	(30-MAY-2025 15:48:41)
2,49 , 1,0,9,0,S, 	(30-MAY-2025 15:48:41)
2,49 , 1,0,9,0,S, 	(30-MAY-2025 15:48:41)
2,49 , 1,0,9,0,S, 	(30-MAY-2025 15:48:41)
2,49 , 1,0,9,0,S, 	(30-MAY-2025 15:48:41)
2,49 , 1,0,9,0,S, 	(30-MAY-2025 15:48:41)
2,49 , 1,0,9,0,S, 	(30-MAY-2025 15:48:41)
2,49 , 1,0,9,0,S, 	(30-MAY-2025 15:48:41)
2,49 , 1,0,9,0,S, 	(30-MAY-2025 15:48:41)
2,49 , 1,0,9,0,S, 	(30-MAY-2025 15:48:41)
2,49 , 1,0,9,0,S, 	(30-MAY-2025 15:48:41)
2,49 , 1,0,9,0,S, 	(30-MAY-2025 15:48:41)
2,49 , 1,0,9,0,S, 	(30-MAY-2025 15:48:41)
2,49 , 1,0,9,0,S, 	(30-MAY-2025 15:48:41)
2,49 , 1,0,9,0,S, 	(30-MAY-2025 15:48:41)
2,49 , 1,0,9,0,S, 	(30-MAY-2025 15:48:41)
2,49 , 1,0,9,0,S, 	(30-MAY-2025 15:48:41)
2,49 , 1,0,9,0,S, 	(30-MAY-2025 15:48:41)
2,49 , 1,0,9,0,S, 	(30-MAY-2025 15:48:41)
2,49 , 1,0,9,0,S, 	(30-MAY-2025 15:48:41)
2,49 , 1,0,9,0,S, 	(30-MAY-2025 15:48:41)
2,49 , 1,0,9,0,S, 	(30-MAY-2025 15:48:41)
2,49 , 1,0,9,0,S, 	(30-MAY-2025 15:48:41)
2,49 , 1,0,9,0,S, 	(30-MAY-2025 15:48:41)
2,49 , 1,0,9,0,S, 	(30-MAY-2025 15:48:41)
2,49 , 1,0,9,0,S, 	(30-MAY-2025 15:48:41)
2,49 , 1,0,9,0,S, 	(30-MAY-2025 15:48:41)
2,49 , 1,0,9,0,S, 	(30-MAY-2025 15:48:41)
2,49 , 1,0,9,0,S, 	(30-MAY-2025 15:48:41)
2,49 , 1,0,9,0,S, 	(30-MAY-2025 15:48:41)
2,49 , 1,0,9,0,S, 	(30-MAY-2025 15:48:41)
2,49 , 1,0,9,0,S, 	(30-MAY-2025 15:48:41)
2,49 , 1,0,9,0,S, 	(30-MAY-2025 15:48:41)
2,49 , 1,0,9,0,S, 	(30-MAY-2025 15:48:41)
2,49 , 1,0,9,0,S, 	(30-MAY-2025 15:48:41)
2,49 , 1,0,9,0,S, 	(30-MAY-2025 15:48:41)
2,49 , 1,0,9,0,S, 	(30-MAY-2025 15:48:41)
2,49 , 1,0,9,0,S, 	(30-MAY-2025 15:48:41)
2,49 , 1,0,9,0,S, 	(30-MAY-2025 15:48:41)
2,49 , 1,0,9,0,S, 	(30-MAY-2025 15:48:41)
2,49 , 1,0,9,0,S, 	(30-MAY-2025 15:48:41)
2,49 , 1,0,9,0,S, 	(30-MAY-2025 15:48:41)
2,49 , 1,0,9,0,S, 	(30-MAY-2025 15:48:41)
2,49 , 1,0,9,0,S, 	(30-MAY-2025 15:48:41)
2,49 , 1,0,9,0,S, 	(30-MAY-2025 15:48:41)
2,49 , 1,0,9,0,S, 	(30-MAY-2025 15:48:41)
2,49 , 1,0,9,0,S, 	(30-MAY-2025 15:48:41)
2,49 , 1,0,9,0,S, 	(30-MAY-2025 15:48:41)
2,49 , 1,0,9,0,S, 	(30-MAY-2025 15:48:41)
2,49 , 1,0,9,0,S, 	(30-MAY-2025 15:48:41)
2,49 , 1,0,9,0,S, 	(30-MAY-2025 15:48:41)
2,49 , 1,0,9,0,S, 	(30-MAY-2025 15:48:41)
2,49 , 1,0,9,0,S, 	(30-MAY-2025 15:48:41)
2,49 , 1,0,5,0,S, 	(30-MAY-2025 15:48:41)
2,49 , 1,0,5,0,S, 	(30-MAY-2025 15:48:41)
2,49 , 1,0,5,0,S, 	(30-MAY-2025 15:48:41)
2,49 , 1,0,5,0,S, 	(30-MAY-2025 15:48:41)
2,49 , 1,0,5,0,S, 	(30-MAY-2025 15:48:41)
2,49 , 1,0,5,0,S, 	(30-MAY-2025 15:48:41)
2,49 , 1,0,5,0,S, 	(30-MAY-2025 15:48:41)
2,49 , 1,0,5,0,S, 	(30-MAY-2025 15:48:41)
2,49 , 1,0,5,0,S, 	(30-MAY-2025 15:48:41)
2,49 , 1,0,5,0,S, 	(30-MAY-2025 15:48:41)
2,49 , 1,0,5,0,S, 	(30-MAY-2025 15:48:41)
2,49 , 1,0,5,0,S, 	(30-MAY-2025 15:48:41)
2,49 , 1,0,5,0,S, 	(30-MAY-2025 15:48:41)
2,49 , 1,0,5,0,S, 	(30-MAY-2025 15:48:41)
2,49 , 1,0,5,0,S, 	(30-MAY-2025 15:48:41)
2,49 , 1,0,5,0,S, 	(30-MAY-2025 15:48:41)
2,49 , 1,0,5,0,S, 	(30-MAY-2025 15:48:41)
2,49 , 1,0,5,0,S, 	(30-MAY-2025 15:48:41)
2,49 , 1,0,5,0,S, 	(30-MAY-2025 15:48:41)
2,49 , 1,0,5,0,S, 	(30-MAY-2025 15:48:41)
2,49 , 1,0,5,0,S, 	(30-MAY-2025 15:48:41)
2,49 , 1,0,5,0,S, 	(30-MAY-2025 15:48:41)
2,49 , 1,0,5,0,S, 	(30-MAY-2025 15:48:41)
2,49 , 1,0,5,0,S, 	(30-MAY-2025 15:48:41)
2,49 , 1,0,5,0,S, 	(30-MAY-2025 15:48:41)
2,49 , 1,0,5,0,S, 	(30-MAY-2025 15:48:41)
2,49 , 1,0,5,0,S, 	(30-MAY-2025 15:48:41)
2,49 , 1,0,5,0,S, 	(30-MAY-2025 15:48:41)
2,49 , 1,0,5,0,S, 	(30-MAY-2025 15:48:41)
2,49 , 1,0,5,0,S, 	(30-MAY-2025 15:48:41)
2,49 , 1,0,5,0,S, 	(30-MAY-2025 15:48:41)
2,50 , 1,0,1,0,S, 	(30-MAY-2025 15:48:41)
2,50 , 1,0,1,0,S, 	(30-MAY-2025 15:48:41)
2,50 , 1,0,1,0,S, 	(30-MAY-2025 15:48:41)
2,50 , 1,0,1,0,S, 	(30-MAY-2025 15:48:41)
2,50 , 1,0,1,0,S, 	(30-MAY-2025 15:48:41)
2,50 , 1,0,1,0,S, 	(30-MAY-2025 15:48:41)
2,50 , 1,0,1,0,S, 	(30-MAY-2025 15:48:41)
2,50 , 1,0,1,0,S, 	(30-MAY-2025 15:48:41)
2,50 , 1,0,1,0,S, 	(30-MAY-2025 15:48:41)
2,50 , 1,0,1,0,S, 	(30-MAY-2025 15:48:41)
2,50 , 1,0,1,0,S, 	(30-MAY-2025 15:48:41)
2,50 , 1,0,1,0,S, 	(30-MAY-2025 15:48:41)
2,50 , 1,0,1,0,S, 	(30-MAY-2025 15:48:41)
2,50 , 1,0,1,0,S, 	(30-MAY-2025 15:48:41)
2,50 , 1,0,1,0,S, 	(30-MAY-2025 15:48:41)
2,50 , 1,0,1,0,S, 	(30-MAY-2025 15:48:41)
2,50 , 1,0,1,0,S, 	(30-MAY-2025 15:48:41)
2,50 , 1,0,1,0,S, 	(30-MAY-2025 15:48:41)
2,50 , 1,0,1,0,S, 	(30-MAY-2025 15:48:41)
2,50 , 1,0,1,0,S, 	(30-MAY-2025 15:48:41)
2,50 , 1,0,1,0,S, 	(30-MAY-2025 15:48:41)
2,50 , 1,0,1,0,S, 	(30-MAY-2025 15:48:41)
2,50 , 1,0,1,0,S, 	(30-MAY-2025 15:48:41)
2,50 , 1,0,1,0,S, 	(30-MAY-2025 15:48:41)
2,50 , 1,0,1,0,S, 	(30-MAY-2025 15:48:41)
2,50 , 1,0,1,0,S, 	(30-MAY-2025 15:48:41)
2,50 , 1,0,1,0,S, 	(30-MAY-2025 15:48:41)
2,50 , 1,0,1,0,S, 	(30-MAY-2025 15:48:41)
2,50 , 1,0,1,0,S, 	(30-MAY-2025 15:48:41)
2,50 , 1,0,1,0,S, 	(30-MAY-2025 15:48:41)
2,50 , 1,0,3,0,S, 	(30-MAY-2025 15:48:41)
2,50 , 1,0,3,0,S, 	(30-MAY-2025 15:48:41)
2,50 , 1,0,3,0,S, 	(30-MAY-2025 15:48:41)
2,50 , 1,0,3,0,S, 	(30-MAY-2025 15:48:41)
2,50 , 1,0,3,0,S, 	(30-MAY-2025 15:48:41)
2,50 , 1,0,3,0,S, 	(30-MAY-2025 15:48:41)
2,50 , 1,0,3,0,S, 	(30-MAY-2025 15:48:41)
2,50 , 1,0,3,0,S, 	(30-MAY-2025 15:48:41)
2,50 , 1,0,3,0,S, 	(30-MAY-2025 15:48:41)
2,50 , 1,0,3,0,S, 	(30-MAY-2025 15:48:41)
2,50 , 1,0,3,0,S, 	(30-MAY-2025 15:48:41)
2,50 , 1,0,3,0,S, 	(30-MAY-2025 15:48:41)
2,50 , 1,0,3,0,S, 	(30-MAY-2025 15:48:41)
2,50 , 1,0,3,0,S, 	(30-MAY-2025 15:48:41)
2,50 , 1,0,3,0,S, 	(30-MAY-2025 15:48:41)
2,50 , 1,0,3,0,S, 	(30-MAY-2025 15:48:41)
2,50 , 1,0,3,0,S, 	(30-MAY-2025 15:48:41)
2,50 , 1,0,3,0,S, 	(30-MAY-2025 15:48:41)
2,50 , 1,0,3,0,S, 	(30-MAY-2025 15:48:41)
2,50 , 1,0,3,0,S, 	(30-MAY-2025 15:48:41)
2,50 , 1,0,3,0,S, 	(30-MAY-2025 15:48:41)
2,50 , 1,0,3,0,S, 	(30-MAY-2025 15:48:41)
2,50 , 1,0,3,0,S, 	(30-MAY-2025 15:48:41)
2,50 , 1,0,3,0,S, 	(30-MAY-2025 15:48:41)
2,50 , 1,0,3,0,S, 	(30-MAY-2025 15:48:41)
2,50 , 1,0,3,0,S, 	(30-MAY-2025 15:48:41)
2,50 , 1,0,3,0,S, 	(30-MAY-2025 15:48:41)
2,50 , 1,0,3,0,S, 	(30-MAY-2025 15:48:41)
2,50 , 1,0,3,0,S, 	(30-MAY-2025 15:48:41)
2,50 , 1,0,3,0,S, 	(30-MAY-2025 15:48:41)
2,50 , 1,0,3,0,S, 	(30-MAY-2025 15:48:41)
2,50 , 1,0,3,0,S, 	(30-MAY-2025 15:48:41)
2,50 , 1,0,3,0,S, 	(30-MAY-2025 15:48:41)
2,50 , 1,0,3,0,S, 	(30-MAY-2025 15:48:41)
2,50 , 1,0,3,0,S, 	(30-MAY-2025 15:48:41)
2,50 , 1,0,3,0,S, 	(30-MAY-2025 15:48:41)
2,50 , 1,0,3,0,S, 	(30-MAY-2025 15:48:41)
2,50 , 1,0,3,0,S, 	(30-MAY-2025 15:48:41)
2,50 , 1,0,3,0,S, 	(30-MAY-2025 15:48:41)
2,50 , 1,0,3,0,S, 	(30-MAY-2025 15:48:41)
2,50 , 1,0,3,0,S, 	(30-MAY-2025 15:48:41)
2,50 , 1,0,3,0,S, 	(30-MAY-2025 15:48:41)
2,50 , 1,0,3,0,S, 	(30-MAY-2025 15:48:41)
2,50 , 1,0,3,0,S, 	(30-MAY-2025 15:48:41)
2,50 , 1,0,3,0,S, 	(30-MAY-2025 15:48:41)
2,50 , 1,0,3,0,S, 	(30-MAY-2025 15:48:41)
2,50 , 1,0,3,0,S, 	(30-MAY-2025 15:48:42)
2,50 , 1,0,3,0,S, 	(30-MAY-2025 15:48:42)
2,50 , 1,0,3,0,S, 	(30-MAY-2025 15:48:42)
2,50 , 1,0,3,0,S, 	(30-MAY-2025 15:48:42)
2,50 , 1,0,3,0,S, 	(30-MAY-2025 15:48:42)
2,50 , 1,0,3,0,S, 	(30-MAY-2025 15:48:42)
2,50 , 1,0,3,0,S, 	(30-MAY-2025 15:48:42)
2,50 , 1,0,3,0,S, 	(30-MAY-2025 15:48:42)
2,50 , 1,0,3,0,S, 	(30-MAY-2025 15:48:42)
2,50 , 1,0,3,0,S, 	(30-MAY-2025 15:48:42)
2,50 , 1,0,3,0,S, 	(30-MAY-2025 15:48:42)
2,50 , 1,0,3,0,S, 	(30-MAY-2025 15:48:42)
2,50 , 1,0,3,0,S, 	(30-MAY-2025 15:48:42)
2,50 , 1,0,3,0,S, 	(30-MAY-2025 15:48:42)
2,50 , 1,0,3,0,S, 	(30-MAY-2025 15:48:42)
2,50 , 1,0,3,0,S, 	(30-MAY-2025 15:48:42)
2,50 , 1,0,3,0,S, 	(30-MAY-2025 15:48:42)
2,50 , 1,0,3,0,S, 	(30-MAY-2025 15:48:42)
2,50 , 1,0,3,0,S, 	(30-MAY-2025 15:48:42)
2,50 , 1,0,3,0,S, 	(30-MAY-2025 15:48:42)
2,50 , 1,0,3,0,S, 	(30-MAY-2025 15:48:42)
2,50 , 1,0,3,0,S, 	(30-MAY-2025 15:48:42)
2,50 , 1,0,3,0,S, 	(30-MAY-2025 15:48:42)
2,50 , 1,0,3,0,S, 	(30-MAY-2025 15:48:42)
2,50 , 1,0,3,0,S, 	(30-MAY-2025 15:48:42)
2,50 , 1,0,3,0,S, 	(30-MAY-2025 15:48:42)
2,50 , 1,0,3,0,S, 	(30-MAY-2025 15:48:42)
2,50 , 1,0,3,0,S, 	(30-MAY-2025 15:48:42)
2,50 , 1,0,3,0,S, 	(30-MAY-2025 15:48:42)
2,50 , 1,0,3,0,S, 	(30-MAY-2025 15:48:42)
2,50 , 1,0,3,0,S, 	(30-MAY-2025 15:48:42)
2,50 , 1,0,3,0,S, 	(30-MAY-2025 15:48:42)
2,50 , 1,0,3,0,S, 	(30-MAY-2025 15:48:42)
2,50 , 1,0,3,0,S, 	(30-MAY-2025 15:48:42)
2,50 , 1,0,3,0,S, 	(30-MAY-2025 15:48:42)
2,50 , 1,0,3,0,S, 	(30-MAY-2025 15:48:42)
2,50 , 1,0,3,0,S, 	(30-MAY-2025 15:48:42)
2,50 , 1,0,3,0,S, 	(30-MAY-2025 15:48:42)
2,50 , 1,0,3,0,S, 	(30-MAY-2025 15:48:42)
2,50 , 1,0,3,0,S, 	(30-MAY-2025 15:48:42)
2,50 , 1,0,3,0,S, 	(30-MAY-2025 15:48:42)
2,50 , 1,0,3,0,S, 	(30-MAY-2025 15:48:42)
2,50 , 1,0,3,0,S, 	(30-MAY-2025 15:48:42)
2,50 , 1,0,3,0,S, 	(30-MAY-2025 15:48:42)
2,50 , 1,0,3,0,S, 	(30-MAY-2025 15:48:42)
2,50 , 1,0,3,0,S, 	(30-MAY-2025 15:48:42)
2,50 , 1,0,3,0,S, 	(30-MAY-2025 15:48:42)
2,50 , 1,0,3,0,S, 	(30-MAY-2025 15:48:42)
2,50 , 1,0,3,0,S, 	(30-MAY-2025 15:48:42)
2,50 , 1,0,3,0,S, 	(30-MAY-2025 15:48:42)
2,50 , 1,0,3,0,S, 	(30-MAY-2025 15:48:42)
2,50 , 1,0,3,0,S, 	(30-MAY-2025 15:48:42)
2,50 , 1,0,3,0,S, 	(30-MAY-2025 15:48:42)
2,50 , 1,0,3,0,S, 	(30-MAY-2025 15:48:42)
2,50 , 1,0,3,0,S, 	(30-MAY-2025 15:48:42)
2,50 , 1,0,3,0,S, 	(30-MAY-2025 15:48:42)
2,50 , 1,0,3,0,S, 	(30-MAY-2025 15:48:42)
2,50 , 1,0,3,0,S, 	(30-MAY-2025 15:48:42)
2,50 , 1,0,3,0,S, 	(30-MAY-2025 15:48:42)
2,50 , 1,0,3,0,S, 	(30-MAY-2025 15:48:42)
2,50 , 1,0,3,0,S, 	(30-MAY-2025 15:48:42)
2,50 , 1,0,3,0,S, 	(30-MAY-2025 15:48:42)
2,50 , 1,0,3,0,S, 	(30-MAY-2025 15:48:42)
2,50 , 1,0,3,0,S, 	(30-MAY-2025 15:48:42)
2,50 , 1,0,3,0,S, 	(30-MAY-2025 15:48:42)
2,50 , 1,0,3,0,S, 	(30-MAY-2025 15:48:42)
2,50 , 1,0,3,0,S, 	(30-MAY-2025 15:48:42)
2,50 , 1,0,3,0,S, 	(30-MAY-2025 15:48:42)
2,50 , 1,0,3,0,S, 	(30-MAY-2025 15:48:42)
2,50 , 1,0,3,0,S, 	(30-MAY-2025 15:48:42)
2,50 , 1,0,3,0,S, 	(30-MAY-2025 15:48:42)
2,50 , 1,0,3,0,S, 	(30-MAY-2025 15:48:42)
2,50 , 1,0,3,0,S, 	(30-MAY-2025 15:48:42)
2,50 , 1,0,3,0,S, 	(30-MAY-2025 15:48:42)
2,50 , 1,0,3,0,S, 	(30-MAY-2025 15:48:42)
2,50 , 1,0,3,0,S, 	(30-MAY-2025 15:48:42)
2,50 , 1,0,3,0,S, 	(30-MAY-2025 15:48:42)
2,50 , 1,0,3,0,S, 	(30-MAY-2025 15:48:42)
2,50 , 1,0,3,0,S, 	(30-MAY-2025 15:48:42)
2,50 , 1,0,3,0,S, 	(30-MAY-2025 15:48:42)
2,50 , 1,0,3,0,S, 	(30-MAY-2025 15:48:42)
2,50 , 1,0,3,0,S, 	(30-MAY-2025 15:48:42)
2,50 , 1,0,3,0,S, 	(30-MAY-2025 15:48:42)
2,50 , 1,0,3,0,S, 	(30-MAY-2025 15:48:42)
2,50 , 1,0,3,0,S, 	(30-MAY-2025 15:48:42)
2,50 , 1,0,3,0,S, 	(30-MAY-2025 15:48:42)
2,50 , 1,0,3,0,S, 	(30-MAY-2025 15:48:42)
2,50 , 1,0,3,0,S, 	(30-MAY-2025 15:48:42)
2,50 , 1,0,3,0,S, 	(30-MAY-2025 15:48:42)
2,50 , 1,0,3,0,S, 	(30-MAY-2025 15:48:42)
2,50 , 1,0,3,0,S, 	(30-MAY-2025 15:48:42)
2,50 , 1,0,3,0,S, 	(30-MAY-2025 15:48:42)
2,50 , 1,0,3,0,S, 	(30-MAY-2025 15:48:42)
2,50 , 1,0,3,0,S, 	(30-MAY-2025 15:48:42)
2,50 , 1,0,3,0,S, 	(30-MAY-2025 15:48:42)
2,50 , 1,0,3,0,S, 	(30-MAY-2025 15:48:42)
2,50 , 1,0,3,0,S, 	(30-MAY-2025 15:48:42)
2,50 , 1,0,3,0,S, 	(30-MAY-2025 15:48:42)
2,50 , 1,0,3,0,S, 	(30-MAY-2025 15:48:42)
2,50 , 1,0,3,0,S, 	(30-MAY-2025 15:48:42)
2,50 , 1,0,3,0,S, 	(30-MAY-2025 15:48:42)
2,50 , 1,0,3,0,S, 	(30-MAY-2025 15:48:42)
2,50 , 1,0,3,0,S, 	(30-MAY-2025 15:48:42)
2,50 , 1,0,3,0,S, 	(30-MAY-2025 15:48:42)
2,50 , 1,0,3,0,S, 	(30-MAY-2025 15:48:42)
2,50 , 1,0,3,0,S, 	(30-MAY-2025 15:48:42)
2,50 , 1,0,3,0,S, 	(30-MAY-2025 15:48:42)
2,50 , 1,0,3,0,S, 	(30-MAY-2025 15:48:42)
2,50 , 1,0,3,0,S, 	(30-MAY-2025 15:48:42)
2,50 , 1,0,3,0,S, 	(30-MAY-2025 15:48:42)
2,50 , 1,0,3,0,S, 	(30-MAY-2025 15:48:42)
2,50 , 1,0,3,0,S, 	(30-MAY-2025 15:48:42)
2,50 , 1,0,3,0,S, 	(30-MAY-2025 15:48:42)
2,50 , 1,0,3,0,S, 	(30-MAY-2025 15:48:42)
2,50 , 1,0,3,0,S, 	(30-MAY-2025 15:48:42)
2,50 , 1,0,3,0,S, 	(30-MAY-2025 15:48:42)
2,50 , 1,0,3,0,S, 	(30-MAY-2025 15:48:42)
2,50 , 1,0,3,0,S, 	(30-MAY-2025 15:48:42)
2,50 , 1,0,3,0,S, 	(30-MAY-2025 15:48:42)
2,50 , 1,0,3,0,S, 	(30-MAY-2025 15:48:42)
2,50 , 1,0,3,0,S, 	(30-MAY-2025 15:48:42)
2,50 , 1,0,3,0,S, 	(30-MAY-2025 15:48:42)
2,50 , 1,0,2,0,S, 	(30-MAY-2025 15:48:42)
2,50 , 1,0,2,0,S, 	(30-MAY-2025 15:48:42)
2,50 , 1,0,2,0,S, 	(30-MAY-2025 15:48:42)
2,50 , 1,0,2,0,S, 	(30-MAY-2025 15:48:42)
2,50 , 1,0,2,0,S, 	(30-MAY-2025 15:48:42)
2,50 , 1,0,2,0,S, 	(30-MAY-2025 15:48:42)
2,50 , 1,0,2,0,S, 	(30-MAY-2025 15:48:42)
2,50 , 1,0,2,0,S, 	(30-MAY-2025 15:48:42)
2,50 , 1,0,2,0,S, 	(30-MAY-2025 15:48:42)
2,50 , 1,0,2,0,S, 	(30-MAY-2025 15:48:42)
2,50 , 1,0,2,0,S, 	(30-MAY-2025 15:48:42)
2,50 , 1,0,2,0,S, 	(30-MAY-2025 15:48:42)
2,50 , 1,0,2,0,S, 	(30-MAY-2025 15:48:42)
2,50 , 1,0,2,0,S, 	(30-MAY-2025 15:48:42)
2,50 , 1,0,2,0,S, 	(30-MAY-2025 15:48:42)
2,50 , 1,0,2,0,S, 	(30-MAY-2025 15:48:42)
2,50 , 1,0,2,0,S, 	(30-MAY-2025 15:48:42)
2,50 , 1,0,2,0,S, 	(30-MAY-2025 15:48:42)
2,50 , 1,0,2,0,S, 	(30-MAY-2025 15:48:42)
2,50 , 1,0,2,0,S, 	(30-MAY-2025 15:48:42)
2,50 , 1,0,2,0,S, 	(30-MAY-2025 15:48:42)
2,50 , 1,0,2,0,S, 	(30-MAY-2025 15:48:42)
2,50 , 1,0,2,0,S, 	(30-MAY-2025 15:48:42)
2,50 , 1,0,2,0,S, 	(30-MAY-2025 15:48:42)
2,50 , 1,0,2,0,S, 	(30-MAY-2025 15:48:42)
2,50 , 1,0,2,0,S, 	(30-MAY-2025 15:48:42)
2,50 , 1,0,2,0,S, 	(30-MAY-2025 15:48:42)
2,50 , 1,0,2,0,S, 	(30-MAY-2025 15:48:42)
2,50 , 1,0,2,0,S, 	(30-MAY-2025 15:48:42)
2,50 , 1,0,2,0,S, 	(30-MAY-2025 15:48:42)
2,50 , 1,0,2,0,S, 	(30-MAY-2025 15:48:42)
2,50 , 0,0,223098,0,L, 	(30-MAY-2025 15:48:42)
2,50 , 0,0,223098,0,L, 	(30-MAY-2025 15:48:42)
2,50 , 0,0,223098,0,L, 	(30-MAY-2025 15:48:42)
2,50 , 0,0,223098,0,L, 	(30-MAY-2025 15:48:42)
2,50 , 0,0,223098,0,L, 	(30-MAY-2025 15:48:42)
2,50 , 0,0,223098,0,L, 	(30-MAY-2025 15:48:42)
2,50 , 0,0,223098,0,L, 	(30-MAY-2025 15:48:42)
2,50 , 0,0,223098,0,L, 	(30-MAY-2025 15:48:42)
2,50 , 0,0,223098,0,L, 	(30-MAY-2025 15:48:42)
2,50 , 0,0,223098,0,L, 	(30-MAY-2025 15:48:42)
2,50 , 0,0,223098,0,L, 	(30-MAY-2025 15:48:42)
2,50 , 0,0,223098,0,L, 	(30-MAY-2025 15:48:42)
2,50 , 0,0,223098,0,L, 	(30-MAY-2025 15:48:42)
2,50 , 0,0,223098,0,L, 	(30-MAY-2025 15:48:42)
2,50 , 0,0,223098,0,L, 	(30-MAY-2025 15:48:42)
2,50 , 0,0,223099,0,L, 	(30-MAY-2025 15:48:42)
2,50 , 0,0,223099,0,L, 	(30-MAY-2025 15:48:42)
2,50 , 0,0,223099,0,L, 	(30-MAY-2025 15:48:42)
2,50 , 0,0,223099,0,L, 	(30-MAY-2025 15:48:42)
2,50 , 0,0,223099,0,L, 	(30-MAY-2025 15:48:42)
2,50 , 0,0,223099,0,L, 	(30-MAY-2025 15:48:42)
2,50 , 0,0,223099,0,L, 	(30-MAY-2025 15:48:42)
2,50 , 0,0,223099,0,L, 	(30-MAY-2025 15:48:42)
2,50 , 0,0,223099,0,L, 	(30-MAY-2025 15:48:42)
2,50 , 0,0,223099,0,L, 	(30-MAY-2025 15:48:42)
2,50 , 0,0,223099,0,L, 	(30-MAY-2025 15:48:42)
2,50 , 0,0,223099,0,L, 	(30-MAY-2025 15:48:42)
2,50 , 0,0,223099,0,L, 	(30-MAY-2025 15:48:42)
2,50 , 0,0,223099,0,L, 	(30-MAY-2025 15:48:42)
2,50 , 0,0,223099,0,L, 	(30-MAY-2025 15:48:42)
2,50 , 0,0,223099,0,L, 	(30-MAY-2025 15:48:42)
2,50 , 0,0,223099,0,L, 	(30-MAY-2025 15:48:42)
2,50 , 0,0,223099,0,L, 	(30-MAY-2025 15:48:42)
2,50 , 0,0,223099,0,L, 	(30-MAY-2025 15:48:42)
2,50 , 0,0,223099,0,L, 	(30-MAY-2025 15:48:42)
2,50 , 0,0,223099,0,L, 	(30-MAY-2025 15:48:42)
2,50 , 0,0,223099,0,L, 	(30-MAY-2025 15:48:42)
2,50 , 0,0,223099,0,L, 	(30-MAY-2025 15:48:42)
2,50 , 0,0,223099,0,L, 	(30-MAY-2025 15:48:42)
2,50 , 0,0,223099,0,L, 	(30-MAY-2025 15:48:42)
2,50 , 0,0,223099,0,L, 	(30-MAY-2025 15:48:42)
2,50 , 0,0,223099,0,L, 	(30-MAY-2025 15:48:42)
2,50 , 0,0,223099,0,L, 	(30-MAY-2025 15:48:42)
2,50 , 0,0,223100,0,L, 	(30-MAY-2025 15:48:42)
2,50 , 0,0,223100,0,L, 	(30-MAY-2025 15:48:42)
2,50 , 0,0,223100,0,L, 	(30-MAY-2025 15:48:42)
2,50 , 0,0,223100,0,L, 	(30-MAY-2025 15:48:42)
2,50 , 0,0,223100,0,L, 	(30-MAY-2025 15:48:42)
2,50 , 0,0,223100,0,L, 	(30-MAY-2025 15:48:42)
2,50 , 0,0,223100,0,L, 	(30-MAY-2025 15:48:42)
2,50 , 0,0,223100,0,L, 	(30-MAY-2025 15:48:42)
2,50 , 0,0,223100,0,L, 	(30-MAY-2025 15:48:42)
2,50 , 0,0,223100,0,L, 	(30-MAY-2025 15:48:42)
2,50 , 0,0,223100,0,L, 	(30-MAY-2025 15:48:42)
2,50 , 0,0,223100,0,L, 	(30-MAY-2025 15:48:42)
2,50 , 0,0,223100,0,L, 	(30-MAY-2025 15:48:42)
2,50 , 0,0,223100,0,L, 	(30-MAY-2025 15:48:42)
2,50 , 0,0,223100,0,L, 	(30-MAY-2025 15:48:42)
2,50 , 0,0,223098,1,L, 	(30-MAY-2025 15:48:42)
2,50 , 0,0,223098,1,L, 	(30-MAY-2025 15:48:42)
2,50 , 0,0,223098,1,L, 	(30-MAY-2025 15:48:42)
2,50 , 0,0,223098,1,L, 	(30-MAY-2025 15:48:42)
2,50 , 0,0,223098,1,L, 	(30-MAY-2025 15:48:42)
2,50 , 0,0,223098,1,L, 	(30-MAY-2025 15:48:42)
2,50 , 0,0,223098,1,L, 	(30-MAY-2025 15:48:42)
2,50 , 0,0,223098,1,L, 	(30-MAY-2025 15:48:42)
2,50 , 0,0,223098,1,L, 	(30-MAY-2025 15:48:42)
2,50 , 0,0,223098,1,L, 	(30-MAY-2025 15:48:42)
2,50 , 0,0,223098,1,L, 	(30-MAY-2025 15:48:42)
2,50 , 0,0,223098,1,L, 	(30-MAY-2025 15:48:42)
2,50 , 0,0,223098,1,L, 	(30-MAY-2025 15:48:42)
2,50 , 0,0,223098,1,L, 	(30-MAY-2025 15:48:42)
2,50 , 0,0,223098,1,L, 	(30-MAY-2025 15:48:42)
2,50 , 0,0,223098,1,L, 	(30-MAY-2025 15:48:42)
2,50 , 0,0,223101,0,L, 	(30-MAY-2025 15:48:42)
2,50 , 0,0,223101,0,L, 	(30-MAY-2025 15:48:42)
2,50 , 0,0,223101,0,L, 	(30-MAY-2025 15:48:42)
2,50 , 0,0,223101,0,L, 	(30-MAY-2025 15:48:42)
2,50 , 0,0,223101,0,L, 	(30-MAY-2025 15:48:42)
2,50 , 0,0,223101,0,L, 	(30-MAY-2025 15:48:42)
2,50 , 0,0,223101,0,L, 	(30-MAY-2025 15:48:42)
2,50 , 0,0,223101,0,L, 	(30-MAY-2025 15:48:42)
2,50 , 0,0,223101,0,L, 	(30-MAY-2025 15:48:42)
2,50 , 0,0,223101,0,L, 	(30-MAY-2025 15:48:42)
2,50 , 0,0,223101,0,L, 	(30-MAY-2025 15:48:42)
2,50 , 0,0,223101,0,L, 	(30-MAY-2025 15:48:42)
2,50 , 0,0,223101,0,L, 	(30-MAY-2025 15:48:42)
2,50 , 0,0,223101,0,L, 	(30-MAY-2025 15:48:42)
2,50 , 0,0,223101,0,L, 	(30-MAY-2025 15:48:42)
2,50 , 0,0,223101,0,L, 	(30-MAY-2025 15:48:42)
2,50 , 0,0,223101,0,L, 	(30-MAY-2025 15:48:42)
2,50 , 0,0,223101,0,L, 	(30-MAY-2025 15:48:42)
2,50 , 0,0,223101,0,L, 	(30-MAY-2025 15:48:42)
2,50 , 0,0,223101,0,L, 	(30-MAY-2025 15:48:42)
2,50 , 0,0,223101,0,L, 	(30-MAY-2025 15:48:42)
2,50 , 0,0,223101,0,L, 	(30-MAY-2025 15:48:42)
2,50 , 0,0,223101,0,L, 	(30-MAY-2025 15:48:42)
2,50 , 0,0,223101,0,L, 	(30-MAY-2025 15:48:42)
2,50 , 0,0,223101,0,L, 	(30-MAY-2025 15:48:42)
2,50 , 0,0,223101,0,L, 	(30-MAY-2025 15:48:42)
2,50 , 0,0,223101,0,L, 	(30-MAY-2025 15:48:42)
2,50 , 0,0,223101,0,L, 	(30-MAY-2025 15:48:42)
2,50 , 0,0,223101,0,L, 	(30-MAY-2025 15:48:42)
2,50 , 0,0,223101,0,L, 	(30-MAY-2025 15:48:42)
2,50 , 0,0,223101,0,L, 	(30-MAY-2025 15:48:42)
2,50 , 0,0,223100,1,L, 	(30-MAY-2025 15:48:42)
2,50 , 0,0,223100,1,L, 	(30-MAY-2025 15:48:42)
2,50 , 0,0,223100,1,L, 	(30-MAY-2025 15:48:42)
2,50 , 0,0,223100,1,L, 	(30-MAY-2025 15:48:42)
2,50 , 0,0,223100,1,L, 	(30-MAY-2025 15:48:42)
2,50 , 0,0,223100,1,L, 	(30-MAY-2025 15:48:42)
2,50 , 0,0,223100,1,L, 	(30-MAY-2025 15:48:42)
2,50 , 0,0,223100,1,L, 	(30-MAY-2025 15:48:42)
2,50 , 0,0,223100,1,L, 	(30-MAY-2025 15:48:42)
2,50 , 0,0,223100,1,L, 	(30-MAY-2025 15:48:42)
2,50 , 0,0,223100,1,L, 	(30-MAY-2025 15:48:42)
2,50 , 0,0,223100,1,L, 	(30-MAY-2025 15:48:42)
2,50 , 0,0,223100,1,L, 	(30-MAY-2025 15:48:42)
2,50 , 0,0,223100,1,L, 	(30-MAY-2025 15:48:42)
2,50 , 0,0,223100,1,L, 	(30-MAY-2025 15:48:42)
2,52 , 1,0,1,0,S, 	(30-MAY-2025 15:48:42)
2,52 , 1,0,1,0,S, 	(30-MAY-2025 15:48:42)
2,52 , 1,0,1,0,S, 	(30-MAY-2025 15:48:42)
2,52 , 1,0,1,0,S, 	(30-MAY-2025 15:48:42)
2,52 , 1,0,1,0,S, 	(30-MAY-2025 15:48:42)
2,52 , 1,0,1,0,S, 	(30-MAY-2025 15:48:42)
2,52 , 1,0,1,0,S, 	(30-MAY-2025 15:48:42)
2,52 , 1,0,1,0,S, 	(30-MAY-2025 15:48:42)
2,52 , 1,0,1,0,S, 	(30-MAY-2025 15:48:42)
2,52 , 1,0,1,0,S, 	(30-MAY-2025 15:48:42)
2,52 , 1,0,1,0,S, 	(30-MAY-2025 15:48:42)
2,52 , 1,0,1,0,S, 	(30-MAY-2025 15:48:42)
2,52 , 1,0,1,0,S, 	(30-MAY-2025 15:48:42)
2,52 , 1,0,1,0,S, 	(30-MAY-2025 15:48:42)
2,52 , 1,0,1,0,S, 	(30-MAY-2025 15:48:42)
2,52 , 1,0,1,0,S, 	(30-MAY-2025 15:48:42)
2,52 , 1,0,1,0,S, 	(30-MAY-2025 15:48:42)
2,52 , 1,0,1,0,S, 	(30-MAY-2025 15:48:42)
2,52 , 1,0,1,0,S, 	(30-MAY-2025 15:48:42)
2,52 , 1,0,1,0,S, 	(30-MAY-2025 15:48:42)
2,52 , 1,0,1,0,S, 	(30-MAY-2025 15:48:42)
2,52 , 1,0,1,0,S, 	(30-MAY-2025 15:48:42)
2,52 , 1,0,1,0,S, 	(30-MAY-2025 15:48:42)
2,52 , 1,0,1,0,S, 	(30-MAY-2025 15:48:42)
2,52 , 1,0,1,0,S, 	(30-MAY-2025 15:48:42)
2,52 , 1,0,1,0,S, 	(30-MAY-2025 15:48:42)
2,52 , 1,0,1,0,S, 	(30-MAY-2025 15:48:42)
2,52 , 1,0,1,0,S, 	(30-MAY-2025 15:48:42)
2,52 , 1,0,1,0,S, 	(30-MAY-2025 15:48:42)
2,52 , 1,0,1,0,S, 	(30-MAY-2025 15:48:42)
2,52 , 1,0,1,0,S, 	(30-MAY-2025 15:48:42)
2,52 , 1,0,1,0,S, 	(30-MAY-2025 15:48:42)
2,52 , 1,0,1,0,S, 	(30-MAY-2025 15:48:42)
2,52 , 1,0,1,0,S, 	(30-MAY-2025 15:48:42)
2,52 , 1,0,1,0,S, 	(30-MAY-2025 15:48:42)
2,52 , 1,0,1,0,S, 	(30-MAY-2025 15:48:42)
2,52 , 1,0,1,0,S, 	(30-MAY-2025 15:48:42)
2,52 , 1,0,1,0,S, 	(30-MAY-2025 15:48:42)
2,52 , 1,0,1,0,S, 	(30-MAY-2025 15:48:42)
2,52 , 1,0,1,0,S, 	(30-MAY-2025 15:48:42)
2,52 , 1,0,1,0,S, 	(30-MAY-2025 15:48:42)
2,52 , 1,0,1,0,S, 	(30-MAY-2025 15:48:42)
2,52 , 1,0,1,0,S, 	(30-MAY-2025 15:48:42)
2,52 , 1,0,1,0,S, 	(30-MAY-2025 15:48:42)
2,52 , 1,0,1,0,S, 	(30-MAY-2025 15:48:42)
2,52 , 1,0,1,0,S, 	(30-MAY-2025 15:48:42)
2,52 , 1,0,1,0,S, 	(30-MAY-2025 15:48:42)
2,52 , 1,0,1,0,S, 	(30-MAY-2025 15:48:42)
2,52 , 1,0,1,0,S, 	(30-MAY-2025 15:48:42)
2,52 , 1,0,1,0,S, 	(30-MAY-2025 15:48:42)
2,52 , 1,0,1,0,S, 	(30-MAY-2025 15:48:42)
2,52 , 1,0,1,0,S, 	(30-MAY-2025 15:48:42)
2,52 , 1,0,1,0,S, 	(30-MAY-2025 15:48:42)
2,52 , 1,0,1,0,S, 	(30-MAY-2025 15:48:42)
2,52 , 1,0,1,0,S, 	(30-MAY-2025 15:48:42)
2,52 , 1,0,1,0,S, 	(30-MAY-2025 15:48:42)
2,52 , 1,0,1,0,S, 	(30-MAY-2025 15:48:42)
2,52 , 1,0,1,0,S, 	(30-MAY-2025 15:48:42)
2,52 , 1,0,1,0,S, 	(30-MAY-2025 15:48:42)
2,52 , 1,0,1,0,S, 	(30-MAY-2025 15:48:42)
2,52 , 1,0,1,0,S, 	(30-MAY-2025 15:48:42)
2,52 , 1,0,1,0,S, 	(30-MAY-2025 15:48:42)
2,52 , 1,0,1,0,S, 	(30-MAY-2025 15:48:42)
2,52 , 1,0,1,0,S, 	(30-MAY-2025 15:48:42)
2,52 , 1,0,1,0,S, 	(30-MAY-2025 15:48:42)
2,52 , 1,0,1,0,S, 	(30-MAY-2025 15:48:42)
2,52 , 1,0,1,0,S, 	(30-MAY-2025 15:48:42)
2,52 , 1,0,1,0,S, 	(30-MAY-2025 15:48:42)
2,52 , 1,0,1,0,S, 	(30-MAY-2025 15:48:42)
2,52 , 1,0,1,0,S, 	(30-MAY-2025 15:48:42)
2,52 , 1,0,1,0,S, 	(30-MAY-2025 15:48:42)
2,52 , 1,0,1,0,S, 	(30-MAY-2025 15:48:42)
2,52 , 1,0,1,0,S, 	(30-MAY-2025 15:48:42)
2,52 , 1,0,1,0,S, 	(30-MAY-2025 15:48:42)
2,52 , 1,0,1,0,S, 	(30-MAY-2025 15:48:42)
2,52 , 1,0,1,0,S, 	(30-MAY-2025 15:48:42)
2,52 , 1,0,1,0,S, 	(30-MAY-2025 15:48:42)
2,52 , 1,0,1,0,S, 	(30-MAY-2025 15:48:42)
2,52 , 1,0,1,0,S, 	(30-MAY-2025 15:48:42)
2,52 , 1,0,1,0,S, 	(30-MAY-2025 15:48:42)
2,52 , 1,0,1,0,S, 	(30-MAY-2025 15:48:42)
2,52 , 1,0,1,0,S, 	(30-MAY-2025 15:48:42)
2,52 , 1,0,1,0,S, 	(30-MAY-2025 15:48:42)
2,52 , 1,0,1,0,S, 	(30-MAY-2025 15:48:42)
2,52 , 1,0,1,0,S, 	(30-MAY-2025 15:48:42)
2,52 , 1,0,1,0,S, 	(30-MAY-2025 15:48:42)
2,52 , 1,0,1,0,S, 	(30-MAY-2025 15:48:42)
2,52 , 1,0,1,0,S, 	(30-MAY-2025 15:48:42)
2,52 , 1,0,1,0,S, 	(30-MAY-2025 15:48:42)
2,52 , 1,0,1,0,S, 	(30-MAY-2025 15:48:42)
2,52 , 1,0,2,1,S, 	(30-MAY-2025 15:48:42)
2,52 , 1,0,2,1,S, 	(30-MAY-2025 15:48:42)
2,52 , 1,0,2,1,S, 	(30-MAY-2025 15:48:42)
2,52 , 1,0,2,1,S, 	(30-MAY-2025 15:48:42)
2,52 , 1,0,2,1,S, 	(30-MAY-2025 15:48:42)
2,52 , 1,0,2,1,S, 	(30-MAY-2025 15:48:42)
2,52 , 1,0,2,1,S, 	(30-MAY-2025 15:48:42)
2,52 , 1,0,2,1,S, 	(30-MAY-2025 15:48:42)
2,52 , 1,0,2,1,S, 	(30-MAY-2025 15:48:42)
2,52 , 1,0,2,1,S, 	(30-MAY-2025 15:48:42)
2,52 , 1,0,2,1,S, 	(30-MAY-2025 15:48:42)
2,52 , 1,0,2,1,S, 	(30-MAY-2025 15:48:42)
2,52 , 1,0,2,1,S, 	(30-MAY-2025 15:48:42)
2,52 , 1,0,2,1,S, 	(30-MAY-2025 15:48:42)
2,52 , 1,0,2,1,S, 	(30-MAY-2025 15:48:42)
2,52 , 1,0,2,1,S, 	(30-MAY-2025 15:48:42)
2,52 , 1,0,2,1,S, 	(30-MAY-2025 15:48:42)
2,52 , 1,0,2,1,S, 	(30-MAY-2025 15:48:42)
2,52 , 1,0,2,1,S, 	(30-MAY-2025 15:48:42)
2,52 , 1,0,2,1,S, 	(30-MAY-2025 15:48:42)
2,52 , 1,0,2,1,S, 	(30-MAY-2025 15:48:42)
2,52 , 1,0,2,1,S, 	(30-MAY-2025 15:48:42)
2,52 , 1,0,2,1,S, 	(30-MAY-2025 15:48:42)
2,52 , 1,0,2,1,S, 	(30-MAY-2025 15:48:42)
2,52 , 1,0,2,1,S, 	(30-MAY-2025 15:48:42)
2,52 , 1,0,2,1,S, 	(30-MAY-2025 15:48:42)
2,52 , 1,0,2,1,S, 	(30-MAY-2025 15:48:42)
2,52 , 1,0,2,1,S, 	(30-MAY-2025 15:48:42)
2,52 , 1,0,2,1,S, 	(30-MAY-2025 15:48:42)
2,52 , 1,0,2,1,S, 	(30-MAY-2025 15:48:42)
2,52 , 1,0,2,1,S, 	(30-MAY-2025 15:48:42)
2,52 , 1,0,2,1,S, 	(30-MAY-2025 15:48:42)
2,52 , 1,0,2,1,S, 	(30-MAY-2025 15:48:42)
2,52 , 1,0,2,1,S, 	(30-MAY-2025 15:48:42)
2,52 , 1,0,2,1,S, 	(30-MAY-2025 15:48:42)
2,52 , 1,0,2,1,S, 	(30-MAY-2025 15:48:42)
2,52 , 1,0,2,1,S, 	(30-MAY-2025 15:48:42)
2,52 , 1,0,2,1,S, 	(30-MAY-2025 15:48:42)
2,52 , 1,0,2,1,S, 	(30-MAY-2025 15:48:42)
2,52 , 1,0,2,1,S, 	(30-MAY-2025 15:48:42)
2,52 , 1,0,2,1,S, 	(30-MAY-2025 15:48:42)
2,52 , 1,0,2,1,S, 	(30-MAY-2025 15:48:42)
2,52 , 1,0,2,1,S, 	(30-MAY-2025 15:48:42)
2,52 , 1,0,2,1,S, 	(30-MAY-2025 15:48:42)
2,52 , 1,0,2,1,S, 	(30-MAY-2025 15:48:42)
2,52 , 1,0,2,1,S, 	(30-MAY-2025 15:48:42)
2,52 , 1,0,2,1,S, 	(30-MAY-2025 15:48:42)
2,52 , 1,0,2,1,S, 	(30-MAY-2025 15:48:42)
2,52 , 1,0,2,1,S, 	(30-MAY-2025 15:48:42)
2,52 , 1,0,2,1,S, 	(30-MAY-2025 15:48:42)
2,52 , 1,0,2,1,S, 	(30-MAY-2025 15:48:42)
2,52 , 1,0,2,1,S, 	(30-MAY-2025 15:48:42)
2,52 , 1,0,2,1,S, 	(30-MAY-2025 15:48:42)
2,52 , 1,0,2,1,S, 	(30-MAY-2025 15:48:42)
2,52 , 1,0,2,1,S, 	(30-MAY-2025 15:48:42)
2,52 , 1,0,2,1,S, 	(30-MAY-2025 15:48:42)
2,52 , 1,0,2,1,S, 	(30-MAY-2025 15:48:42)
2,52 , 1,0,2,1,S, 	(30-MAY-2025 15:48:42)
2,52 , 1,0,2,1,S, 	(30-MAY-2025 15:48:42)
2,52 , 1,0,2,1,S, 	(30-MAY-2025 15:48:42)
2,52 , 1,0,2,1,S, 	(30-MAY-2025 15:48:42)
2,52 , 1,0,2,1,S, 	(30-MAY-2025 15:48:42)
2,52 , 1,0,2,1,S, 	(30-MAY-2025 15:48:42)
2,52 , 1,0,2,1,S, 	(30-MAY-2025 15:48:42)
2,52 , 1,0,2,1,S, 	(30-MAY-2025 15:48:42)
2,52 , 1,0,2,1,S, 	(30-MAY-2025 15:48:42)
2,52 , 1,0,2,1,S, 	(30-MAY-2025 15:48:42)
2,52 , 1,0,2,1,S, 	(30-MAY-2025 15:48:42)
2,52 , 1,0,2,1,S, 	(30-MAY-2025 15:48:42)
2,52 , 1,0,2,1,S, 	(30-MAY-2025 15:48:42)
2,52 , 1,0,2,1,S, 	(30-MAY-2025 15:48:42)
2,52 , 1,0,2,1,S, 	(30-MAY-2025 15:48:42)
2,52 , 1,0,2,1,S, 	(30-MAY-2025 15:48:42)
2,52 , 1,0,2,1,S, 	(30-MAY-2025 15:48:42)
2,52 , 1,0,2,1,S, 	(30-MAY-2025 15:48:42)
2,52 , 1,0,2,1,S, 	(30-MAY-2025 15:48:42)
2,52 , 1,0,2,1,S, 	(30-MAY-2025 15:48:42)
2,52 , 1,0,2,1,S, 	(30-MAY-2025 15:48:42)
2,52 , 1,0,3,0,S, 	(30-MAY-2025 15:48:42)
2,52 , 1,0,3,0,S, 	(30-MAY-2025 15:48:42)
2,52 , 1,0,3,0,S, 	(30-MAY-2025 15:48:42)
2,52 , 1,0,3,0,S, 	(30-MAY-2025 15:48:42)
2,52 , 1,0,3,0,S, 	(30-MAY-2025 15:48:42)
2,52 , 1,0,3,0,S, 	(30-MAY-2025 15:48:42)
2,52 , 1,0,3,0,S, 	(30-MAY-2025 15:48:42)
2,52 , 1,0,3,0,S, 	(30-MAY-2025 15:48:42)
2,52 , 1,0,3,0,S, 	(30-MAY-2025 15:48:42)
2,52 , 1,0,3,0,S, 	(30-MAY-2025 15:48:42)
2,52 , 1,0,3,0,S, 	(30-MAY-2025 15:48:42)
2,52 , 1,0,3,0,S, 	(30-MAY-2025 15:48:42)
2,52 , 1,0,3,0,S, 	(30-MAY-2025 15:48:42)
2,52 , 1,0,3,0,S, 	(30-MAY-2025 15:48:42)
2,52 , 1,0,3,0,S, 	(30-MAY-2025 15:48:42)
2,52 , 1,0,3,0,S, 	(30-MAY-2025 15:48:42)
2,52 , 1,0,3,0,S, 	(30-MAY-2025 15:48:42)
2,52 , 1,0,3,0,S, 	(30-MAY-2025 15:48:42)
2,52 , 1,0,3,0,S, 	(30-MAY-2025 15:48:42)
2,52 , 1,0,3,0,S, 	(30-MAY-2025 15:48:42)
2,52 , 1,0,3,0,S, 	(30-MAY-2025 15:48:42)
2,52 , 1,0,3,0,S, 	(30-MAY-2025 15:48:42)
2,52 , 1,0,3,0,S, 	(30-MAY-2025 15:48:42)
2,52 , 1,0,3,0,S, 	(30-MAY-2025 15:48:42)
2,52 , 1,0,3,0,S, 	(30-MAY-2025 15:48:42)
2,52 , 1,0,3,0,S, 	(30-MAY-2025 15:48:42)
2,52 , 1,0,3,0,S, 	(30-MAY-2025 15:48:42)
2,52 , 1,0,3,0,S, 	(30-MAY-2025 15:48:42)
2,52 , 1,0,3,0,S, 	(30-MAY-2025 15:48:42)
2,52 , 1,0,3,0,S, 	(30-MAY-2025 15:48:42)
2,52 , 1,0,3,0,S, 	(30-MAY-2025 15:48:42)
2,52 , 1,0,3,0,S, 	(30-MAY-2025 15:48:42)
2,52 , 1,0,3,0,S, 	(30-MAY-2025 15:48:42)
2,52 , 1,0,3,0,S, 	(30-MAY-2025 15:48:42)
2,52 , 1,0,3,0,S, 	(30-MAY-2025 15:48:42)
2,52 , 1,0,3,0,S, 	(30-MAY-2025 15:48:42)
2,52 , 1,0,3,0,S, 	(30-MAY-2025 15:48:42)
2,52 , 1,0,3,0,S, 	(30-MAY-2025 15:48:42)
2,52 , 1,0,3,0,S, 	(30-MAY-2025 15:48:42)
2,52 , 1,0,3,0,S, 	(30-MAY-2025 15:48:42)
2,52 , 1,0,3,0,S, 	(30-MAY-2025 15:48:42)
2,52 , 1,0,3,0,S, 	(30-MAY-2025 15:48:42)
2,52 , 1,0,3,0,S, 	(30-MAY-2025 15:48:42)
2,52 , 1,0,3,0,S, 	(30-MAY-2025 15:48:42)
2,52 , 1,0,3,0,S, 	(30-MAY-2025 15:48:42)
2,52 , 1,0,3,0,S, 	(30-MAY-2025 15:48:42)
2,52 , 1,0,3,0,S, 	(30-MAY-2025 15:48:42)
2,52 , 1,0,3,0,S, 	(30-MAY-2025 15:48:42)
2,52 , 1,0,3,0,S, 	(30-MAY-2025 15:48:42)
2,52 , 1,0,3,0,S, 	(30-MAY-2025 15:48:42)
2,52 , 1,0,3,0,S, 	(30-MAY-2025 15:48:42)
2,52 , 1,0,3,0,S, 	(30-MAY-2025 15:48:42)
2,52 , 1,0,3,0,S, 	(30-MAY-2025 15:48:42)
2,52 , 1,0,3,0,S, 	(30-MAY-2025 15:48:42)
2,52 , 1,0,3,0,S, 	(30-MAY-2025 15:48:42)
2,52 , 1,0,3,0,S, 	(30-MAY-2025 15:48:42)
2,52 , 1,0,3,0,S, 	(30-MAY-2025 15:48:42)
2,52 , 1,0,3,0,S, 	(30-MAY-2025 15:48:42)
2,52 , 1,0,3,0,S, 	(30-MAY-2025 15:48:42)
2,52 , 1,0,3,0,S, 	(30-MAY-2025 15:48:42)
2,52 , 1,0,3,0,S, 	(30-MAY-2025 15:48:42)
2,52 , 1,0,3,0,S, 	(30-MAY-2025 15:48:42)
2,52 , 1,0,3,0,S, 	(30-MAY-2025 15:48:42)
2,52 , 1,0,3,0,S, 	(30-MAY-2025 15:48:42)
2,52 , 1,0,3,0,S, 	(30-MAY-2025 15:48:42)
2,52 , 1,0,3,0,S, 	(30-MAY-2025 15:48:42)
2,52 , 1,0,3,0,S, 	(30-MAY-2025 15:48:42)
2,52 , 1,0,3,0,S, 	(30-MAY-2025 15:48:42)
2,52 , 1,0,3,0,S, 	(30-MAY-2025 15:48:42)
2,52 , 1,0,3,0,S, 	(30-MAY-2025 15:48:42)
2,52 , 1,0,3,0,S, 	(30-MAY-2025 15:48:42)
2,52 , 1,0,3,0,S, 	(30-MAY-2025 15:48:42)
2,52 , 1,0,3,0,S, 	(30-MAY-2025 15:48:42)
2,52 , 1,0,3,0,S, 	(30-MAY-2025 15:48:42)
2,52 , 1,0,3,0,S, 	(30-MAY-2025 15:48:42)
2,52 , 1,0,3,0,S, 	(30-MAY-2025 15:48:42)
2,52 , 1,0,3,0,S, 	(30-MAY-2025 15:48:42)
2,52 , 1,0,3,0,S, 	(30-MAY-2025 15:48:42)
2,52 , 1,0,3,0,S, 	(30-MAY-2025 15:48:42)
2,52 , 1,0,3,0,S, 	(30-MAY-2025 15:48:42)
2,52 , 1,0,3,0,S, 	(30-MAY-2025 15:48:42)
2,52 , 1,0,3,0,S, 	(30-MAY-2025 15:48:42)
2,52 , 1,0,3,0,S, 	(30-MAY-2025 15:48:42)
2,52 , 1,0,3,0,S, 	(30-MAY-2025 15:48:42)
2,52 , 1,0,3,0,S, 	(30-MAY-2025 15:48:42)
2,52 , 1,0,3,0,S, 	(30-MAY-2025 15:48:42)
2,52 , 1,0,3,0,S, 	(30-MAY-2025 15:48:42)
2,52 , 1,0,3,0,S, 	(30-MAY-2025 15:48:42)
2,52 , 1,0,3,0,S, 	(30-MAY-2025 15:48:42)
2,52 , 1,0,3,0,S, 	(30-MAY-2025 15:48:42)
2,52 , 1,0,3,0,S, 	(30-MAY-2025 15:48:42)
2,52 , 1,0,3,0,S, 	(30-MAY-2025 15:48:42)
2,52 , 1,0,3,0,S, 	(30-MAY-2025 15:48:42)
2,117 , 0,0,124062,0,X, 	(30-MAY-2025 15:48:42)
2,117 , 0,0,124062,0,X, 	(30-MAY-2025 15:48:42)
2,117 , 0,0,124062,0,X, 	(30-MAY-2025 15:48:42)
2,117 , 0,0,124062,0,X, 	(30-MAY-2025 15:48:42)
2,117 , 0,0,124062,0,X, 	(30-MAY-2025 15:48:42)
2,117 , 0,0,124062,0,X, 	(30-MAY-2025 15:48:42)
2,117 , 0,0,124062,0,X, 	(30-MAY-2025 15:48:42)
2,117 , 0,0,124062,0,X, 	(30-MAY-2025 15:48:42)
2,117 , 0,0,124062,0,X, 	(30-MAY-2025 15:48:42)
2,117 , 0,0,124062,0,X, 	(30-MAY-2025 15:48:42)
2,117 , 0,0,124062,0,X, 	(30-MAY-2025 15:48:42)
2,117 , 0,0,124062,0,X, 	(30-MAY-2025 15:48:42)
2,117 , 0,0,124062,0,X, 	(30-MAY-2025 15:48:42)
2,117 , 0,0,124062,0,X, 	(30-MAY-2025 15:48:42)
2,117 , 0,0,124062,0,X, 	(30-MAY-2025 15:48:42)
2,117 , 0,0,124062,0,X, 	(30-MAY-2025 15:48:42)
2,117 , 0,0,124062,0,X, 	(30-MAY-2025 15:48:42)
2,117 , 0,0,124062,0,X, 	(30-MAY-2025 15:48:42)
2,117 , 0,0,124062,0,X, 	(30-MAY-2025 15:48:42)
2,117 , 0,0,124062,0,X, 	(30-MAY-2025 15:48:42)
2,117 , 0,0,124062,0,X, 	(30-MAY-2025 15:48:42)
2,117 , 0,0,124062,0,X, 	(30-MAY-2025 15:48:42)
2,117 , 0,0,124062,0,X, 	(30-MAY-2025 15:48:42)
2,117 , 0,0,124062,0,X, 	(30-MAY-2025 15:48:42)
2,117 , 0,0,124062,0,X, 	(30-MAY-2025 15:48:42)
2,117 , 0,0,124062,0,X, 	(30-MAY-2025 15:48:42)
2,117 , 0,0,124062,0,X, 	(30-MAY-2025 15:48:42)
2,117 , 0,0,124062,0,X, 	(30-MAY-2025 15:48:42)
2,117 , 0,0,124062,0,X, 	(30-MAY-2025 15:48:42)
2,117 , 0,0,124062,0,X, 	(30-MAY-2025 15:48:42)
2,117 , 0,0,124063,0,X, 	(30-MAY-2025 15:48:42)
2,117 , 0,0,124063,0,X, 	(30-MAY-2025 15:48:42)
2,117 , 0,0,124063,0,X, 	(30-MAY-2025 15:48:42)
2,117 , 0,0,124063,0,X, 	(30-MAY-2025 15:48:42)
2,117 , 0,0,124063,0,X, 	(30-MAY-2025 15:48:42)
2,117 , 0,0,124063,0,X, 	(30-MAY-2025 15:48:42)
2,117 , 0,0,124063,0,X, 	(30-MAY-2025 15:48:42)
2,117 , 0,0,124063,0,X, 	(30-MAY-2025 15:48:42)
2,117 , 0,0,124063,0,X, 	(30-MAY-2025 15:48:42)
2,117 , 0,0,124063,0,X, 	(30-MAY-2025 15:48:42)
2,117 , 0,0,124063,0,X, 	(30-MAY-2025 15:48:42)
2,117 , 0,0,124063,0,X, 	(30-MAY-2025 15:48:42)
2,117 , 0,0,124063,0,X, 	(30-MAY-2025 15:48:42)
2,117 , 0,0,124063,0,X, 	(30-MAY-2025 15:48:42)
2,117 , 0,0,124063,0,X, 	(30-MAY-2025 15:48:42)
2,117 , 0,0,124063,0,X, 	(30-MAY-2025 15:48:42)
2,117 , 0,0,124063,0,X, 	(30-MAY-2025 15:48:42)
2,117 , 0,0,124063,0,X, 	(30-MAY-2025 15:48:42)
2,117 , 0,0,124063,0,X, 	(30-MAY-2025 15:48:42)
2,117 , 0,0,124063,0,X, 	(30-MAY-2025 15:48:42)
2,117 , 0,0,124063,0,X, 	(30-MAY-2025 15:48:42)
2,117 , 0,0,124063,0,X, 	(30-MAY-2025 15:48:42)
2,117 , 0,0,124063,0,X, 	(30-MAY-2025 15:48:42)
2,117 , 0,0,124063,0,X, 	(30-MAY-2025 15:48:42)
2,117 , 0,0,124063,0,X, 	(30-MAY-2025 15:48:42)
2,117 , 0,0,124063,0,X, 	(30-MAY-2025 15:48:42)
2,117 , 0,0,124063,0,X, 	(30-MAY-2025 15:48:42)
2,117 , 0,0,124063,0,X, 	(30-MAY-2025 15:48:42)
2,117 , 0,0,124063,0,X, 	(30-MAY-2025 15:48:42)
2,117 , 0,0,124063,0,X, 	(30-MAY-2025 15:48:42)
2,117 , 0,0,124063,0,X, 	(30-MAY-2025 15:48:42)
2,117 , 0,0,124064,0,X, 	(30-MAY-2025 15:48:42)
2,117 , 0,0,124064,0,X, 	(30-MAY-2025 15:48:42)
2,117 , 0,0,124064,0,X, 	(30-MAY-2025 15:48:42)
2,117 , 0,0,124064,0,X, 	(30-MAY-2025 15:48:42)
2,117 , 0,0,124064,0,X, 	(30-MAY-2025 15:48:42)
2,117 , 0,0,124064,0,X, 	(30-MAY-2025 15:48:42)
2,117 , 0,0,124064,0,X, 	(30-MAY-2025 15:48:42)
2,117 , 0,0,124064,0,X, 	(30-MAY-2025 15:48:42)
2,117 , 0,0,124064,0,X, 	(30-MAY-2025 15:48:42)
2,117 , 0,0,124064,0,X, 	(30-MAY-2025 15:48:42)
2,117 , 0,0,124064,0,X, 	(30-MAY-2025 15:48:42)
2,117 , 0,0,124064,0,X, 	(30-MAY-2025 15:48:42)
2,117 , 0,0,124064,0,X, 	(30-MAY-2025 15:48:42)
2,117 , 0,0,124064,0,X, 	(30-MAY-2025 15:48:42)
2,117 , 0,0,124064,0,X, 	(30-MAY-2025 15:48:42)
2,117 , 0,0,124064,0,X, 	(30-MAY-2025 15:48:42)
2,117 , 0,0,124064,0,X, 	(30-MAY-2025 15:48:42)
2,117 , 0,0,124064,0,X, 	(30-MAY-2025 15:48:42)
2,117 , 0,0,124064,0,X, 	(30-MAY-2025 15:48:42)
2,117 , 0,0,124064,0,X, 	(30-MAY-2025 15:48:42)
2,117 , 0,0,124064,0,X, 	(30-MAY-2025 15:48:43)
2,117 , 0,0,124064,0,X, 	(30-MAY-2025 15:48:43)
2,117 , 0,0,124064,0,X, 	(30-MAY-2025 15:48:43)
2,117 , 0,0,124064,0,X, 	(30-MAY-2025 15:48:43)
2,117 , 0,0,124064,0,X, 	(30-MAY-2025 15:48:43)
2,117 , 0,0,124064,0,X, 	(30-MAY-2025 15:48:43)
2,117 , 0,0,124064,0,X, 	(30-MAY-2025 15:48:43)
2,117 , 0,0,124064,0,X, 	(30-MAY-2025 15:48:43)
2,117 , 0,0,124064,0,X, 	(30-MAY-2025 15:48:43)
2,117 , 0,0,124064,0,X, 	(30-MAY-2025 15:48:43)
2,117 , 0,0,124065,0,X, 	(30-MAY-2025 15:48:43)
2,117 , 0,0,124065,0,X, 	(30-MAY-2025 15:48:43)
2,117 , 0,0,124065,0,X, 	(30-MAY-2025 15:48:43)
2,117 , 0,0,124065,0,X, 	(30-MAY-2025 15:48:43)
2,117 , 0,0,124065,0,X, 	(30-MAY-2025 15:48:43)
2,117 , 0,0,124065,0,X, 	(30-MAY-2025 15:48:43)
2,117 , 0,0,124065,0,X, 	(30-MAY-2025 15:48:43)
2,117 , 0,0,124066,0,X, 	(30-MAY-2025 15:48:43)
2,117 , 0,0,124066,0,X, 	(30-MAY-2025 15:48:43)
2,117 , 0,0,124066,0,X, 	(30-MAY-2025 15:48:43)
2,117 , 0,0,124066,0,X, 	(30-MAY-2025 15:48:43)
2,117 , 0,0,124066,0,X, 	(30-MAY-2025 15:48:43)
2,117 , 0,0,124066,0,X, 	(30-MAY-2025 15:48:43)
2,117 , 0,0,124066,0,X, 	(30-MAY-2025 15:48:43)
2,117 , 0,0,124067,0,X, 	(30-MAY-2025 15:48:43)
2,117 , 0,0,124067,0,X, 	(30-MAY-2025 15:48:43)
2,117 , 0,0,124067,0,X, 	(30-MAY-2025 15:48:43)
2,117 , 0,0,124067,0,X, 	(30-MAY-2025 15:48:43)
2,117 , 0,0,124067,0,X, 	(30-MAY-2025 15:48:43)
2,117 , 0,0,124067,0,X, 	(30-MAY-2025 15:48:43)
2,117 , 0,0,124067,0,X, 	(30-MAY-2025 15:48:43)
2,117 , 0,0,124067,0,X, 	(30-MAY-2025 15:48:43)
2,117 , 0,0,124067,0,X, 	(30-MAY-2025 15:48:43)
2,117 , 0,0,124067,0,X, 	(30-MAY-2025 15:48:43)
2,54 , 1,0,1,0,S, 	(30-MAY-2025 15:48:43)
2,54 , 1,0,1,0,S, 	(30-MAY-2025 15:48:43)
2,54 , 1,0,1,0,S, 	(30-MAY-2025 15:48:43)
2,54 , 1,0,1,0,S, 	(30-MAY-2025 15:48:43)
2,54 , 1,0,1,0,S, 	(30-MAY-2025 15:48:43)
2,54 , 1,0,1,0,S, 	(30-MAY-2025 15:48:43)
2,54 , 1,0,1,0,S, 	(30-MAY-2025 15:48:43)
2,54 , 1,0,1,0,S, 	(30-MAY-2025 15:48:43)
2,54 , 1,0,1,0,S, 	(30-MAY-2025 15:48:43)
2,54 , 1,0,1,0,S, 	(30-MAY-2025 15:48:43)
2,54 , 1,0,1,0,S, 	(30-MAY-2025 15:48:43)
2,54 , 1,0,1,0,S, 	(30-MAY-2025 15:48:43)
2,54 , 1,0,1,0,S, 	(30-MAY-2025 15:48:43)
2,54 , 1,0,1,0,S, 	(30-MAY-2025 15:48:43)
2,54 , 1,0,1,0,S, 	(30-MAY-2025 15:48:43)
2,54 , 1,0,1,0,S, 	(30-MAY-2025 15:48:43)
2,54 , 1,0,1,0,S, 	(30-MAY-2025 15:48:43)
2,54 , 1,0,1,0,S, 	(30-MAY-2025 15:48:43)
2,54 , 1,0,1,0,S, 	(30-MAY-2025 15:48:43)
2,54 , 1,0,1,0,S, 	(30-MAY-2025 15:48:43)
2,54 , 1,0,1,0,S, 	(30-MAY-2025 15:48:43)
2,54 , 1,0,1,0,S, 	(30-MAY-2025 15:48:43)
2,54 , 1,0,1,0,S, 	(30-MAY-2025 15:48:43)
2,54 , 1,0,1,0,S, 	(30-MAY-2025 15:48:43)
2,54 , 1,0,1,0,S, 	(30-MAY-2025 15:48:43)
2,54 , 1,0,1,0,S, 	(30-MAY-2025 15:48:43)
2,54 , 1,0,1,0,S, 	(30-MAY-2025 15:48:43)
2,54 , 1,0,1,0,S, 	(30-MAY-2025 15:48:43)
2,54 , 1,0,1,0,S, 	(30-MAY-2025 15:48:43)
2,54 , 1,0,1,0,S, 	(30-MAY-2025 15:48:43)
2,54 , 1,0,1,0,S, 	(30-MAY-2025 15:48:43)
2,54 , 1,0,1,0,S, 	(30-MAY-2025 15:48:43)
2,54 , 1,0,1,0,S, 	(30-MAY-2025 15:48:43)
2,54 , 1,0,1,0,S, 	(30-MAY-2025 15:48:43)
2,54 , 1,0,1,0,S, 	(30-MAY-2025 15:48:43)
2,54 , 1,0,1,0,S, 	(30-MAY-2025 15:48:43)
2,54 , 1,0,1,0,S, 	(30-MAY-2025 15:48:43)
2,54 , 1,0,1,0,S, 	(30-MAY-2025 15:48:43)
2,54 , 1,0,1,0,S, 	(30-MAY-2025 15:48:43)
2,54 , 1,0,1,0,S, 	(30-MAY-2025 15:48:43)
2,54 , 1,0,1,0,S, 	(30-MAY-2025 15:48:43)
2,54 , 1,0,1,0,S, 	(30-MAY-2025 15:48:43)
2,54 , 1,0,1,0,S, 	(30-MAY-2025 15:48:43)
2,54 , 1,0,1,0,S, 	(30-MAY-2025 15:48:43)
2,54 , 1,0,1,0,S, 	(30-MAY-2025 15:48:43)
2,54 , 1,0,1,0,S, 	(30-MAY-2025 15:48:43)
2,54 , 1,0,1,0,S, 	(30-MAY-2025 15:48:43)
2,54 , 1,0,1,0,S, 	(30-MAY-2025 15:48:43)
2,54 , 1,0,2,0,S, 	(30-MAY-2025 15:48:43)
2,54 , 1,0,2,0,S, 	(30-MAY-2025 15:48:43)
2,54 , 1,0,2,0,S, 	(30-MAY-2025 15:48:43)
2,54 , 1,0,2,0,S, 	(30-MAY-2025 15:48:43)
2,54 , 1,0,2,0,S, 	(30-MAY-2025 15:48:43)
2,54 , 1,0,2,0,S, 	(30-MAY-2025 15:48:43)
2,54 , 1,0,2,0,S, 	(30-MAY-2025 15:48:43)
2,54 , 1,0,2,0,S, 	(30-MAY-2025 15:48:43)
2,54 , 1,0,2,0,S, 	(30-MAY-2025 15:48:43)
2,54 , 1,0,2,0,S, 	(30-MAY-2025 15:48:43)
2,54 , 1,0,2,0,S, 	(30-MAY-2025 15:48:43)
2,54 , 1,0,2,0,S, 	(30-MAY-2025 15:48:43)
2,54 , 1,0,2,0,S, 	(30-MAY-2025 15:48:43)
2,54 , 1,0,2,0,S, 	(30-MAY-2025 15:48:43)
2,54 , 1,0,2,0,S, 	(30-MAY-2025 15:48:43)
2,54 , 1,0,2,0,S, 	(30-MAY-2025 15:48:43)
2,54 , 1,0,2,0,S, 	(30-MAY-2025 15:48:43)
2,54 , 1,0,2,0,S, 	(30-MAY-2025 15:48:43)
2,54 , 1,0,2,0,S, 	(30-MAY-2025 15:48:43)
2,54 , 1,0,2,0,S, 	(30-MAY-2025 15:48:43)
2,54 , 1,0,2,0,S, 	(30-MAY-2025 15:48:43)
2,54 , 1,0,2,0,S, 	(30-MAY-2025 15:48:43)
2,54 , 1,0,2,0,S, 	(30-MAY-2025 15:48:43)
2,54 , 1,0,2,0,S, 	(30-MAY-2025 15:48:43)
2,54 , 1,0,2,0,S, 	(30-MAY-2025 15:48:43)
2,54 , 1,0,2,0,S, 	(30-MAY-2025 15:48:43)
2,54 , 1,0,2,0,S, 	(30-MAY-2025 15:48:43)
2,54 , 1,0,2,0,S, 	(30-MAY-2025 15:48:43)
2,54 , 1,0,2,0,S, 	(30-MAY-2025 15:48:43)
2,54 , 1,0,2,0,S, 	(30-MAY-2025 15:48:43)
2,54 , 1,0,2,0,S, 	(30-MAY-2025 15:48:43)
2,54 , 1,0,2,0,S, 	(30-MAY-2025 15:48:43)
2,54 , 1,0,2,0,S, 	(30-MAY-2025 15:48:43)
2,54 , 1,0,2,0,S, 	(30-MAY-2025 15:48:43)
2,54 , 1,0,2,0,S, 	(30-MAY-2025 15:48:43)
2,54 , 1,0,2,0,S, 	(30-MAY-2025 15:48:43)
2,54 , 1,0,2,0,S, 	(30-MAY-2025 15:48:43)
2,54 , 1,0,2,0,S, 	(30-MAY-2025 15:48:43)
2,54 , 1,0,2,0,S, 	(30-MAY-2025 15:48:43)
2,54 , 1,0,2,0,S, 	(30-MAY-2025 15:48:43)
2,54 , 1,0,2,0,S, 	(30-MAY-2025 15:48:43)
2,54 , 1,0,2,0,S, 	(30-MAY-2025 15:48:43)
2,54 , 1,0,2,0,S, 	(30-MAY-2025 15:48:43)
2,54 , 1,0,2,0,S, 	(30-MAY-2025 15:48:43)
2,54 , 1,0,2,0,S, 	(30-MAY-2025 15:48:43)
2,54 , 1,0,2,0,S, 	(30-MAY-2025 15:48:43)
2,54 , 1,0,2,0,S, 	(30-MAY-2025 15:48:43)
2,54 , 1,0,2,0,S, 	(30-MAY-2025 15:48:43)
2,54 , 1,0,2,0,S, 	(30-MAY-2025 15:48:43)
2,54 , 1,0,2,0,S, 	(30-MAY-2025 15:48:43)
2,54 , 1,0,2,0,S, 	(30-MAY-2025 15:48:43)
2,54 , 1,0,2,0,S, 	(30-MAY-2025 15:48:43)
2,54 , 1,0,2,0,S, 	(30-MAY-2025 15:48:43)
2,54 , 1,0,2,0,S, 	(30-MAY-2025 15:48:43)
2,54 , 1,0,2,0,S, 	(30-MAY-2025 15:48:43)
2,54 , 1,0,2,0,S, 	(30-MAY-2025 15:48:43)
2,54 , 1,0,2,0,S, 	(30-MAY-2025 15:48:43)
2,54 , 1,0,2,0,S, 	(30-MAY-2025 15:48:43)
2,54 , 1,0,2,0,S, 	(30-MAY-2025 15:48:43)
2,54 , 1,0,2,0,S, 	(30-MAY-2025 15:48:43)
2,54 , 1,0,2,0,S, 	(30-MAY-2025 15:48:43)
2,54 , 1,0,2,0,S, 	(30-MAY-2025 15:48:43)
2,54 , 1,0,2,0,S, 	(30-MAY-2025 15:48:43)
2,54 , 1,0,2,0,S, 	(30-MAY-2025 15:48:43)
2,54 , 1,0,2,0,S, 	(30-MAY-2025 15:48:43)
2,54 , 1,0,2,0,S, 	(30-MAY-2025 15:48:43)
2,54 , 1,0,2,0,S, 	(30-MAY-2025 15:48:43)
2,54 , 1,0,2,0,S, 	(30-MAY-2025 15:48:43)
2,54 , 1,0,2,0,S, 	(30-MAY-2025 15:48:43)
2,54 , 1,0,2,0,S, 	(30-MAY-2025 15:48:43)
2,54 , 1,0,2,0,S, 	(30-MAY-2025 15:48:43)
2,54 , 1,0,2,0,S, 	(30-MAY-2025 15:48:43)
2,54 , 1,0,2,0,S, 	(30-MAY-2025 15:48:43)
2,54 , 1,0,2,0,S, 	(30-MAY-2025 15:48:43)
2,54 , 1,0,2,0,S, 	(30-MAY-2025 15:48:43)
2,54 , 1,0,2,0,S, 	(30-MAY-2025 15:48:43)
2,54 , 1,0,2,0,S, 	(30-MAY-2025 15:48:43)
2,54 , 1,0,2,0,S, 	(30-MAY-2025 15:48:43)
2,54 , 1,0,2,0,S, 	(30-MAY-2025 15:48:43)
2,54 , 1,0,2,0,S, 	(30-MAY-2025 15:48:43)
2,54 , 1,0,2,0,S, 	(30-MAY-2025 15:48:43)
2,54 , 1,0,2,0,S, 	(30-MAY-2025 15:48:43)
2,54 , 1,0,2,0,S, 	(30-MAY-2025 15:48:43)
2,54 , 1,0,2,0,S, 	(30-MAY-2025 15:48:43)
2,54 , 1,0,2,0,S, 	(30-MAY-2025 15:48:43)
2,54 , 1,0,2,0,S, 	(30-MAY-2025 15:48:43)
2,54 , 1,0,2,0,S, 	(30-MAY-2025 15:48:43)
2,54 , 1,0,2,0,S, 	(30-MAY-2025 15:48:43)
2,54 , 1,0,2,0,S, 	(30-MAY-2025 15:48:43)
2,54 , 1,0,2,0,S, 	(30-MAY-2025 15:48:43)
2,54 , 1,0,2,0,S, 	(30-MAY-2025 15:48:43)
2,54 , 1,0,2,0,S, 	(30-MAY-2025 15:48:43)
2,54 , 1,0,2,0,S, 	(30-MAY-2025 15:48:43)
2,54 , 1,0,2,0,S, 	(30-MAY-2025 15:48:43)
2,54 , 1,0,2,0,S, 	(30-MAY-2025 15:48:43)
2,54 , 1,0,2,0,S, 	(30-MAY-2025 15:48:43)
2,54 , 1,0,2,0,S, 	(30-MAY-2025 15:48:43)
2,54 , 1,0,2,0,S, 	(30-MAY-2025 15:48:43)
2,54 , 1,0,2,0,S, 	(30-MAY-2025 15:48:43)
2,54 , 1,0,2,0,S, 	(30-MAY-2025 15:48:43)
2,54 , 1,0,2,0,S, 	(30-MAY-2025 15:48:43)
2,54 , 1,0,2,0,S, 	(30-MAY-2025 15:48:43)
2,54 , 1,0,2,0,S, 	(30-MAY-2025 15:48:43)
2,54 , 1,0,2,0,S, 	(30-MAY-2025 15:48:43)
2,54 , 1,0,2,0,S, 	(30-MAY-2025 15:48:43)
2,54 , 1,0,2,0,S, 	(30-MAY-2025 15:48:43)
2,54 , 1,0,2,0,S, 	(30-MAY-2025 15:48:43)
2,54 , 1,0,2,0,S, 	(30-MAY-2025 15:48:43)
2,54 , 1,0,2,0,S, 	(30-MAY-2025 15:48:43)
2,54 , 1,0,2,0,S, 	(30-MAY-2025 15:48:43)
2,54 , 1,0,2,0,S, 	(30-MAY-2025 15:48:43)
2,54 , 1,0,2,0,S, 	(30-MAY-2025 15:48:43)
2,54 , 1,0,2,0,S, 	(30-MAY-2025 15:48:43)
2,54 , 1,0,2,0,S, 	(30-MAY-2025 15:48:43)
2,54 , 1,0,2,0,S, 	(30-MAY-2025 15:48:43)
2,54 , 1,0,2,0,S, 	(30-MAY-2025 15:48:43)
2,54 , 1,0,2,0,S, 	(30-MAY-2025 15:48:43)
2,54 , 1,0,2,0,S, 	(30-MAY-2025 15:48:43)
2,54 , 1,0,2,0,S, 	(30-MAY-2025 15:48:43)
2,54 , 1,0,2,0,S, 	(30-MAY-2025 15:48:43)
2,54 , 1,0,2,0,S, 	(30-MAY-2025 15:48:43)
2,54 , 1,0,2,0,S, 	(30-MAY-2025 15:48:43)
2,54 , 1,0,2,0,S, 	(30-MAY-2025 15:48:43)
2,54 , 1,0,2,0,S, 	(30-MAY-2025 15:48:43)
2,54 , 1,0,2,0,S, 	(30-MAY-2025 15:48:43)
2,54 , 1,0,2,0,S, 	(30-MAY-2025 15:48:43)
2,54 , 1,0,2,0,S, 	(30-MAY-2025 15:48:43)
2,54 , 1,0,2,0,S, 	(30-MAY-2025 15:48:43)
2,54 , 1,0,2,0,S, 	(30-MAY-2025 15:48:43)
2,54 , 1,0,2,0,S, 	(30-MAY-2025 15:48:43)
2,54 , 1,0,2,0,S, 	(30-MAY-2025 15:48:43)
2,54 , 1,0,2,0,S, 	(30-MAY-2025 15:48:43)
2,54 , 1,0,2,0,S, 	(30-MAY-2025 15:48:43)
2,54 , 1,0,2,0,S, 	(30-MAY-2025 15:48:43)
2,54 , 1,0,2,0,S, 	(30-MAY-2025 15:48:43)
2,54 , 1,0,2,0,S, 	(30-MAY-2025 15:48:43)
2,54 , 1,0,2,0,S, 	(30-MAY-2025 15:48:43)
2,54 , 1,0,2,0,S, 	(30-MAY-2025 15:48:43)
2,54 , 1,0,2,0,S, 	(30-MAY-2025 15:48:43)
2,54 , 1,0,2,0,S, 	(30-MAY-2025 15:48:43)
2,54 , 1,0,2,0,S, 	(30-MAY-2025 15:48:43)
2,54 , 1,0,2,0,S, 	(30-MAY-2025 15:48:43)
2,54 , 1,0,2,0,S, 	(30-MAY-2025 15:48:43)
2,54 , 1,0,2,0,S, 	(30-MAY-2025 15:48:43)
2,54 , 1,0,2,0,S, 	(30-MAY-2025 15:48:43)
2,54 , 1,0,2,0,S, 	(30-MAY-2025 15:48:43)
2,54 , 1,0,2,0,S, 	(30-MAY-2025 15:48:43)
2,54 , 1,0,2,0,S, 	(30-MAY-2025 15:48:43)
2,54 , 1,0,2,0,S, 	(30-MAY-2025 15:48:43)
2,54 , 1,0,2,0,S, 	(30-MAY-2025 15:48:43)
2,54 , 1,0,2,0,S, 	(30-MAY-2025 15:48:43)
2,54 , 1,0,2,0,S, 	(30-MAY-2025 15:48:43)
2,54 , 1,0,2,0,S, 	(30-MAY-2025 15:48:43)
2,54 , 1,0,2,0,S, 	(30-MAY-2025 15:48:43)
2,54 , 1,0,2,0,S, 	(30-MAY-2025 15:48:43)
2,54 , 1,0,2,0,S, 	(30-MAY-2025 15:48:43)
2,54 , 1,0,2,0,S, 	(30-MAY-2025 15:48:43)
2,54 , 1,0,2,0,S, 	(30-MAY-2025 15:48:43)
2,54 , 1,0,2,0,S, 	(30-MAY-2025 15:48:43)
2,54 , 1,0,2,0,S, 	(30-MAY-2025 15:48:43)
2,54 , 1,0,2,0,S, 	(30-MAY-2025 15:48:43)
2,54 , 1,0,2,0,S, 	(30-MAY-2025 15:48:43)
2,54 , 1,0,2,0,S, 	(30-MAY-2025 15:48:43)
2,54 , 1,0,2,0,S, 	(30-MAY-2025 15:48:43)
2,54 , 1,0,3,0,S, 	(30-MAY-2025 15:48:43)
2,54 , 1,0,3,0,S, 	(30-MAY-2025 15:48:43)
2,54 , 1,0,3,0,S, 	(30-MAY-2025 15:48:43)
2,54 , 1,0,3,0,S, 	(30-MAY-2025 15:48:43)
2,54 , 1,0,3,0,S, 	(30-MAY-2025 15:48:43)
2,54 , 1,0,3,0,S, 	(30-MAY-2025 15:48:43)
2,54 , 1,0,3,0,S, 	(30-MAY-2025 15:48:43)
2,54 , 1,0,3,0,S, 	(30-MAY-2025 15:48:43)
2,54 , 1,0,3,0,S, 	(30-MAY-2025 15:48:43)
2,54 , 1,0,3,0,S, 	(30-MAY-2025 15:48:43)
2,54 , 1,0,3,0,S, 	(30-MAY-2025 15:48:43)
2,54 , 1,0,3,0,S, 	(30-MAY-2025 15:48:43)
2,54 , 1,0,3,0,S, 	(30-MAY-2025 15:48:43)
2,54 , 1,0,3,0,S, 	(30-MAY-2025 15:48:43)
2,54 , 1,0,3,0,S, 	(30-MAY-2025 15:48:43)
2,54 , 1,0,3,0,S, 	(30-MAY-2025 15:48:43)
2,54 , 1,0,3,0,S, 	(30-MAY-2025 15:48:43)
2,54 , 1,0,3,0,S, 	(30-MAY-2025 15:48:43)
2,54 , 1,0,3,0,S, 	(30-MAY-2025 15:48:43)
2,54 , 1,0,3,0,S, 	(30-MAY-2025 15:48:43)
2,54 , 1,0,3,0,S, 	(30-MAY-2025 15:48:43)
2,54 , 1,0,3,0,S, 	(30-MAY-2025 15:48:43)
2,54 , 1,0,3,0,S, 	(30-MAY-2025 15:48:43)
2,54 , 1,0,3,0,S, 	(30-MAY-2025 15:48:43)
2,54 , 1,0,3,0,S, 	(30-MAY-2025 15:48:43)
2,54 , 1,0,3,0,S, 	(30-MAY-2025 15:48:43)
2,54 , 1,0,3,0,S, 	(30-MAY-2025 15:48:43)
2,54 , 1,0,3,0,S, 	(30-MAY-2025 15:48:43)
2,54 , 1,0,3,0,S, 	(30-MAY-2025 15:48:43)
2,54 , 1,0,3,0,S, 	(30-MAY-2025 15:48:43)
2,54 , 1,0,3,0,S, 	(30-MAY-2025 15:48:43)
2,54 , 1,0,3,0,S, 	(30-MAY-2025 15:48:43)
2,54 , 1,0,3,0,S, 	(30-MAY-2025 15:48:43)
2,54 , 1,0,3,0,S, 	(30-MAY-2025 15:48:43)
2,54 , 1,0,3,0,S, 	(30-MAY-2025 15:48:43)
2,54 , 1,0,3,0,S, 	(30-MAY-2025 15:48:43)
2,55 , 1,0,2,0,S, 	(30-MAY-2025 15:48:43)
2,55 , 1,0,2,0,S, 	(30-MAY-2025 15:48:43)
2,55 , 1,0,2,0,S, 	(30-MAY-2025 15:48:43)
2,55 , 1,0,2,0,S, 	(30-MAY-2025 15:48:43)
2,55 , 1,0,4,0,S, 	(30-MAY-2025 15:48:43)
2,55 , 1,0,4,0,S, 	(30-MAY-2025 15:48:43)
2,55 , 1,0,4,0,S, 	(30-MAY-2025 15:48:43)
2,55 , 1,0,4,0,S, 	(30-MAY-2025 15:48:43)
2,55 , 1,0,4,0,S, 	(30-MAY-2025 15:48:43)
2,55 , 1,0,4,0,S, 	(30-MAY-2025 15:48:43)
2,55 , 1,0,4,0,S, 	(30-MAY-2025 15:48:43)
2,55 , 1,0,4,0,S, 	(30-MAY-2025 15:48:43)
2,55 , 1,0,4,0,S, 	(30-MAY-2025 15:48:43)
2,55 , 1,0,4,0,S, 	(30-MAY-2025 15:48:43)
2,55 , 1,0,4,0,S, 	(30-MAY-2025 15:48:43)
2,55 , 1,0,4,0,S, 	(30-MAY-2025 15:48:43)
2,55 , 1,0,4,0,S, 	(30-MAY-2025 15:48:43)
2,55 , 1,0,4,0,S, 	(30-MAY-2025 15:48:43)
2,55 , 1,0,4,0,S, 	(30-MAY-2025 15:48:43)
2,55 , 1,0,4,0,S, 	(30-MAY-2025 15:48:43)
2,55 , 1,0,4,0,S, 	(30-MAY-2025 15:48:43)
2,55 , 1,0,4,0,S, 	(30-MAY-2025 15:48:43)
2,55 , 1,0,4,0,S, 	(30-MAY-2025 15:48:43)
2,55 , 1,0,4,0,S, 	(30-MAY-2025 15:48:43)
2,55 , 1,0,4,0,S, 	(30-MAY-2025 15:48:43)
2,55 , 1,0,4,0,S, 	(30-MAY-2025 15:48:43)
2,55 , 1,0,4,0,S, 	(30-MAY-2025 15:48:43)
2,55 , 1,0,4,0,S, 	(30-MAY-2025 15:48:43)
2,55 , 1,0,4,0,S, 	(30-MAY-2025 15:48:43)
2,55 , 1,0,4,0,S, 	(30-MAY-2025 15:48:43)
2,55 , 1,0,4,0,S, 	(30-MAY-2025 15:48:43)
2,55 , 1,0,4,0,S, 	(30-MAY-2025 15:48:43)
2,55 , 1,0,4,0,S, 	(30-MAY-2025 15:48:43)
2,55 , 1,0,4,0,S, 	(30-MAY-2025 15:48:43)
2,55 , 1,0,4,0,S, 	(30-MAY-2025 15:48:43)
2,55 , 1,0,4,0,S, 	(30-MAY-2025 15:48:43)
2,55 , 1,0,4,0,S, 	(30-MAY-2025 15:48:43)
2,55 , 1,0,4,0,S, 	(30-MAY-2025 15:48:43)
2,55 , 1,0,4,0,S, 	(30-MAY-2025 15:48:43)
2,55 , 1,0,4,0,S, 	(30-MAY-2025 15:48:43)
2,55 , 1,0,4,0,S, 	(30-MAY-2025 15:48:43)
2,55 , 1,0,4,0,S, 	(30-MAY-2025 15:48:43)
2,55 , 1,0,4,0,S, 	(30-MAY-2025 15:48:43)
2,55 , 1,0,4,0,S, 	(30-MAY-2025 15:48:43)
2,55 , 1,0,4,0,S, 	(30-MAY-2025 15:48:43)
2,55 , 1,0,4,0,S, 	(30-MAY-2025 15:48:43)
2,55 , 1,0,4,0,S, 	(30-MAY-2025 15:48:43)
2,55 , 1,0,4,0,S, 	(30-MAY-2025 15:48:43)
2,55 , 1,0,1,0,S, 	(30-MAY-2025 15:48:43)
2,55 , 1,0,1,0,S, 	(30-MAY-2025 15:48:43)
2,55 , 1,0,1,0,S, 	(30-MAY-2025 15:48:43)
2,55 , 1,0,1,0,S, 	(30-MAY-2025 15:48:43)
2,55 , 1,0,1,0,S, 	(30-MAY-2025 15:48:43)
2,55 , 1,0,1,0,S, 	(30-MAY-2025 15:48:43)
2,55 , 1,0,1,0,S, 	(30-MAY-2025 15:48:43)
2,55 , 1,0,1,0,S, 	(30-MAY-2025 15:48:43)
2,55 , 1,0,1,0,S, 	(30-MAY-2025 15:48:43)
2,55 , 1,0,1,0,S, 	(30-MAY-2025 15:48:43)
2,55 , 1,0,1,0,S, 	(30-MAY-2025 15:48:43)
2,55 , 1,0,1,0,S, 	(30-MAY-2025 15:48:43)
2,55 , 1,0,1,0,S, 	(30-MAY-2025 15:48:43)
2,55 , 1,0,1,0,S, 	(30-MAY-2025 15:48:43)
2,55 , 1,0,1,0,S, 	(30-MAY-2025 15:48:43)
2,55 , 1,0,4,2,S, 	(30-MAY-2025 15:48:43)
2,55 , 1,0,4,2,S, 	(30-MAY-2025 15:48:43)
2,55 , 1,0,4,2,S, 	(30-MAY-2025 15:48:43)
2,55 , 1,0,4,2,S, 	(30-MAY-2025 15:48:43)
2,55 , 1,0,4,2,S, 	(30-MAY-2025 15:48:43)
2,55 , 1,0,4,2,S, 	(30-MAY-2025 15:48:43)
2,55 , 1,0,4,2,S, 	(30-MAY-2025 15:48:43)
2,55 , 1,0,4,2,S, 	(30-MAY-2025 15:48:43)
2,55 , 1,0,4,2,S, 	(30-MAY-2025 15:48:43)
2,55 , 1,0,4,2,S, 	(30-MAY-2025 15:48:43)
2,55 , 1,0,4,2,S, 	(30-MAY-2025 15:48:43)
2,55 , 1,0,4,2,S, 	(30-MAY-2025 15:48:43)
2,55 , 1,0,4,2,S, 	(30-MAY-2025 15:48:43)
2,55 , 1,0,4,2,S, 	(30-MAY-2025 15:48:43)
2,55 , 1,0,4,2,S, 	(30-MAY-2025 15:48:43)
2,55 , 1,0,4,2,S, 	(30-MAY-2025 15:48:43)
2,55 , 1,0,5,0,S, 	(30-MAY-2025 15:48:43)
2,55 , 1,0,5,0,S, 	(30-MAY-2025 15:48:43)
2,55 , 1,0,5,0,S, 	(30-MAY-2025 15:48:43)
2,55 , 1,0,5,0,S, 	(30-MAY-2025 15:48:43)
2,55 , 1,0,5,0,S, 	(30-MAY-2025 15:48:43)
2,55 , 1,0,5,0,S, 	(30-MAY-2025 15:48:43)
2,55 , 1,0,5,0,S, 	(30-MAY-2025 15:48:43)
2,55 , 1,0,5,0,S, 	(30-MAY-2025 15:48:43)
2,55 , 1,0,5,0,S, 	(30-MAY-2025 15:48:43)
2,55 , 1,0,5,0,S, 	(30-MAY-2025 15:48:43)
2,55 , 1,0,5,0,S, 	(30-MAY-2025 15:48:43)
2,55 , 1,0,5,0,S, 	(30-MAY-2025 15:48:43)
2,55 , 1,0,5,0,S, 	(30-MAY-2025 15:48:43)
2,55 , 1,0,5,0,S, 	(30-MAY-2025 15:48:43)
2,55 , 1,0,5,0,S, 	(30-MAY-2025 15:48:43)
2,55 , 1,0,5,1,S, 	(30-MAY-2025 15:48:43)
2,55 , 1,0,5,1,S, 	(30-MAY-2025 15:48:43)
2,55 , 1,0,5,1,S, 	(30-MAY-2025 15:48:43)
2,55 , 1,0,5,1,S, 	(30-MAY-2025 15:48:43)
2,55 , 1,0,5,1,S, 	(30-MAY-2025 15:48:43)
2,55 , 1,0,5,1,S, 	(30-MAY-2025 15:48:43)
2,55 , 1,0,5,1,S, 	(30-MAY-2025 15:48:43)
2,55 , 1,0,5,1,S, 	(30-MAY-2025 15:48:43)
2,55 , 1,0,5,1,S, 	(30-MAY-2025 15:48:43)
2,55 , 1,0,5,1,S, 	(30-MAY-2025 15:48:43)
2,55 , 1,0,5,1,S, 	(30-MAY-2025 15:48:43)
2,55 , 1,0,5,1,S, 	(30-MAY-2025 15:48:43)
2,55 , 1,0,5,1,S, 	(30-MAY-2025 15:48:43)
2,55 , 1,0,5,1,S, 	(30-MAY-2025 15:48:43)
2,55 , 1,0,5,1,S, 	(30-MAY-2025 15:48:43)
2,55 , 1,0,6,0,S, 	(30-MAY-2025 15:48:43)
2,55 , 1,0,6,0,S, 	(30-MAY-2025 15:48:43)
2,55 , 1,0,6,0,S, 	(30-MAY-2025 15:48:43)
2,55 , 1,0,6,0,S, 	(30-MAY-2025 15:48:43)
2,55 , 1,0,6,0,S, 	(30-MAY-2025 15:48:43)
2,55 , 1,0,6,0,S, 	(30-MAY-2025 15:48:43)
2,55 , 1,0,6,0,S, 	(30-MAY-2025 15:48:43)
2,55 , 1,0,6,0,S, 	(30-MAY-2025 15:48:43)
2,55 , 1,0,6,0,S, 	(30-MAY-2025 15:48:43)
2,55 , 1,0,6,0,S, 	(30-MAY-2025 15:48:43)
2,55 , 1,0,6,0,S, 	(30-MAY-2025 15:48:43)
2,55 , 1,0,6,0,S, 	(30-MAY-2025 15:48:43)
2,55 , 1,0,6,0,S, 	(30-MAY-2025 15:48:43)
2,55 , 1,0,6,0,S, 	(30-MAY-2025 15:48:43)
2,55 , 1,0,6,0,S, 	(30-MAY-2025 15:48:43)
2,55 , 1,0,6,1,S, 	(30-MAY-2025 15:48:43)
2,55 , 1,0,6,1,S, 	(30-MAY-2025 15:48:43)
2,55 , 1,0,6,1,S, 	(30-MAY-2025 15:48:43)
2,55 , 1,0,6,1,S, 	(30-MAY-2025 15:48:43)
2,55 , 1,0,6,1,S, 	(30-MAY-2025 15:48:43)
2,55 , 1,0,6,1,S, 	(30-MAY-2025 15:48:43)
2,55 , 1,0,6,1,S, 	(30-MAY-2025 15:48:43)
2,55 , 1,0,6,1,S, 	(30-MAY-2025 15:48:43)
2,55 , 1,0,6,1,S, 	(30-MAY-2025 15:48:43)
2,55 , 1,0,6,1,S, 	(30-MAY-2025 15:48:43)
2,55 , 1,0,6,1,S, 	(30-MAY-2025 15:48:43)
2,55 , 1,0,6,1,S, 	(30-MAY-2025 15:48:43)
2,55 , 1,0,6,1,S, 	(30-MAY-2025 15:48:43)
2,55 , 1,0,6,1,S, 	(30-MAY-2025 15:48:43)
2,55 , 1,0,6,1,S, 	(30-MAY-2025 15:48:43)
2,55 , 1,0,6,1,S, 	(30-MAY-2025 15:48:43)
2,55 , 1,0,6,1,S, 	(30-MAY-2025 15:48:43)
2,55 , 1,0,6,1,S, 	(30-MAY-2025 15:48:43)
2,55 , 1,0,6,1,S, 	(30-MAY-2025 15:48:43)
2,55 , 1,0,6,1,S, 	(30-MAY-2025 15:48:43)
2,55 , 1,0,6,1,S, 	(30-MAY-2025 15:48:43)
2,55 , 1,0,6,1,S, 	(30-MAY-2025 15:48:43)
2,55 , 1,0,6,1,S, 	(30-MAY-2025 15:48:43)
2,55 , 1,0,6,1,S, 	(30-MAY-2025 15:48:43)
2,55 , 1,0,6,1,S, 	(30-MAY-2025 15:48:43)
2,55 , 1,0,6,1,S, 	(30-MAY-2025 15:48:43)
2,55 , 1,0,6,1,S, 	(30-MAY-2025 15:48:43)
2,55 , 1,0,6,1,S, 	(30-MAY-2025 15:48:43)
2,55 , 1,0,6,1,S, 	(30-MAY-2025 15:48:43)
2,55 , 1,0,6,1,S, 	(30-MAY-2025 15:48:43)
2,55 , 1,0,6,1,S, 	(30-MAY-2025 15:48:43)
2,55 , 1,0,6,1,S, 	(30-MAY-2025 15:48:43)
2,55 , 1,0,6,1,S, 	(30-MAY-2025 15:48:43)
2,55 , 1,0,6,1,S, 	(30-MAY-2025 15:48:43)
2,55 , 1,0,6,1,S, 	(30-MAY-2025 15:48:43)
2,55 , 1,0,6,1,S, 	(30-MAY-2025 15:48:43)
2,55 , 1,0,6,1,S, 	(30-MAY-2025 15:48:43)
2,55 , 1,0,6,1,S, 	(30-MAY-2025 15:48:43)
2,55 , 1,0,6,1,S, 	(30-MAY-2025 15:48:43)
2,55 , 1,0,6,1,S, 	(30-MAY-2025 15:48:43)
2,55 , 1,0,6,1,S, 	(30-MAY-2025 15:48:43)
2,55 , 1,0,6,1,S, 	(30-MAY-2025 15:48:43)
2,55 , 1,0,6,1,S, 	(30-MAY-2025 15:48:43)
2,55 , 1,0,6,1,S, 	(30-MAY-2025 15:48:43)
2,55 , 1,0,6,1,S, 	(30-MAY-2025 15:48:43)
2,55 , 1,0,6,1,S, 	(30-MAY-2025 15:48:43)
2,55 , 1,0,6,1,S, 	(30-MAY-2025 15:48:43)
2,55 , 1,0,6,1,S, 	(30-MAY-2025 15:48:43)
2,55 , 1,0,6,1,S, 	(30-MAY-2025 15:48:43)
2,55 , 1,0,6,1,S, 	(30-MAY-2025 15:48:43)
2,55 , 1,0,6,1,S, 	(30-MAY-2025 15:48:43)
2,55 , 1,0,6,1,S, 	(30-MAY-2025 15:48:43)
2,55 , 1,0,6,1,S, 	(30-MAY-2025 15:48:43)
2,55 , 1,0,6,1,S, 	(30-MAY-2025 15:48:43)
2,55 , 1,0,6,1,S, 	(30-MAY-2025 15:48:43)
2,55 , 1,0,6,1,S, 	(30-MAY-2025 15:48:43)
2,55 , 1,0,6,1,S, 	(30-MAY-2025 15:48:43)
2,55 , 1,0,6,1,S, 	(30-MAY-2025 15:48:43)
2,55 , 1,0,6,1,S, 	(30-MAY-2025 15:48:43)
2,55 , 1,0,6,1,S, 	(30-MAY-2025 15:48:43)
2,55 , 1,0,6,1,S, 	(30-MAY-2025 15:48:43)
2,55 , 1,0,6,1,S, 	(30-MAY-2025 15:48:43)
2,55 , 1,0,6,1,S, 	(30-MAY-2025 15:48:43)
2,55 , 1,0,6,1,S, 	(30-MAY-2025 15:48:43)
2,55 , 1,0,6,1,S, 	(30-MAY-2025 15:48:43)
2,55 , 1,0,6,1,S, 	(30-MAY-2025 15:48:43)
2,55 , 1,0,6,1,S, 	(30-MAY-2025 15:48:43)
2,55 , 1,0,6,1,S, 	(30-MAY-2025 15:48:43)
2,55 , 1,0,6,1,S, 	(30-MAY-2025 15:48:43)
2,55 , 1,0,6,1,S, 	(30-MAY-2025 15:48:43)
2,55 , 1,0,6,1,S, 	(30-MAY-2025 15:48:43)
2,55 , 1,0,6,1,S, 	(30-MAY-2025 15:48:43)
2,55 , 1,0,6,1,S, 	(30-MAY-2025 15:48:43)
2,55 , 1,0,6,1,S, 	(30-MAY-2025 15:48:43)
2,55 , 1,0,6,1,S, 	(30-MAY-2025 15:48:43)
2,55 , 1,0,6,1,S, 	(30-MAY-2025 15:48:43)
2,55 , 1,0,6,1,S, 	(30-MAY-2025 15:48:43)
2,55 , 1,0,6,1,S, 	(30-MAY-2025 15:48:43)
2,55 , 1,0,6,1,S, 	(30-MAY-2025 15:48:43)
2,55 , 1,0,6,1,S, 	(30-MAY-2025 15:48:43)
2,55 , 1,0,6,1,S, 	(30-MAY-2025 15:48:43)
2,55 , 1,0,6,1,S, 	(30-MAY-2025 15:48:43)
2,55 , 1,0,6,1,S, 	(30-MAY-2025 15:48:43)
2,55 , 1,0,6,1,S, 	(30-MAY-2025 15:48:43)
2,55 , 1,0,6,1,S, 	(30-MAY-2025 15:48:43)
2,55 , 1,0,6,1,S, 	(30-MAY-2025 15:48:43)
2,55 , 1,0,6,1,S, 	(30-MAY-2025 15:48:43)
2,55 , 1,0,6,1,S, 	(30-MAY-2025 15:48:43)
2,55 , 1,0,6,1,S, 	(30-MAY-2025 15:48:43)
2,55 , 1,0,6,1,S, 	(30-MAY-2025 15:48:43)
2,55 , 1,0,6,1,S, 	(30-MAY-2025 15:48:43)
2,55 , 1,0,6,1,S, 	(30-MAY-2025 15:48:43)
2,55 , 1,0,6,1,S, 	(30-MAY-2025 15:48:43)
2,55 , 1,0,6,1,S, 	(30-MAY-2025 15:48:43)
2,55 , 1,0,6,1,S, 	(30-MAY-2025 15:48:43)
2,55 , 1,0,6,1,S, 	(30-MAY-2025 15:48:43)
2,55 , 1,0,6,1,S, 	(30-MAY-2025 15:48:43)
2,55 , 1,0,6,1,S, 	(30-MAY-2025 15:48:43)
2,55 , 1,0,6,1,S, 	(30-MAY-2025 15:48:43)
2,55 , 1,0,6,1,S, 	(30-MAY-2025 15:48:43)
2,55 , 1,0,6,1,S, 	(30-MAY-2025 15:48:43)
2,55 , 1,0,6,1,S, 	(30-MAY-2025 15:48:43)
2,55 , 1,0,6,1,S, 	(30-MAY-2025 15:48:43)
2,55 , 1,0,6,1,S, 	(30-MAY-2025 15:48:43)
2,55 , 1,0,6,1,S, 	(30-MAY-2025 15:48:43)
2,55 , 1,0,6,1,S, 	(30-MAY-2025 15:48:43)
2,55 , 1,0,6,1,S, 	(30-MAY-2025 15:48:43)
2,55 , 1,0,6,1,S, 	(30-MAY-2025 15:48:43)
2,55 , 1,0,6,1,S, 	(30-MAY-2025 15:48:43)
2,55 , 1,0,6,1,S, 	(30-MAY-2025 15:48:43)
2,55 , 1,0,6,1,S, 	(30-MAY-2025 15:48:43)
2,55 , 1,0,6,1,S, 	(30-MAY-2025 15:48:43)
2,55 , 1,0,6,1,S, 	(30-MAY-2025 15:48:43)
2,55 , 1,0,6,1,S, 	(30-MAY-2025 15:48:43)
2,55 , 1,0,6,1,S, 	(30-MAY-2025 15:48:43)
2,55 , 1,0,6,1,S, 	(30-MAY-2025 15:48:43)
2,55 , 1,0,6,1,S, 	(30-MAY-2025 15:48:43)
2,55 , 1,0,6,1,S, 	(30-MAY-2025 15:48:43)
2,55 , 1,0,6,1,S, 	(30-MAY-2025 15:48:43)
2,55 , 1,0,6,1,S, 	(30-MAY-2025 15:48:43)
2,55 , 1,0,6,1,S, 	(30-MAY-2025 15:48:43)
2,55 , 1,0,6,1,S, 	(30-MAY-2025 15:48:43)
2,55 , 1,0,6,1,S, 	(30-MAY-2025 15:48:43)
2,55 , 1,0,6,1,S, 	(30-MAY-2025 15:48:43)
2,55 , 1,0,6,1,S, 	(30-MAY-2025 15:48:43)
2,55 , 1,0,6,1,S, 	(30-MAY-2025 15:48:43)
2,55 , 1,0,6,1,S, 	(30-MAY-2025 15:48:43)
2,55 , 1,0,6,1,S, 	(30-MAY-2025 15:48:43)
2,55 , 1,0,6,1,S, 	(30-MAY-2025 15:48:43)
2,55 , 1,0,6,1,S, 	(30-MAY-2025 15:48:43)
2,55 , 1,0,6,1,S, 	(30-MAY-2025 15:48:43)
2,55 , 1,0,6,1,S, 	(30-MAY-2025 15:48:43)
2,55 , 1,0,6,1,S, 	(30-MAY-2025 15:48:43)
2,55 , 1,0,6,1,S, 	(30-MAY-2025 15:48:43)
2,55 , 1,0,6,1,S, 	(30-MAY-2025 15:48:43)
2,55 , 1,0,6,1,S, 	(30-MAY-2025 15:48:43)
2,55 , 1,0,6,1,S, 	(30-MAY-2025 15:48:43)
2,55 , 1,0,6,1,S, 	(30-MAY-2025 15:48:43)
2,55 , 1,0,6,1,S, 	(30-MAY-2025 15:48:43)
2,55 , 1,0,6,1,S, 	(30-MAY-2025 15:48:43)
2,55 , 1,0,6,1,S, 	(30-MAY-2025 15:48:43)
2,55 , 1,0,6,1,S, 	(30-MAY-2025 15:48:43)
2,55 , 1,0,6,1,S, 	(30-MAY-2025 15:48:43)
2,55 , 1,0,6,1,S, 	(30-MAY-2025 15:48:43)
2,55 , 1,0,6,1,S, 	(30-MAY-2025 15:48:43)
2,55 , 1,0,6,1,S, 	(30-MAY-2025 15:48:43)
2,55 , 1,0,6,1,S, 	(30-MAY-2025 15:48:43)
2,55 , 1,0,6,1,S, 	(30-MAY-2025 15:48:43)
2,55 , 1,0,6,1,S, 	(30-MAY-2025 15:48:43)
2,55 , 1,0,6,1,S, 	(30-MAY-2025 15:48:43)
2,55 , 1,0,6,1,S, 	(30-MAY-2025 15:48:43)
2,55 , 1,0,6,1,S, 	(30-MAY-2025 15:48:43)
2,55 , 1,0,6,1,S, 	(30-MAY-2025 15:48:43)
2,55 , 1,0,6,1,S, 	(30-MAY-2025 15:48:43)
2,55 , 1,0,6,1,S, 	(30-MAY-2025 15:48:43)
2,55 , 1,0,6,1,S, 	(30-MAY-2025 15:48:43)
2,55 , 1,0,6,1,S, 	(30-MAY-2025 15:48:43)
2,55 , 1,0,6,1,S, 	(30-MAY-2025 15:48:43)
2,55 , 1,0,6,1,S, 	(30-MAY-2025 15:48:43)
2,55 , 1,0,6,1,S, 	(30-MAY-2025 15:48:43)
2,55 , 1,0,6,1,S, 	(30-MAY-2025 15:48:43)
2,55 , 1,0,6,1,S, 	(30-MAY-2025 15:48:43)
2,55 , 1,0,6,1,S, 	(30-MAY-2025 15:48:43)
2,55 , 1,0,6,1,S, 	(30-MAY-2025 15:48:43)
2,55 , 1,0,6,1,S, 	(30-MAY-2025 15:48:43)
2,55 , 1,0,6,1,S, 	(30-MAY-2025 15:48:43)
2,55 , 1,0,6,1,S, 	(30-MAY-2025 15:48:43)
2,55 , 1,0,6,1,S, 	(30-MAY-2025 15:48:43)
2,55 , 1,0,6,1,S, 	(30-MAY-2025 15:48:43)
2,55 , 1,0,6,1,S, 	(30-MAY-2025 15:48:43)
2,55 , 1,0,6,1,S, 	(30-MAY-2025 15:48:43)
2,55 , 1,0,6,1,S, 	(30-MAY-2025 15:48:43)
2,55 , 1,0,6,1,S, 	(30-MAY-2025 15:48:43)
2,55 , 1,0,6,1,S, 	(30-MAY-2025 15:48:43)
2,55 , 1,0,6,1,S, 	(30-MAY-2025 15:48:43)
2,55 , 1,0,6,1,S, 	(30-MAY-2025 15:48:43)
2,55 , 1,0,6,1,S, 	(30-MAY-2025 15:48:43)
2,55 , 1,0,6,1,S, 	(30-MAY-2025 15:48:43)
2,55 , 1,0,6,1,S, 	(30-MAY-2025 15:48:43)
2,55 , 1,0,6,1,S, 	(30-MAY-2025 15:48:43)
2,55 , 1,0,6,1,S, 	(30-MAY-2025 15:48:43)
2,55 , 1,0,6,1,S, 	(30-MAY-2025 15:48:43)
2,55 , 1,0,6,1,S, 	(30-MAY-2025 15:48:43)
2,55 , 1,0,6,1,S, 	(30-MAY-2025 15:48:43)
2,55 , 1,0,6,1,S, 	(30-MAY-2025 15:48:43)
2,55 , 1,0,6,1,S, 	(30-MAY-2025 15:48:43)
2,55 , 1,0,6,1,S, 	(30-MAY-2025 15:48:43)
2,55 , 1,0,6,1,S, 	(30-MAY-2025 15:48:43)
2,55 , 1,0,6,1,S, 	(30-MAY-2025 15:48:43)
2,55 , 1,0,6,1,S, 	(30-MAY-2025 15:48:43)
2,55 , 1,0,6,1,S, 	(30-MAY-2025 15:48:43)
2,55 , 1,0,6,1,S, 	(30-MAY-2025 15:48:43)
2,55 , 1,0,6,1,S, 	(30-MAY-2025 15:48:43)
2,55 , 1,0,6,1,S, 	(30-MAY-2025 15:48:43)
2,55 , 1,0,6,1,S, 	(30-MAY-2025 15:48:43)
2,55 , 1,0,6,1,S, 	(30-MAY-2025 15:48:43)
2,55 , 1,0,6,1,S, 	(30-MAY-2025 15:48:43)
2,55 , 1,0,6,1,S, 	(30-MAY-2025 15:48:43)
2,55 , 1,0,6,1,S, 	(30-MAY-2025 15:48:43)
2,55 , 1,0,6,1,S, 	(30-MAY-2025 15:48:43)
2,55 , 1,0,6,1,S, 	(30-MAY-2025 15:48:43)
2,55 , 1,0,6,1,S, 	(30-MAY-2025 15:48:43)
2,55 , 1,0,6,1,S, 	(30-MAY-2025 15:48:43)
2,55 , 1,0,6,1,S, 	(30-MAY-2025 15:48:43)
2,55 , 1,0,6,1,S, 	(30-MAY-2025 15:48:43)
2,55 , 1,0,6,1,S, 	(30-MAY-2025 15:48:43)
2,55 , 1,0,6,1,S, 	(30-MAY-2025 15:48:43)
2,55 , 1,0,6,1,S, 	(30-MAY-2025 15:48:43)
2,55 , 1,0,6,1,S, 	(30-MAY-2025 15:48:43)
2,55 , 1,0,6,1,S, 	(30-MAY-2025 15:48:43)
2,55 , 1,0,6,1,S, 	(30-MAY-2025 15:48:43)
2,55 , 1,0,6,1,S, 	(30-MAY-2025 15:48:43)
2,55 , 1,0,6,1,S, 	(30-MAY-2025 15:48:43)
2,55 , 1,0,6,1,S, 	(30-MAY-2025 15:48:43)
2,55 , 1,0,6,1,S, 	(30-MAY-2025 15:48:43)
2,55 , 1,0,6,1,S, 	(30-MAY-2025 15:48:43)
2,55 , 1,0,6,1,S, 	(30-MAY-2025 15:48:43)
2,55 , 1,0,6,1,S, 	(30-MAY-2025 15:48:43)
2,55 , 1,0,6,1,S, 	(30-MAY-2025 15:48:43)
2,55 , 1,0,6,1,S, 	(30-MAY-2025 15:48:43)
2,55 , 1,0,6,1,S, 	(30-MAY-2025 15:48:43)
2,55 , 1,0,6,1,S, 	(30-MAY-2025 15:48:43)
2,55 , 1,0,6,1,S, 	(30-MAY-2025 15:48:43)
2,55 , 1,0,6,1,S, 	(30-MAY-2025 15:48:43)
2,55 , 1,0,6,1,S, 	(30-MAY-2025 15:48:43)
2,55 , 1,0,6,1,S, 	(30-MAY-2025 15:48:43)
2,55 , 1,0,6,1,S, 	(30-MAY-2025 15:48:43)
2,55 , 1,0,6,1,S, 	(30-MAY-2025 15:48:43)
2,55 , 1,0,6,1,S, 	(30-MAY-2025 15:48:43)
2,55 , 1,0,6,1,S, 	(30-MAY-2025 15:48:44)
2,55 , 1,0,6,1,S, 	(30-MAY-2025 15:48:44)
2,55 , 1,0,6,1,S, 	(30-MAY-2025 15:48:44)
2,55 , 1,0,6,1,S, 	(30-MAY-2025 15:48:44)
2,55 , 1,0,6,1,S, 	(30-MAY-2025 15:48:44)
2,55 , 1,0,6,1,S, 	(30-MAY-2025 15:48:44)
2,55 , 1,0,6,1,S, 	(30-MAY-2025 15:48:44)
2,55 , 1,0,6,1,S, 	(30-MAY-2025 15:48:44)
2,55 , 1,0,6,1,S, 	(30-MAY-2025 15:48:44)
2,55 , 1,0,6,1,S, 	(30-MAY-2025 15:48:44)
2,55 , 1,0,6,1,S, 	(30-MAY-2025 15:48:44)
2,55 , 1,0,6,1,S, 	(30-MAY-2025 15:48:44)
2,55 , 1,0,6,1,S, 	(30-MAY-2025 15:48:44)
2,55 , 1,0,6,1,S, 	(30-MAY-2025 15:48:44)
2,55 , 1,0,6,1,S, 	(30-MAY-2025 15:48:44)
2,55 , 1,0,6,1,S, 	(30-MAY-2025 15:48:44)
2,55 , 1,0,6,1,S, 	(30-MAY-2025 15:48:44)
2,55 , 1,0,6,1,S, 	(30-MAY-2025 15:48:44)
2,55 , 1,0,6,1,S, 	(30-MAY-2025 15:48:44)
2,55 , 1,0,6,1,S, 	(30-MAY-2025 15:48:44)
2,55 , 1,0,6,1,S, 	(30-MAY-2025 15:48:44)
2,55 , 1,0,6,1,S, 	(30-MAY-2025 15:48:44)
2,55 , 1,0,6,1,S, 	(30-MAY-2025 15:48:44)
2,55 , 1,0,6,1,S, 	(30-MAY-2025 15:48:44)
2,55 , 1,0,6,1,S, 	(30-MAY-2025 15:48:44)
2,55 , 1,0,6,1,S, 	(30-MAY-2025 15:48:44)
2,55 , 1,0,6,1,S, 	(30-MAY-2025 15:48:44)
2,55 , 1,0,6,1,S, 	(30-MAY-2025 15:48:44)
2,55 , 1,0,6,1,S, 	(30-MAY-2025 15:48:44)
2,55 , 1,0,6,1,S, 	(30-MAY-2025 15:48:44)
2,55 , 1,0,6,1,S, 	(30-MAY-2025 15:48:44)
2,55 , 1,0,6,1,S, 	(30-MAY-2025 15:48:44)
2,55 , 1,0,6,1,S, 	(30-MAY-2025 15:48:44)
2,55 , 1,0,6,1,S, 	(30-MAY-2025 15:48:44)
2,55 , 1,0,6,1,S, 	(30-MAY-2025 15:48:44)
2,55 , 1,0,6,1,S, 	(30-MAY-2025 15:48:44)
2,55 , 1,0,6,1,S, 	(30-MAY-2025 15:48:44)
2,55 , 1,0,6,1,S, 	(30-MAY-2025 15:48:44)
2,55 , 1,0,6,1,S, 	(30-MAY-2025 15:48:44)
2,55 , 1,0,6,1,S, 	(30-MAY-2025 15:48:44)
2,55 , 1,0,6,1,S, 	(30-MAY-2025 15:48:44)
2,55 , 1,0,6,1,S, 	(30-MAY-2025 15:48:44)
2,55 , 1,0,6,1,S, 	(30-MAY-2025 15:48:44)
2,55 , 1,0,6,1,S, 	(30-MAY-2025 15:48:44)
2,55 , 1,0,3,0,S, 	(30-MAY-2025 15:48:44)
2,55 , 1,0,3,0,S, 	(30-MAY-2025 15:48:44)
2,55 , 1,0,3,0,S, 	(30-MAY-2025 15:48:44)
2,55 , 1,0,3,0,S, 	(30-MAY-2025 15:48:44)
2,55 , 1,0,3,0,S, 	(30-MAY-2025 15:48:44)
2,55 , 1,0,3,0,S, 	(30-MAY-2025 15:48:44)
2,55 , 1,0,3,0,S, 	(30-MAY-2025 15:48:44)
2,55 , 1,0,3,0,S, 	(30-MAY-2025 15:48:44)
2,55 , 1,0,3,0,S, 	(30-MAY-2025 15:48:44)
2,55 , 1,0,3,0,S, 	(30-MAY-2025 15:48:44)
2,55 , 1,0,3,0,S, 	(30-MAY-2025 15:48:44)
2,55 , 1,0,3,0,S, 	(30-MAY-2025 15:48:44)
2,55 , 1,0,3,0,S, 	(30-MAY-2025 15:48:44)
2,55 , 1,0,3,0,S, 	(30-MAY-2025 15:48:44)
2,55 , 1,0,3,0,S, 	(30-MAY-2025 15:48:44)
2,55 , 1,0,3,0,S, 	(30-MAY-2025 15:48:44)
2,55 , 1,0,3,0,S, 	(30-MAY-2025 15:48:44)
2,55 , 1,0,3,0,S, 	(30-MAY-2025 15:48:44)
2,55 , 1,0,3,0,S, 	(30-MAY-2025 15:48:44)
2,55 , 1,0,3,0,S, 	(30-MAY-2025 15:48:44)
2,55 , 1,0,3,0,S, 	(30-MAY-2025 15:48:44)
2,55 , 1,0,3,0,S, 	(30-MAY-2025 15:48:44)
2,55 , 1,0,3,0,S, 	(30-MAY-2025 15:48:44)
2,55 , 1,0,3,0,S, 	(30-MAY-2025 15:48:44)
2,55 , 1,0,3,0,S, 	(30-MAY-2025 15:48:44)
2,55 , 1,0,3,0,S, 	(30-MAY-2025 15:48:44)
2,55 , 1,0,3,0,S, 	(30-MAY-2025 15:48:44)
2,55 , 1,0,3,0,S, 	(30-MAY-2025 15:48:44)
2,55 , 1,0,3,0,S, 	(30-MAY-2025 15:48:44)
2,55 , 1,0,3,0,S, 	(30-MAY-2025 15:48:44)
2,55 , 1,0,3,0,S, 	(30-MAY-2025 15:48:44)
2,55 , 1,0,2,2,S, 	(30-MAY-2025 15:48:44)
2,55 , 1,0,2,2,S, 	(30-MAY-2025 15:48:44)
2,55 , 1,0,2,2,S, 	(30-MAY-2025 15:48:44)
2,55 , 1,0,2,2,S, 	(30-MAY-2025 15:48:44)
2,55 , 1,0,2,2,S, 	(30-MAY-2025 15:48:44)
2,55 , 1,0,2,2,S, 	(30-MAY-2025 15:48:44)
2,55 , 1,0,2,2,S, 	(30-MAY-2025 15:48:44)
2,55 , 1,0,2,2,S, 	(30-MAY-2025 15:48:44)
2,55 , 1,0,2,2,S, 	(30-MAY-2025 15:48:44)
2,55 , 1,0,2,2,S, 	(30-MAY-2025 15:48:44)
2,55 , 1,0,2,2,S, 	(30-MAY-2025 15:48:44)
2,55 , 1,0,2,2,S, 	(30-MAY-2025 15:48:44)
2,55 , 1,0,2,2,S, 	(30-MAY-2025 15:48:44)
2,55 , 1,0,2,2,S, 	(30-MAY-2025 15:48:44)
2,55 , 1,0,2,2,S, 	(30-MAY-2025 15:48:44)
2,55 , 1,0,2,2,S, 	(30-MAY-2025 15:48:44)
2,55 , 1,0,7,1,S, 	(30-MAY-2025 15:48:44)
2,55 , 1,0,7,1,S, 	(30-MAY-2025 15:48:44)
2,55 , 1,0,7,1,S, 	(30-MAY-2025 15:48:44)
2,55 , 1,0,7,1,S, 	(30-MAY-2025 15:48:44)
2,55 , 1,0,7,1,S, 	(30-MAY-2025 15:48:44)
2,55 , 1,0,7,1,S, 	(30-MAY-2025 15:48:44)
2,55 , 1,0,7,1,S, 	(30-MAY-2025 15:48:44)
2,55 , 1,0,7,1,S, 	(30-MAY-2025 15:48:44)
2,55 , 1,0,7,1,S, 	(30-MAY-2025 15:48:44)
2,55 , 1,0,7,1,S, 	(30-MAY-2025 15:48:44)
2,55 , 1,0,7,1,S, 	(30-MAY-2025 15:48:44)
2,55 , 1,0,7,1,S, 	(30-MAY-2025 15:48:44)
2,55 , 1,0,7,1,S, 	(30-MAY-2025 15:48:44)
2,55 , 1,0,7,1,S, 	(30-MAY-2025 15:48:44)
2,55 , 1,0,7,1,S, 	(30-MAY-2025 15:48:44)
2,55 , 1,0,7,1,S, 	(30-MAY-2025 15:48:44)
2,55 , 1,0,7,1,S, 	(30-MAY-2025 15:48:44)
2,55 , 1,0,7,1,S, 	(30-MAY-2025 15:48:44)
2,55 , 1,0,7,1,S, 	(30-MAY-2025 15:48:44)
2,55 , 1,0,7,1,S, 	(30-MAY-2025 15:48:44)
2,55 , 1,0,7,1,S, 	(30-MAY-2025 15:48:44)
2,55 , 1,0,7,1,S, 	(30-MAY-2025 15:48:44)
2,55 , 1,0,7,1,S, 	(30-MAY-2025 15:48:44)
2,55 , 1,0,7,1,S, 	(30-MAY-2025 15:48:44)
2,55 , 1,0,7,1,S, 	(30-MAY-2025 15:48:44)
2,55 , 1,0,7,1,S, 	(30-MAY-2025 15:48:44)
2,55 , 1,0,7,1,S, 	(30-MAY-2025 15:48:44)
2,55 , 1,0,7,1,S, 	(30-MAY-2025 15:48:44)
2,55 , 1,0,7,1,S, 	(30-MAY-2025 15:48:44)
2,55 , 1,0,7,1,S, 	(30-MAY-2025 15:48:44)
2,55 , 1,0,7,1,S, 	(30-MAY-2025 15:48:44)
2,56 , 0,0,122054,0,X, 	(30-MAY-2025 15:48:44)
2,56 , 0,0,122054,0,X, 	(30-MAY-2025 15:48:44)	 (Not Inserted)
2,56 , 0,0,122055,0,X, 	(30-MAY-2025 15:48:44)
2,56 , 0,0,122055,0,X, 	(30-MAY-2025 15:48:44)	 (Not Inserted)
2,56 , 0,0,122053,1,X, 	(30-MAY-2025 15:48:44)
2,56 , 0,0,122053,1,X, 	(30-MAY-2025 15:48:44)
2,56 , 0,0,122053,1,X, 	(30-MAY-2025 15:48:44)
2,56 , 0,0,122053,1,X, 	(30-MAY-2025 15:48:44)
2,56 , 0,0,122053,1,X, 	(30-MAY-2025 15:48:44)
2,56 , 0,0,122053,1,X, 	(30-MAY-2025 15:48:44)
2,56 , 0,0,122053,1,X, 	(30-MAY-2025 15:48:44)
2,56 , 0,0,122053,1,X, 	(30-MAY-2025 15:48:44)
2,56 , 0,0,122053,1,X, 	(30-MAY-2025 15:48:44)
2,56 , 0,0,122053,1,X, 	(30-MAY-2025 15:48:44)
2,56 , 0,0,122053,1,X, 	(30-MAY-2025 15:48:44)
2,56 , 0,0,122053,1,X, 	(30-MAY-2025 15:48:44)
2,56 , 0,0,122053,1,X, 	(30-MAY-2025 15:48:44)
2,56 , 0,0,122053,1,X, 	(30-MAY-2025 15:48:44)
2,56 , 0,0,122053,1,X, 	(30-MAY-2025 15:48:44)
2,56 , 0,0,122053,1,X, 	(30-MAY-2025 15:48:44)
2,56 , 0,0,122053,1,X, 	(30-MAY-2025 15:48:44)
2,56 , 0,0,122053,1,X, 	(30-MAY-2025 15:48:44)
2,56 , 0,0,122053,1,X, 	(30-MAY-2025 15:48:44)
2,56 , 0,0,122053,1,X, 	(30-MAY-2025 15:48:44)
2,56 , 0,0,122053,1,X, 	(30-MAY-2025 15:48:44)
2,56 , 0,0,122053,1,X, 	(30-MAY-2025 15:48:44)
2,56 , 0,0,122053,1,X, 	(30-MAY-2025 15:48:44)
2,56 , 0,0,122053,1,X, 	(30-MAY-2025 15:48:44)
2,56 , 0,0,122053,1,X, 	(30-MAY-2025 15:48:44)
2,56 , 0,0,122053,1,X, 	(30-MAY-2025 15:48:44)
2,56 , 0,0,122053,1,X, 	(30-MAY-2025 15:48:44)
2,56 , 0,0,122053,1,X, 	(30-MAY-2025 15:48:44)
2,56 , 0,0,122053,1,X, 	(30-MAY-2025 15:48:44)
2,56 , 0,0,122053,1,X, 	(30-MAY-2025 15:48:44)
2,56 , 0,0,122053,1,X, 	(30-MAY-2025 15:48:44)	 (Not Inserted)
2,56 , 0,0,122053,1,X, 	(30-MAY-2025 15:48:44)	 (Not Inserted)
2,56 , 0,0,122053,1,X, 	(30-MAY-2025 15:48:44)	 (Not Inserted)
2,56 , 0,0,122053,1,X, 	(30-MAY-2025 15:48:44)	 (Not Inserted)
2,56 , 0,0,122053,1,X, 	(30-MAY-2025 15:48:44)	 (Not Inserted)
2,56 , 0,0,122053,1,X, 	(30-MAY-2025 15:48:44)	 (Not Inserted)
2,56 , 0,0,122053,1,X, 	(30-MAY-2025 15:48:44)	 (Not Inserted)
2,56 , 0,0,122053,1,X, 	(30-MAY-2025 15:48:44)	 (Not Inserted)
2,56 , 0,0,122053,1,X, 	(30-MAY-2025 15:48:44)	 (Not Inserted)
2,56 , 0,0,122053,1,X, 	(30-MAY-2025 15:48:44)	 (Not Inserted)
2,56 , 0,0,122053,1,X, 	(30-MAY-2025 15:48:44)	 (Not Inserted)
2,56 , 0,0,122053,1,X, 	(30-MAY-2025 15:48:44)	 (Not Inserted)
2,56 , 0,0,122053,1,X, 	(30-MAY-2025 15:48:44)	 (Not Inserted)
2,56 , 0,0,122053,1,X, 	(30-MAY-2025 15:48:44)	 (Not Inserted)
2,56 , 0,0,122053,1,X, 	(30-MAY-2025 15:48:44)	 (Not Inserted)
2,56 , 0,0,122053,1,X, 	(30-MAY-2025 15:48:44)	 (Not Inserted)
2,56 , 0,0,122053,1,X, 	(30-MAY-2025 15:48:44)	 (Not Inserted)
2,56 , 0,0,122053,1,X, 	(30-MAY-2025 15:48:44)	 (Not Inserted)
2,56 , 0,0,122053,1,X, 	(30-MAY-2025 15:48:44)	 (Not Inserted)
2,56 , 0,0,122053,1,X, 	(30-MAY-2025 15:48:44)	 (Not Inserted)
2,56 , 0,0,122053,1,X, 	(30-MAY-2025 15:48:44)	 (Not Inserted)
2,56 , 0,0,122053,1,X, 	(30-MAY-2025 15:48:44)	 (Not Inserted)
2,56 , 0,0,122053,1,X, 	(30-MAY-2025 15:48:44)	 (Not Inserted)
2,56 , 0,0,122053,1,X, 	(30-MAY-2025 15:48:44)	 (Not Inserted)
2,56 , 0,0,122053,1,X, 	(30-MAY-2025 15:48:44)	 (Not Inserted)
2,56 , 0,0,122053,1,X, 	(30-MAY-2025 15:48:44)	 (Not Inserted)
2,56 , 0,0,122053,1,X, 	(30-MAY-2025 15:48:44)	 (Not Inserted)
2,56 , 0,0,122053,1,X, 	(30-MAY-2025 15:48:44)	 (Not Inserted)
2,56 , 0,0,122053,1,X, 	(30-MAY-2025 15:48:44)	 (Not Inserted)
2,56 , 0,0,122053,1,X, 	(30-MAY-2025 15:48:44)	 (Not Inserted)
2,57 , 0,0,222041,0,L, 	(30-MAY-2025 15:48:44)
2,57 , 0,0,222041,0,L, 	(30-MAY-2025 15:48:44)
2,57 , 0,0,222041,0,L, 	(30-MAY-2025 15:48:44)
2,57 , 0,0,222041,0,L, 	(30-MAY-2025 15:48:44)
2,57 , 0,0,222041,0,L, 	(30-MAY-2025 15:48:44)
2,57 , 0,0,222041,0,L, 	(30-MAY-2025 15:48:44)
2,57 , 0,0,222041,0,L, 	(30-MAY-2025 15:48:44)
2,57 , 0,0,222041,0,L, 	(30-MAY-2025 15:48:44)
2,57 , 0,0,222041,0,L, 	(30-MAY-2025 15:48:44)
2,57 , 0,0,222041,0,L, 	(30-MAY-2025 15:48:44)
2,57 , 0,0,222041,0,L, 	(30-MAY-2025 15:48:44)
2,57 , 0,0,222041,0,L, 	(30-MAY-2025 15:48:44)
2,57 , 0,0,222041,0,L, 	(30-MAY-2025 15:48:44)
2,57 , 0,0,222041,0,L, 	(30-MAY-2025 15:48:44)
2,57 , 0,0,222041,0,L, 	(30-MAY-2025 15:48:44)
2,57 , 0,0,222041,0,L, 	(30-MAY-2025 15:48:44)
2,57 , 0,0,222041,0,L, 	(30-MAY-2025 15:48:44)
2,57 , 0,0,222041,0,L, 	(30-MAY-2025 15:48:44)
2,57 , 0,0,222041,0,L, 	(30-MAY-2025 15:48:44)
2,57 , 0,0,222041,0,L, 	(30-MAY-2025 15:48:44)
2,57 , 0,0,222041,0,L, 	(30-MAY-2025 15:48:44)
2,57 , 0,0,222041,0,L, 	(30-MAY-2025 15:48:44)
2,57 , 0,0,222041,0,L, 	(30-MAY-2025 15:48:44)
2,57 , 0,0,222041,0,L, 	(30-MAY-2025 15:48:44)
2,57 , 0,0,222041,0,L, 	(30-MAY-2025 15:48:44)
2,57 , 0,0,222041,0,L, 	(30-MAY-2025 15:48:44)
2,57 , 0,0,222041,0,L, 	(30-MAY-2025 15:48:44)
2,57 , 0,0,222041,0,L, 	(30-MAY-2025 15:48:44)
2,57 , 0,0,222041,0,L, 	(30-MAY-2025 15:48:44)
2,57 , 0,0,222041,0,L, 	(30-MAY-2025 15:48:44)
2,57 , 0,0,222041,0,L, 	(30-MAY-2025 15:48:44)
2,57 , 0,0,222042,0,L, 	(30-MAY-2025 15:48:44)
2,57 , 0,0,222042,0,L, 	(30-MAY-2025 15:48:44)
2,57 , 0,0,222042,0,L, 	(30-MAY-2025 15:48:44)
2,57 , 0,0,222042,0,L, 	(30-MAY-2025 15:48:44)
2,57 , 0,0,222042,0,L, 	(30-MAY-2025 15:48:44)
2,57 , 0,0,222042,0,L, 	(30-MAY-2025 15:48:44)
2,57 , 0,0,222042,0,L, 	(30-MAY-2025 15:48:44)
2,57 , 0,0,222042,0,L, 	(30-MAY-2025 15:48:44)
2,57 , 0,0,222042,0,L, 	(30-MAY-2025 15:48:44)
2,57 , 0,0,222042,0,L, 	(30-MAY-2025 15:48:44)
2,57 , 0,0,222042,0,L, 	(30-MAY-2025 15:48:44)
2,57 , 0,0,222042,0,L, 	(30-MAY-2025 15:48:44)
2,57 , 0,0,222042,0,L, 	(30-MAY-2025 15:48:44)
2,57 , 0,0,222042,0,L, 	(30-MAY-2025 15:48:44)
2,57 , 0,0,222042,0,L, 	(30-MAY-2025 15:48:44)
2,57 , 0,0,222042,0,L, 	(30-MAY-2025 15:48:44)
2,57 , 0,0,222042,0,L, 	(30-MAY-2025 15:48:44)
2,57 , 0,0,222042,0,L, 	(30-MAY-2025 15:48:44)
2,57 , 0,0,222042,0,L, 	(30-MAY-2025 15:48:44)
2,57 , 0,0,222042,0,L, 	(30-MAY-2025 15:48:44)
2,57 , 0,0,222042,0,L, 	(30-MAY-2025 15:48:44)
2,57 , 0,0,222042,0,L, 	(30-MAY-2025 15:48:44)
2,57 , 0,0,222042,0,L, 	(30-MAY-2025 15:48:44)
2,57 , 0,0,222042,0,L, 	(30-MAY-2025 15:48:44)
2,57 , 0,0,222042,0,L, 	(30-MAY-2025 15:48:44)
2,57 , 0,0,222042,0,L, 	(30-MAY-2025 15:48:44)
2,57 , 0,0,222042,0,L, 	(30-MAY-2025 15:48:44)
2,57 , 0,0,222042,0,L, 	(30-MAY-2025 15:48:44)
2,57 , 0,0,222042,0,L, 	(30-MAY-2025 15:48:44)
2,57 , 0,0,222042,0,L, 	(30-MAY-2025 15:48:44)
2,57 , 0,0,222044,1,L, 	(30-MAY-2025 15:48:44)
2,57 , 0,0,222044,1,L, 	(30-MAY-2025 15:48:44)
2,57 , 0,0,222044,1,L, 	(30-MAY-2025 15:48:44)
2,57 , 0,0,222044,1,L, 	(30-MAY-2025 15:48:44)
2,57 , 0,0,222044,1,L, 	(30-MAY-2025 15:48:44)
2,57 , 0,0,222044,1,L, 	(30-MAY-2025 15:48:44)
2,57 , 0,0,222044,1,L, 	(30-MAY-2025 15:48:44)
2,57 , 0,0,222044,1,L, 	(30-MAY-2025 15:48:44)
2,57 , 0,0,222044,1,L, 	(30-MAY-2025 15:48:44)
2,57 , 0,0,222044,1,L, 	(30-MAY-2025 15:48:44)
2,57 , 0,0,222044,1,L, 	(30-MAY-2025 15:48:44)
2,57 , 0,0,222044,1,L, 	(30-MAY-2025 15:48:44)
2,57 , 0,0,222044,1,L, 	(30-MAY-2025 15:48:44)
2,57 , 0,0,222044,1,L, 	(30-MAY-2025 15:48:44)
2,57 , 0,0,222044,1,L, 	(30-MAY-2025 15:48:44)
2,57 , 0,0,222044,1,L, 	(30-MAY-2025 15:48:44)
2,57 , 0,0,222044,1,L, 	(30-MAY-2025 15:48:44)
2,57 , 0,0,222044,1,L, 	(30-MAY-2025 15:48:44)
2,57 , 0,0,222044,1,L, 	(30-MAY-2025 15:48:44)
2,57 , 0,0,222044,1,L, 	(30-MAY-2025 15:48:44)
2,57 , 0,0,222044,1,L, 	(30-MAY-2025 15:48:44)
2,57 , 0,0,222044,1,L, 	(30-MAY-2025 15:48:44)
2,57 , 0,0,222044,1,L, 	(30-MAY-2025 15:48:44)
2,57 , 0,0,222044,1,L, 	(30-MAY-2025 15:48:44)
2,57 , 0,0,222044,1,L, 	(30-MAY-2025 15:48:44)
2,57 , 0,0,222044,1,L, 	(30-MAY-2025 15:48:44)
2,57 , 0,0,222044,1,L, 	(30-MAY-2025 15:48:44)
2,57 , 0,0,222044,1,L, 	(30-MAY-2025 15:48:44)
2,57 , 0,0,222044,1,L, 	(30-MAY-2025 15:48:44)
2,57 , 0,0,222044,1,L, 	(30-MAY-2025 15:48:44)
2,57 , 0,0,225008,1,L, 	(30-MAY-2025 15:48:44)
2,57 , 0,0,225008,1,L, 	(30-MAY-2025 15:48:44)
2,57 , 0,0,225008,1,L, 	(30-MAY-2025 15:48:44)
2,57 , 0,0,225008,1,L, 	(30-MAY-2025 15:48:44)
2,57 , 0,0,225008,1,L, 	(30-MAY-2025 15:48:44)
2,57 , 0,0,225008,1,L, 	(30-MAY-2025 15:48:44)
2,57 , 0,0,225008,1,L, 	(30-MAY-2025 15:48:44)
2,57 , 0,0,225008,1,L, 	(30-MAY-2025 15:48:44)
2,57 , 0,0,225008,1,L, 	(30-MAY-2025 15:48:44)
2,57 , 0,0,225008,1,L, 	(30-MAY-2025 15:48:44)
2,57 , 0,0,225008,1,L, 	(30-MAY-2025 15:48:44)
2,57 , 0,0,225008,1,L, 	(30-MAY-2025 15:48:44)
2,57 , 0,0,225008,1,L, 	(30-MAY-2025 15:48:44)
2,57 , 0,0,225008,1,L, 	(30-MAY-2025 15:48:44)
2,57 , 0,0,225008,1,L, 	(30-MAY-2025 15:48:44)
2,57 , 0,0,225008,1,L, 	(30-MAY-2025 15:48:44)
2,57 , 0,0,225008,0,L, 	(30-MAY-2025 15:48:44)
2,57 , 0,0,225008,0,L, 	(30-MAY-2025 15:48:44)
2,57 , 0,0,225008,0,L, 	(30-MAY-2025 15:48:44)
2,57 , 0,0,225008,0,L, 	(30-MAY-2025 15:48:44)
2,57 , 0,0,225008,0,L, 	(30-MAY-2025 15:48:44)
2,57 , 0,0,225008,0,L, 	(30-MAY-2025 15:48:44)
2,57 , 0,0,225008,0,L, 	(30-MAY-2025 15:48:44)
2,57 , 0,0,225008,0,L, 	(30-MAY-2025 15:48:44)
2,57 , 0,0,225008,0,L, 	(30-MAY-2025 15:48:44)
2,57 , 0,0,225008,0,L, 	(30-MAY-2025 15:48:44)
2,57 , 0,0,225008,0,L, 	(30-MAY-2025 15:48:44)
2,57 , 0,0,225008,0,L, 	(30-MAY-2025 15:48:44)
2,57 , 0,0,225008,0,L, 	(30-MAY-2025 15:48:44)
2,57 , 0,0,225008,0,L, 	(30-MAY-2025 15:48:44)
2,57 , 0,0,225008,0,L, 	(30-MAY-2025 15:48:44)
2,58 , 0,0,222045,0,L, 	(30-MAY-2025 15:48:44)
2,58 , 0,0,222045,0,L, 	(30-MAY-2025 15:48:44)
2,58 , 0,0,222045,0,L, 	(30-MAY-2025 15:48:44)
2,58 , 0,0,222045,0,L, 	(30-MAY-2025 15:48:44)
2,58 , 0,0,222045,0,L, 	(30-MAY-2025 15:48:44)
2,58 , 0,0,222045,0,L, 	(30-MAY-2025 15:48:44)
2,58 , 0,0,222045,0,L, 	(30-MAY-2025 15:48:44)
2,58 , 0,0,222045,0,L, 	(30-MAY-2025 15:48:44)
2,58 , 0,0,222045,0,L, 	(30-MAY-2025 15:48:44)
2,58 , 0,0,222045,0,L, 	(30-MAY-2025 15:48:44)
2,58 , 0,0,222045,0,L, 	(30-MAY-2025 15:48:44)
2,58 , 0,0,222045,0,L, 	(30-MAY-2025 15:48:44)
2,58 , 0,0,222045,0,L, 	(30-MAY-2025 15:48:44)
2,58 , 0,0,222045,0,L, 	(30-MAY-2025 15:48:44)
2,58 , 0,0,222045,0,L, 	(30-MAY-2025 15:48:44)
2,58 , 0,0,222045,0,L, 	(30-MAY-2025 15:48:44)
2,58 , 0,0,222045,0,L, 	(30-MAY-2025 15:48:44)
2,58 , 0,0,222045,0,L, 	(30-MAY-2025 15:48:44)
2,58 , 0,0,222045,0,L, 	(30-MAY-2025 15:48:44)
2,58 , 0,0,222045,0,L, 	(30-MAY-2025 15:48:44)
2,58 , 0,0,222045,0,L, 	(30-MAY-2025 15:48:44)
2,58 , 0,0,222045,0,L, 	(30-MAY-2025 15:48:44)
2,58 , 0,0,222045,0,L, 	(30-MAY-2025 15:48:44)
2,58 , 0,0,222045,0,L, 	(30-MAY-2025 15:48:44)
2,58 , 0,0,222045,0,L, 	(30-MAY-2025 15:48:44)
2,58 , 0,0,222045,0,L, 	(30-MAY-2025 15:48:44)
2,58 , 0,0,222045,0,L, 	(30-MAY-2025 15:48:44)
2,58 , 0,0,222045,0,L, 	(30-MAY-2025 15:48:44)
2,58 , 0,0,222045,0,L, 	(30-MAY-2025 15:48:44)
2,58 , 0,0,222045,0,L, 	(30-MAY-2025 15:48:44)
2,58 , 0,0,222046,0,L, 	(30-MAY-2025 15:48:44)
2,58 , 0,0,222046,0,L, 	(30-MAY-2025 15:48:44)
2,58 , 0,0,222046,0,L, 	(30-MAY-2025 15:48:44)
2,58 , 0,0,222046,0,L, 	(30-MAY-2025 15:48:44)
2,58 , 0,0,222046,0,L, 	(30-MAY-2025 15:48:44)
2,58 , 0,0,222046,0,L, 	(30-MAY-2025 15:48:44)
2,58 , 0,0,222046,0,L, 	(30-MAY-2025 15:48:44)
2,58 , 0,0,222046,0,L, 	(30-MAY-2025 15:48:44)
2,58 , 0,0,222046,0,L, 	(30-MAY-2025 15:48:44)
2,58 , 0,0,222046,0,L, 	(30-MAY-2025 15:48:44)
2,58 , 0,0,222046,0,L, 	(30-MAY-2025 15:48:44)
2,58 , 0,0,222046,0,L, 	(30-MAY-2025 15:48:44)
2,58 , 0,0,222046,0,L, 	(30-MAY-2025 15:48:44)
2,58 , 0,0,222046,0,L, 	(30-MAY-2025 15:48:44)
2,58 , 0,0,222046,0,L, 	(30-MAY-2025 15:48:44)
2,58 , 0,0,222046,0,L, 	(30-MAY-2025 15:48:44)
2,58 , 0,0,222046,0,L, 	(30-MAY-2025 15:48:44)
2,58 , 0,0,222046,0,L, 	(30-MAY-2025 15:48:44)
2,58 , 0,0,222046,0,L, 	(30-MAY-2025 15:48:44)
2,58 , 0,0,222046,0,L, 	(30-MAY-2025 15:48:44)
2,58 , 0,0,222046,0,L, 	(30-MAY-2025 15:48:44)
2,58 , 0,0,222046,0,L, 	(30-MAY-2025 15:48:44)
2,58 , 0,0,222046,0,L, 	(30-MAY-2025 15:48:44)
2,58 , 0,0,222046,0,L, 	(30-MAY-2025 15:48:44)
2,58 , 0,0,222046,0,L, 	(30-MAY-2025 15:48:44)
2,58 , 0,0,222046,0,L, 	(30-MAY-2025 15:48:44)
2,58 , 0,0,222046,0,L, 	(30-MAY-2025 15:48:44)
2,58 , 0,0,222046,0,L, 	(30-MAY-2025 15:48:44)
2,58 , 0,0,222046,0,L, 	(30-MAY-2025 15:48:44)
2,58 , 0,0,222046,0,L, 	(30-MAY-2025 15:48:44)
2,58 , 0,0,222046,0,L, 	(30-MAY-2025 15:48:44)
2,59 , 1,0,1,1,S, 	(30-MAY-2025 15:48:44)
2,59 , 1,0,1,1,S, 	(30-MAY-2025 15:48:44)
2,59 , 1,0,1,1,S, 	(30-MAY-2025 15:48:44)
2,59 , 1,0,1,1,S, 	(30-MAY-2025 15:48:44)
2,59 , 1,0,1,1,S, 	(30-MAY-2025 15:48:44)
2,59 , 1,0,1,1,S, 	(30-MAY-2025 15:48:44)
2,59 , 1,0,1,1,S, 	(30-MAY-2025 15:48:44)
2,59 , 1,0,1,1,S, 	(30-MAY-2025 15:48:44)
2,59 , 1,0,1,1,S, 	(30-MAY-2025 15:48:44)
2,59 , 1,0,1,1,S, 	(30-MAY-2025 15:48:44)
2,59 , 1,0,1,1,S, 	(30-MAY-2025 15:48:44)
2,59 , 1,0,1,1,S, 	(30-MAY-2025 15:48:44)
2,59 , 1,0,1,1,S, 	(30-MAY-2025 15:48:44)
2,59 , 1,0,1,1,S, 	(30-MAY-2025 15:48:44)
2,59 , 1,0,1,1,S, 	(30-MAY-2025 15:48:44)
2,59 , 1,0,2,0,S, 	(30-MAY-2025 15:48:44)
2,59 , 1,0,2,0,S, 	(30-MAY-2025 15:48:44)
2,59 , 1,0,2,0,S, 	(30-MAY-2025 15:48:44)
2,59 , 1,0,2,0,S, 	(30-MAY-2025 15:48:44)
2,59 , 1,0,2,0,S, 	(30-MAY-2025 15:48:44)
2,59 , 1,0,2,0,S, 	(30-MAY-2025 15:48:44)
2,59 , 1,0,2,0,S, 	(30-MAY-2025 15:48:44)
2,59 , 1,0,2,0,S, 	(30-MAY-2025 15:48:44)
2,59 , 1,0,2,0,S, 	(30-MAY-2025 15:48:44)
2,59 , 1,0,2,0,S, 	(30-MAY-2025 15:48:44)
2,59 , 1,0,2,0,S, 	(30-MAY-2025 15:48:44)
2,59 , 1,0,2,0,S, 	(30-MAY-2025 15:48:44)
2,59 , 1,0,2,0,S, 	(30-MAY-2025 15:48:44)
2,59 , 1,0,2,0,S, 	(30-MAY-2025 15:48:44)
2,59 , 1,0,2,0,S, 	(30-MAY-2025 15:48:44)
2,59 , 1,0,2,0,S, 	(30-MAY-2025 15:48:44)
2,59 , 1,0,2,0,S, 	(30-MAY-2025 15:48:44)
2,59 , 1,0,2,0,S, 	(30-MAY-2025 15:48:44)
2,59 , 1,0,2,0,S, 	(30-MAY-2025 15:48:44)
2,59 , 1,0,2,0,S, 	(30-MAY-2025 15:48:44)
2,59 , 1,0,2,0,S, 	(30-MAY-2025 15:48:44)
2,59 , 1,0,2,0,S, 	(30-MAY-2025 15:48:44)
2,59 , 1,0,3,0,S, 	(30-MAY-2025 15:48:44)
2,59 , 1,0,3,0,S, 	(30-MAY-2025 15:48:44)
2,59 , 1,0,3,0,S, 	(30-MAY-2025 15:48:44)
2,59 , 1,0,3,0,S, 	(30-MAY-2025 15:48:44)
2,59 , 1,0,3,0,S, 	(30-MAY-2025 15:48:44)
2,59 , 1,0,3,0,S, 	(30-MAY-2025 15:48:44)
2,59 , 1,0,3,0,S, 	(30-MAY-2025 15:48:44)
2,59 , 1,0,3,0,S, 	(30-MAY-2025 15:48:44)
2,59 , 1,0,3,0,S, 	(30-MAY-2025 15:48:44)
2,59 , 1,0,3,0,S, 	(30-MAY-2025 15:48:44)
2,59 , 1,0,3,0,S, 	(30-MAY-2025 15:48:44)
2,59 , 1,0,3,0,S, 	(30-MAY-2025 15:48:44)
2,59 , 1,0,3,0,S, 	(30-MAY-2025 15:48:44)
2,59 , 1,0,3,0,S, 	(30-MAY-2025 15:48:44)
2,59 , 1,0,3,0,S, 	(30-MAY-2025 15:48:44)
2,59 , 1,0,3,0,S, 	(30-MAY-2025 15:48:44)
2,59 , 1,0,3,0,S, 	(30-MAY-2025 15:48:44)
2,59 , 1,0,3,0,S, 	(30-MAY-2025 15:48:44)
2,59 , 1,0,3,0,S, 	(30-MAY-2025 15:48:44)
2,59 , 1,0,3,0,S, 	(30-MAY-2025 15:48:44)
2,59 , 1,0,3,0,S, 	(30-MAY-2025 15:48:44)
2,59 , 1,0,3,0,S, 	(30-MAY-2025 15:48:44)
2,59 , 1,0,3,0,S, 	(30-MAY-2025 15:48:44)
2,59 , 1,0,3,0,S, 	(30-MAY-2025 15:48:44)
2,59 , 1,0,3,0,S, 	(30-MAY-2025 15:48:44)
2,59 , 1,0,3,0,S, 	(30-MAY-2025 15:48:44)
2,59 , 1,0,3,0,S, 	(30-MAY-2025 15:48:44)
2,59 , 1,0,3,0,S, 	(30-MAY-2025 15:48:44)
2,59 , 1,0,3,0,S, 	(30-MAY-2025 15:48:44)
2,59 , 1,0,3,0,S, 	(30-MAY-2025 15:48:44)
2,59 , 1,0,3,0,S, 	(30-MAY-2025 15:48:44)
2,59 , 1,0,3,0,S, 	(30-MAY-2025 15:48:44)
2,59 , 1,0,3,0,S, 	(30-MAY-2025 15:48:44)
2,59 , 1,0,3,0,S, 	(30-MAY-2025 15:48:44)
2,59 , 1,0,3,0,S, 	(30-MAY-2025 15:48:44)
2,59 , 1,0,3,0,S, 	(30-MAY-2025 15:48:44)
2,59 , 1,0,3,0,S, 	(30-MAY-2025 15:48:44)
2,59 , 1,0,3,0,S, 	(30-MAY-2025 15:48:44)
2,59 , 1,0,3,0,S, 	(30-MAY-2025 15:48:44)
2,59 , 1,0,3,0,S, 	(30-MAY-2025 15:48:44)
2,59 , 1,0,3,0,S, 	(30-MAY-2025 15:48:44)
2,59 , 1,0,3,0,S, 	(30-MAY-2025 15:48:44)
2,59 , 1,0,3,0,S, 	(30-MAY-2025 15:48:44)
2,59 , 1,0,3,0,S, 	(30-MAY-2025 15:48:44)
2,59 , 1,0,3,0,S, 	(30-MAY-2025 15:48:44)
2,59 , 1,0,3,0,S, 	(30-MAY-2025 15:48:44)
2,59 , 1,0,3,0,S, 	(30-MAY-2025 15:48:44)
2,59 , 1,0,3,0,S, 	(30-MAY-2025 15:48:44)
2,59 , 1,0,3,0,S, 	(30-MAY-2025 15:48:44)
2,59 , 1,0,3,0,S, 	(30-MAY-2025 15:48:44)
2,59 , 1,0,3,0,S, 	(30-MAY-2025 15:48:44)
2,59 , 1,0,3,0,S, 	(30-MAY-2025 15:48:44)
2,59 , 1,0,3,0,S, 	(30-MAY-2025 15:48:44)
2,59 , 1,0,3,0,S, 	(30-MAY-2025 15:48:44)
2,59 , 1,0,3,0,S, 	(30-MAY-2025 15:48:44)
2,59 , 1,0,3,0,S, 	(30-MAY-2025 15:48:44)
2,59 , 1,0,3,0,S, 	(30-MAY-2025 15:48:44)
2,59 , 1,0,3,0,S, 	(30-MAY-2025 15:48:44)
2,59 , 1,0,3,0,S, 	(30-MAY-2025 15:48:44)
2,59 , 1,0,3,0,S, 	(30-MAY-2025 15:48:44)
2,59 , 1,0,3,0,S, 	(30-MAY-2025 15:48:44)
2,59 , 1,0,3,0,S, 	(30-MAY-2025 15:48:44)
2,59 , 1,0,3,0,S, 	(30-MAY-2025 15:48:44)
2,59 , 1,0,3,0,S, 	(30-MAY-2025 15:48:44)
2,59 , 1,0,3,0,S, 	(30-MAY-2025 15:48:44)
2,59 , 1,0,3,0,S, 	(30-MAY-2025 15:48:44)
2,59 , 1,0,3,0,S, 	(30-MAY-2025 15:48:44)
2,59 , 1,0,3,0,S, 	(30-MAY-2025 15:48:44)
2,59 , 1,0,3,0,S, 	(30-MAY-2025 15:48:44)
2,59 , 1,0,3,0,S, 	(30-MAY-2025 15:48:44)
2,59 , 1,0,3,0,S, 	(30-MAY-2025 15:48:44)
2,59 , 1,0,3,0,S, 	(30-MAY-2025 15:48:44)
2,59 , 1,0,3,0,S, 	(30-MAY-2025 15:48:44)
2,59 , 1,0,3,0,S, 	(30-MAY-2025 15:48:44)
2,59 , 1,0,3,0,S, 	(30-MAY-2025 15:48:44)
2,59 , 1,0,3,0,S, 	(30-MAY-2025 15:48:44)
2,59 , 1,0,3,0,S, 	(30-MAY-2025 15:48:44)
2,59 , 1,0,3,0,S, 	(30-MAY-2025 15:48:44)
2,59 , 1,0,3,0,S, 	(30-MAY-2025 15:48:44)
2,59 , 1,0,3,0,S, 	(30-MAY-2025 15:48:44)
2,59 , 1,0,3,0,S, 	(30-MAY-2025 15:48:44)
2,59 , 1,0,3,0,S, 	(30-MAY-2025 15:48:44)
2,59 , 1,0,3,0,S, 	(30-MAY-2025 15:48:44)
2,59 , 1,0,3,0,S, 	(30-MAY-2025 15:48:44)
2,59 , 1,0,3,0,S, 	(30-MAY-2025 15:48:44)
2,59 , 1,0,3,0,S, 	(30-MAY-2025 15:48:44)
2,59 , 1,0,3,0,S, 	(30-MAY-2025 15:48:44)
2,59 , 1,0,3,0,S, 	(30-MAY-2025 15:48:44)
2,59 , 1,0,3,0,S, 	(30-MAY-2025 15:48:44)
2,59 , 1,0,3,0,S, 	(30-MAY-2025 15:48:44)
2,59 , 1,0,3,0,S, 	(30-MAY-2025 15:48:44)
2,59 , 1,0,3,0,S, 	(30-MAY-2025 15:48:44)
2,59 , 1,0,3,0,S, 	(30-MAY-2025 15:48:44)
2,59 , 1,0,3,0,S, 	(30-MAY-2025 15:48:44)
2,59 , 1,0,3,0,S, 	(30-MAY-2025 15:48:44)
2,59 , 1,0,3,0,S, 	(30-MAY-2025 15:48:44)
2,59 , 1,0,3,0,S, 	(30-MAY-2025 15:48:44)
2,59 , 1,0,3,0,S, 	(30-MAY-2025 15:48:44)
2,59 , 1,0,3,0,S, 	(30-MAY-2025 15:48:44)
2,59 , 1,0,3,0,S, 	(30-MAY-2025 15:48:44)
2,59 , 1,0,3,0,S, 	(30-MAY-2025 15:48:44)
2,59 , 1,0,3,0,S, 	(30-MAY-2025 15:48:44)
2,59 , 1,0,3,0,S, 	(30-MAY-2025 15:48:44)
2,59 , 1,0,3,0,S, 	(30-MAY-2025 15:48:44)
2,59 , 1,0,3,0,S, 	(30-MAY-2025 15:48:44)
2,59 , 1,0,3,0,S, 	(30-MAY-2025 15:48:44)
2,59 , 1,0,3,0,S, 	(30-MAY-2025 15:48:44)
2,59 , 1,0,3,0,S, 	(30-MAY-2025 15:48:44)
2,59 , 1,0,3,0,S, 	(30-MAY-2025 15:48:44)
2,59 , 1,0,3,0,S, 	(30-MAY-2025 15:48:44)
2,59 , 1,0,3,0,S, 	(30-MAY-2025 15:48:44)
2,59 , 1,0,3,0,S, 	(30-MAY-2025 15:48:44)
2,59 , 1,0,3,0,S, 	(30-MAY-2025 15:48:44)
2,59 , 1,0,3,0,S, 	(30-MAY-2025 15:48:44)
2,59 , 1,0,3,0,S, 	(30-MAY-2025 15:48:44)
2,59 , 1,0,3,0,S, 	(30-MAY-2025 15:48:44)
2,59 , 1,0,3,0,S, 	(30-MAY-2025 15:48:44)
2,59 , 1,0,3,0,S, 	(30-MAY-2025 15:48:44)
2,59 , 1,0,3,0,S, 	(30-MAY-2025 15:48:44)
2,59 , 1,0,3,0,S, 	(30-MAY-2025 15:48:44)
2,59 , 1,0,3,0,S, 	(30-MAY-2025 15:48:44)
2,59 , 1,0,3,0,S, 	(30-MAY-2025 15:48:44)
2,59 , 1,0,3,0,S, 	(30-MAY-2025 15:48:44)
2,59 , 1,0,3,0,S, 	(30-MAY-2025 15:48:44)
2,59 , 1,0,3,0,S, 	(30-MAY-2025 15:48:44)
2,59 , 1,0,3,0,S, 	(30-MAY-2025 15:48:44)
2,59 , 1,0,3,0,S, 	(30-MAY-2025 15:48:44)
2,59 , 1,0,3,0,S, 	(30-MAY-2025 15:48:44)
2,59 , 1,0,3,0,S, 	(30-MAY-2025 15:48:44)
2,59 , 1,0,3,0,S, 	(30-MAY-2025 15:48:44)
2,59 , 1,0,3,0,S, 	(30-MAY-2025 15:48:44)
2,59 , 1,0,3,0,S, 	(30-MAY-2025 15:48:44)
2,59 , 1,0,3,0,S, 	(30-MAY-2025 15:48:44)
2,59 , 1,0,3,0,S, 	(30-MAY-2025 15:48:44)
2,59 , 1,0,3,0,S, 	(30-MAY-2025 15:48:44)
2,59 , 1,0,3,0,S, 	(30-MAY-2025 15:48:44)
2,59 , 1,0,3,0,S, 	(30-MAY-2025 15:48:44)
2,59 , 1,0,3,0,S, 	(30-MAY-2025 15:48:44)
2,59 , 1,0,3,0,S, 	(30-MAY-2025 15:48:44)
2,59 , 1,0,3,0,S, 	(30-MAY-2025 15:48:44)
2,59 , 1,0,3,0,S, 	(30-MAY-2025 15:48:44)
2,59 , 1,0,3,0,S, 	(30-MAY-2025 15:48:44)
2,59 , 1,0,3,0,S, 	(30-MAY-2025 15:48:44)
2,59 , 1,0,3,0,S, 	(30-MAY-2025 15:48:44)
2,59 , 1,0,3,0,S, 	(30-MAY-2025 15:48:44)
2,59 , 1,0,3,0,S, 	(30-MAY-2025 15:48:44)
2,59 , 1,0,3,0,S, 	(30-MAY-2025 15:48:44)
2,59 , 1,0,3,0,S, 	(30-MAY-2025 15:48:44)
2,59 , 1,0,3,0,S, 	(30-MAY-2025 15:48:44)
2,59 , 1,0,3,0,S, 	(30-MAY-2025 15:48:44)
2,59 , 1,0,3,0,S, 	(30-MAY-2025 15:48:44)
2,59 , 1,0,3,0,S, 	(30-MAY-2025 15:48:44)
2,59 , 1,0,3,0,S, 	(30-MAY-2025 15:48:44)
2,59 , 1,0,3,0,S, 	(30-MAY-2025 15:48:44)
2,59 , 1,0,3,0,S, 	(30-MAY-2025 15:48:44)
2,59 , 1,0,3,0,S, 	(30-MAY-2025 15:48:44)
2,59 , 1,0,3,0,S, 	(30-MAY-2025 15:48:44)
2,59 , 1,0,3,0,S, 	(30-MAY-2025 15:48:44)
2,59 , 1,0,3,0,S, 	(30-MAY-2025 15:48:44)
2,59 , 1,0,3,0,S, 	(30-MAY-2025 15:48:44)
2,59 , 1,0,3,0,S, 	(30-MAY-2025 15:48:44)
2,59 , 1,0,3,0,S, 	(30-MAY-2025 15:48:44)
2,59 , 1,0,3,0,S, 	(30-MAY-2025 15:48:44)
2,59 , 1,0,3,0,S, 	(30-MAY-2025 15:48:44)
2,59 , 1,0,3,0,S, 	(30-MAY-2025 15:48:44)
2,59 , 1,0,3,0,S, 	(30-MAY-2025 15:48:44)
2,59 , 1,0,3,0,S, 	(30-MAY-2025 15:48:44)
2,59 , 1,0,3,0,S, 	(30-MAY-2025 15:48:44)
2,59 , 1,0,3,0,S, 	(30-MAY-2025 15:48:44)
2,59 , 1,0,3,0,S, 	(30-MAY-2025 15:48:44)
2,59 , 1,0,3,0,S, 	(30-MAY-2025 15:48:44)
2,59 , 1,0,3,0,S, 	(30-MAY-2025 15:48:44)
2,59 , 1,0,3,0,S, 	(30-MAY-2025 15:48:44)
2,59 , 1,0,3,0,S, 	(30-MAY-2025 15:48:44)
2,59 , 1,0,3,0,S, 	(30-MAY-2025 15:48:44)
2,59 , 1,0,3,0,S, 	(30-MAY-2025 15:48:44)
2,59 , 1,0,3,0,S, 	(30-MAY-2025 15:48:44)
2,59 , 1,0,3,0,S, 	(30-MAY-2025 15:48:44)
2,59 , 1,0,3,0,S, 	(30-MAY-2025 15:48:44)
2,59 , 1,0,3,0,S, 	(30-MAY-2025 15:48:44)
2,59 , 1,0,3,0,S, 	(30-MAY-2025 15:48:44)
2,59 , 1,0,3,0,S, 	(30-MAY-2025 15:48:44)
2,59 , 1,0,3,0,S, 	(30-MAY-2025 15:48:44)
2,59 , 1,0,3,0,S, 	(30-MAY-2025 15:48:44)
2,59 , 1,0,3,0,S, 	(30-MAY-2025 15:48:44)
2,59 , 1,0,3,0,S, 	(30-MAY-2025 15:48:44)
2,59 , 1,0,3,0,S, 	(30-MAY-2025 15:48:44)
2,59 , 1,0,3,0,S, 	(30-MAY-2025 15:48:44)
2,59 , 1,0,3,0,S, 	(30-MAY-2025 15:48:44)
2,59 , 1,0,3,0,S, 	(30-MAY-2025 15:48:44)
2,59 , 1,0,3,0,S, 	(30-MAY-2025 15:48:44)
2,59 , 1,0,3,0,S, 	(30-MAY-2025 15:48:44)
2,59 , 1,0,3,0,S, 	(30-MAY-2025 15:48:44)
2,59 , 1,0,3,0,S, 	(30-MAY-2025 15:48:44)
2,59 , 1,0,3,0,S, 	(30-MAY-2025 15:48:44)
2,59 , 1,0,3,0,S, 	(30-MAY-2025 15:48:44)
2,59 , 1,0,3,0,S, 	(30-MAY-2025 15:48:44)
2,59 , 1,0,3,0,S, 	(30-MAY-2025 15:48:44)
2,59 , 1,0,3,0,S, 	(30-MAY-2025 15:48:44)
2,59 , 1,0,3,0,S, 	(30-MAY-2025 15:48:44)
2,59 , 1,0,3,0,S, 	(30-MAY-2025 15:48:44)
2,59 , 1,0,3,0,S, 	(30-MAY-2025 15:48:44)
2,59 , 1,0,3,0,S, 	(30-MAY-2025 15:48:44)
2,59 , 1,0,3,0,S, 	(30-MAY-2025 15:48:44)
2,59 , 1,0,3,0,S, 	(30-MAY-2025 15:48:44)
2,59 , 1,0,3,0,S, 	(30-MAY-2025 15:48:44)
2,59 , 1,0,3,0,S, 	(30-MAY-2025 15:48:44)
2,59 , 1,0,3,0,S, 	(30-MAY-2025 15:48:44)
2,59 , 1,0,3,0,S, 	(30-MAY-2025 15:48:44)
2,59 , 1,0,3,0,S, 	(30-MAY-2025 15:48:44)
2,59 , 1,0,3,0,S, 	(30-MAY-2025 15:48:44)
2,59 , 1,0,3,0,S, 	(30-MAY-2025 15:48:44)
2,59 , 1,0,3,0,S, 	(30-MAY-2025 15:48:44)
2,60 , 0,0,225009,0,L, 	(30-MAY-2025 15:48:44)
2,60 , 0,0,225009,0,L, 	(30-MAY-2025 15:48:44)
2,60 , 0,0,225009,0,L, 	(30-MAY-2025 15:48:44)
2,60 , 0,0,225009,0,L, 	(30-MAY-2025 15:48:44)
2,60 , 0,0,225009,0,L, 	(30-MAY-2025 15:48:44)
2,60 , 0,0,225009,0,L, 	(30-MAY-2025 15:48:44)
2,60 , 0,0,225009,0,L, 	(30-MAY-2025 15:48:44)
2,60 , 0,0,225009,0,L, 	(30-MAY-2025 15:48:44)
2,60 , 0,0,225009,0,L, 	(30-MAY-2025 15:48:45)
2,60 , 0,0,225009,0,L, 	(30-MAY-2025 15:48:45)
2,60 , 0,0,225009,0,L, 	(30-MAY-2025 15:48:45)
2,60 , 0,0,225009,0,L, 	(30-MAY-2025 15:48:45)
2,60 , 0,0,225009,0,L, 	(30-MAY-2025 15:48:45)
2,60 , 0,0,225009,0,L, 	(30-MAY-2025 15:48:45)
2,60 , 0,0,225009,0,L, 	(30-MAY-2025 15:48:45)
2,60 , 0,0,225009,0,L, 	(30-MAY-2025 15:48:45)
2,60 , 0,0,225009,0,L, 	(30-MAY-2025 15:48:45)
2,60 , 0,0,225009,0,L, 	(30-MAY-2025 15:48:45)
2,60 , 0,0,225009,0,L, 	(30-MAY-2025 15:48:45)
2,60 , 0,0,225009,0,L, 	(30-MAY-2025 15:48:45)
2,60 , 0,0,225009,0,L, 	(30-MAY-2025 15:48:45)
2,124 , 0,0,123029,3,X, 	(30-MAY-2025 15:48:45)
2,124 , 0,0,123030,2,X, 	(30-MAY-2025 15:48:45)
2,124 , 0,0,123030,2,X, 	(30-MAY-2025 15:48:45)
2,124 , 0,0,123030,2,X, 	(30-MAY-2025 15:48:45)
2,124 , 0,0,123030,2,X, 	(30-MAY-2025 15:48:45)
2,124 , 0,0,123030,2,X, 	(30-MAY-2025 15:48:45)
2,124 , 0,0,123030,2,X, 	(30-MAY-2025 15:48:45)
2,124 , 0,0,123030,2,X, 	(30-MAY-2025 15:48:45)
2,124 , 0,0,123030,2,X, 	(30-MAY-2025 15:48:45)
2,124 , 0,0,123030,2,X, 	(30-MAY-2025 15:48:45)
2,124 , 0,0,123030,2,X, 	(30-MAY-2025 15:48:45)
2,124 , 0,0,123030,2,X, 	(30-MAY-2025 15:48:45)
2,124 , 0,0,123030,2,X, 	(30-MAY-2025 15:48:45)
2,124 , 0,0,123030,2,X, 	(30-MAY-2025 15:48:45)
2,124 , 0,0,123030,2,X, 	(30-MAY-2025 15:48:45)
2,124 , 0,0,123030,2,X, 	(30-MAY-2025 15:48:45)
2,124 , 0,0,123030,2,X, 	(30-MAY-2025 15:48:45)
2,124 , 0,0,122056,0,X, 	(30-MAY-2025 15:48:45)
2,124 , 0,0,122057,0,X, 	(30-MAY-2025 15:48:45)
2,124 , 0,0,122058,0,X, 	(30-MAY-2025 15:48:45)
2,61 , 0,0,124068,0,X, 	(30-MAY-2025 15:48:45)
2,61 , 0,0,124068,0,X, 	(30-MAY-2025 15:48:45)
2,61 , 0,0,124068,0,X, 	(30-MAY-2025 15:48:45)
2,61 , 0,0,124068,0,X, 	(30-MAY-2025 15:48:45)
2,61 , 0,0,124068,0,X, 	(30-MAY-2025 15:48:45)
2,61 , 0,0,124068,0,X, 	(30-MAY-2025 15:48:45)
2,61 , 0,0,124068,0,X, 	(30-MAY-2025 15:48:45)
2,61 , 0,0,124068,0,X, 	(30-MAY-2025 15:48:45)
2,61 , 0,0,124068,0,X, 	(30-MAY-2025 15:48:45)
2,61 , 0,0,124068,0,X, 	(30-MAY-2025 15:48:45)
2,61 , 0,0,124068,0,X, 	(30-MAY-2025 15:48:45)
2,61 , 0,0,124068,0,X, 	(30-MAY-2025 15:48:45)
2,61 , 0,0,124068,0,X, 	(30-MAY-2025 15:48:45)
2,61 , 0,0,124068,0,X, 	(30-MAY-2025 15:48:45)
2,61 , 0,0,124068,0,X, 	(30-MAY-2025 15:48:45)
2,61 , 0,0,124068,0,X, 	(30-MAY-2025 15:48:45)
2,61 , 0,0,124068,0,X, 	(30-MAY-2025 15:48:45)
2,61 , 0,0,124068,0,X, 	(30-MAY-2025 15:48:45)
2,61 , 0,0,124068,0,X, 	(30-MAY-2025 15:48:45)
2,61 , 0,0,124068,0,X, 	(30-MAY-2025 15:48:45)
2,61 , 0,0,124068,0,X, 	(30-MAY-2025 15:48:45)
2,61 , 0,0,124068,0,X, 	(30-MAY-2025 15:48:45)
2,61 , 0,0,124068,0,X, 	(30-MAY-2025 15:48:45)
2,61 , 0,0,124068,0,X, 	(30-MAY-2025 15:48:45)
2,61 , 0,0,124068,0,X, 	(30-MAY-2025 15:48:45)
2,61 , 0,0,124068,0,X, 	(30-MAY-2025 15:48:45)
2,61 , 0,0,124068,0,X, 	(30-MAY-2025 15:48:45)
2,61 , 0,0,124068,0,X, 	(30-MAY-2025 15:48:45)
2,61 , 0,0,124068,0,X, 	(30-MAY-2025 15:48:45)
2,61 , 0,0,124068,0,X, 	(30-MAY-2025 15:48:45)
2,61 , 0,0,124069,0,X, 	(30-MAY-2025 15:48:45)
2,61 , 0,0,124069,0,X, 	(30-MAY-2025 15:48:45)
2,61 , 0,0,124069,0,X, 	(30-MAY-2025 15:48:45)
2,61 , 0,0,124069,0,X, 	(30-MAY-2025 15:48:45)
2,61 , 0,0,124069,0,X, 	(30-MAY-2025 15:48:45)
2,61 , 0,0,124069,0,X, 	(30-MAY-2025 15:48:45)
2,61 , 0,0,124069,0,X, 	(30-MAY-2025 15:48:45)
2,61 , 0,0,124069,0,X, 	(30-MAY-2025 15:48:45)
2,61 , 0,0,124069,0,X, 	(30-MAY-2025 15:48:45)
2,61 , 0,0,124069,0,X, 	(30-MAY-2025 15:48:45)
2,61 , 0,0,124069,0,X, 	(30-MAY-2025 15:48:45)
2,61 , 0,0,124069,0,X, 	(30-MAY-2025 15:48:45)
2,61 , 0,0,124069,0,X, 	(30-MAY-2025 15:48:45)
2,61 , 0,0,124069,0,X, 	(30-MAY-2025 15:48:45)
2,61 , 0,0,124069,0,X, 	(30-MAY-2025 15:48:45)
2,61 , 0,0,124069,0,X, 	(30-MAY-2025 15:48:45)
2,61 , 0,0,124069,0,X, 	(30-MAY-2025 15:48:45)
2,61 , 0,0,124069,0,X, 	(30-MAY-2025 15:48:45)
2,61 , 0,0,124069,0,X, 	(30-MAY-2025 15:48:45)
2,61 , 0,0,124069,0,X, 	(30-MAY-2025 15:48:45)
2,61 , 0,0,124069,0,X, 	(30-MAY-2025 15:48:45)
2,61 , 0,0,124069,0,X, 	(30-MAY-2025 15:48:45)
2,61 , 0,0,124069,0,X, 	(30-MAY-2025 15:48:45)
2,61 , 0,0,124069,0,X, 	(30-MAY-2025 15:48:45)
2,61 , 0,0,124069,0,X, 	(30-MAY-2025 15:48:45)
2,61 , 0,0,124069,0,X, 	(30-MAY-2025 15:48:45)
2,61 , 0,0,124069,0,X, 	(30-MAY-2025 15:48:45)
2,61 , 0,0,124069,0,X, 	(30-MAY-2025 15:48:45)
2,61 , 0,0,124069,0,X, 	(30-MAY-2025 15:48:45)
2,61 , 0,0,124069,0,X, 	(30-MAY-2025 15:48:45)
2,61 , 0,0,124069,0,X, 	(30-MAY-2025 15:48:45)
2,158 , 0,0,223102,0,L, 	(30-MAY-2025 15:48:45)
2,158 , 0,0,223102,0,L, 	(30-MAY-2025 15:48:45)
2,158 , 0,0,223102,0,L, 	(30-MAY-2025 15:48:45)
2,158 , 0,0,223102,0,L, 	(30-MAY-2025 15:48:45)
2,158 , 0,0,223102,0,L, 	(30-MAY-2025 15:48:45)
2,158 , 0,0,223102,0,L, 	(30-MAY-2025 15:48:45)
2,158 , 0,0,223102,0,L, 	(30-MAY-2025 15:48:45)
2,158 , 0,0,223102,0,L, 	(30-MAY-2025 15:48:45)
2,158 , 0,0,223102,0,L, 	(30-MAY-2025 15:48:45)
2,158 , 0,0,223102,0,L, 	(30-MAY-2025 15:48:45)
2,158 , 0,0,223102,0,L, 	(30-MAY-2025 15:48:45)
2,158 , 0,0,223102,0,L, 	(30-MAY-2025 15:48:45)
2,158 , 0,0,223102,0,L, 	(30-MAY-2025 15:48:45)
2,158 , 0,0,223102,0,L, 	(30-MAY-2025 15:48:45)
2,158 , 0,0,223102,0,L, 	(30-MAY-2025 15:48:45)
2,158 , 0,0,223103,0,L, 	(30-MAY-2025 15:48:45)
2,158 , 0,0,223103,0,L, 	(30-MAY-2025 15:48:45)
2,158 , 0,0,223103,0,L, 	(30-MAY-2025 15:48:45)
2,158 , 0,0,223103,0,L, 	(30-MAY-2025 15:48:45)
2,158 , 0,0,223103,0,L, 	(30-MAY-2025 15:48:45)
2,158 , 0,0,223103,0,L, 	(30-MAY-2025 15:48:45)
2,158 , 0,0,223103,0,L, 	(30-MAY-2025 15:48:45)
2,158 , 0,0,223103,0,L, 	(30-MAY-2025 15:48:45)
2,158 , 0,0,223103,0,L, 	(30-MAY-2025 15:48:45)
2,158 , 0,0,223103,0,L, 	(30-MAY-2025 15:48:45)
2,158 , 0,0,223103,0,L, 	(30-MAY-2025 15:48:45)
2,158 , 0,0,223103,0,L, 	(30-MAY-2025 15:48:45)
2,158 , 0,0,223103,0,L, 	(30-MAY-2025 15:48:45)
2,158 , 0,0,223103,0,L, 	(30-MAY-2025 15:48:45)
2,158 , 0,0,223103,0,L, 	(30-MAY-2025 15:48:45)
2,158 , 0,0,223103,0,L, 	(30-MAY-2025 15:48:45)
2,158 , 0,0,223103,0,L, 	(30-MAY-2025 15:48:45)
2,158 , 0,0,223103,0,L, 	(30-MAY-2025 15:48:45)
2,158 , 0,0,223103,0,L, 	(30-MAY-2025 15:48:45)
2,158 , 0,0,223103,0,L, 	(30-MAY-2025 15:48:45)
2,158 , 0,0,223103,0,L, 	(30-MAY-2025 15:48:45)
2,158 , 0,0,223104,0,L, 	(30-MAY-2025 15:48:45)
2,158 , 0,0,223104,0,L, 	(30-MAY-2025 15:48:45)
2,158 , 0,0,223104,0,L, 	(30-MAY-2025 15:48:45)
2,158 , 0,0,223104,0,L, 	(30-MAY-2025 15:48:45)
2,158 , 0,0,223104,0,L, 	(30-MAY-2025 15:48:45)
2,158 , 0,0,223104,0,L, 	(30-MAY-2025 15:48:45)
2,158 , 0,0,223104,0,L, 	(30-MAY-2025 15:48:45)
2,158 , 0,0,223104,0,L, 	(30-MAY-2025 15:48:45)
2,158 , 0,0,223104,0,L, 	(30-MAY-2025 15:48:45)
2,158 , 0,0,223104,0,L, 	(30-MAY-2025 15:48:45)
2,158 , 0,0,223104,0,L, 	(30-MAY-2025 15:48:45)
2,158 , 0,0,223104,0,L, 	(30-MAY-2025 15:48:45)
2,158 , 0,0,223104,0,L, 	(30-MAY-2025 15:48:45)
2,158 , 0,0,223104,0,L, 	(30-MAY-2025 15:48:45)
2,158 , 0,0,223104,0,L, 	(30-MAY-2025 15:48:45)
2,158 , 0,0,223104,0,L, 	(30-MAY-2025 15:48:45)
2,158 , 0,0,223104,0,L, 	(30-MAY-2025 15:48:45)
2,158 , 0,0,223104,0,L, 	(30-MAY-2025 15:48:45)
2,158 , 0,0,223104,0,L, 	(30-MAY-2025 15:48:45)
2,158 , 0,0,223104,0,L, 	(30-MAY-2025 15:48:45)
2,158 , 0,0,223104,0,L, 	(30-MAY-2025 15:48:45)
2,158 , 0,0,223104,0,L, 	(30-MAY-2025 15:48:45)
2,158 , 0,0,223104,0,L, 	(30-MAY-2025 15:48:45)
2,158 , 0,0,223104,0,L, 	(30-MAY-2025 15:48:45)
2,158 , 0,0,223104,0,L, 	(30-MAY-2025 15:48:45)
2,158 , 0,0,223104,0,L, 	(30-MAY-2025 15:48:45)
2,158 , 0,0,223104,0,L, 	(30-MAY-2025 15:48:45)
2,158 , 0,0,223104,0,L, 	(30-MAY-2025 15:48:45)
2,158 , 0,0,223105,0,L, 	(30-MAY-2025 15:48:45)
2,158 , 0,0,223105,0,L, 	(30-MAY-2025 15:48:45)
2,158 , 0,0,223105,0,L, 	(30-MAY-2025 15:48:45)
2,158 , 0,0,223105,0,L, 	(30-MAY-2025 15:48:45)
2,158 , 0,0,223105,0,L, 	(30-MAY-2025 15:48:45)
2,158 , 0,0,223105,0,L, 	(30-MAY-2025 15:48:45)
2,158 , 0,0,223105,0,L, 	(30-MAY-2025 15:48:45)
2,158 , 0,0,223105,0,L, 	(30-MAY-2025 15:48:45)
2,158 , 0,0,223105,0,L, 	(30-MAY-2025 15:48:45)
2,158 , 0,0,223105,0,L, 	(30-MAY-2025 15:48:45)
2,158 , 0,0,223105,0,L, 	(30-MAY-2025 15:48:45)
2,158 , 0,0,223105,0,L, 	(30-MAY-2025 15:48:45)
2,158 , 0,0,223105,0,L, 	(30-MAY-2025 15:48:45)
2,158 , 0,0,223105,0,L, 	(30-MAY-2025 15:48:45)
2,158 , 0,0,223105,0,L, 	(30-MAY-2025 15:48:45)
2,158 , 0,0,223105,0,L, 	(30-MAY-2025 15:48:45)
2,158 , 0,0,223105,0,L, 	(30-MAY-2025 15:48:45)
2,158 , 0,0,223105,0,L, 	(30-MAY-2025 15:48:45)
2,158 , 0,0,223105,0,L, 	(30-MAY-2025 15:48:45)
2,158 , 0,0,223105,0,L, 	(30-MAY-2025 15:48:45)
2,158 , 0,0,223105,0,L, 	(30-MAY-2025 15:48:45)
2,158 , 0,0,223105,0,L, 	(30-MAY-2025 15:48:45)
2,158 , 0,0,223105,0,L, 	(30-MAY-2025 15:48:45)
2,158 , 0,0,223105,0,L, 	(30-MAY-2025 15:48:45)
2,158 , 0,0,223105,0,L, 	(30-MAY-2025 15:48:45)
2,158 , 0,0,223105,0,L, 	(30-MAY-2025 15:48:45)
2,158 , 0,0,223105,0,L, 	(30-MAY-2025 15:48:45)
2,158 , 0,0,223105,0,L, 	(30-MAY-2025 15:48:45)
2,158 , 0,0,223105,0,L, 	(30-MAY-2025 15:48:45)
2,158 , 0,0,223105,0,L, 	(30-MAY-2025 15:48:45)
2,63 , 1,0,2,0,S, 	(30-MAY-2025 15:48:45)
2,63 , 1,0,2,0,S, 	(30-MAY-2025 15:48:45)
2,63 , 1,0,2,0,S, 	(30-MAY-2025 15:48:45)
2,63 , 1,0,2,0,S, 	(30-MAY-2025 15:48:45)
2,63 , 1,0,2,0,S, 	(30-MAY-2025 15:48:45)
2,63 , 1,0,2,0,S, 	(30-MAY-2025 15:48:45)
2,63 , 1,0,2,0,S, 	(30-MAY-2025 15:48:45)
2,63 , 1,0,2,0,S, 	(30-MAY-2025 15:48:45)
2,63 , 1,0,2,0,S, 	(30-MAY-2025 15:48:45)
2,63 , 1,0,2,0,S, 	(30-MAY-2025 15:48:45)
2,63 , 1,0,2,0,S, 	(30-MAY-2025 15:48:45)
2,63 , 1,0,2,0,S, 	(30-MAY-2025 15:48:45)
2,63 , 1,0,2,0,S, 	(30-MAY-2025 15:48:45)
2,63 , 1,0,2,0,S, 	(30-MAY-2025 15:48:45)
2,63 , 1,0,2,0,S, 	(30-MAY-2025 15:48:45)
2,63 , 1,0,2,0,S, 	(30-MAY-2025 15:48:45)
2,63 , 1,0,2,0,S, 	(30-MAY-2025 15:48:45)
2,63 , 1,0,2,0,S, 	(30-MAY-2025 15:48:45)
2,63 , 1,0,2,0,S, 	(30-MAY-2025 15:48:45)
2,63 , 1,0,2,0,S, 	(30-MAY-2025 15:48:45)
2,63 , 1,0,2,0,S, 	(30-MAY-2025 15:48:45)
2,63 , 1,0,2,0,S, 	(30-MAY-2025 15:48:45)
2,63 , 1,0,2,0,S, 	(30-MAY-2025 15:48:45)
2,63 , 1,0,2,0,S, 	(30-MAY-2025 15:48:45)
2,63 , 1,0,2,0,S, 	(30-MAY-2025 15:48:45)
2,63 , 1,0,2,0,S, 	(30-MAY-2025 15:48:45)
2,63 , 1,0,2,0,S, 	(30-MAY-2025 15:48:45)
2,63 , 1,0,2,0,S, 	(30-MAY-2025 15:48:45)
2,63 , 1,0,2,0,S, 	(30-MAY-2025 15:48:45)
2,63 , 1,0,2,0,S, 	(30-MAY-2025 15:48:45)
2,63 , 1,0,2,0,S, 	(30-MAY-2025 15:48:45)
2,63 , 1,0,2,0,S, 	(30-MAY-2025 15:48:45)
2,63 , 1,0,2,0,S, 	(30-MAY-2025 15:48:45)
2,63 , 1,0,2,0,S, 	(30-MAY-2025 15:48:45)
2,63 , 1,0,2,0,S, 	(30-MAY-2025 15:48:45)
2,63 , 1,0,2,0,S, 	(30-MAY-2025 15:48:45)
2,63 , 1,0,2,0,S, 	(30-MAY-2025 15:48:45)
2,63 , 1,0,2,0,S, 	(30-MAY-2025 15:48:45)
2,63 , 1,0,2,0,S, 	(30-MAY-2025 15:48:45)
2,63 , 1,0,2,0,S, 	(30-MAY-2025 15:48:45)
2,63 , 1,0,2,0,S, 	(30-MAY-2025 15:48:45)
2,63 , 1,0,2,0,S, 	(30-MAY-2025 15:48:45)
2,63 , 1,0,2,0,S, 	(30-MAY-2025 15:48:45)
2,63 , 1,0,2,0,S, 	(30-MAY-2025 15:48:45)
2,63 , 1,0,2,0,S, 	(30-MAY-2025 15:48:45)
2,63 , 1,0,2,0,S, 	(30-MAY-2025 15:48:45)
2,63 , 1,0,2,0,S, 	(30-MAY-2025 15:48:45)
2,63 , 1,0,2,0,S, 	(30-MAY-2025 15:48:45)
2,63 , 1,0,2,0,S, 	(30-MAY-2025 15:48:45)
2,63 , 1,0,2,0,S, 	(30-MAY-2025 15:48:45)
2,63 , 1,0,2,0,S, 	(30-MAY-2025 15:48:45)
2,63 , 1,0,2,0,S, 	(30-MAY-2025 15:48:45)
2,63 , 1,0,2,0,S, 	(30-MAY-2025 15:48:45)
2,63 , 1,0,2,0,S, 	(30-MAY-2025 15:48:45)
2,63 , 1,0,2,0,S, 	(30-MAY-2025 15:48:45)
2,63 , 1,0,2,0,S, 	(30-MAY-2025 15:48:45)
2,63 , 1,0,2,0,S, 	(30-MAY-2025 15:48:45)
2,63 , 1,0,2,0,S, 	(30-MAY-2025 15:48:45)
2,63 , 1,0,2,0,S, 	(30-MAY-2025 15:48:45)
2,63 , 1,0,2,0,S, 	(30-MAY-2025 15:48:45)
2,63 , 1,0,2,0,S, 	(30-MAY-2025 15:48:45)
2,63 , 1,0,2,0,S, 	(30-MAY-2025 15:48:45)
2,63 , 1,0,2,0,S, 	(30-MAY-2025 15:48:45)
2,63 , 1,0,2,0,S, 	(30-MAY-2025 15:48:45)
2,63 , 1,0,2,0,S, 	(30-MAY-2025 15:48:45)
2,63 , 1,0,2,0,S, 	(30-MAY-2025 15:48:45)
2,63 , 1,0,2,0,S, 	(30-MAY-2025 15:48:45)
2,63 , 1,0,2,0,S, 	(30-MAY-2025 15:48:45)
2,63 , 1,0,2,0,S, 	(30-MAY-2025 15:48:45)
2,63 , 1,0,2,0,S, 	(30-MAY-2025 15:48:45)
2,63 , 1,0,2,0,S, 	(30-MAY-2025 15:48:45)
2,63 , 1,0,2,0,S, 	(30-MAY-2025 15:48:45)
2,63 , 1,0,2,0,S, 	(30-MAY-2025 15:48:45)
2,63 , 1,0,2,0,S, 	(30-MAY-2025 15:48:45)
2,63 , 1,0,2,0,S, 	(30-MAY-2025 15:48:45)
2,63 , 1,0,2,0,S, 	(30-MAY-2025 15:48:45)
2,63 , 1,0,2,0,S, 	(30-MAY-2025 15:48:45)
2,63 , 1,0,2,0,S, 	(30-MAY-2025 15:48:45)
2,63 , 1,0,2,0,S, 	(30-MAY-2025 15:48:45)
2,63 , 1,0,2,0,S, 	(30-MAY-2025 15:48:45)
2,63 , 1,0,2,0,S, 	(30-MAY-2025 15:48:45)
2,63 , 1,0,2,0,S, 	(30-MAY-2025 15:48:45)
2,63 , 1,0,2,0,S, 	(30-MAY-2025 15:48:45)
2,63 , 1,0,2,0,S, 	(30-MAY-2025 15:48:45)
2,63 , 1,0,2,0,S, 	(30-MAY-2025 15:48:45)
2,63 , 1,0,2,0,S, 	(30-MAY-2025 15:48:45)
2,63 , 1,0,2,0,S, 	(30-MAY-2025 15:48:45)
2,63 , 1,0,2,0,S, 	(30-MAY-2025 15:48:45)
2,63 , 1,0,2,0,S, 	(30-MAY-2025 15:48:45)
2,63 , 1,0,1,0,S, 	(30-MAY-2025 15:48:45)
2,63 , 1,0,1,0,S, 	(30-MAY-2025 15:48:45)
2,63 , 1,0,1,0,S, 	(30-MAY-2025 15:48:45)
2,63 , 1,0,1,0,S, 	(30-MAY-2025 15:48:45)
2,63 , 1,0,1,0,S, 	(30-MAY-2025 15:48:45)
2,63 , 1,0,1,0,S, 	(30-MAY-2025 15:48:45)
2,63 , 1,0,1,0,S, 	(30-MAY-2025 15:48:45)
2,63 , 1,0,1,0,S, 	(30-MAY-2025 15:48:45)
2,63 , 1,0,1,0,S, 	(30-MAY-2025 15:48:45)
2,63 , 1,0,1,0,S, 	(30-MAY-2025 15:48:45)
2,63 , 1,0,1,0,S, 	(30-MAY-2025 15:48:45)
2,63 , 1,0,1,0,S, 	(30-MAY-2025 15:48:45)
2,63 , 1,0,1,0,S, 	(30-MAY-2025 15:48:45)
2,63 , 1,0,1,0,S, 	(30-MAY-2025 15:48:45)
2,63 , 1,0,1,0,S, 	(30-MAY-2025 15:48:45)
2,63 , 1,0,1,0,S, 	(30-MAY-2025 15:48:45)
2,63 , 1,0,1,0,S, 	(30-MAY-2025 15:48:45)
2,63 , 1,0,1,0,S, 	(30-MAY-2025 15:48:45)
2,63 , 1,0,1,0,S, 	(30-MAY-2025 15:48:45)
2,63 , 1,0,1,0,S, 	(30-MAY-2025 15:48:45)
2,63 , 1,0,1,0,S, 	(30-MAY-2025 15:48:45)
2,63 , 1,0,1,0,S, 	(30-MAY-2025 15:48:45)
2,63 , 1,0,1,0,S, 	(30-MAY-2025 15:48:45)
2,63 , 1,0,1,1,S, 	(30-MAY-2025 15:48:45)
2,63 , 1,0,1,1,S, 	(30-MAY-2025 15:48:45)
2,63 , 1,0,1,1,S, 	(30-MAY-2025 15:48:45)
2,63 , 1,0,1,1,S, 	(30-MAY-2025 15:48:45)
2,63 , 1,0,1,1,S, 	(30-MAY-2025 15:48:45)
2,63 , 1,0,1,1,S, 	(30-MAY-2025 15:48:45)
2,63 , 1,0,1,1,S, 	(30-MAY-2025 15:48:45)
2,63 , 1,0,1,1,S, 	(30-MAY-2025 15:48:45)
2,63 , 1,0,1,1,S, 	(30-MAY-2025 15:48:45)
2,63 , 1,0,1,1,S, 	(30-MAY-2025 15:48:45)
2,63 , 1,0,1,1,S, 	(30-MAY-2025 15:48:45)
2,63 , 1,0,1,1,S, 	(30-MAY-2025 15:48:45)
2,63 , 1,0,1,1,S, 	(30-MAY-2025 15:48:45)
2,63 , 1,0,1,1,S, 	(30-MAY-2025 15:48:45)
2,63 , 1,0,1,1,S, 	(30-MAY-2025 15:48:45)
2,63 , 1,0,1,1,S, 	(30-MAY-2025 15:48:45)
2,63 , 1,0,1,1,S, 	(30-MAY-2025 15:48:45)
2,63 , 1,0,1,1,S, 	(30-MAY-2025 15:48:45)
2,63 , 1,0,1,1,S, 	(30-MAY-2025 15:48:45)
2,63 , 1,0,1,1,S, 	(30-MAY-2025 15:48:45)
2,63 , 1,0,1,1,S, 	(30-MAY-2025 15:48:45)
2,63 , 1,0,1,1,S, 	(30-MAY-2025 15:48:45)
2,63 , 1,0,1,1,S, 	(30-MAY-2025 15:48:45)
2,63 , 1,0,1,1,S, 	(30-MAY-2025 15:48:45)
2,63 , 1,0,1,1,S, 	(30-MAY-2025 15:48:45)
2,63 , 1,0,1,1,S, 	(30-MAY-2025 15:48:45)
2,63 , 1,0,1,1,S, 	(30-MAY-2025 15:48:45)
2,63 , 1,0,1,1,S, 	(30-MAY-2025 15:48:45)
2,63 , 1,0,1,1,S, 	(30-MAY-2025 15:48:45)
2,63 , 1,0,1,1,S, 	(30-MAY-2025 15:48:45)
2,63 , 1,0,1,1,S, 	(30-MAY-2025 15:48:45)
2,63 , 1,0,1,1,S, 	(30-MAY-2025 15:48:45)
2,63 , 1,0,3,0,S, 	(30-MAY-2025 15:48:45)
2,63 , 1,0,3,0,S, 	(30-MAY-2025 15:48:45)
2,63 , 1,0,3,0,S, 	(30-MAY-2025 15:48:45)
2,63 , 1,0,3,0,S, 	(30-MAY-2025 15:48:45)
2,63 , 1,0,3,0,S, 	(30-MAY-2025 15:48:45)
2,63 , 1,0,3,0,S, 	(30-MAY-2025 15:48:45)
2,63 , 1,0,3,0,S, 	(30-MAY-2025 15:48:45)
2,63 , 1,0,3,0,S, 	(30-MAY-2025 15:48:45)
2,63 , 1,0,3,0,S, 	(30-MAY-2025 15:48:45)
2,63 , 1,0,3,0,S, 	(30-MAY-2025 15:48:45)
2,63 , 1,0,3,0,S, 	(30-MAY-2025 15:48:45)
2,63 , 1,0,3,0,S, 	(30-MAY-2025 15:48:45)
2,63 , 1,0,3,0,S, 	(30-MAY-2025 15:48:45)
2,63 , 1,0,3,0,S, 	(30-MAY-2025 15:48:45)
2,63 , 1,0,3,0,S, 	(30-MAY-2025 15:48:45)
2,63 , 1,0,3,0,S, 	(30-MAY-2025 15:48:45)
2,63 , 1,0,3,0,S, 	(30-MAY-2025 15:48:45)
2,63 , 1,0,3,0,S, 	(30-MAY-2025 15:48:45)
2,63 , 1,0,3,0,S, 	(30-MAY-2025 15:48:45)
2,63 , 1,0,3,0,S, 	(30-MAY-2025 15:48:45)
2,63 , 1,0,3,0,S, 	(30-MAY-2025 15:48:45)
2,63 , 1,0,3,0,S, 	(30-MAY-2025 15:48:45)
2,63 , 1,0,3,0,S, 	(30-MAY-2025 15:48:45)
2,63 , 1,0,3,0,S, 	(30-MAY-2025 15:48:45)
2,63 , 1,0,3,0,S, 	(30-MAY-2025 15:48:45)
2,63 , 1,0,3,0,S, 	(30-MAY-2025 15:48:45)
2,63 , 1,0,3,0,S, 	(30-MAY-2025 15:48:45)
2,63 , 1,0,3,0,S, 	(30-MAY-2025 15:48:45)
2,63 , 1,0,3,0,S, 	(30-MAY-2025 15:48:45)
2,63 , 1,0,3,0,S, 	(30-MAY-2025 15:48:45)
2,63 , 1,0,3,0,S, 	(30-MAY-2025 15:48:45)
2,63 , 1,0,4,1,S, 	(30-MAY-2025 15:48:45)
2,63 , 1,0,4,1,S, 	(30-MAY-2025 15:48:45)
2,63 , 1,0,4,1,S, 	(30-MAY-2025 15:48:45)
2,63 , 1,0,4,1,S, 	(30-MAY-2025 15:48:45)
2,63 , 1,0,4,1,S, 	(30-MAY-2025 15:48:45)
2,63 , 1,0,4,1,S, 	(30-MAY-2025 15:48:45)
2,63 , 1,0,4,1,S, 	(30-MAY-2025 15:48:45)
2,63 , 1,0,4,1,S, 	(30-MAY-2025 15:48:45)
2,63 , 1,0,4,1,S, 	(30-MAY-2025 15:48:45)
2,63 , 1,0,4,1,S, 	(30-MAY-2025 15:48:45)
2,63 , 1,0,4,1,S, 	(30-MAY-2025 15:48:45)
2,63 , 1,0,4,1,S, 	(30-MAY-2025 15:48:45)
2,63 , 1,0,4,1,S, 	(30-MAY-2025 15:48:45)
2,63 , 1,0,4,1,S, 	(30-MAY-2025 15:48:45)
2,63 , 1,0,4,1,S, 	(30-MAY-2025 15:48:45)
2,63 , 1,0,4,1,S, 	(30-MAY-2025 15:48:45)
2,63 , 1,0,4,1,S, 	(30-MAY-2025 15:48:45)
2,63 , 1,0,4,1,S, 	(30-MAY-2025 15:48:45)
2,63 , 1,0,4,1,S, 	(30-MAY-2025 15:48:45)
2,63 , 1,0,4,1,S, 	(30-MAY-2025 15:48:45)
2,63 , 1,0,4,1,S, 	(30-MAY-2025 15:48:45)
2,63 , 1,0,4,1,S, 	(30-MAY-2025 15:48:45)
2,63 , 1,0,4,1,S, 	(30-MAY-2025 15:48:45)
2,63 , 1,0,4,1,S, 	(30-MAY-2025 15:48:45)
2,63 , 1,0,4,1,S, 	(30-MAY-2025 15:48:45)
2,63 , 1,0,4,1,S, 	(30-MAY-2025 15:48:45)
2,63 , 1,0,4,1,S, 	(30-MAY-2025 15:48:45)
2,63 , 1,0,4,1,S, 	(30-MAY-2025 15:48:45)
2,63 , 1,0,4,1,S, 	(30-MAY-2025 15:48:45)
2,63 , 1,0,4,1,S, 	(30-MAY-2025 15:48:45)
2,63 , 1,0,4,1,S, 	(30-MAY-2025 15:48:45)
2,63 , 1,0,4,0,S, 	(30-MAY-2025 15:48:45)
2,63 , 1,0,4,0,S, 	(30-MAY-2025 15:48:45)
2,63 , 1,0,4,0,S, 	(30-MAY-2025 15:48:45)
2,63 , 1,0,4,0,S, 	(30-MAY-2025 15:48:45)
2,63 , 1,0,4,0,S, 	(30-MAY-2025 15:48:45)
2,63 , 1,0,4,0,S, 	(30-MAY-2025 15:48:45)
2,63 , 1,0,4,0,S, 	(30-MAY-2025 15:48:45)
2,63 , 1,0,4,0,S, 	(30-MAY-2025 15:48:45)
2,63 , 1,0,4,0,S, 	(30-MAY-2025 15:48:45)
2,63 , 1,0,4,0,S, 	(30-MAY-2025 15:48:45)
2,63 , 1,0,4,0,S, 	(30-MAY-2025 15:48:45)
2,63 , 1,0,4,0,S, 	(30-MAY-2025 15:48:45)
2,63 , 1,0,4,0,S, 	(30-MAY-2025 15:48:45)
2,63 , 1,0,4,0,S, 	(30-MAY-2025 15:48:45)
2,63 , 1,0,4,0,S, 	(30-MAY-2025 15:48:45)
2,63 , 1,0,4,0,S, 	(30-MAY-2025 15:48:45)
2,63 , 1,0,4,0,S, 	(30-MAY-2025 15:48:45)
2,63 , 1,0,4,0,S, 	(30-MAY-2025 15:48:45)
2,63 , 1,0,4,0,S, 	(30-MAY-2025 15:48:45)
2,63 , 1,0,4,0,S, 	(30-MAY-2025 15:48:45)
2,63 , 1,0,4,0,S, 	(30-MAY-2025 15:48:45)
2,63 , 1,0,4,0,S, 	(30-MAY-2025 15:48:45)
2,63 , 1,0,4,0,S, 	(30-MAY-2025 15:48:45)
2,63 , 1,0,4,0,S, 	(30-MAY-2025 15:48:45)
2,63 , 1,0,4,0,S, 	(30-MAY-2025 15:48:45)
2,63 , 1,0,4,0,S, 	(30-MAY-2025 15:48:45)
2,63 , 1,0,4,0,S, 	(30-MAY-2025 15:48:45)
2,63 , 1,0,4,0,S, 	(30-MAY-2025 15:48:45)
2,63 , 1,0,4,0,S, 	(30-MAY-2025 15:48:45)
2,63 , 1,0,4,0,S, 	(30-MAY-2025 15:48:45)
2,64 , 0,0,123031,0,X, 	(30-MAY-2025 15:48:45)
2,64 , 0,0,123031,0,X, 	(30-MAY-2025 15:48:45)
2,64 , 0,0,123031,0,X, 	(30-MAY-2025 15:48:45)
2,64 , 0,0,123031,0,X, 	(30-MAY-2025 15:48:45)
2,64 , 0,0,123031,0,X, 	(30-MAY-2025 15:48:45)
2,64 , 0,0,123031,0,X, 	(30-MAY-2025 15:48:45)
2,64 , 0,0,123031,0,X, 	(30-MAY-2025 15:48:45)
2,64 , 0,0,123031,0,X, 	(30-MAY-2025 15:48:45)
2,64 , 0,0,123031,0,X, 	(30-MAY-2025 15:48:45)
2,64 , 0,0,123031,0,X, 	(30-MAY-2025 15:48:45)
2,64 , 0,0,123031,0,X, 	(30-MAY-2025 15:48:45)
2,64 , 0,0,123031,0,X, 	(30-MAY-2025 15:48:45)
2,64 , 0,0,123031,0,X, 	(30-MAY-2025 15:48:45)
2,64 , 0,0,123031,0,X, 	(30-MAY-2025 15:48:45)
2,64 , 0,0,123031,0,X, 	(30-MAY-2025 15:48:45)
2,64 , 0,0,123031,0,X, 	(30-MAY-2025 15:48:45)	 (Not Inserted)
2,64 , 0,0,123031,0,X, 	(30-MAY-2025 15:48:45)	 (Not Inserted)
2,64 , 0,0,123031,0,X, 	(30-MAY-2025 15:48:45)	 (Not Inserted)
2,64 , 0,0,123031,0,X, 	(30-MAY-2025 15:48:45)	 (Not Inserted)
2,64 , 0,0,123031,0,X, 	(30-MAY-2025 15:48:45)	 (Not Inserted)
2,64 , 0,0,123031,0,X, 	(30-MAY-2025 15:48:45)	 (Not Inserted)
2,64 , 0,0,123031,0,X, 	(30-MAY-2025 15:48:45)	 (Not Inserted)
2,64 , 0,0,123031,0,X, 	(30-MAY-2025 15:48:45)	 (Not Inserted)
2,64 , 0,0,123031,0,X, 	(30-MAY-2025 15:48:45)	 (Not Inserted)
2,64 , 0,0,123031,0,X, 	(30-MAY-2025 15:48:45)	 (Not Inserted)
2,64 , 0,0,123031,0,X, 	(30-MAY-2025 15:48:45)	 (Not Inserted)
2,64 , 0,0,123031,0,X, 	(30-MAY-2025 15:48:45)	 (Not Inserted)
2,64 , 0,0,123031,0,X, 	(30-MAY-2025 15:48:45)	 (Not Inserted)
2,64 , 0,0,123031,0,X, 	(30-MAY-2025 15:48:45)	 (Not Inserted)
2,64 , 0,0,123031,0,X, 	(30-MAY-2025 15:48:45)	 (Not Inserted)
2,64 , 0,0,122059,1,X, 	(30-MAY-2025 15:48:45)
2,64 , 0,0,122059,1,X, 	(30-MAY-2025 15:48:45)	 (Not Inserted)
2,64 , 0,0,122060,1,X, 	(30-MAY-2025 15:48:45)
2,64 , 0,0,122060,1,X, 	(30-MAY-2025 15:48:45)	 (Not Inserted)
2,64 , 0,0,123032,0,X, 	(30-MAY-2025 15:48:45)
2,64 , 0,0,123032,0,X, 	(30-MAY-2025 15:48:45)
2,64 , 0,0,123032,0,X, 	(30-MAY-2025 15:48:45)
2,64 , 0,0,123032,0,X, 	(30-MAY-2025 15:48:45)
2,64 , 0,0,123032,0,X, 	(30-MAY-2025 15:48:45)
2,64 , 0,0,123032,0,X, 	(30-MAY-2025 15:48:45)
2,64 , 0,0,123032,0,X, 	(30-MAY-2025 15:48:45)
2,64 , 0,0,123032,0,X, 	(30-MAY-2025 15:48:45)
2,64 , 0,0,123032,0,X, 	(30-MAY-2025 15:48:45)
2,64 , 0,0,123032,0,X, 	(30-MAY-2025 15:48:45)
2,64 , 0,0,123032,0,X, 	(30-MAY-2025 15:48:45)	 (Not Inserted)
2,64 , 0,0,123032,0,X, 	(30-MAY-2025 15:48:45)	 (Not Inserted)
2,64 , 0,0,123032,0,X, 	(30-MAY-2025 15:48:45)	 (Not Inserted)
2,64 , 0,0,123032,0,X, 	(30-MAY-2025 15:48:45)	 (Not Inserted)
2,64 , 0,0,123032,0,X, 	(30-MAY-2025 15:48:45)	 (Not Inserted)
2,64 , 0,0,123032,0,X, 	(30-MAY-2025 15:48:45)	 (Not Inserted)
2,64 , 0,0,123032,0,X, 	(30-MAY-2025 15:48:45)	 (Not Inserted)
2,64 , 0,0,123032,0,X, 	(30-MAY-2025 15:48:45)	 (Not Inserted)
2,64 , 0,0,123032,0,X, 	(30-MAY-2025 15:48:45)	 (Not Inserted)
2,64 , 0,0,123032,0,X, 	(30-MAY-2025 15:48:45)	 (Not Inserted)
2,64 , 0,0,122061,1,X, 	(30-MAY-2025 15:48:45)
2,64 , 0,0,122061,1,X, 	(30-MAY-2025 15:48:45)	 (Not Inserted)
2,64 , 0,0,124070,0,X, 	(30-MAY-2025 15:48:45)
2,64 , 0,0,124070,0,X, 	(30-MAY-2025 15:48:45)
2,64 , 0,0,124070,0,X, 	(30-MAY-2025 15:48:45)
2,64 , 0,0,124070,0,X, 	(30-MAY-2025 15:48:45)
2,64 , 0,0,124070,0,X, 	(30-MAY-2025 15:48:45)
2,64 , 0,0,124070,0,X, 	(30-MAY-2025 15:48:45)
2,64 , 0,0,124070,0,X, 	(30-MAY-2025 15:48:45)
2,64 , 0,0,124070,0,X, 	(30-MAY-2025 15:48:45)
2,64 , 0,0,124070,0,X, 	(30-MAY-2025 15:48:45)
2,64 , 0,0,124070,0,X, 	(30-MAY-2025 15:48:45)
2,64 , 0,0,124070,0,X, 	(30-MAY-2025 15:48:45)
2,64 , 0,0,124070,0,X, 	(30-MAY-2025 15:48:45)
2,64 , 0,0,124070,0,X, 	(30-MAY-2025 15:48:45)
2,64 , 0,0,124070,0,X, 	(30-MAY-2025 15:48:45)
2,64 , 0,0,124070,0,X, 	(30-MAY-2025 15:48:45)
2,64 , 0,0,124070,0,X, 	(30-MAY-2025 15:48:45)
2,64 , 0,0,124070,0,X, 	(30-MAY-2025 15:48:45)
2,64 , 0,0,124070,0,X, 	(30-MAY-2025 15:48:45)
2,64 , 0,0,124070,0,X, 	(30-MAY-2025 15:48:45)
2,64 , 0,0,124070,0,X, 	(30-MAY-2025 15:48:45)
2,64 , 0,0,124070,0,X, 	(30-MAY-2025 15:48:45)
2,64 , 0,0,124070,0,X, 	(30-MAY-2025 15:48:45)
2,64 , 0,0,124070,0,X, 	(30-MAY-2025 15:48:45)
2,64 , 0,0,124070,0,X, 	(30-MAY-2025 15:48:45)
2,64 , 0,0,124070,0,X, 	(30-MAY-2025 15:48:45)
2,64 , 0,0,124070,0,X, 	(30-MAY-2025 15:48:45)
2,64 , 0,0,124070,0,X, 	(30-MAY-2025 15:48:45)
2,64 , 0,0,124070,0,X, 	(30-MAY-2025 15:48:45)
2,64 , 0,0,124070,0,X, 	(30-MAY-2025 15:48:45)
2,64 , 0,0,124070,0,X, 	(30-MAY-2025 15:48:45)
2,64 , 0,0,124070,0,X, 	(30-MAY-2025 15:48:45)
2,64 , 0,0,124070,0,X, 	(30-MAY-2025 15:48:45)	 (Not Inserted)
2,64 , 0,0,124070,0,X, 	(30-MAY-2025 15:48:45)	 (Not Inserted)
2,64 , 0,0,124070,0,X, 	(30-MAY-2025 15:48:45)	 (Not Inserted)
2,64 , 0,0,124070,0,X, 	(30-MAY-2025 15:48:45)	 (Not Inserted)
2,64 , 0,0,124070,0,X, 	(30-MAY-2025 15:48:45)	 (Not Inserted)
2,64 , 0,0,124070,0,X, 	(30-MAY-2025 15:48:45)	 (Not Inserted)
2,64 , 0,0,124070,0,X, 	(30-MAY-2025 15:48:45)	 (Not Inserted)
2,64 , 0,0,124070,0,X, 	(30-MAY-2025 15:48:45)	 (Not Inserted)
2,64 , 0,0,124070,0,X, 	(30-MAY-2025 15:48:45)	 (Not Inserted)
2,64 , 0,0,124070,0,X, 	(30-MAY-2025 15:48:45)	 (Not Inserted)
2,64 , 0,0,124070,0,X, 	(30-MAY-2025 15:48:45)	 (Not Inserted)
2,64 , 0,0,124070,0,X, 	(30-MAY-2025 15:48:45)	 (Not Inserted)
2,64 , 0,0,124070,0,X, 	(30-MAY-2025 15:48:45)	 (Not Inserted)
2,64 , 0,0,124070,0,X, 	(30-MAY-2025 15:48:45)	 (Not Inserted)
2,64 , 0,0,124070,0,X, 	(30-MAY-2025 15:48:45)	 (Not Inserted)
2,64 , 0,0,124070,0,X, 	(30-MAY-2025 15:48:45)	 (Not Inserted)
2,64 , 0,0,124070,0,X, 	(30-MAY-2025 15:48:45)	 (Not Inserted)
2,64 , 0,0,124070,0,X, 	(30-MAY-2025 15:48:45)	 (Not Inserted)
2,64 , 0,0,124070,0,X, 	(30-MAY-2025 15:48:45)	 (Not Inserted)
2,64 , 0,0,124070,0,X, 	(30-MAY-2025 15:48:45)	 (Not Inserted)
2,64 , 0,0,124070,0,X, 	(30-MAY-2025 15:48:45)	 (Not Inserted)
2,64 , 0,0,124070,0,X, 	(30-MAY-2025 15:48:45)	 (Not Inserted)
2,64 , 0,0,124070,0,X, 	(30-MAY-2025 15:48:45)	 (Not Inserted)
2,64 , 0,0,124070,0,X, 	(30-MAY-2025 15:48:45)	 (Not Inserted)
2,64 , 0,0,124070,0,X, 	(30-MAY-2025 15:48:45)	 (Not Inserted)
2,64 , 0,0,124070,0,X, 	(30-MAY-2025 15:48:45)	 (Not Inserted)
2,64 , 0,0,124070,0,X, 	(30-MAY-2025 15:48:45)	 (Not Inserted)
2,64 , 0,0,124070,0,X, 	(30-MAY-2025 15:48:45)	 (Not Inserted)
2,64 , 0,0,124070,0,X, 	(30-MAY-2025 15:48:45)	 (Not Inserted)
2,64 , 0,0,124070,0,X, 	(30-MAY-2025 15:48:45)	 (Not Inserted)
2,64 , 0,0,124070,0,X, 	(30-MAY-2025 15:48:45)	 (Not Inserted)
2,65 , 1,0,2,0,S, 	(30-MAY-2025 15:48:45)
2,65 , 1,0,2,0,S, 	(30-MAY-2025 15:48:45)
2,65 , 1,0,2,0,S, 	(30-MAY-2025 15:48:45)
2,65 , 1,0,2,0,S, 	(30-MAY-2025 15:48:45)
2,65 , 1,0,2,0,S, 	(30-MAY-2025 15:48:45)
2,65 , 1,0,2,0,S, 	(30-MAY-2025 15:48:45)
2,65 , 1,0,2,0,S, 	(30-MAY-2025 15:48:45)
2,65 , 1,0,2,0,S, 	(30-MAY-2025 15:48:45)
2,65 , 1,0,2,0,S, 	(30-MAY-2025 15:48:45)
2,65 , 1,0,2,0,S, 	(30-MAY-2025 15:48:45)
2,65 , 1,0,2,0,S, 	(30-MAY-2025 15:48:45)
2,65 , 1,0,1,0,S, 	(30-MAY-2025 15:48:45)
2,65 , 1,0,1,0,S, 	(30-MAY-2025 15:48:45)
2,65 , 1,0,1,0,S, 	(30-MAY-2025 15:48:45)
2,65 , 1,0,1,0,S, 	(30-MAY-2025 15:48:45)
2,65 , 1,0,1,0,S, 	(30-MAY-2025 15:48:45)
2,65 , 1,0,1,0,S, 	(30-MAY-2025 15:48:45)
2,65 , 1,0,1,0,S, 	(30-MAY-2025 15:48:45)
2,65 , 1,0,1,0,S, 	(30-MAY-2025 15:48:45)
2,65 , 1,0,1,0,S, 	(30-MAY-2025 15:48:45)
2,65 , 1,0,1,0,S, 	(30-MAY-2025 15:48:45)
2,65 , 1,0,1,0,S, 	(30-MAY-2025 15:48:45)
2,65 , 1,0,1,0,S, 	(30-MAY-2025 15:48:45)
2,65 , 1,0,1,0,S, 	(30-MAY-2025 15:48:45)
2,65 , 1,0,1,0,S, 	(30-MAY-2025 15:48:45)
2,65 , 1,0,1,0,S, 	(30-MAY-2025 15:48:45)
2,65 , 1,0,1,0,S, 	(30-MAY-2025 15:48:45)
2,65 , 1,0,1,0,S, 	(30-MAY-2025 15:48:45)
2,65 , 1,0,1,0,S, 	(30-MAY-2025 15:48:45)
2,65 , 1,0,1,0,S, 	(30-MAY-2025 15:48:45)
2,65 , 1,0,1,0,S, 	(30-MAY-2025 15:48:45)
2,65 , 1,0,1,0,S, 	(30-MAY-2025 15:48:45)
2,65 , 1,0,1,0,S, 	(30-MAY-2025 15:48:45)
2,65 , 1,0,1,0,S, 	(30-MAY-2025 15:48:45)
2,65 , 1,0,1,0,S, 	(30-MAY-2025 15:48:45)
2,65 , 1,0,1,0,S, 	(30-MAY-2025 15:48:45)
2,65 , 1,0,1,0,S, 	(30-MAY-2025 15:48:45)
2,65 , 1,0,1,0,S, 	(30-MAY-2025 15:48:45)
2,65 , 1,0,1,0,S, 	(30-MAY-2025 15:48:45)
2,65 , 1,0,1,0,S, 	(30-MAY-2025 15:48:45)
2,65 , 1,0,1,0,S, 	(30-MAY-2025 15:48:45)
2,65 , 1,0,1,0,S, 	(30-MAY-2025 15:48:45)
2,65 , 1,0,1,0,S, 	(30-MAY-2025 15:48:45)
2,65 , 1,0,1,0,S, 	(30-MAY-2025 15:48:45)
2,65 , 1,0,1,0,S, 	(30-MAY-2025 15:48:45)
2,65 , 1,0,1,0,S, 	(30-MAY-2025 15:48:45)
2,65 , 1,0,1,0,S, 	(30-MAY-2025 15:48:45)
2,65 , 1,0,1,0,S, 	(30-MAY-2025 15:48:45)
2,65 , 1,0,1,0,S, 	(30-MAY-2025 15:48:45)
2,65 , 1,0,1,0,S, 	(30-MAY-2025 15:48:45)
2,65 , 1,0,1,0,S, 	(30-MAY-2025 15:48:45)
2,65 , 1,0,1,0,S, 	(30-MAY-2025 15:48:45)
2,65 , 1,0,1,0,S, 	(30-MAY-2025 15:48:45)
2,65 , 1,0,1,0,S, 	(30-MAY-2025 15:48:45)
2,65 , 1,0,1,0,S, 	(30-MAY-2025 15:48:45)
2,65 , 1,0,1,0,S, 	(30-MAY-2025 15:48:45)
2,65 , 1,0,1,0,S, 	(30-MAY-2025 15:48:45)
2,65 , 1,0,1,0,S, 	(30-MAY-2025 15:48:45)
2,65 , 1,0,1,0,S, 	(30-MAY-2025 15:48:45)
2,65 , 1,0,1,0,S, 	(30-MAY-2025 15:48:45)
2,65 , 1,0,1,0,S, 	(30-MAY-2025 15:48:45)
2,65 , 1,0,1,0,S, 	(30-MAY-2025 15:48:45)
2,65 , 1,0,1,0,S, 	(30-MAY-2025 15:48:45)
2,65 , 1,0,1,0,S, 	(30-MAY-2025 15:48:45)
2,65 , 1,0,1,0,S, 	(30-MAY-2025 15:48:45)
2,65 , 1,0,1,0,S, 	(30-MAY-2025 15:48:45)
2,65 , 1,0,1,0,S, 	(30-MAY-2025 15:48:45)
2,65 , 1,0,1,0,S, 	(30-MAY-2025 15:48:45)
2,65 , 1,0,1,0,S, 	(30-MAY-2025 15:48:45)
2,65 , 1,0,1,0,S, 	(30-MAY-2025 15:48:45)
2,65 , 1,0,1,0,S, 	(30-MAY-2025 15:48:45)
2,65 , 1,0,1,0,S, 	(30-MAY-2025 15:48:45)
2,65 , 1,0,1,0,S, 	(30-MAY-2025 15:48:45)
2,65 , 1,0,1,0,S, 	(30-MAY-2025 15:48:45)
2,65 , 1,0,1,0,S, 	(30-MAY-2025 15:48:45)
2,65 , 1,0,1,0,S, 	(30-MAY-2025 15:48:46)
2,65 , 1,0,1,0,S, 	(30-MAY-2025 15:48:46)
2,65 , 1,0,1,0,S, 	(30-MAY-2025 15:48:46)
2,65 , 1,0,1,0,S, 	(30-MAY-2025 15:48:46)
2,65 , 1,0,1,0,S, 	(30-MAY-2025 15:48:46)
2,65 , 1,0,1,0,S, 	(30-MAY-2025 15:48:46)
2,65 , 1,0,1,0,S, 	(30-MAY-2025 15:48:46)
2,65 , 1,0,1,0,S, 	(30-MAY-2025 15:48:46)
2,65 , 1,0,1,0,S, 	(30-MAY-2025 15:48:46)
2,65 , 1,0,1,0,S, 	(30-MAY-2025 15:48:46)
2,65 , 1,0,1,0,S, 	(30-MAY-2025 15:48:46)
2,65 , 1,0,1,0,S, 	(30-MAY-2025 15:48:46)
2,65 , 1,0,1,0,S, 	(30-MAY-2025 15:48:46)
2,65 , 1,0,1,0,S, 	(30-MAY-2025 15:48:46)
2,65 , 1,0,1,0,S, 	(30-MAY-2025 15:48:46)
2,65 , 1,0,1,0,S, 	(30-MAY-2025 15:48:46)
2,65 , 1,0,1,0,S, 	(30-MAY-2025 15:48:46)
2,65 , 1,0,1,0,S, 	(30-MAY-2025 15:48:46)
2,65 , 1,0,1,0,S, 	(30-MAY-2025 15:48:46)
2,65 , 1,0,1,0,S, 	(30-MAY-2025 15:48:46)
2,65 , 1,0,1,0,S, 	(30-MAY-2025 15:48:46)
2,65 , 1,0,1,0,S, 	(30-MAY-2025 15:48:46)
2,65 , 1,0,1,0,S, 	(30-MAY-2025 15:48:46)
2,65 , 1,0,1,0,S, 	(30-MAY-2025 15:48:46)
2,65 , 1,0,1,0,S, 	(30-MAY-2025 15:48:46)
2,65 , 1,0,1,0,S, 	(30-MAY-2025 15:48:46)
2,65 , 1,0,1,0,S, 	(30-MAY-2025 15:48:46)
2,65 , 1,0,1,0,S, 	(30-MAY-2025 15:48:46)
2,65 , 1,0,1,0,S, 	(30-MAY-2025 15:48:46)
2,65 , 1,0,1,0,S, 	(30-MAY-2025 15:48:46)
2,65 , 1,0,1,0,S, 	(30-MAY-2025 15:48:46)
2,65 , 1,0,1,0,S, 	(30-MAY-2025 15:48:46)
2,65 , 1,0,1,0,S, 	(30-MAY-2025 15:48:46)
2,65 , 1,0,1,0,S, 	(30-MAY-2025 15:48:46)
2,65 , 1,0,1,0,S, 	(30-MAY-2025 15:48:46)
2,65 , 1,0,1,0,S, 	(30-MAY-2025 15:48:46)
2,65 , 1,0,1,0,S, 	(30-MAY-2025 15:48:46)
2,65 , 1,0,1,0,S, 	(30-MAY-2025 15:48:46)
2,65 , 1,0,1,0,S, 	(30-MAY-2025 15:48:46)
2,65 , 1,0,1,0,S, 	(30-MAY-2025 15:48:46)
2,65 , 1,0,1,0,S, 	(30-MAY-2025 15:48:46)
2,65 , 1,0,1,0,S, 	(30-MAY-2025 15:48:46)
2,65 , 1,0,1,0,S, 	(30-MAY-2025 15:48:46)
2,65 , 1,0,1,0,S, 	(30-MAY-2025 15:48:46)
2,65 , 1,0,1,0,S, 	(30-MAY-2025 15:48:46)
2,65 , 1,0,1,0,S, 	(30-MAY-2025 15:48:46)
2,65 , 1,0,1,0,S, 	(30-MAY-2025 15:48:46)
2,65 , 1,0,1,0,S, 	(30-MAY-2025 15:48:46)
2,65 , 1,0,1,0,S, 	(30-MAY-2025 15:48:46)
2,65 , 1,0,1,0,S, 	(30-MAY-2025 15:48:46)
2,65 , 1,0,1,0,S, 	(30-MAY-2025 15:48:46)
2,65 , 1,0,1,0,S, 	(30-MAY-2025 15:48:46)
2,65 , 1,0,1,0,S, 	(30-MAY-2025 15:48:46)
2,65 , 1,0,1,0,S, 	(30-MAY-2025 15:48:46)
2,65 , 1,0,1,0,S, 	(30-MAY-2025 15:48:46)
2,65 , 1,0,1,0,S, 	(30-MAY-2025 15:48:46)
2,66 , 0,0,224024,0,L, 	(30-MAY-2025 15:48:46)
2,66 , 0,0,224024,0,L, 	(30-MAY-2025 15:48:46)
2,66 , 0,0,224024,0,L, 	(30-MAY-2025 15:48:46)
2,66 , 0,0,224024,0,L, 	(30-MAY-2025 15:48:46)
2,66 , 0,0,224024,0,L, 	(30-MAY-2025 15:48:46)
2,66 , 0,0,224024,0,L, 	(30-MAY-2025 15:48:46)
2,66 , 0,0,224024,0,L, 	(30-MAY-2025 15:48:46)
2,66 , 0,0,224024,0,L, 	(30-MAY-2025 15:48:46)
2,66 , 0,0,224024,0,L, 	(30-MAY-2025 15:48:46)
2,66 , 0,0,224024,0,L, 	(30-MAY-2025 15:48:46)
2,66 , 0,0,224024,0,L, 	(30-MAY-2025 15:48:46)
2,66 , 0,0,224024,0,L, 	(30-MAY-2025 15:48:46)
2,66 , 0,0,224024,0,L, 	(30-MAY-2025 15:48:46)
2,66 , 0,0,224024,0,L, 	(30-MAY-2025 15:48:46)
2,66 , 0,0,224024,0,L, 	(30-MAY-2025 15:48:46)
2,66 , 0,0,224024,0,L, 	(30-MAY-2025 15:48:46)
2,66 , 0,0,224024,0,L, 	(30-MAY-2025 15:48:46)
2,66 , 0,0,224024,0,L, 	(30-MAY-2025 15:48:46)
2,66 , 0,0,224024,0,L, 	(30-MAY-2025 15:48:46)
2,66 , 0,0,224024,0,L, 	(30-MAY-2025 15:48:46)
2,66 , 0,0,224024,0,L, 	(30-MAY-2025 15:48:46)
2,66 , 0,0,224024,0,L, 	(30-MAY-2025 15:48:46)
2,66 , 0,0,224024,0,L, 	(30-MAY-2025 15:48:46)
2,66 , 0,0,224024,0,L, 	(30-MAY-2025 15:48:46)
2,66 , 0,0,224024,0,L, 	(30-MAY-2025 15:48:46)
2,66 , 0,0,224024,0,L, 	(30-MAY-2025 15:48:46)
2,66 , 0,0,224024,0,L, 	(30-MAY-2025 15:48:46)
2,66 , 0,0,224024,0,L, 	(30-MAY-2025 15:48:46)
2,66 , 0,0,224024,0,L, 	(30-MAY-2025 15:48:46)
2,66 , 0,0,224024,0,L, 	(30-MAY-2025 15:48:46)
2,66 , 0,0,224024,0,L, 	(30-MAY-2025 15:48:46)
2,66 , 0,0,224024,0,L, 	(30-MAY-2025 15:48:46)
2,66 , 0,0,224024,0,L, 	(30-MAY-2025 15:48:46)
2,66 , 0,0,224024,0,L, 	(30-MAY-2025 15:48:46)
2,66 , 0,0,224024,0,L, 	(30-MAY-2025 15:48:46)
2,66 , 0,0,224024,0,L, 	(30-MAY-2025 15:48:46)
2,66 , 0,0,224024,0,L, 	(30-MAY-2025 15:48:46)
2,66 , 0,0,224024,0,L, 	(30-MAY-2025 15:48:46)
2,66 , 0,0,224024,0,L, 	(30-MAY-2025 15:48:46)
2,66 , 0,0,224024,0,L, 	(30-MAY-2025 15:48:46)
2,66 , 0,0,224024,0,L, 	(30-MAY-2025 15:48:46)
2,66 , 0,0,224024,0,L, 	(30-MAY-2025 15:48:46)
2,66 , 0,0,224024,0,L, 	(30-MAY-2025 15:48:46)
2,66 , 0,0,224024,0,L, 	(30-MAY-2025 15:48:46)
2,66 , 0,0,224024,0,L, 	(30-MAY-2025 15:48:46)
2,66 , 0,0,224024,0,L, 	(30-MAY-2025 15:48:46)
2,66 , 0,0,224024,0,L, 	(30-MAY-2025 15:48:46)
2,66 , 0,0,224024,0,L, 	(30-MAY-2025 15:48:46)
2,66 , 0,0,224024,0,L, 	(30-MAY-2025 15:48:46)
2,66 , 0,0,224024,0,L, 	(30-MAY-2025 15:48:46)
2,66 , 0,0,224024,0,L, 	(30-MAY-2025 15:48:46)
2,66 , 0,0,224024,0,L, 	(30-MAY-2025 15:48:46)
2,66 , 0,0,224024,0,L, 	(30-MAY-2025 15:48:46)
2,66 , 0,0,224024,0,L, 	(30-MAY-2025 15:48:46)
2,66 , 0,0,224024,0,L, 	(30-MAY-2025 15:48:46)
2,66 , 0,0,224024,0,L, 	(30-MAY-2025 15:48:46)
2,66 , 0,0,224024,0,L, 	(30-MAY-2025 15:48:46)
2,66 , 0,0,224024,0,L, 	(30-MAY-2025 15:48:46)
2,66 , 0,0,224024,0,L, 	(30-MAY-2025 15:48:46)
2,66 , 0,0,224024,0,L, 	(30-MAY-2025 15:48:46)
2,67 , 0,0,223106,0,L, 	(30-MAY-2025 15:48:46)
2,67 , 0,0,223106,0,L, 	(30-MAY-2025 15:48:46)
2,67 , 0,0,223106,0,L, 	(30-MAY-2025 15:48:46)
2,67 , 0,0,223106,0,L, 	(30-MAY-2025 15:48:46)
2,67 , 0,0,223106,0,L, 	(30-MAY-2025 15:48:46)
2,67 , 0,0,223106,0,L, 	(30-MAY-2025 15:48:46)
2,67 , 0,0,223106,0,L, 	(30-MAY-2025 15:48:46)
2,67 , 0,0,223106,0,L, 	(30-MAY-2025 15:48:46)
2,67 , 0,0,223106,0,L, 	(30-MAY-2025 15:48:46)
2,67 , 0,0,223106,0,L, 	(30-MAY-2025 15:48:46)
2,67 , 0,0,223106,0,L, 	(30-MAY-2025 15:48:46)
2,67 , 0,0,223106,0,L, 	(30-MAY-2025 15:48:46)
2,67 , 0,0,223106,0,L, 	(30-MAY-2025 15:48:46)
2,67 , 0,0,223106,0,L, 	(30-MAY-2025 15:48:46)
2,67 , 0,0,223106,0,L, 	(30-MAY-2025 15:48:46)
2,67 , 0,0,223106,0,L, 	(30-MAY-2025 15:48:46)
2,67 , 0,0,223106,0,L, 	(30-MAY-2025 15:48:46)
2,67 , 0,0,223106,0,L, 	(30-MAY-2025 15:48:46)
2,67 , 0,0,223106,0,L, 	(30-MAY-2025 15:48:46)
2,67 , 0,0,223106,0,L, 	(30-MAY-2025 15:48:46)
2,67 , 0,0,223106,0,L, 	(30-MAY-2025 15:48:46)
2,67 , 0,0,223106,0,L, 	(30-MAY-2025 15:48:46)
2,67 , 0,0,223106,0,L, 	(30-MAY-2025 15:48:46)
2,67 , 0,0,223106,0,L, 	(30-MAY-2025 15:48:46)
2,67 , 0,0,223106,0,L, 	(30-MAY-2025 15:48:46)
2,67 , 0,0,223106,0,L, 	(30-MAY-2025 15:48:46)
2,67 , 0,0,223106,0,L, 	(30-MAY-2025 15:48:46)
2,67 , 0,0,223106,0,L, 	(30-MAY-2025 15:48:46)
2,67 , 0,0,223106,0,L, 	(30-MAY-2025 15:48:46)
2,67 , 0,0,223106,0,L, 	(30-MAY-2025 15:48:46)
2,67 , 0,0,224025,0,L, 	(30-MAY-2025 15:48:46)
2,67 , 0,0,224025,0,L, 	(30-MAY-2025 15:48:46)
2,67 , 0,0,224025,0,L, 	(30-MAY-2025 15:48:46)
2,67 , 0,0,224025,0,L, 	(30-MAY-2025 15:48:46)
2,67 , 0,0,224025,0,L, 	(30-MAY-2025 15:48:46)
2,67 , 0,0,224025,0,L, 	(30-MAY-2025 15:48:46)
2,67 , 0,0,224025,0,L, 	(30-MAY-2025 15:48:46)
2,67 , 0,0,224025,0,L, 	(30-MAY-2025 15:48:46)
2,67 , 0,0,224025,0,L, 	(30-MAY-2025 15:48:46)
2,67 , 0,0,224025,0,L, 	(30-MAY-2025 15:48:46)
2,67 , 0,0,224025,0,L, 	(30-MAY-2025 15:48:46)
2,67 , 0,0,224025,0,L, 	(30-MAY-2025 15:48:46)
2,67 , 0,0,224025,0,L, 	(30-MAY-2025 15:48:46)
2,67 , 0,0,224025,0,L, 	(30-MAY-2025 15:48:46)
2,67 , 0,0,224025,0,L, 	(30-MAY-2025 15:48:46)
2,67 , 0,0,224025,0,L, 	(30-MAY-2025 15:48:46)
2,67 , 0,0,224025,0,L, 	(30-MAY-2025 15:48:46)
2,67 , 0,0,224025,0,L, 	(30-MAY-2025 15:48:46)
2,67 , 0,0,224025,0,L, 	(30-MAY-2025 15:48:46)
2,67 , 0,0,224025,0,L, 	(30-MAY-2025 15:48:46)
2,67 , 0,0,224025,0,L, 	(30-MAY-2025 15:48:46)
2,67 , 0,0,224025,0,L, 	(30-MAY-2025 15:48:46)
2,67 , 0,0,224025,0,L, 	(30-MAY-2025 15:48:46)
2,67 , 0,0,224025,0,L, 	(30-MAY-2025 15:48:46)
2,67 , 0,0,224025,0,L, 	(30-MAY-2025 15:48:46)
2,67 , 0,0,224025,0,L, 	(30-MAY-2025 15:48:46)
2,67 , 0,0,224025,0,L, 	(30-MAY-2025 15:48:46)
2,67 , 0,0,224025,0,L, 	(30-MAY-2025 15:48:46)
2,67 , 0,0,224025,0,L, 	(30-MAY-2025 15:48:46)
2,67 , 0,0,224025,0,L, 	(30-MAY-2025 15:48:46)
2,67 , 0,0,224025,0,L, 	(30-MAY-2025 15:48:46)
2,67 , 0,0,223107,0,L, 	(30-MAY-2025 15:48:46)
2,67 , 0,0,223107,0,L, 	(30-MAY-2025 15:48:46)
2,67 , 0,0,223107,0,L, 	(30-MAY-2025 15:48:46)
2,67 , 0,0,223107,0,L, 	(30-MAY-2025 15:48:46)
2,67 , 0,0,223107,0,L, 	(30-MAY-2025 15:48:46)
2,67 , 0,0,223107,0,L, 	(30-MAY-2025 15:48:46)
2,67 , 0,0,223107,0,L, 	(30-MAY-2025 15:48:46)
2,67 , 0,0,223107,0,L, 	(30-MAY-2025 15:48:46)
2,67 , 0,0,223107,0,L, 	(30-MAY-2025 15:48:46)
2,67 , 0,0,223107,0,L, 	(30-MAY-2025 15:48:46)
2,67 , 0,0,223107,0,L, 	(30-MAY-2025 15:48:46)
2,67 , 0,0,223107,0,L, 	(30-MAY-2025 15:48:46)
2,67 , 0,0,223107,0,L, 	(30-MAY-2025 15:48:46)
2,67 , 0,0,223107,0,L, 	(30-MAY-2025 15:48:46)
2,67 , 0,0,223107,0,L, 	(30-MAY-2025 15:48:46)
2,67 , 0,0,223107,0,L, 	(30-MAY-2025 15:48:46)
2,67 , 0,0,223107,0,L, 	(30-MAY-2025 15:48:46)
2,67 , 0,0,223107,0,L, 	(30-MAY-2025 15:48:46)
2,67 , 0,0,223107,0,L, 	(30-MAY-2025 15:48:46)
2,67 , 0,0,223107,0,L, 	(30-MAY-2025 15:48:46)
2,67 , 0,0,223107,0,L, 	(30-MAY-2025 15:48:46)
2,67 , 0,0,223107,0,L, 	(30-MAY-2025 15:48:46)
2,67 , 0,0,223107,0,L, 	(30-MAY-2025 15:48:46)
2,67 , 0,0,223107,0,L, 	(30-MAY-2025 15:48:46)
2,67 , 0,0,223107,0,L, 	(30-MAY-2025 15:48:46)
2,67 , 0,0,223107,0,L, 	(30-MAY-2025 15:48:46)
2,67 , 0,0,223107,0,L, 	(30-MAY-2025 15:48:46)
2,67 , 0,0,223107,0,L, 	(30-MAY-2025 15:48:46)
2,67 , 0,0,223107,0,L, 	(30-MAY-2025 15:48:46)
2,67 , 0,0,223107,0,L, 	(30-MAY-2025 15:48:46)
2,144 , 1,0,1,0,S, 	(30-MAY-2025 15:48:46)
2,144 , 1,0,1,0,S, 	(30-MAY-2025 15:48:46)
2,144 , 1,0,1,0,S, 	(30-MAY-2025 15:48:46)
2,144 , 1,0,1,0,S, 	(30-MAY-2025 15:48:46)
2,144 , 1,0,1,0,S, 	(30-MAY-2025 15:48:46)
2,144 , 1,0,1,0,S, 	(30-MAY-2025 15:48:46)
2,144 , 1,0,1,0,S, 	(30-MAY-2025 15:48:46)
2,144 , 1,0,1,0,S, 	(30-MAY-2025 15:48:46)
2,144 , 1,0,1,0,S, 	(30-MAY-2025 15:48:46)
2,144 , 1,0,1,0,S, 	(30-MAY-2025 15:48:46)
2,144 , 1,0,1,0,S, 	(30-MAY-2025 15:48:46)
2,144 , 1,0,1,0,S, 	(30-MAY-2025 15:48:46)
2,144 , 1,0,1,0,S, 	(30-MAY-2025 15:48:46)
2,144 , 1,0,1,0,S, 	(30-MAY-2025 15:48:46)
2,144 , 1,0,1,0,S, 	(30-MAY-2025 15:48:46)
2,147 , 0,0,123033,1,X, 	(30-MAY-2025 15:48:46)
2,147 , 0,0,123034,1,X, 	(30-MAY-2025 15:48:46)
2,147 , 0,0,123035,1,X, 	(30-MAY-2025 15:48:46)
2,147 , 0,0,123036,1,X, 	(30-MAY-2025 15:48:46)
2,147 , 0,0,123037,0,X, 	(30-MAY-2025 15:48:46)
2,147 , 0,0,123037,0,X, 	(30-MAY-2025 15:48:46)
2,147 , 0,0,123037,0,X, 	(30-MAY-2025 15:48:46)
2,147 , 0,0,123037,0,X, 	(30-MAY-2025 15:48:46)
2,147 , 0,0,123037,0,X, 	(30-MAY-2025 15:48:46)
2,147 , 0,0,123037,0,X, 	(30-MAY-2025 15:48:46)
2,147 , 0,0,123037,0,X, 	(30-MAY-2025 15:48:46)
2,147 , 0,0,123037,0,X, 	(30-MAY-2025 15:48:46)
2,147 , 0,0,123037,0,X, 	(30-MAY-2025 15:48:46)
2,147 , 0,0,123037,0,X, 	(30-MAY-2025 15:48:46)
2,147 , 0,0,123037,0,X, 	(30-MAY-2025 15:48:46)
2,147 , 0,0,123037,0,X, 	(30-MAY-2025 15:48:46)
2,147 , 0,0,123037,0,X, 	(30-MAY-2025 15:48:46)
2,147 , 0,0,123037,0,X, 	(30-MAY-2025 15:48:46)
2,147 , 0,0,123037,0,X, 	(30-MAY-2025 15:48:46)
2,147 , 0,0,123037,0,X, 	(30-MAY-2025 15:48:46)
2,147 , 0,0,123037,0,X, 	(30-MAY-2025 15:48:46)
2,147 , 0,0,123037,0,X, 	(30-MAY-2025 15:48:46)
2,147 , 0,0,123037,0,X, 	(30-MAY-2025 15:48:46)
2,147 , 0,0,123037,0,X, 	(30-MAY-2025 15:48:46)
2,147 , 0,0,123037,0,X, 	(30-MAY-2025 15:48:46)
2,147 , 0,0,123037,0,X, 	(30-MAY-2025 15:48:46)
2,147 , 0,0,123037,0,X, 	(30-MAY-2025 15:48:46)
2,147 , 0,0,123037,0,X, 	(30-MAY-2025 15:48:46)
2,147 , 0,0,123037,0,X, 	(30-MAY-2025 15:48:46)
2,147 , 0,0,123037,0,X, 	(30-MAY-2025 15:48:46)
2,147 , 0,0,123037,0,X, 	(30-MAY-2025 15:48:46)
2,147 , 0,0,123037,0,X, 	(30-MAY-2025 15:48:46)
2,147 , 0,0,123037,0,X, 	(30-MAY-2025 15:48:46)
2,147 , 0,0,123037,0,X, 	(30-MAY-2025 15:48:46)
2,147 , 0,0,123037,0,X, 	(30-MAY-2025 15:48:46)
2,147 , 0,0,124071,0,X, 	(30-MAY-2025 15:48:46)
2,147 , 0,0,124071,0,X, 	(30-MAY-2025 15:48:46)
2,147 , 0,0,124071,0,X, 	(30-MAY-2025 15:48:46)
2,147 , 0,0,124071,0,X, 	(30-MAY-2025 15:48:46)
2,147 , 0,0,124071,0,X, 	(30-MAY-2025 15:48:46)
2,147 , 0,0,124071,0,X, 	(30-MAY-2025 15:48:46)
2,147 , 0,0,124071,0,X, 	(30-MAY-2025 15:48:46)
2,147 , 0,0,124071,0,X, 	(30-MAY-2025 15:48:46)
2,147 , 0,0,124071,0,X, 	(30-MAY-2025 15:48:46)
2,147 , 0,0,124071,0,X, 	(30-MAY-2025 15:48:46)
2,147 , 0,0,124071,0,X, 	(30-MAY-2025 15:48:46)
2,147 , 0,0,124071,0,X, 	(30-MAY-2025 15:48:46)
2,147 , 0,0,124071,0,X, 	(30-MAY-2025 15:48:46)
2,147 , 0,0,124071,0,X, 	(30-MAY-2025 15:48:46)
2,147 , 0,0,124071,0,X, 	(30-MAY-2025 15:48:46)
2,147 , 0,0,124071,0,X, 	(30-MAY-2025 15:48:46)
2,147 , 0,0,124071,0,X, 	(30-MAY-2025 15:48:46)
2,147 , 0,0,124071,0,X, 	(30-MAY-2025 15:48:46)
2,147 , 0,0,124071,0,X, 	(30-MAY-2025 15:48:46)
2,147 , 0,0,124071,0,X, 	(30-MAY-2025 15:48:46)
2,147 , 0,0,124071,0,X, 	(30-MAY-2025 15:48:46)
2,147 , 0,0,124071,0,X, 	(30-MAY-2025 15:48:46)
2,147 , 0,0,124071,0,X, 	(30-MAY-2025 15:48:46)
2,147 , 0,0,124071,0,X, 	(30-MAY-2025 15:48:46)
2,147 , 0,0,124071,0,X, 	(30-MAY-2025 15:48:46)
2,147 , 0,0,124071,0,X, 	(30-MAY-2025 15:48:46)
2,147 , 0,0,124071,0,X, 	(30-MAY-2025 15:48:46)
2,147 , 0,0,124071,0,X, 	(30-MAY-2025 15:48:46)
2,147 , 0,0,124071,0,X, 	(30-MAY-2025 15:48:46)
2,147 , 0,0,124072,0,X, 	(30-MAY-2025 15:48:46)
2,147 , 0,0,124072,0,X, 	(30-MAY-2025 15:48:46)
2,147 , 0,0,124072,0,X, 	(30-MAY-2025 15:48:46)
2,147 , 0,0,124072,0,X, 	(30-MAY-2025 15:48:46)
2,147 , 0,0,124072,0,X, 	(30-MAY-2025 15:48:46)
2,147 , 0,0,124072,0,X, 	(30-MAY-2025 15:48:46)
2,147 , 0,0,124072,0,X, 	(30-MAY-2025 15:48:46)
2,147 , 0,0,124072,0,X, 	(30-MAY-2025 15:48:46)
2,147 , 0,0,124072,0,X, 	(30-MAY-2025 15:48:46)
2,147 , 0,0,124072,0,X, 	(30-MAY-2025 15:48:46)
2,147 , 0,0,124072,0,X, 	(30-MAY-2025 15:48:46)
2,147 , 0,0,124072,0,X, 	(30-MAY-2025 15:48:46)
2,147 , 0,0,124072,0,X, 	(30-MAY-2025 15:48:46)
2,147 , 0,0,124072,0,X, 	(30-MAY-2025 15:48:46)
2,147 , 0,0,124072,0,X, 	(30-MAY-2025 15:48:46)
2,147 , 0,0,124072,0,X, 	(30-MAY-2025 15:48:46)
2,147 , 0,0,124072,0,X, 	(30-MAY-2025 15:48:46)
2,147 , 0,0,124072,0,X, 	(30-MAY-2025 15:48:46)
2,147 , 0,0,124072,0,X, 	(30-MAY-2025 15:48:46)
2,147 , 0,0,124072,0,X, 	(30-MAY-2025 15:48:46)
2,147 , 0,0,124072,0,X, 	(30-MAY-2025 15:48:46)
2,147 , 0,0,124072,0,X, 	(30-MAY-2025 15:48:46)
2,147 , 0,0,124072,0,X, 	(30-MAY-2025 15:48:46)
2,147 , 0,0,124072,0,X, 	(30-MAY-2025 15:48:46)
2,147 , 0,0,124072,0,X, 	(30-MAY-2025 15:48:46)
2,147 , 0,0,124072,0,X, 	(30-MAY-2025 15:48:46)
2,147 , 0,0,124072,0,X, 	(30-MAY-2025 15:48:46)
2,147 , 0,0,124072,0,X, 	(30-MAY-2025 15:48:46)
2,147 , 0,0,124072,0,X, 	(30-MAY-2025 15:48:46)
2,147 , 0,0,124072,0,X, 	(30-MAY-2025 15:48:46)
2,147 , 0,0,124072,0,X, 	(30-MAY-2025 15:48:46)
2,92 , 1,0,1,0,S, 	(30-MAY-2025 15:48:46)
2,92 , 1,0,1,0,S, 	(30-MAY-2025 15:48:46)
2,92 , 1,0,1,0,S, 	(30-MAY-2025 15:48:46)
2,92 , 1,0,1,0,S, 	(30-MAY-2025 15:48:46)
2,92 , 1,0,1,0,S, 	(30-MAY-2025 15:48:46)
2,92 , 1,0,1,0,S, 	(30-MAY-2025 15:48:46)
2,92 , 1,0,1,0,S, 	(30-MAY-2025 15:48:46)
2,92 , 1,0,1,0,S, 	(30-MAY-2025 15:48:46)
2,92 , 1,0,1,0,S, 	(30-MAY-2025 15:48:46)
2,92 , 1,0,1,0,S, 	(30-MAY-2025 15:48:46)
2,92 , 1,0,1,0,S, 	(30-MAY-2025 15:48:46)
2,92 , 1,0,1,0,S, 	(30-MAY-2025 15:48:46)
2,92 , 1,0,1,0,S, 	(30-MAY-2025 15:48:46)
2,92 , 1,0,1,0,S, 	(30-MAY-2025 15:48:46)
2,92 , 1,0,1,0,S, 	(30-MAY-2025 15:48:46)
2,92 , 1,0,1,0,S, 	(30-MAY-2025 15:48:46)
2,92 , 1,0,1,0,S, 	(30-MAY-2025 15:48:46)
2,92 , 1,0,1,0,S, 	(30-MAY-2025 15:48:46)
2,92 , 1,0,1,0,S, 	(30-MAY-2025 15:48:46)
2,92 , 1,0,1,0,S, 	(30-MAY-2025 15:48:46)
2,92 , 1,0,1,0,S, 	(30-MAY-2025 15:48:46)
2,92 , 1,0,1,0,S, 	(30-MAY-2025 15:48:46)
2,92 , 1,0,1,0,S, 	(30-MAY-2025 15:48:46)
2,92 , 1,0,1,0,S, 	(30-MAY-2025 15:48:46)
2,92 , 1,0,1,0,S, 	(30-MAY-2025 15:48:46)
2,92 , 1,0,1,0,S, 	(30-MAY-2025 15:48:46)
2,92 , 1,0,1,0,S, 	(30-MAY-2025 15:48:46)
2,92 , 1,0,1,0,S, 	(30-MAY-2025 15:48:46)
2,92 , 1,0,1,0,S, 	(30-MAY-2025 15:48:46)
2,92 , 1,0,1,0,S, 	(30-MAY-2025 15:48:46)
2,92 , 1,0,1,0,S, 	(30-MAY-2025 15:48:46)
2,92 , 2,0,1,0,S, 	(30-MAY-2025 15:48:46)
2,92 , 2,0,1,0,S, 	(30-MAY-2025 15:48:46)
2,92 , 2,0,1,0,S, 	(30-MAY-2025 15:48:46)
2,92 , 2,0,1,0,S, 	(30-MAY-2025 15:48:46)
2,92 , 2,0,1,0,S, 	(30-MAY-2025 15:48:46)
2,92 , 2,0,1,0,S, 	(30-MAY-2025 15:48:46)
2,92 , 2,0,1,0,S, 	(30-MAY-2025 15:48:46)
2,92 , 2,0,1,0,S, 	(30-MAY-2025 15:48:46)
2,92 , 2,0,1,0,S, 	(30-MAY-2025 15:48:46)
2,92 , 2,0,1,0,S, 	(30-MAY-2025 15:48:46)
2,92 , 2,0,1,0,S, 	(30-MAY-2025 15:48:46)
2,92 , 2,0,1,0,S, 	(30-MAY-2025 15:48:46)
2,92 , 2,0,1,0,S, 	(30-MAY-2025 15:48:46)
2,92 , 2,0,1,0,S, 	(30-MAY-2025 15:48:46)
2,92 , 2,0,1,0,S, 	(30-MAY-2025 15:48:46)
2,92 , 2,0,1,0,S, 	(30-MAY-2025 15:48:46)
2,92 , 2,0,1,0,S, 	(30-MAY-2025 15:48:46)
2,92 , 2,0,1,0,S, 	(30-MAY-2025 15:48:46)
2,92 , 2,0,1,0,S, 	(30-MAY-2025 15:48:46)
2,92 , 2,0,1,0,S, 	(30-MAY-2025 15:48:46)
2,92 , 2,0,1,0,S, 	(30-MAY-2025 15:48:46)
2,92 , 2,0,1,0,S, 	(30-MAY-2025 15:48:46)
2,92 , 2,0,1,0,S, 	(30-MAY-2025 15:48:46)
2,92 , 2,0,1,0,S, 	(30-MAY-2025 15:48:46)
2,92 , 2,0,1,0,S, 	(30-MAY-2025 15:48:46)
2,92 , 2,0,1,0,S, 	(30-MAY-2025 15:48:46)
2,92 , 2,0,1,0,S, 	(30-MAY-2025 15:48:46)
2,92 , 2,0,1,0,S, 	(30-MAY-2025 15:48:46)
2,92 , 2,0,1,0,S, 	(30-MAY-2025 15:48:46)
2,92 , 2,0,1,0,S, 	(30-MAY-2025 15:48:46)
2,92 , 2,0,1,0,S, 	(30-MAY-2025 15:48:46)
2,104 , 1,0,1,0,S, 	(30-MAY-2025 15:48:46)
2,104 , 1,0,1,0,S, 	(30-MAY-2025 15:48:46)
2,104 , 1,0,1,0,S, 	(30-MAY-2025 15:48:46)
2,104 , 1,0,1,0,S, 	(30-MAY-2025 15:48:46)
2,104 , 1,0,1,0,S, 	(30-MAY-2025 15:48:46)
2,104 , 1,0,1,0,S, 	(30-MAY-2025 15:48:46)
2,104 , 1,0,1,0,S, 	(30-MAY-2025 15:48:46)
2,104 , 1,0,1,0,S, 	(30-MAY-2025 15:48:46)
2,104 , 1,0,1,0,S, 	(30-MAY-2025 15:48:46)
2,104 , 1,0,1,0,S, 	(30-MAY-2025 15:48:46)
2,104 , 1,0,1,0,S, 	(30-MAY-2025 15:48:46)
2,104 , 1,0,1,0,S, 	(30-MAY-2025 15:48:46)
2,104 , 1,0,1,0,S, 	(30-MAY-2025 15:48:46)
2,104 , 1,0,1,0,S, 	(30-MAY-2025 15:48:46)
2,104 , 1,0,1,0,S, 	(30-MAY-2025 15:48:46)
2,104 , 1,0,1,0,S, 	(30-MAY-2025 15:48:46)
2,104 , 1,0,1,0,S, 	(30-MAY-2025 15:48:46)
2,104 , 1,0,1,0,S, 	(30-MAY-2025 15:48:46)
2,104 , 1,0,1,0,S, 	(30-MAY-2025 15:48:46)
2,104 , 1,0,1,0,S, 	(30-MAY-2025 15:48:46)
2,104 , 1,0,1,0,S, 	(30-MAY-2025 15:48:46)
2,104 , 1,0,1,0,S, 	(30-MAY-2025 15:48:46)
2,104 , 1,0,1,0,S, 	(30-MAY-2025 15:48:46)
2,104 , 1,0,1,0,S, 	(30-MAY-2025 15:48:46)
2,104 , 1,0,1,0,S, 	(30-MAY-2025 15:48:46)
2,104 , 1,0,1,0,S, 	(30-MAY-2025 15:48:46)
2,104 , 1,0,1,0,S, 	(30-MAY-2025 15:48:46)
2,104 , 1,0,1,0,S, 	(30-MAY-2025 15:48:46)
2,104 , 1,0,1,0,S, 	(30-MAY-2025 15:48:46)
2,104 , 1,0,1,0,S, 	(30-MAY-2025 15:48:46)
2,104 , 1,0,1,0,S, 	(30-MAY-2025 15:48:46)
2,104 , 1,0,1,0,S, 	(30-MAY-2025 15:48:46)
2,104 , 1,0,1,0,S, 	(30-MAY-2025 15:48:46)
2,104 , 1,0,1,0,S, 	(30-MAY-2025 15:48:46)
2,104 , 1,0,1,0,S, 	(30-MAY-2025 15:48:46)
2,104 , 1,0,1,0,S, 	(30-MAY-2025 15:48:46)
2,104 , 1,0,1,0,S, 	(30-MAY-2025 15:48:46)
2,104 , 1,0,1,0,S, 	(30-MAY-2025 15:48:46)
2,104 , 1,0,1,0,S, 	(30-MAY-2025 15:48:46)
2,104 , 1,0,1,0,S, 	(30-MAY-2025 15:48:46)
2,104 , 1,0,1,0,S, 	(30-MAY-2025 15:48:46)
2,104 , 1,0,1,0,S, 	(30-MAY-2025 15:48:46)
2,104 , 1,0,1,0,S, 	(30-MAY-2025 15:48:46)
2,104 , 1,0,1,0,S, 	(30-MAY-2025 15:48:46)
2,104 , 1,0,1,0,S, 	(30-MAY-2025 15:48:46)
2,104 , 1,0,1,0,S, 	(30-MAY-2025 15:48:46)
2,104 , 1,0,1,0,S, 	(30-MAY-2025 15:48:46)
2,104 , 1,0,1,0,S, 	(30-MAY-2025 15:48:46)
2,104 , 1,0,1,0,S, 	(30-MAY-2025 15:48:46)
2,104 , 1,0,1,0,S, 	(30-MAY-2025 15:48:46)
2,104 , 1,0,1,0,S, 	(30-MAY-2025 15:48:46)
2,104 , 1,0,1,0,S, 	(30-MAY-2025 15:48:46)
2,104 , 1,0,1,0,S, 	(30-MAY-2025 15:48:46)
2,104 , 1,0,1,0,S, 	(30-MAY-2025 15:48:46)
2,104 , 1,0,1,0,S, 	(30-MAY-2025 15:48:46)
2,104 , 1,0,1,0,S, 	(30-MAY-2025 15:48:46)
2,104 , 1,0,1,0,S, 	(30-MAY-2025 15:48:46)
2,104 , 1,0,1,0,S, 	(30-MAY-2025 15:48:46)
2,104 , 1,0,1,0,S, 	(30-MAY-2025 15:48:46)
2,104 , 1,0,1,0,S, 	(30-MAY-2025 15:48:46)
2,104 , 1,0,1,0,S, 	(30-MAY-2025 15:48:46)
2,104 , 1,0,1,0,S, 	(30-MAY-2025 15:48:46)
2,104 , 1,0,1,0,S, 	(30-MAY-2025 15:48:46)
2,104 , 1,0,1,0,S, 	(30-MAY-2025 15:48:46)
2,104 , 1,0,1,0,S, 	(30-MAY-2025 15:48:46)
2,104 , 1,0,1,0,S, 	(30-MAY-2025 15:48:46)
2,104 , 1,0,1,0,S, 	(30-MAY-2025 15:48:46)
2,104 , 1,0,1,0,S, 	(30-MAY-2025 15:48:46)
2,104 , 1,0,1,0,S, 	(30-MAY-2025 15:48:46)
2,104 , 1,0,1,0,S, 	(30-MAY-2025 15:48:46)
2,104 , 1,0,1,0,S, 	(30-MAY-2025 15:48:46)
2,104 , 1,0,1,0,S, 	(30-MAY-2025 15:48:46)
2,104 , 1,0,1,0,S, 	(30-MAY-2025 15:48:46)
2,104 , 1,0,1,0,S, 	(30-MAY-2025 15:48:46)
2,104 , 1,0,1,0,S, 	(30-MAY-2025 15:48:46)
2,104 , 1,0,1,0,S, 	(30-MAY-2025 15:48:46)
2,104 , 1,0,1,0,S, 	(30-MAY-2025 15:48:46)
2,104 , 1,0,1,0,S, 	(30-MAY-2025 15:48:46)
2,104 , 1,0,1,0,S, 	(30-MAY-2025 15:48:46)
2,104 , 1,0,1,0,S, 	(30-MAY-2025 15:48:46)
2,104 , 1,0,1,0,S, 	(30-MAY-2025 15:48:46)
2,104 , 1,0,1,0,S, 	(30-MAY-2025 15:48:46)
2,104 , 1,0,1,0,S, 	(30-MAY-2025 15:48:46)
2,104 , 1,0,1,0,S, 	(30-MAY-2025 15:48:46)
2,104 , 1,0,1,0,S, 	(30-MAY-2025 15:48:46)
2,104 , 1,0,1,0,S, 	(30-MAY-2025 15:48:46)
2,104 , 1,0,1,0,S, 	(30-MAY-2025 15:48:46)
2,104 , 1,0,1,0,S, 	(30-MAY-2025 15:48:46)
2,104 , 1,0,1,0,S, 	(30-MAY-2025 15:48:46)
2,104 , 1,0,1,0,S, 	(30-MAY-2025 15:48:46)
2,104 , 1,0,1,0,S, 	(30-MAY-2025 15:48:46)
2,104 , 1,0,1,0,S, 	(30-MAY-2025 15:48:46)
2,104 , 1,0,1,0,S, 	(30-MAY-2025 15:48:46)
2,104 , 1,0,1,0,S, 	(30-MAY-2025 15:48:46)
2,104 , 1,0,1,0,S, 	(30-MAY-2025 15:48:46)
2,104 , 1,0,1,0,S, 	(30-MAY-2025 15:48:46)
2,104 , 1,0,1,0,S, 	(30-MAY-2025 15:48:46)
2,104 , 1,0,1,0,S, 	(30-MAY-2025 15:48:46)
2,104 , 1,0,1,0,S, 	(30-MAY-2025 15:48:46)
2,104 , 1,0,1,0,S, 	(30-MAY-2025 15:48:46)
2,104 , 1,0,1,0,S, 	(30-MAY-2025 15:48:46)
2,104 , 1,0,1,0,S, 	(30-MAY-2025 15:48:46)
2,104 , 1,0,1,0,S, 	(30-MAY-2025 15:48:46)
2,104 , 1,0,1,0,S, 	(30-MAY-2025 15:48:46)
2,104 , 2,0,1,0,S, 	(30-MAY-2025 15:48:46)
2,104 , 2,0,1,0,S, 	(30-MAY-2025 15:48:46)
2,104 , 2,0,1,0,S, 	(30-MAY-2025 15:48:46)
2,104 , 2,0,1,0,S, 	(30-MAY-2025 15:48:46)
2,104 , 2,0,1,0,S, 	(30-MAY-2025 15:48:46)
2,104 , 2,0,1,0,S, 	(30-MAY-2025 15:48:46)
2,104 , 2,0,1,0,S, 	(30-MAY-2025 15:48:46)
2,104 , 2,0,1,0,S, 	(30-MAY-2025 15:48:46)
2,104 , 2,0,1,0,S, 	(30-MAY-2025 15:48:46)
2,104 , 2,0,1,0,S, 	(30-MAY-2025 15:48:46)
2,104 , 2,0,1,0,S, 	(30-MAY-2025 15:48:46)
2,104 , 2,0,1,0,S, 	(30-MAY-2025 15:48:46)
2,104 , 2,0,1,0,S, 	(30-MAY-2025 15:48:46)
2,104 , 2,0,1,0,S, 	(30-MAY-2025 15:48:46)
2,104 , 2,0,1,0,S, 	(30-MAY-2025 15:48:46)
2,104 , 1,0,2,0,S, 	(30-MAY-2025 15:48:46)
2,104 , 1,0,2,0,S, 	(30-MAY-2025 15:48:46)
2,104 , 1,0,2,0,S, 	(30-MAY-2025 15:48:46)
2,104 , 1,0,2,0,S, 	(30-MAY-2025 15:48:46)
2,104 , 1,0,2,0,S, 	(30-MAY-2025 15:48:46)
2,104 , 1,0,2,0,S, 	(30-MAY-2025 15:48:46)
2,104 , 1,0,2,0,S, 	(30-MAY-2025 15:48:46)
2,104 , 1,0,2,0,S, 	(30-MAY-2025 15:48:46)
2,104 , 1,0,2,0,S, 	(30-MAY-2025 15:48:46)
2,104 , 1,0,2,0,S, 	(30-MAY-2025 15:48:46)
2,104 , 1,0,2,0,S, 	(30-MAY-2025 15:48:46)
2,104 , 1,0,2,0,S, 	(30-MAY-2025 15:48:46)
2,104 , 1,0,2,0,S, 	(30-MAY-2025 15:48:46)
2,104 , 1,0,2,0,S, 	(30-MAY-2025 15:48:46)
2,104 , 1,0,2,0,S, 	(30-MAY-2025 15:48:46)
2,104 , 1,0,2,0,S, 	(30-MAY-2025 15:48:46)
2,104 , 1,0,2,0,S, 	(30-MAY-2025 15:48:46)
2,104 , 1,0,2,0,S, 	(30-MAY-2025 15:48:46)
2,104 , 1,0,2,0,S, 	(30-MAY-2025 15:48:46)
2,104 , 1,0,2,0,S, 	(30-MAY-2025 15:48:46)
2,104 , 1,0,2,0,S, 	(30-MAY-2025 15:48:46)
2,104 , 1,0,2,0,S, 	(30-MAY-2025 15:48:46)
2,104 , 1,0,2,0,S, 	(30-MAY-2025 15:48:46)
2,104 , 1,0,2,0,S, 	(30-MAY-2025 15:48:46)
2,104 , 1,0,2,0,S, 	(30-MAY-2025 15:48:46)
2,104 , 1,0,2,0,S, 	(30-MAY-2025 15:48:46)
2,104 , 1,0,2,0,S, 	(30-MAY-2025 15:48:46)
2,104 , 1,0,2,0,S, 	(30-MAY-2025 15:48:46)
2,104 , 1,0,2,0,S, 	(30-MAY-2025 15:48:46)
2,104 , 1,0,2,0,S, 	(30-MAY-2025 15:48:46)
2,104 , 1,0,2,0,S, 	(30-MAY-2025 15:48:46)
2,104 , 1,0,2,0,S, 	(30-MAY-2025 15:48:46)
2,104 , 1,0,2,0,S, 	(30-MAY-2025 15:48:46)
2,104 , 1,0,2,0,S, 	(30-MAY-2025 15:48:46)
2,104 , 1,0,2,0,S, 	(30-MAY-2025 15:48:46)
2,104 , 1,0,2,0,S, 	(30-MAY-2025 15:48:46)
2,104 , 1,0,2,0,S, 	(30-MAY-2025 15:48:46)
2,104 , 1,0,2,0,S, 	(30-MAY-2025 15:48:46)
2,104 , 2,0,1,1,S, 	(30-MAY-2025 15:48:46)
2,104 , 2,0,1,1,S, 	(30-MAY-2025 15:48:46)
2,104 , 2,0,1,1,S, 	(30-MAY-2025 15:48:46)
2,104 , 2,0,1,1,S, 	(30-MAY-2025 15:48:46)
2,104 , 2,0,1,1,S, 	(30-MAY-2025 15:48:46)
2,104 , 2,0,1,1,S, 	(30-MAY-2025 15:48:46)
2,104 , 2,0,1,1,S, 	(30-MAY-2025 15:48:46)
2,104 , 2,0,1,1,S, 	(30-MAY-2025 15:48:46)
2,104 , 2,0,1,1,S, 	(30-MAY-2025 15:48:46)
2,104 , 2,0,1,1,S, 	(30-MAY-2025 15:48:46)
2,104 , 2,0,1,1,S, 	(30-MAY-2025 15:48:46)
2,104 , 2,0,1,1,S, 	(30-MAY-2025 15:48:46)
2,104 , 2,0,1,1,S, 	(30-MAY-2025 15:48:46)
2,104 , 2,0,1,1,S, 	(30-MAY-2025 15:48:46)
2,104 , 2,0,1,1,S, 	(30-MAY-2025 15:48:46)
2,104 , 2,0,1,1,S, 	(30-MAY-2025 15:48:46)
2,104 , 2,0,1,1,S, 	(30-MAY-2025 15:48:46)
2,104 , 2,0,1,1,S, 	(30-MAY-2025 15:48:46)
2,104 , 2,0,1,1,S, 	(30-MAY-2025 15:48:46)
2,104 , 2,0,1,1,S, 	(30-MAY-2025 15:48:46)
2,104 , 2,0,1,1,S, 	(30-MAY-2025 15:48:46)
2,104 , 2,0,1,1,S, 	(30-MAY-2025 15:48:46)
2,104 , 2,0,1,1,S, 	(30-MAY-2025 15:48:46)
2,104 , 2,0,1,1,S, 	(30-MAY-2025 15:48:46)
2,104 , 2,0,1,1,S, 	(30-MAY-2025 15:48:46)
2,104 , 2,0,1,1,S, 	(30-MAY-2025 15:48:46)
2,104 , 2,0,1,1,S, 	(30-MAY-2025 15:48:46)
2,104 , 2,0,1,1,S, 	(30-MAY-2025 15:48:46)
2,104 , 2,0,1,1,S, 	(30-MAY-2025 15:48:46)
2,104 , 2,0,1,1,S, 	(30-MAY-2025 15:48:46)
2,104 , 2,0,1,1,S, 	(30-MAY-2025 15:48:46)
2,104 , 2,0,1,1,S, 	(30-MAY-2025 15:48:46)
2,104 , 2,0,1,1,S, 	(30-MAY-2025 15:48:46)
2,104 , 2,0,1,1,S, 	(30-MAY-2025 15:48:46)
2,104 , 2,0,1,1,S, 	(30-MAY-2025 15:48:46)
2,104 , 2,0,1,1,S, 	(30-MAY-2025 15:48:46)
2,104 , 2,0,1,1,S, 	(30-MAY-2025 15:48:46)
2,104 , 2,0,1,1,S, 	(30-MAY-2025 15:48:46)
2,104 , 2,0,1,1,S, 	(30-MAY-2025 15:48:46)
2,104 , 2,0,1,1,S, 	(30-MAY-2025 15:48:46)
2,104 , 2,0,1,1,S, 	(30-MAY-2025 15:48:46)
2,104 , 2,0,1,1,S, 	(30-MAY-2025 15:48:46)
2,104 , 2,0,1,1,S, 	(30-MAY-2025 15:48:46)
2,104 , 2,0,1,1,S, 	(30-MAY-2025 15:48:46)
2,104 , 2,0,1,1,S, 	(30-MAY-2025 15:48:46)
2,104 , 2,0,1,1,S, 	(30-MAY-2025 15:48:46)
2,104 , 0,0,124073,0,X, 	(30-MAY-2025 15:48:46)
2,104 , 0,0,124073,0,X, 	(30-MAY-2025 15:48:46)
2,104 , 0,0,124073,0,X, 	(30-MAY-2025 15:48:46)
2,104 , 0,0,124073,0,X, 	(30-MAY-2025 15:48:46)
2,104 , 0,0,124073,0,X, 	(30-MAY-2025 15:48:46)
2,104 , 0,0,124073,0,X, 	(30-MAY-2025 15:48:46)
2,104 , 0,0,124073,0,X, 	(30-MAY-2025 15:48:46)
2,104 , 0,0,124073,0,X, 	(30-MAY-2025 15:48:46)
2,104 , 0,0,124073,0,X, 	(30-MAY-2025 15:48:46)
2,104 , 0,0,124073,0,X, 	(30-MAY-2025 15:48:46)
2,104 , 0,0,124073,0,X, 	(30-MAY-2025 15:48:46)
2,104 , 0,0,124073,0,X, 	(30-MAY-2025 15:48:46)
2,104 , 0,0,124073,0,X, 	(30-MAY-2025 15:48:46)
2,104 , 0,0,124073,0,X, 	(30-MAY-2025 15:48:46)
2,104 , 0,0,124073,0,X, 	(30-MAY-2025 15:48:46)
2,104 , 0,0,124073,0,X, 	(30-MAY-2025 15:48:46)
2,104 , 0,0,124073,0,X, 	(30-MAY-2025 15:48:46)
2,104 , 0,0,124073,0,X, 	(30-MAY-2025 15:48:46)
2,104 , 0,0,124073,0,X, 	(30-MAY-2025 15:48:46)
2,104 , 0,0,124073,0,X, 	(30-MAY-2025 15:48:46)
2,104 , 0,0,124073,0,X, 	(30-MAY-2025 15:48:46)
2,104 , 0,0,124073,0,X, 	(30-MAY-2025 15:48:46)
2,104 , 0,0,124073,0,X, 	(30-MAY-2025 15:48:46)
2,104 , 0,0,124073,0,X, 	(30-MAY-2025 15:48:46)
2,104 , 0,0,124073,0,X, 	(30-MAY-2025 15:48:46)
2,104 , 0,0,124073,0,X, 	(30-MAY-2025 15:48:46)
2,104 , 0,0,124073,0,X, 	(30-MAY-2025 15:48:46)
2,104 , 0,0,124073,0,X, 	(30-MAY-2025 15:48:47)
2,104 , 0,0,124073,0,X, 	(30-MAY-2025 15:48:47)
2,104 , 0,0,124073,0,X, 	(30-MAY-2025 15:48:47)
2,104 , 0,0,124073,0,X, 	(30-MAY-2025 15:48:47)
2,105 , 0,0,223110,0,L, 	(30-MAY-2025 15:48:47)
2,105 , 0,0,223110,0,L, 	(30-MAY-2025 15:48:47)
2,105 , 0,0,223110,0,L, 	(30-MAY-2025 15:48:47)
2,105 , 0,0,225011,0,L, 	(30-MAY-2025 15:48:47)
2,105 , 0,0,224034,0,L, 	(30-MAY-2025 15:48:47)
2,105 , 0,0,224034,0,L, 	(30-MAY-2025 15:48:47)
2,105 , 0,0,224031,1,L, 	(30-MAY-2025 15:48:47)
2,105 , 0,0,224031,1,L, 	(30-MAY-2025 15:48:47)
2,105 , 0,0,224031,1,L, 	(30-MAY-2025 15:48:47)
2,105 , 0,0,224031,1,L, 	(30-MAY-2025 15:48:47)
2,105 , 0,0,224031,1,L, 	(30-MAY-2025 15:48:47)
2,105 , 0,0,224028,0,L, 	(30-MAY-2025 15:48:47)
2,105 , 0,0,224029,0,L, 	(30-MAY-2025 15:48:47)
2,105 , 0,0,224029,0,L, 	(30-MAY-2025 15:48:47)
2,105 , 0,0,224029,0,L, 	(30-MAY-2025 15:48:47)
2,105 , 0,0,224027,0,L, 	(30-MAY-2025 15:48:47)
2,105 , 0,0,224027,0,L, 	(30-MAY-2025 15:48:47)
2,105 , 0,0,225013,0,L, 	(30-MAY-2025 15:48:47)
2,105 , 0,0,225013,0,L, 	(30-MAY-2025 15:48:47)
2,105 , 0,0,225013,0,L, 	(30-MAY-2025 15:48:47)
2,105 , 0,0,225013,0,L, 	(30-MAY-2025 15:48:47)
2,105 , 0,0,224029,1,L, 	(30-MAY-2025 15:48:47)
2,105 , 0,0,224029,1,L, 	(30-MAY-2025 15:48:47)
2,105 , 0,0,224029,1,L, 	(30-MAY-2025 15:48:47)
2,105 , 0,0,224035,1,L, 	(30-MAY-2025 15:48:47)
2,105 , 0,0,224035,1,L, 	(30-MAY-2025 15:48:47)
2,105 , 0,0,224034,3,L, 	(30-MAY-2025 15:48:47)
2,105 , 0,0,224034,3,L, 	(30-MAY-2025 15:48:47)
2,162 , 1,0,1,0,S, 	(30-MAY-2025 15:48:47)
2,162 , 1,0,1,0,S, 	(30-MAY-2025 15:48:47)
2,162 , 1,0,1,0,S, 	(30-MAY-2025 15:48:47)
2,162 , 1,0,1,0,S, 	(30-MAY-2025 15:48:47)
2,162 , 1,0,1,0,S, 	(30-MAY-2025 15:48:47)
2,162 , 1,0,1,0,S, 	(30-MAY-2025 15:48:47)
2,162 , 1,0,1,0,S, 	(30-MAY-2025 15:48:47)
2,162 , 1,0,1,0,S, 	(30-MAY-2025 15:48:47)
2,162 , 1,0,1,0,S, 	(30-MAY-2025 15:48:47)
2,162 , 1,0,1,0,S, 	(30-MAY-2025 15:48:47)
2,162 , 1,0,1,0,S, 	(30-MAY-2025 15:48:47)
2,162 , 1,0,1,0,S, 	(30-MAY-2025 15:48:47)
2,162 , 1,0,1,0,S, 	(30-MAY-2025 15:48:47)
2,162 , 1,0,1,0,S, 	(30-MAY-2025 15:48:47)
2,162 , 1,0,1,0,S, 	(30-MAY-2025 15:48:47)
2,162 , 1,0,1,0,S, 	(30-MAY-2025 15:48:47)
2,162 , 1,0,1,0,S, 	(30-MAY-2025 15:48:47)
2,162 , 1,0,1,0,S, 	(30-MAY-2025 15:48:47)
2,162 , 1,0,1,0,S, 	(30-MAY-2025 15:48:47)
2,162 , 1,0,1,0,S, 	(30-MAY-2025 15:48:47)
2,162 , 1,0,1,0,S, 	(30-MAY-2025 15:48:47)
2,162 , 1,0,1,0,S, 	(30-MAY-2025 15:48:47)
2,162 , 1,0,1,0,S, 	(30-MAY-2025 15:48:47)
2,162 , 1,0,1,0,S, 	(30-MAY-2025 15:48:47)
2,162 , 1,0,1,0,S, 	(30-MAY-2025 15:48:47)
2,162 , 1,0,1,0,S, 	(30-MAY-2025 15:48:47)
2,162 , 1,0,1,0,S, 	(30-MAY-2025 15:48:47)
2,162 , 1,0,1,0,S, 	(30-MAY-2025 15:48:47)
2,162 , 1,0,1,0,S, 	(30-MAY-2025 15:48:47)
2,162 , 1,0,1,0,S, 	(30-MAY-2025 15:48:47)
2,162 , 1,0,1,0,S, 	(30-MAY-2025 15:48:47)
2,162 , 1,0,2,0,S, 	(30-MAY-2025 15:48:47)
2,162 , 1,0,2,0,S, 	(30-MAY-2025 15:48:47)
2,162 , 1,0,2,0,S, 	(30-MAY-2025 15:48:47)
2,162 , 1,0,2,0,S, 	(30-MAY-2025 15:48:47)
2,162 , 1,0,2,0,S, 	(30-MAY-2025 15:48:47)
2,162 , 1,0,2,0,S, 	(30-MAY-2025 15:48:47)
2,162 , 1,0,2,0,S, 	(30-MAY-2025 15:48:47)
2,162 , 1,0,2,0,S, 	(30-MAY-2025 15:48:47)
2,162 , 1,0,2,0,S, 	(30-MAY-2025 15:48:47)
2,162 , 1,0,2,0,S, 	(30-MAY-2025 15:48:47)
2,162 , 1,0,2,0,S, 	(30-MAY-2025 15:48:47)
2,162 , 1,0,2,0,S, 	(30-MAY-2025 15:48:47)
2,162 , 1,0,2,0,S, 	(30-MAY-2025 15:48:47)
2,162 , 1,0,2,0,S, 	(30-MAY-2025 15:48:47)
2,162 , 1,0,2,0,S, 	(30-MAY-2025 15:48:47)
2,162 , 1,0,2,0,S, 	(30-MAY-2025 15:48:47)
2,162 , 1,0,2,0,S, 	(30-MAY-2025 15:48:47)
2,162 , 1,0,2,0,S, 	(30-MAY-2025 15:48:47)
2,162 , 1,0,2,0,S, 	(30-MAY-2025 15:48:47)
2,162 , 1,0,2,0,S, 	(30-MAY-2025 15:48:47)
2,162 , 1,0,2,0,S, 	(30-MAY-2025 15:48:47)
2,162 , 1,0,2,0,S, 	(30-MAY-2025 15:48:47)
2,162 , 1,0,2,0,S, 	(30-MAY-2025 15:48:47)
2,162 , 1,0,2,0,S, 	(30-MAY-2025 15:48:47)
2,162 , 1,0,2,0,S, 	(30-MAY-2025 15:48:47)
2,162 , 1,0,2,0,S, 	(30-MAY-2025 15:48:47)
2,162 , 1,0,2,0,S, 	(30-MAY-2025 15:48:47)
2,162 , 1,0,2,0,S, 	(30-MAY-2025 15:48:47)
2,162 , 1,0,2,0,S, 	(30-MAY-2025 15:48:47)
2,162 , 1,0,2,0,S, 	(30-MAY-2025 15:48:47)
2,162 , 1,0,3,0,S, 	(30-MAY-2025 15:48:47)
2,162 , 1,0,3,0,S, 	(30-MAY-2025 15:48:47)
2,162 , 1,0,3,0,S, 	(30-MAY-2025 15:48:47)
2,162 , 1,0,3,0,S, 	(30-MAY-2025 15:48:47)
2,162 , 1,0,3,0,S, 	(30-MAY-2025 15:48:47)
2,162 , 1,0,3,0,S, 	(30-MAY-2025 15:48:47)
2,162 , 1,0,3,0,S, 	(30-MAY-2025 15:48:47)
2,162 , 1,0,3,0,S, 	(30-MAY-2025 15:48:47)
2,162 , 1,0,3,0,S, 	(30-MAY-2025 15:48:47)
2,162 , 1,0,3,0,S, 	(30-MAY-2025 15:48:47)
2,162 , 1,0,3,0,S, 	(30-MAY-2025 15:48:47)
2,162 , 1,0,3,0,S, 	(30-MAY-2025 15:48:47)
2,162 , 1,0,3,0,S, 	(30-MAY-2025 15:48:47)
2,162 , 1,0,3,0,S, 	(30-MAY-2025 15:48:47)
2,162 , 1,0,3,0,S, 	(30-MAY-2025 15:48:47)
2,162 , 1,0,3,0,S, 	(30-MAY-2025 15:48:47)
2,162 , 1,0,3,0,S, 	(30-MAY-2025 15:48:47)
2,162 , 1,0,3,0,S, 	(30-MAY-2025 15:48:47)
2,162 , 1,0,3,0,S, 	(30-MAY-2025 15:48:47)
2,162 , 1,0,3,0,S, 	(30-MAY-2025 15:48:47)
2,162 , 1,0,3,0,S, 	(30-MAY-2025 15:48:47)
2,162 , 1,0,3,0,S, 	(30-MAY-2025 15:48:47)
2,162 , 1,0,3,0,S, 	(30-MAY-2025 15:48:47)
2,162 , 1,0,3,0,S, 	(30-MAY-2025 15:48:47)
2,162 , 1,0,3,0,S, 	(30-MAY-2025 15:48:47)
2,162 , 1,0,3,0,S, 	(30-MAY-2025 15:48:47)
2,162 , 1,0,3,0,S, 	(30-MAY-2025 15:48:47)
2,162 , 1,0,3,0,S, 	(30-MAY-2025 15:48:47)
2,162 , 1,0,3,0,S, 	(30-MAY-2025 15:48:47)
2,162 , 1,0,3,0,S, 	(30-MAY-2025 15:48:47)
2,162 , 1,0,3,0,S, 	(30-MAY-2025 15:48:47)
2,106 , 0,0,223112,0,L, 	(30-MAY-2025 15:48:47)
2,106 , 0,0,223112,0,L, 	(30-MAY-2025 15:48:47)
2,106 , 0,0,223112,0,L, 	(30-MAY-2025 15:48:47)
2,106 , 0,0,223112,0,L, 	(30-MAY-2025 15:48:47)
2,106 , 0,0,223112,0,L, 	(30-MAY-2025 15:48:47)
2,106 , 0,0,223112,0,L, 	(30-MAY-2025 15:48:47)
2,106 , 0,0,223112,0,L, 	(30-MAY-2025 15:48:47)
2,106 , 0,0,223112,0,L, 	(30-MAY-2025 15:48:47)
2,106 , 0,0,223112,0,L, 	(30-MAY-2025 15:48:47)
2,106 , 0,0,223112,0,L, 	(30-MAY-2025 15:48:47)
2,106 , 0,0,223112,0,L, 	(30-MAY-2025 15:48:47)
2,106 , 0,0,223112,0,L, 	(30-MAY-2025 15:48:47)
2,106 , 0,0,223112,0,L, 	(30-MAY-2025 15:48:47)
2,106 , 0,0,223112,0,L, 	(30-MAY-2025 15:48:47)
2,106 , 0,0,223112,0,L, 	(30-MAY-2025 15:48:47)
2,106 , 0,0,223112,0,L, 	(30-MAY-2025 15:48:47)
2,106 , 0,0,223112,0,L, 	(30-MAY-2025 15:48:47)
2,106 , 0,0,223112,0,L, 	(30-MAY-2025 15:48:47)
2,106 , 0,0,223112,0,L, 	(30-MAY-2025 15:48:47)
2,106 , 0,0,223112,0,L, 	(30-MAY-2025 15:48:47)
2,106 , 0,0,223112,0,L, 	(30-MAY-2025 15:48:47)
2,106 , 0,0,223112,0,L, 	(30-MAY-2025 15:48:47)
2,106 , 0,0,223112,0,L, 	(30-MAY-2025 15:48:47)
2,106 , 0,0,223112,0,L, 	(30-MAY-2025 15:48:47)
2,106 , 0,0,223112,0,L, 	(30-MAY-2025 15:48:47)
2,106 , 0,0,223112,0,L, 	(30-MAY-2025 15:48:47)
2,106 , 0,0,223112,0,L, 	(30-MAY-2025 15:48:47)
2,106 , 0,0,223112,0,L, 	(30-MAY-2025 15:48:47)
2,106 , 0,0,223112,0,L, 	(30-MAY-2025 15:48:47)
2,106 , 0,0,223112,0,L, 	(30-MAY-2025 15:48:47)
2,107 , 0,0,223113,0,L, 	(30-MAY-2025 15:48:47)
2,107 , 0,0,223113,0,L, 	(30-MAY-2025 15:48:47)
2,107 , 0,0,223113,0,L, 	(30-MAY-2025 15:48:47)
2,107 , 0,0,223113,0,L, 	(30-MAY-2025 15:48:47)
2,107 , 0,0,223113,0,L, 	(30-MAY-2025 15:48:47)
2,107 , 0,0,223113,0,L, 	(30-MAY-2025 15:48:47)
2,107 , 0,0,223113,0,L, 	(30-MAY-2025 15:48:47)
2,107 , 0,0,223113,0,L, 	(30-MAY-2025 15:48:47)
2,107 , 0,0,223113,0,L, 	(30-MAY-2025 15:48:47)
2,107 , 0,0,223113,0,L, 	(30-MAY-2025 15:48:47)
2,107 , 0,0,223113,0,L, 	(30-MAY-2025 15:48:47)
2,107 , 0,0,223113,0,L, 	(30-MAY-2025 15:48:47)
2,107 , 0,0,223113,0,L, 	(30-MAY-2025 15:48:47)
2,107 , 0,0,223113,0,L, 	(30-MAY-2025 15:48:47)
2,107 , 0,0,223113,0,L, 	(30-MAY-2025 15:48:47)
2,107 , 0,0,223113,0,L, 	(30-MAY-2025 15:48:47)
2,107 , 0,0,223113,0,L, 	(30-MAY-2025 15:48:47)
2,107 , 0,0,223113,0,L, 	(30-MAY-2025 15:48:47)
2,107 , 0,0,223113,0,L, 	(30-MAY-2025 15:48:47)
2,107 , 0,0,223113,0,L, 	(30-MAY-2025 15:48:47)
2,107 , 0,0,223113,0,L, 	(30-MAY-2025 15:48:47)
2,107 , 0,0,223113,0,L, 	(30-MAY-2025 15:48:47)
2,107 , 0,0,223113,0,L, 	(30-MAY-2025 15:48:47)
2,107 , 0,0,223113,0,L, 	(30-MAY-2025 15:48:47)
2,107 , 0,0,223113,0,L, 	(30-MAY-2025 15:48:47)
2,107 , 0,0,223113,0,L, 	(30-MAY-2025 15:48:47)
2,107 , 0,0,223113,0,L, 	(30-MAY-2025 15:48:47)
2,107 , 0,0,223113,0,L, 	(30-MAY-2025 15:48:47)
2,107 , 0,0,223113,0,L, 	(30-MAY-2025 15:48:47)
2,107 , 0,0,223113,0,L, 	(30-MAY-2025 15:48:47)
2,107 , 0,0,223113,0,L, 	(30-MAY-2025 15:48:47)
2,107 , 0,0,223114,1,L, 	(30-MAY-2025 15:48:47)
2,107 , 0,0,223114,1,L, 	(30-MAY-2025 15:48:47)
2,107 , 0,0,223114,1,L, 	(30-MAY-2025 15:48:47)
2,107 , 0,0,223114,1,L, 	(30-MAY-2025 15:48:47)
2,107 , 0,0,223114,1,L, 	(30-MAY-2025 15:48:47)
2,107 , 0,0,223114,1,L, 	(30-MAY-2025 15:48:47)
2,107 , 0,0,223114,1,L, 	(30-MAY-2025 15:48:47)
2,107 , 0,0,223114,1,L, 	(30-MAY-2025 15:48:47)
2,107 , 0,0,223114,1,L, 	(30-MAY-2025 15:48:47)
2,107 , 0,0,223114,1,L, 	(30-MAY-2025 15:48:47)
2,107 , 0,0,223114,1,L, 	(30-MAY-2025 15:48:47)
2,107 , 0,0,223114,1,L, 	(30-MAY-2025 15:48:47)
2,107 , 0,0,223114,1,L, 	(30-MAY-2025 15:48:47)
2,107 , 0,0,223114,1,L, 	(30-MAY-2025 15:48:47)
2,107 , 0,0,223114,1,L, 	(30-MAY-2025 15:48:47)
2,107 , 0,0,223114,0,L, 	(30-MAY-2025 15:48:47)
2,107 , 0,0,223114,0,L, 	(30-MAY-2025 15:48:47)
2,107 , 0,0,223114,0,L, 	(30-MAY-2025 15:48:47)
2,107 , 0,0,223114,0,L, 	(30-MAY-2025 15:48:47)
2,107 , 0,0,223114,0,L, 	(30-MAY-2025 15:48:47)
2,107 , 0,0,223114,0,L, 	(30-MAY-2025 15:48:47)
2,107 , 0,0,223114,0,L, 	(30-MAY-2025 15:48:47)
2,107 , 0,0,223114,0,L, 	(30-MAY-2025 15:48:47)
2,107 , 0,0,223114,0,L, 	(30-MAY-2025 15:48:47)
2,107 , 0,0,223114,0,L, 	(30-MAY-2025 15:48:47)
2,107 , 0,0,223114,0,L, 	(30-MAY-2025 15:48:47)
2,107 , 0,0,223114,0,L, 	(30-MAY-2025 15:48:47)
2,107 , 0,0,223114,0,L, 	(30-MAY-2025 15:48:47)
2,107 , 0,0,223114,0,L, 	(30-MAY-2025 15:48:47)
2,107 , 0,0,223114,0,L, 	(30-MAY-2025 15:48:47)
2,107 , 0,0,223115,0,L, 	(30-MAY-2025 15:48:47)
2,107 , 0,0,223115,0,L, 	(30-MAY-2025 15:48:47)
2,107 , 0,0,223115,0,L, 	(30-MAY-2025 15:48:47)
2,107 , 0,0,223115,0,L, 	(30-MAY-2025 15:48:47)
2,107 , 0,0,223115,0,L, 	(30-MAY-2025 15:48:47)
2,107 , 0,0,223115,0,L, 	(30-MAY-2025 15:48:47)
2,107 , 0,0,223115,0,L, 	(30-MAY-2025 15:48:47)
2,107 , 0,0,223115,0,L, 	(30-MAY-2025 15:48:47)
2,107 , 0,0,223115,0,L, 	(30-MAY-2025 15:48:47)
2,107 , 0,0,223115,0,L, 	(30-MAY-2025 15:48:47)
2,107 , 0,0,223115,0,L, 	(30-MAY-2025 15:48:47)
2,107 , 0,0,223115,0,L, 	(30-MAY-2025 15:48:47)
2,107 , 0,0,223115,0,L, 	(30-MAY-2025 15:48:47)
2,107 , 0,0,223115,0,L, 	(30-MAY-2025 15:48:47)
2,107 , 0,0,223115,0,L, 	(30-MAY-2025 15:48:47)
2,107 , 0,0,223115,0,L, 	(30-MAY-2025 15:48:47)
2,107 , 0,0,223115,0,L, 	(30-MAY-2025 15:48:47)
2,107 , 0,0,223115,0,L, 	(30-MAY-2025 15:48:47)
2,107 , 0,0,223115,0,L, 	(30-MAY-2025 15:48:47)
2,107 , 0,0,223115,0,L, 	(30-MAY-2025 15:48:47)
2,107 , 0,0,223115,0,L, 	(30-MAY-2025 15:48:47)
2,107 , 0,0,223115,0,L, 	(30-MAY-2025 15:48:47)
2,107 , 0,0,223115,0,L, 	(30-MAY-2025 15:48:47)
2,107 , 0,0,223115,0,L, 	(30-MAY-2025 15:48:47)
2,107 , 0,0,223115,0,L, 	(30-MAY-2025 15:48:47)
2,107 , 0,0,223115,0,L, 	(30-MAY-2025 15:48:47)
2,107 , 0,0,223115,0,L, 	(30-MAY-2025 15:48:47)
2,107 , 0,0,223115,0,L, 	(30-MAY-2025 15:48:47)
2,107 , 0,0,223115,0,L, 	(30-MAY-2025 15:48:47)
2,107 , 0,0,223115,0,L, 	(30-MAY-2025 15:48:47)
2,107 , 0,0,223115,0,L, 	(30-MAY-2025 15:48:47)
2,176 , 0,0,124074,0,X, 	(30-MAY-2025 15:48:47)
2,176 , 0,0,124074,0,X, 	(30-MAY-2025 15:48:47)
2,176 , 0,0,124074,0,X, 	(30-MAY-2025 15:48:47)
2,176 , 0,0,124074,0,X, 	(30-MAY-2025 15:48:47)
2,176 , 0,0,124074,0,X, 	(30-MAY-2025 15:48:47)
2,176 , 0,0,124074,0,X, 	(30-MAY-2025 15:48:47)
2,176 , 0,0,124074,0,X, 	(30-MAY-2025 15:48:47)
2,176 , 0,0,124074,0,X, 	(30-MAY-2025 15:48:47)
2,176 , 0,0,124074,0,X, 	(30-MAY-2025 15:48:47)
2,176 , 0,0,124074,0,X, 	(30-MAY-2025 15:48:47)
2,176 , 0,0,124074,0,X, 	(30-MAY-2025 15:48:47)
2,176 , 0,0,124074,0,X, 	(30-MAY-2025 15:48:47)
2,176 , 0,0,124074,0,X, 	(30-MAY-2025 15:48:47)
2,176 , 0,0,124074,0,X, 	(30-MAY-2025 15:48:47)
2,176 , 0,0,124074,0,X, 	(30-MAY-2025 15:48:47)
2,176 , 0,0,124074,0,X, 	(30-MAY-2025 15:48:47)
2,176 , 0,0,124074,0,X, 	(30-MAY-2025 15:48:47)
2,176 , 0,0,124074,0,X, 	(30-MAY-2025 15:48:47)
2,176 , 0,0,124074,0,X, 	(30-MAY-2025 15:48:47)
2,176 , 0,0,124074,0,X, 	(30-MAY-2025 15:48:47)
2,176 , 0,0,124074,0,X, 	(30-MAY-2025 15:48:47)
2,176 , 0,0,124074,0,X, 	(30-MAY-2025 15:48:47)
2,176 , 0,0,124074,0,X, 	(30-MAY-2025 15:48:47)
2,176 , 0,0,124074,0,X, 	(30-MAY-2025 15:48:47)
2,176 , 0,0,124074,0,X, 	(30-MAY-2025 15:48:47)
2,176 , 0,0,124074,0,X, 	(30-MAY-2025 15:48:47)
2,176 , 0,0,124074,0,X, 	(30-MAY-2025 15:48:47)
2,176 , 0,0,124074,0,X, 	(30-MAY-2025 15:48:47)
2,176 , 0,0,124074,0,X, 	(30-MAY-2025 15:48:47)
2,176 , 0,0,124074,0,X, 	(30-MAY-2025 15:48:47)
2,176 , 0,0,125006,0,X, 	(30-MAY-2025 15:48:47)
2,176 , 0,0,125006,0,X, 	(30-MAY-2025 15:48:47)
2,176 , 0,0,125006,0,X, 	(30-MAY-2025 15:48:47)
2,176 , 0,0,125006,0,X, 	(30-MAY-2025 15:48:47)
2,176 , 0,0,125006,0,X, 	(30-MAY-2025 15:48:47)
2,176 , 0,0,125006,0,X, 	(30-MAY-2025 15:48:47)
2,176 , 0,0,125006,0,X, 	(30-MAY-2025 15:48:47)
2,176 , 0,0,125006,0,X, 	(30-MAY-2025 15:48:47)
2,176 , 0,0,125006,0,X, 	(30-MAY-2025 15:48:47)
2,176 , 0,0,125006,0,X, 	(30-MAY-2025 15:48:47)
2,176 , 0,0,125006,0,X, 	(30-MAY-2025 15:48:47)
2,176 , 0,0,125006,0,X, 	(30-MAY-2025 15:48:47)
2,176 , 0,0,125006,0,X, 	(30-MAY-2025 15:48:47)
2,176 , 0,0,125006,0,X, 	(30-MAY-2025 15:48:47)
2,176 , 0,0,125006,0,X, 	(30-MAY-2025 15:48:47)
2,176 , 0,0,125006,0,X, 	(30-MAY-2025 15:48:47)
2,176 , 0,0,125006,0,X, 	(30-MAY-2025 15:48:47)
2,176 , 0,0,125006,0,X, 	(30-MAY-2025 15:48:47)
2,176 , 0,0,125006,0,X, 	(30-MAY-2025 15:48:47)
2,176 , 0,0,125006,0,X, 	(30-MAY-2025 15:48:47)
2,176 , 0,0,125006,0,X, 	(30-MAY-2025 15:48:47)
2,176 , 0,0,125006,0,X, 	(30-MAY-2025 15:48:47)
2,176 , 0,0,125006,0,X, 	(30-MAY-2025 15:48:47)
2,176 , 0,0,125006,0,X, 	(30-MAY-2025 15:48:47)
2,176 , 0,0,125006,0,X, 	(30-MAY-2025 15:48:47)
2,176 , 0,0,125006,0,X, 	(30-MAY-2025 15:48:47)
2,176 , 0,0,125006,0,X, 	(30-MAY-2025 15:48:47)
2,176 , 0,0,125006,0,X, 	(30-MAY-2025 15:48:47)
2,176 , 0,0,125007,1,X, 	(30-MAY-2025 15:48:47)
2,176 , 0,0,125007,1,X, 	(30-MAY-2025 15:48:47)
2,176 , 0,0,125007,1,X, 	(30-MAY-2025 15:48:47)
2,176 , 0,0,125007,1,X, 	(30-MAY-2025 15:48:47)
2,176 , 0,0,125007,1,X, 	(30-MAY-2025 15:48:47)
2,176 , 0,0,125007,1,X, 	(30-MAY-2025 15:48:47)
2,176 , 0,0,125007,1,X, 	(30-MAY-2025 15:48:47)
2,176 , 0,0,125007,1,X, 	(30-MAY-2025 15:48:47)
2,176 , 0,0,125007,1,X, 	(30-MAY-2025 15:48:47)
2,176 , 0,0,125007,1,X, 	(30-MAY-2025 15:48:47)
2,176 , 0,0,125007,1,X, 	(30-MAY-2025 15:48:47)
2,176 , 0,0,125007,1,X, 	(30-MAY-2025 15:48:47)
2,176 , 0,0,125007,1,X, 	(30-MAY-2025 15:48:47)
2,176 , 0,0,125007,1,X, 	(30-MAY-2025 15:48:47)
2,176 , 0,0,125007,1,X, 	(30-MAY-2025 15:48:47)
2,176 , 0,0,125007,1,X, 	(30-MAY-2025 15:48:47)
2,176 , 0,0,125007,1,X, 	(30-MAY-2025 15:48:47)
2,176 , 0,0,125007,1,X, 	(30-MAY-2025 15:48:47)
2,176 , 0,0,125007,1,X, 	(30-MAY-2025 15:48:47)
2,176 , 0,0,125007,1,X, 	(30-MAY-2025 15:48:47)
2,176 , 0,0,125007,1,X, 	(30-MAY-2025 15:48:47)
2,176 , 0,0,125007,1,X, 	(30-MAY-2025 15:48:47)
2,176 , 0,0,125007,1,X, 	(30-MAY-2025 15:48:47)
2,176 , 0,0,125007,1,X, 	(30-MAY-2025 15:48:47)
2,176 , 0,0,125007,1,X, 	(30-MAY-2025 15:48:47)
2,176 , 0,0,125007,1,X, 	(30-MAY-2025 15:48:47)
2,176 , 0,0,125007,1,X, 	(30-MAY-2025 15:48:47)
2,176 , 0,0,125007,1,X, 	(30-MAY-2025 15:48:47)
2, , ,,,,, 	(30-MAY-2025 15:48:47)	 (Not Inserted)
2, , ,,,,, 	(30-MAY-2025 15:48:47)	 (Not Inserted)
2, , ,,,,, 	(30-MAY-2025 15:48:47)	 (Not Inserted)
2, , ,,,,, 	(30-MAY-2025 15:48:47)	 (Not Inserted)
2, , ,,,,, 	(30-MAY-2025 15:48:47)	 (Not Inserted)
2, , ,,,,, 	(30-MAY-2025 15:48:47)	 (Not Inserted)
2, , ,,,,, 	(30-MAY-2025 15:48:47)	 (Not Inserted)
2, , ,,,,, 	(30-MAY-2025 15:48:47)	 (Not Inserted)
2, , ,,,,, 	(30-MAY-2025 15:48:47)	 (Not Inserted)
2, , ,,,,, 	(30-MAY-2025 15:48:47)	 (Not Inserted)
2, , ,,,,, 	(30-MAY-2025 15:48:47)	 (Not Inserted)
2, , ,,,,, 	(30-MAY-2025 15:48:47)	 (Not Inserted)
2, , ,,,,, 	(30-MAY-2025 15:48:47)	 (Not Inserted)
2, , ,,,,, 	(30-MAY-2025 15:48:47)	 (Not Inserted)
2, , ,,,,, 	(30-MAY-2025 15:48:47)	 (Not Inserted)
2, , ,,,,, 	(30-MAY-2025 15:48:47)	 (Not Inserted)
2, , ,,,,, 	(30-MAY-2025 15:48:47)	 (Not Inserted)
2, , ,,,,, 	(30-MAY-2025 15:48:47)	 (Not Inserted)
2, , ,,,,, 	(30-MAY-2025 15:48:47)	 (Not Inserted)
2, , ,,,,, 	(30-MAY-2025 15:48:47)	 (Not Inserted)
2, , ,,,,, 	(30-MAY-2025 15:48:47)	 (Not Inserted)
2, , ,,,,, 	(30-MAY-2025 15:48:47)	 (Not Inserted)
2, , ,,,,, 	(30-MAY-2025 15:48:47)	 (Not Inserted)
2, , ,,,,, 	(30-MAY-2025 15:48:47)	 (Not Inserted)
2, , ,,,,, 	(30-MAY-2025 15:48:47)	 (Not Inserted)
2, , ,,,,, 	(30-MAY-2025 15:48:47)	 (Not Inserted)
2, , ,,,,, 	(30-MAY-2025 15:48:47)	 (Not Inserted)
2, , ,,,,, 	(30-MAY-2025 15:48:47)	 (Not Inserted)
2, , ,,,,, 	(30-MAY-2025 15:48:47)	 (Not Inserted)
2, , ,,,,, 	(30-MAY-2025 15:48:47)	 (Not Inserted)
2, , ,,,,, 	(30-MAY-2025 15:48:47)	 (Not Inserted)
2, , ,,,,, 	(30-MAY-2025 15:48:47)	 (Not Inserted)
2, , ,,,,, 	(30-MAY-2025 15:48:47)	 (Not Inserted)
2,122 , 0,0,123042,0,X, 	(30-MAY-2025 15:48:47)
2,122 , 0,0,123042,0,X, 	(30-MAY-2025 15:48:47)
2,122 , 0,0,123042,0,X, 	(30-MAY-2025 15:48:47)
2,122 , 0,0,123042,0,X, 	(30-MAY-2025 15:48:47)
2,122 , 0,0,123042,0,X, 	(30-MAY-2025 15:48:47)
2,122 , 0,0,123042,0,X, 	(30-MAY-2025 15:48:47)
2,122 , 0,0,123042,0,X, 	(30-MAY-2025 15:48:47)
2,122 , 0,0,123043,0,X, 	(30-MAY-2025 15:48:47)
2,122 , 0,0,123043,0,X, 	(30-MAY-2025 15:48:47)
2,122 , 0,0,123043,0,X, 	(30-MAY-2025 15:48:47)
2,122 , 0,0,123043,0,X, 	(30-MAY-2025 15:48:47)
2,122 , 0,0,123043,0,X, 	(30-MAY-2025 15:48:47)
2,122 , 0,0,123043,0,X, 	(30-MAY-2025 15:48:47)
2,122 , 0,0,123043,0,X, 	(30-MAY-2025 15:48:47)
2,122 , 0,0,123044,0,X, 	(30-MAY-2025 15:48:47)
2,122 , 0,0,123044,0,X, 	(30-MAY-2025 15:48:47)
2,122 , 0,0,123044,0,X, 	(30-MAY-2025 15:48:47)
2,122 , 0,0,123044,0,X, 	(30-MAY-2025 15:48:47)
2,122 , 0,0,123044,0,X, 	(30-MAY-2025 15:48:47)
2,122 , 0,0,123044,0,X, 	(30-MAY-2025 15:48:47)
2,122 , 0,0,123044,0,X, 	(30-MAY-2025 15:48:47)
2,122 , 0,0,123044,0,X, 	(30-MAY-2025 15:48:47)
2,122 , 0,0,123044,0,X, 	(30-MAY-2025 15:48:47)
2,122 , 0,0,124075,0,X, 	(30-MAY-2025 15:48:47)
2,122 , 0,0,124075,0,X, 	(30-MAY-2025 15:48:47)
2,122 , 0,0,124075,0,X, 	(30-MAY-2025 15:48:47)
2,122 , 0,0,124075,0,X, 	(30-MAY-2025 15:48:47)
2,122 , 0,0,124075,0,X, 	(30-MAY-2025 15:48:47)
2,122 , 0,0,124075,0,X, 	(30-MAY-2025 15:48:47)
2,122 , 0,0,124075,0,X, 	(30-MAY-2025 15:48:47)
2,122 , 0,0,124075,0,X, 	(30-MAY-2025 15:48:47)
2,122 , 0,0,124075,0,X, 	(30-MAY-2025 15:48:47)
2,122 , 0,0,124075,0,X, 	(30-MAY-2025 15:48:47)
2,122 , 0,0,124075,0,X, 	(30-MAY-2025 15:48:47)
2,122 , 0,0,124075,0,X, 	(30-MAY-2025 15:48:47)
2,122 , 0,0,124075,0,X, 	(30-MAY-2025 15:48:47)
2,122 , 0,0,124075,0,X, 	(30-MAY-2025 15:48:47)
2,122 , 0,0,124075,0,X, 	(30-MAY-2025 15:48:47)
2,122 , 0,0,124075,0,X, 	(30-MAY-2025 15:48:47)
2,122 , 0,0,124075,0,X, 	(30-MAY-2025 15:48:47)
2,122 , 0,0,124075,0,X, 	(30-MAY-2025 15:48:47)
2,122 , 0,0,124075,0,X, 	(30-MAY-2025 15:48:47)
2,122 , 0,0,124075,0,X, 	(30-MAY-2025 15:48:47)
2,122 , 0,0,124075,0,X, 	(30-MAY-2025 15:48:47)
2,122 , 0,0,124075,0,X, 	(30-MAY-2025 15:48:47)
2,122 , 0,0,124075,0,X, 	(30-MAY-2025 15:48:47)
2,122 , 0,0,124075,0,X, 	(30-MAY-2025 15:48:47)
2,122 , 0,0,124075,0,X, 	(30-MAY-2025 15:48:47)
2,122 , 0,0,124075,0,X, 	(30-MAY-2025 15:48:47)
2,122 , 0,0,124075,0,X, 	(30-MAY-2025 15:48:47)
2,122 , 0,0,124075,0,X, 	(30-MAY-2025 15:48:47)
2,122 , 0,0,124075,0,X, 	(30-MAY-2025 15:48:47)
2,122 , 0,0,124075,0,X, 	(30-MAY-2025 15:48:47)
2,122 , 0,0,124076,0,X, 	(30-MAY-2025 15:48:47)
2,122 , 0,0,124076,0,X, 	(30-MAY-2025 15:48:47)
2,122 , 0,0,124076,0,X, 	(30-MAY-2025 15:48:47)
2,122 , 0,0,124076,0,X, 	(30-MAY-2025 15:48:47)
2,122 , 0,0,124076,0,X, 	(30-MAY-2025 15:48:47)
2,122 , 0,0,124076,0,X, 	(30-MAY-2025 15:48:47)
2,122 , 0,0,124076,0,X, 	(30-MAY-2025 15:48:47)
2,122 , 0,0,124076,0,X, 	(30-MAY-2025 15:48:47)
2,122 , 0,0,124076,0,X, 	(30-MAY-2025 15:48:47)
2,122 , 0,0,124076,0,X, 	(30-MAY-2025 15:48:47)
2,122 , 0,0,124076,0,X, 	(30-MAY-2025 15:48:47)
2,122 , 0,0,124076,0,X, 	(30-MAY-2025 15:48:47)
2,122 , 0,0,124076,0,X, 	(30-MAY-2025 15:48:47)
2,122 , 0,0,124076,0,X, 	(30-MAY-2025 15:48:47)
2,122 , 0,0,124076,0,X, 	(30-MAY-2025 15:48:47)
2,122 , 0,0,124076,0,X, 	(30-MAY-2025 15:48:47)
2,122 , 0,0,124076,0,X, 	(30-MAY-2025 15:48:47)
2,122 , 0,0,124076,0,X, 	(30-MAY-2025 15:48:47)
2,122 , 0,0,124076,0,X, 	(30-MAY-2025 15:48:47)
2,122 , 0,0,124076,0,X, 	(30-MAY-2025 15:48:47)
2,122 , 0,0,124076,0,X, 	(30-MAY-2025 15:48:47)
2,122 , 0,0,124076,0,X, 	(30-MAY-2025 15:48:47)
2,122 , 0,0,124076,0,X, 	(30-MAY-2025 15:48:47)
2,122 , 0,0,124076,0,X, 	(30-MAY-2025 15:48:47)
2,122 , 0,0,124076,0,X, 	(30-MAY-2025 15:48:47)
2,122 , 0,0,124076,0,X, 	(30-MAY-2025 15:48:47)
2,122 , 0,0,124076,0,X, 	(30-MAY-2025 15:48:47)
2,122 , 0,0,124076,0,X, 	(30-MAY-2025 15:48:47)
2,122 , 0,0,124076,0,X, 	(30-MAY-2025 15:48:47)
2,122 , 0,0,124076,0,X, 	(30-MAY-2025 15:48:47)
2,122 , 0,0,124076,0,X, 	(30-MAY-2025 15:48:47)
2,122 , 0,0,124077,0,X, 	(30-MAY-2025 15:48:47)
2,122 , 0,0,124077,0,X, 	(30-MAY-2025 15:48:47)
2,122 , 0,0,124077,0,X, 	(30-MAY-2025 15:48:47)
2,122 , 0,0,124077,0,X, 	(30-MAY-2025 15:48:47)
2,122 , 0,0,124077,0,X, 	(30-MAY-2025 15:48:47)
2,122 , 0,0,124077,0,X, 	(30-MAY-2025 15:48:47)
2,122 , 0,0,124077,0,X, 	(30-MAY-2025 15:48:47)
2,122 , 0,0,124077,0,X, 	(30-MAY-2025 15:48:47)
2,122 , 0,0,124077,0,X, 	(30-MAY-2025 15:48:47)
2,122 , 0,0,124077,0,X, 	(30-MAY-2025 15:48:47)
2,122 , 0,0,124077,0,X, 	(30-MAY-2025 15:48:47)
2,122 , 0,0,124077,0,X, 	(30-MAY-2025 15:48:47)
2,122 , 0,0,124077,0,X, 	(30-MAY-2025 15:48:47)
2,122 , 0,0,124077,0,X, 	(30-MAY-2025 15:48:47)
2,122 , 0,0,124077,0,X, 	(30-MAY-2025 15:48:47)
2,122 , 0,0,124077,0,X, 	(30-MAY-2025 15:48:47)
2,122 , 0,0,124077,0,X, 	(30-MAY-2025 15:48:47)
2,122 , 0,0,124077,0,X, 	(30-MAY-2025 15:48:47)
2,122 , 0,0,124077,0,X, 	(30-MAY-2025 15:48:47)
2,122 , 0,0,124077,0,X, 	(30-MAY-2025 15:48:47)
2,122 , 0,0,124077,0,X, 	(30-MAY-2025 15:48:47)
2,122 , 0,0,124077,0,X, 	(30-MAY-2025 15:48:47)
2,122 , 0,0,124077,0,X, 	(30-MAY-2025 15:48:47)
2,122 , 0,0,124077,0,X, 	(30-MAY-2025 15:48:47)
2,122 , 0,0,124077,0,X, 	(30-MAY-2025 15:48:47)
2,122 , 0,0,124077,0,X, 	(30-MAY-2025 15:48:47)
2,122 , 0,0,124077,0,X, 	(30-MAY-2025 15:48:47)
2,122 , 0,0,124077,0,X, 	(30-MAY-2025 15:48:47)
2,122 , 0,0,124077,0,X, 	(30-MAY-2025 15:48:47)
2,122 , 0,0,124077,0,X, 	(30-MAY-2025 15:48:47)
2,122 , 0,0,124078,0,X, 	(30-MAY-2025 15:48:47)
2,122 , 0,0,124078,0,X, 	(30-MAY-2025 15:48:47)
2,122 , 0,0,124078,0,X, 	(30-MAY-2025 15:48:47)
2,122 , 0,0,124078,0,X, 	(30-MAY-2025 15:48:47)
2,122 , 0,0,124078,0,X, 	(30-MAY-2025 15:48:47)
2,122 , 0,0,124078,0,X, 	(30-MAY-2025 15:48:47)
2,122 , 0,0,124078,0,X, 	(30-MAY-2025 15:48:47)
2,122 , 0,0,124078,0,X, 	(30-MAY-2025 15:48:47)
2,122 , 0,0,124078,0,X, 	(30-MAY-2025 15:48:47)
2,122 , 0,0,124078,0,X, 	(30-MAY-2025 15:48:47)
2,122 , 0,0,124078,0,X, 	(30-MAY-2025 15:48:47)
2,122 , 0,0,124078,0,X, 	(30-MAY-2025 15:48:47)
2,122 , 0,0,124078,0,X, 	(30-MAY-2025 15:48:47)
2,122 , 0,0,124078,0,X, 	(30-MAY-2025 15:48:47)
2,122 , 0,0,124078,0,X, 	(30-MAY-2025 15:48:47)
2,122 , 0,0,124078,0,X, 	(30-MAY-2025 15:48:47)
2,122 , 0,0,124078,0,X, 	(30-MAY-2025 15:48:47)
2,122 , 0,0,124078,0,X, 	(30-MAY-2025 15:48:47)
2,122 , 0,0,124078,0,X, 	(30-MAY-2025 15:48:47)
2,122 , 0,0,124078,0,X, 	(30-MAY-2025 15:48:47)
2,122 , 0,0,124078,0,X, 	(30-MAY-2025 15:48:47)
2,122 , 0,0,124078,0,X, 	(30-MAY-2025 15:48:47)
2,122 , 0,0,124078,0,X, 	(30-MAY-2025 15:48:47)
2,122 , 0,0,124078,0,X, 	(30-MAY-2025 15:48:47)
2,122 , 0,0,124078,0,X, 	(30-MAY-2025 15:48:47)
2,122 , 0,0,124078,0,X, 	(30-MAY-2025 15:48:47)
2,122 , 0,0,124078,0,X, 	(30-MAY-2025 15:48:47)
2,122 , 0,0,124078,0,X, 	(30-MAY-2025 15:48:47)
2,122 , 0,0,124078,0,X, 	(30-MAY-2025 15:48:47)
2,122 , 0,0,124078,0,X, 	(30-MAY-2025 15:48:47)
2,122 , 0,0,124078,0,X, 	(30-MAY-2025 15:48:47)
2,122 , 0,0,124079,0,X, 	(30-MAY-2025 15:48:47)
2,122 , 0,0,124079,0,X, 	(30-MAY-2025 15:48:47)
2,122 , 0,0,124079,0,X, 	(30-MAY-2025 15:48:47)
2,122 , 0,0,124079,0,X, 	(30-MAY-2025 15:48:47)
2,122 , 0,0,124079,0,X, 	(30-MAY-2025 15:48:47)
2,122 , 0,0,124079,0,X, 	(30-MAY-2025 15:48:47)
2,122 , 0,0,124079,0,X, 	(30-MAY-2025 15:48:47)
2,122 , 0,0,124079,0,X, 	(30-MAY-2025 15:48:47)
2,122 , 0,0,124079,0,X, 	(30-MAY-2025 15:48:47)
2,122 , 0,0,124079,0,X, 	(30-MAY-2025 15:48:47)
2,122 , 0,0,124079,0,X, 	(30-MAY-2025 15:48:47)
2,122 , 0,0,124079,0,X, 	(30-MAY-2025 15:48:47)
2,122 , 0,0,124079,0,X, 	(30-MAY-2025 15:48:47)
2,122 , 0,0,124079,0,X, 	(30-MAY-2025 15:48:47)
2,122 , 0,0,124079,0,X, 	(30-MAY-2025 15:48:47)
2,122 , 0,0,124079,0,X, 	(30-MAY-2025 15:48:47)
2,122 , 0,0,124079,0,X, 	(30-MAY-2025 15:48:47)
2,122 , 0,0,124079,0,X, 	(30-MAY-2025 15:48:47)
2,122 , 0,0,124079,0,X, 	(30-MAY-2025 15:48:47)
2,122 , 0,0,124079,0,X, 	(30-MAY-2025 15:48:47)
2,122 , 0,0,124079,0,X, 	(30-MAY-2025 15:48:47)
2,122 , 0,0,124079,0,X, 	(30-MAY-2025 15:48:47)
2,122 , 0,0,124079,0,X, 	(30-MAY-2025 15:48:47)
2,122 , 0,0,124079,0,X, 	(30-MAY-2025 15:48:47)
2,122 , 0,0,124079,0,X, 	(30-MAY-2025 15:48:47)
2,122 , 0,0,124079,0,X, 	(30-MAY-2025 15:48:47)
2,122 , 0,0,124079,0,X, 	(30-MAY-2025 15:48:47)
2,122 , 0,0,124079,0,X, 	(30-MAY-2025 15:48:47)
2,122 , 0,0,124079,0,X, 	(30-MAY-2025 15:48:47)
2,122 , 0,0,124079,0,X, 	(30-MAY-2025 15:48:47)
2,122 , 0,0,124079,0,X, 	(30-MAY-2025 15:48:47)
2,122 , 0,0,124080,0,X, 	(30-MAY-2025 15:48:47)
2,122 , 0,0,124080,0,X, 	(30-MAY-2025 15:48:47)
2,122 , 0,0,124080,0,X, 	(30-MAY-2025 15:48:47)
2,122 , 0,0,124080,0,X, 	(30-MAY-2025 15:48:47)
2,122 , 0,0,124080,0,X, 	(30-MAY-2025 15:48:47)
2,122 , 0,0,124080,0,X, 	(30-MAY-2025 15:48:47)
2,122 , 0,0,124080,0,X, 	(30-MAY-2025 15:48:47)
2,122 , 0,0,124080,0,X, 	(30-MAY-2025 15:48:47)
2,122 , 0,0,124080,0,X, 	(30-MAY-2025 15:48:47)
2,122 , 0,0,124080,0,X, 	(30-MAY-2025 15:48:47)
2,122 , 0,0,124080,0,X, 	(30-MAY-2025 15:48:47)
2,122 , 0,0,124080,0,X, 	(30-MAY-2025 15:48:47)
2,122 , 0,0,124080,0,X, 	(30-MAY-2025 15:48:47)
2,122 , 0,0,124080,0,X, 	(30-MAY-2025 15:48:47)
2,122 , 0,0,124080,0,X, 	(30-MAY-2025 15:48:47)
2,122 , 0,0,124080,0,X, 	(30-MAY-2025 15:48:47)
2,122 , 0,0,124080,0,X, 	(30-MAY-2025 15:48:47)
2,122 , 0,0,124080,0,X, 	(30-MAY-2025 15:48:47)
2,122 , 0,0,124080,0,X, 	(30-MAY-2025 15:48:47)
2,122 , 0,0,124080,0,X, 	(30-MAY-2025 15:48:47)
2,122 , 0,0,124080,0,X, 	(30-MAY-2025 15:48:47)
2,122 , 0,0,124080,0,X, 	(30-MAY-2025 15:48:47)
2,122 , 0,0,124080,0,X, 	(30-MAY-2025 15:48:47)
2,122 , 0,0,124080,0,X, 	(30-MAY-2025 15:48:47)
2,122 , 0,0,124080,0,X, 	(30-MAY-2025 15:48:47)
2,122 , 0,0,124080,0,X, 	(30-MAY-2025 15:48:47)
2,122 , 0,0,124080,0,X, 	(30-MAY-2025 15:48:47)
2,122 , 0,0,124080,0,X, 	(30-MAY-2025 15:48:47)
2,122 , 0,0,124080,0,X, 	(30-MAY-2025 15:48:47)
2,122 , 0,0,124080,0,X, 	(30-MAY-2025 15:48:47)
2,122 , 0,0,124080,0,X, 	(30-MAY-2025 15:48:47)
2,181 , 0,0,124081,1,X, 	(30-MAY-2025 15:48:47)
2,181 , 0,0,124081,1,X, 	(30-MAY-2025 15:48:47)
2,181 , 0,0,124081,1,X, 	(30-MAY-2025 15:48:47)
2,181 , 0,0,124081,1,X, 	(30-MAY-2025 15:48:47)
2,181 , 0,0,124081,1,X, 	(30-MAY-2025 15:48:47)
2,181 , 0,0,124081,1,X, 	(30-MAY-2025 15:48:47)
2,181 , 0,0,124081,1,X, 	(30-MAY-2025 15:48:47)
2,181 , 0,0,124081,1,X, 	(30-MAY-2025 15:48:47)
2,181 , 0,0,124081,1,X, 	(30-MAY-2025 15:48:47)
2,181 , 0,0,124081,1,X, 	(30-MAY-2025 15:48:47)
2,183 , 1,0,1,0,S, 	(30-MAY-2025 15:48:47)
2,183 , 1,0,1,0,S, 	(30-MAY-2025 15:48:47)
2,183 , 1,0,1,0,S, 	(30-MAY-2025 15:48:47)
2,183 , 1,0,1,0,S, 	(30-MAY-2025 15:48:47)
2,183 , 1,0,1,0,S, 	(30-MAY-2025 15:48:47)
2,183 , 1,0,1,0,S, 	(30-MAY-2025 15:48:47)
2,183 , 1,0,1,0,S, 	(30-MAY-2025 15:48:47)
2,183 , 1,0,1,0,S, 	(30-MAY-2025 15:48:47)
2,183 , 1,0,1,0,S, 	(30-MAY-2025 15:48:47)
2,183 , 1,0,1,0,S, 	(30-MAY-2025 15:48:47)
2,183 , 1,0,1,0,S, 	(30-MAY-2025 15:48:47)
2,183 , 1,0,1,0,S, 	(30-MAY-2025 15:48:47)
2,183 , 1,0,1,0,S, 	(30-MAY-2025 15:48:47)
2,183 , 1,0,1,0,S, 	(30-MAY-2025 15:48:47)
2,183 , 1,0,1,0,S, 	(30-MAY-2025 15:48:47)
2,183 , 1,0,1,0,S, 	(30-MAY-2025 15:48:47)
2,184 , 1,0,3,0,S, 	(30-MAY-2025 15:48:47)
2,184 , 1,0,3,0,S, 	(30-MAY-2025 15:48:47)
2,184 , 1,0,3,0,S, 	(30-MAY-2025 15:48:47)
2,184 , 1,0,3,0,S, 	(30-MAY-2025 15:48:47)
2,184 , 1,0,3,0,S, 	(30-MAY-2025 15:48:47)
2,184 , 1,0,3,0,S, 	(30-MAY-2025 15:48:47)
2,184 , 1,0,3,0,S, 	(30-MAY-2025 15:48:47)
2,184 , 1,0,3,0,S, 	(30-MAY-2025 15:48:47)
2,184 , 1,0,3,0,S, 	(30-MAY-2025 15:48:47)
2,184 , 1,0,3,0,S, 	(30-MAY-2025 15:48:47)
2,184 , 1,0,3,0,S, 	(30-MAY-2025 15:48:47)
2,184 , 1,0,3,0,S, 	(30-MAY-2025 15:48:47)
2,184 , 1,0,3,0,S, 	(30-MAY-2025 15:48:48)
2,184 , 1,0,3,0,S, 	(30-MAY-2025 15:48:48)
2,184 , 1,0,3,0,S, 	(30-MAY-2025 15:48:48)
2,184 , 1,0,3,1,S, 	(30-MAY-2025 15:48:48)
2,184 , 1,0,3,1,S, 	(30-MAY-2025 15:48:48)
2,184 , 1,0,3,1,S, 	(30-MAY-2025 15:48:48)
2,184 , 1,0,3,1,S, 	(30-MAY-2025 15:48:48)
2,184 , 1,0,3,1,S, 	(30-MAY-2025 15:48:48)
2,184 , 1,0,3,1,S, 	(30-MAY-2025 15:48:48)
2,184 , 1,0,3,1,S, 	(30-MAY-2025 15:48:48)
2,184 , 1,0,3,1,S, 	(30-MAY-2025 15:48:48)
2,184 , 1,0,3,1,S, 	(30-MAY-2025 15:48:48)
2,184 , 1,0,3,1,S, 	(30-MAY-2025 15:48:48)
2,184 , 1,0,3,1,S, 	(30-MAY-2025 15:48:48)
2,184 , 1,0,3,1,S, 	(30-MAY-2025 15:48:48)
2,184 , 1,0,3,1,S, 	(30-MAY-2025 15:48:48)
2,184 , 1,0,3,1,S, 	(30-MAY-2025 15:48:48)
2,184 , 1,0,3,1,S, 	(30-MAY-2025 15:48:48)
2,184 , 1,0,3,1,S, 	(30-MAY-2025 15:48:48)
2,184 , 1,0,4,0,S, 	(30-MAY-2025 15:48:48)
2,184 , 1,0,4,0,S, 	(30-MAY-2025 15:48:48)
2,184 , 1,0,4,0,S, 	(30-MAY-2025 15:48:48)
2,184 , 1,0,4,0,S, 	(30-MAY-2025 15:48:48)
2,184 , 1,0,4,0,S, 	(30-MAY-2025 15:48:48)
2,184 , 1,0,4,0,S, 	(30-MAY-2025 15:48:48)
2,184 , 1,0,4,0,S, 	(30-MAY-2025 15:48:48)
2,184 , 1,0,4,0,S, 	(30-MAY-2025 15:48:48)
2,184 , 1,0,4,0,S, 	(30-MAY-2025 15:48:48)
2,184 , 1,0,4,0,S, 	(30-MAY-2025 15:48:48)
2,184 , 1,0,4,0,S, 	(30-MAY-2025 15:48:48)
2,184 , 1,0,4,0,S, 	(30-MAY-2025 15:48:48)
2,184 , 1,0,4,0,S, 	(30-MAY-2025 15:48:48)
2,184 , 1,0,4,0,S, 	(30-MAY-2025 15:48:48)
2,184 , 1,0,4,0,S, 	(30-MAY-2025 15:48:48)
2,184 , 1,0,4,0,S, 	(30-MAY-2025 15:48:48)
2,184 , 1,0,4,0,S, 	(30-MAY-2025 15:48:48)
2,184 , 1,0,4,0,S, 	(30-MAY-2025 15:48:48)
2,184 , 1,0,4,0,S, 	(30-MAY-2025 15:48:48)
2,184 , 1,0,4,0,S, 	(30-MAY-2025 15:48:48)
2,184 , 1,0,4,0,S, 	(30-MAY-2025 15:48:48)
2,184 , 1,0,4,0,S, 	(30-MAY-2025 15:48:48)
2,184 , 1,0,4,0,S, 	(30-MAY-2025 15:48:48)
2,184 , 1,0,4,0,S, 	(30-MAY-2025 15:48:48)
2,184 , 1,0,4,0,S, 	(30-MAY-2025 15:48:48)
2,184 , 1,0,4,0,S, 	(30-MAY-2025 15:48:48)
2,184 , 1,0,4,0,S, 	(30-MAY-2025 15:48:48)
2,184 , 1,0,4,0,S, 	(30-MAY-2025 15:48:48)
2,184 , 1,0,4,0,S, 	(30-MAY-2025 15:48:48)
2,184 , 1,0,4,0,S, 	(30-MAY-2025 15:48:48)
2,184 , 1,0,4,0,S, 	(30-MAY-2025 15:48:48)
2,184 , 1,0,2,0,S, 	(30-MAY-2025 15:48:48)
2,184 , 1,0,2,0,S, 	(30-MAY-2025 15:48:48)
2,184 , 1,0,2,0,S, 	(30-MAY-2025 15:48:48)
2,184 , 1,0,2,0,S, 	(30-MAY-2025 15:48:48)
2,184 , 1,0,2,0,S, 	(30-MAY-2025 15:48:48)
2,184 , 1,0,2,0,S, 	(30-MAY-2025 15:48:48)
2,184 , 1,0,2,0,S, 	(30-MAY-2025 15:48:48)
2,184 , 1,0,2,0,S, 	(30-MAY-2025 15:48:48)
2,184 , 1,0,2,0,S, 	(30-MAY-2025 15:48:48)
2,184 , 1,0,2,0,S, 	(30-MAY-2025 15:48:48)
2,184 , 1,0,2,0,S, 	(30-MAY-2025 15:48:48)
2,184 , 1,0,2,0,S, 	(30-MAY-2025 15:48:48)
2,184 , 1,0,2,0,S, 	(30-MAY-2025 15:48:48)
2,184 , 1,0,2,0,S, 	(30-MAY-2025 15:48:48)
2,184 , 1,0,2,0,S, 	(30-MAY-2025 15:48:48)
2,184 , 1,0,2,0,S, 	(30-MAY-2025 15:48:48)
2,184 , 1,0,2,0,S, 	(30-MAY-2025 15:48:48)
2,184 , 1,0,2,0,S, 	(30-MAY-2025 15:48:48)
2,184 , 1,0,2,0,S, 	(30-MAY-2025 15:48:48)
2,184 , 1,0,2,0,S, 	(30-MAY-2025 15:48:48)
2,184 , 1,0,2,0,S, 	(30-MAY-2025 15:48:48)
2,184 , 1,0,2,0,S, 	(30-MAY-2025 15:48:48)
2,184 , 1,0,2,0,S, 	(30-MAY-2025 15:48:48)
2,184 , 1,0,2,0,S, 	(30-MAY-2025 15:48:48)
2,184 , 1,0,2,0,S, 	(30-MAY-2025 15:48:48)
2,184 , 1,0,2,0,S, 	(30-MAY-2025 15:48:48)
2,184 , 1,0,2,0,S, 	(30-MAY-2025 15:48:48)
2,184 , 1,0,2,0,S, 	(30-MAY-2025 15:48:48)
2,184 , 1,0,2,0,S, 	(30-MAY-2025 15:48:48)
2,184 , 1,0,2,0,S, 	(30-MAY-2025 15:48:48)
2,184 , 1,0,2,0,S, 	(30-MAY-2025 15:48:48)
2,184 , 1,0,2,0,S, 	(30-MAY-2025 15:48:48)
2,184 , 1,0,2,0,S, 	(30-MAY-2025 15:48:48)
2,184 , 1,0,2,0,S, 	(30-MAY-2025 15:48:48)
2,184 , 1,0,2,0,S, 	(30-MAY-2025 15:48:48)
2,184 , 1,0,2,0,S, 	(30-MAY-2025 15:48:48)
2,184 , 1,0,2,0,S, 	(30-MAY-2025 15:48:48)
2,184 , 1,0,2,0,S, 	(30-MAY-2025 15:48:48)
2,184 , 1,0,2,0,S, 	(30-MAY-2025 15:48:48)
2,184 , 1,0,2,0,S, 	(30-MAY-2025 15:48:48)
2,184 , 1,0,2,0,S, 	(30-MAY-2025 15:48:48)
2,184 , 1,0,2,0,S, 	(30-MAY-2025 15:48:48)
2,184 , 1,0,2,0,S, 	(30-MAY-2025 15:48:48)
2,184 , 1,0,2,0,S, 	(30-MAY-2025 15:48:48)
2,184 , 1,0,2,0,S, 	(30-MAY-2025 15:48:48)
2, , ,,,,, 	(30-MAY-2025 15:48:48)	 (Not Inserted)
2, , ,,,,, 	(30-MAY-2025 15:48:48)	 (Not Inserted)
2, , ,,,,, 	(30-MAY-2025 15:48:48)	 (Not Inserted)
2, , ,,,,, 	(30-MAY-2025 15:48:48)	 (Not Inserted)
2, , ,,,,, 	(30-MAY-2025 15:48:48)	 (Not Inserted)
2, , ,,,,, 	(30-MAY-2025 15:48:48)	 (Not Inserted)
2, , ,,,,, 	(30-MAY-2025 15:48:48)	 (Not Inserted)
2, , ,,,,, 	(30-MAY-2025 15:48:48)	 (Not Inserted)
2, , ,,,,, 	(30-MAY-2025 15:48:48)	 (Not Inserted)
2, , ,,,,, 	(30-MAY-2025 15:48:48)	 (Not Inserted)
2, , ,,,,, 	(30-MAY-2025 15:48:48)	 (Not Inserted)
2, , ,,,,, 	(30-MAY-2025 15:48:48)	 (Not Inserted)
2, , ,,,,, 	(30-MAY-2025 15:48:48)	 (Not Inserted)
2, , ,,,,, 	(30-MAY-2025 15:48:48)	 (Not Inserted)
2, , ,,,,, 	(30-MAY-2025 15:48:48)	 (Not Inserted)
2, , ,,,,, 	(30-MAY-2025 15:48:48)	 (Not Inserted)
2, , ,,,,, 	(30-MAY-2025 15:48:48)	 (Not Inserted)
2, , ,,,,, 	(30-MAY-2025 15:48:48)	 (Not Inserted)
2, , ,,,,, 	(30-MAY-2025 15:48:48)	 (Not Inserted)
2, , ,,,,, 	(30-MAY-2025 15:48:48)	 (Not Inserted)
2, , ,,,,, 	(30-MAY-2025 15:48:48)	 (Not Inserted)
2, , ,,,,, 	(30-MAY-2025 15:48:48)	 (Not Inserted)
2, , ,,,,, 	(30-MAY-2025 15:48:48)	 (Not Inserted)
2, , ,,,,, 	(30-MAY-2025 15:48:48)	 (Not Inserted)
2, , ,,,,, 	(30-MAY-2025 15:48:48)	 (Not Inserted)
2, , ,,,,, 	(30-MAY-2025 15:48:48)	 (Not Inserted)
2, , ,,,,, 	(30-MAY-2025 15:48:48)	 (Not Inserted)
2, , ,,,,, 	(30-MAY-2025 15:48:48)	 (Not Inserted)
2, , ,,,,, 	(30-MAY-2025 15:48:48)	 (Not Inserted)
2, , ,,,,, 	(30-MAY-2025 15:48:48)	 (Not Inserted)
2, , ,,,,, 	(30-MAY-2025 15:48:48)	 (Not Inserted)
2, , ,,,,, 	(30-MAY-2025 15:48:48)	 (Not Inserted)
2, , ,,,,, 	(30-MAY-2025 15:48:48)	 (Not Inserted)
2, , ,,,,, 	(30-MAY-2025 15:48:48)	 (Not Inserted)
2, , ,,,,, 	(30-MAY-2025 15:48:48)	 (Not Inserted)
2, , ,,,,, 	(30-MAY-2025 15:48:48)	 (Not Inserted)
2, , ,,,,, 	(30-MAY-2025 15:48:48)	 (Not Inserted)
2, , ,,,,, 	(30-MAY-2025 15:48:48)	 (Not Inserted)
2, , ,,,,, 	(30-MAY-2025 15:48:48)	 (Not Inserted)
2, , ,,,,, 	(30-MAY-2025 15:48:48)	 (Not Inserted)
2, , ,,,,, 	(30-MAY-2025 15:48:48)	 (Not Inserted)
2, , ,,,,, 	(30-MAY-2025 15:48:48)	 (Not Inserted)
2, , ,,,,, 	(30-MAY-2025 15:48:48)	 (Not Inserted)
2, , ,,,,, 	(30-MAY-2025 15:48:48)	 (Not Inserted)
2, , ,,,,, 	(30-MAY-2025 15:48:48)	 (Not Inserted)
2, , ,,,,, 	(30-MAY-2025 15:48:48)	 (Not Inserted)
2, , ,,,,, 	(30-MAY-2025 15:48:48)	 (Not Inserted)
2, , ,,,,, 	(30-MAY-2025 15:48:48)	 (Not Inserted)
2, , ,,,,, 	(30-MAY-2025 15:48:48)	 (Not Inserted)
2, , ,,,,, 	(30-MAY-2025 15:48:48)	 (Not Inserted)
2, , ,,,,, 	(30-MAY-2025 15:48:48)	 (Not Inserted)
2, , ,,,,, 	(30-MAY-2025 15:48:48)	 (Not Inserted)
2, , ,,,,, 	(30-MAY-2025 15:48:48)	 (Not Inserted)
2, , ,,,,, 	(30-MAY-2025 15:48:48)	 (Not Inserted)
2, , ,,,,, 	(30-MAY-2025 15:48:48)	 (Not Inserted)
2, , ,,,,, 	(30-MAY-2025 15:48:48)	 (Not Inserted)
2, , ,,,,, 	(30-MAY-2025 15:48:48)	 (Not Inserted)
2, , ,,,,, 	(30-MAY-2025 15:48:48)	 (Not Inserted)
2, , ,,,,, 	(30-MAY-2025 15:48:48)	 (Not Inserted)
2, , ,,,,, 	(30-MAY-2025 15:48:48)	 (Not Inserted)
2, , ,,,,, 	(30-MAY-2025 15:48:48)	 (Not Inserted)
2, , ,,,,, 	(30-MAY-2025 15:48:48)	 (Not Inserted)
2, , ,,,,, 	(30-MAY-2025 15:48:48)	 (Not Inserted)
2, , ,,,,, 	(30-MAY-2025 15:48:48)	 (Not Inserted)
2, , ,,,,, 	(30-MAY-2025 15:48:48)	 (Not Inserted)
2, , ,,,,, 	(30-MAY-2025 15:48:48)	 (Not Inserted)
2, , ,,,,, 	(30-MAY-2025 15:48:48)	 (Not Inserted)
2, , ,,,,, 	(30-MAY-2025 15:48:48)	 (Not Inserted)
2, , ,,,,, 	(30-MAY-2025 15:48:48)	 (Not Inserted)
2, , ,,,,, 	(30-MAY-2025 15:48:48)	 (Not Inserted)
2, , ,,,,, 	(30-MAY-2025 15:48:48)	 (Not Inserted)
2, , ,,,,, 	(30-MAY-2025 15:48:48)	 (Not Inserted)
2, , ,,,,, 	(30-MAY-2025 15:48:48)	 (Not Inserted)
2, , ,,,,, 	(30-MAY-2025 15:48:48)	 (Not Inserted)
2, , ,,,,, 	(30-MAY-2025 15:48:48)	 (Not Inserted)
2, , ,,,,, 	(30-MAY-2025 15:48:48)	 (Not Inserted)
2, , ,,,,, 	(30-MAY-2025 15:48:48)	 (Not Inserted)
2, , ,,,,, 	(30-MAY-2025 15:48:48)	 (Not Inserted)
2, , ,,,,, 	(30-MAY-2025 15:48:48)	 (Not Inserted)
2, , ,,,,, 	(30-MAY-2025 15:48:48)	 (Not Inserted)
2, , ,,,,, 	(30-MAY-2025 15:48:48)	 (Not Inserted)
2, , ,,,,, 	(30-MAY-2025 15:48:48)	 (Not Inserted)
2, , ,,,,, 	(30-MAY-2025 15:48:48)	 (Not Inserted)
2, , ,,,,, 	(30-MAY-2025 15:48:48)	 (Not Inserted)
2, , ,,,,, 	(30-MAY-2025 15:48:48)	 (Not Inserted)
2, , ,,,,, 	(30-MAY-2025 15:48:48)	 (Not Inserted)
2, , ,,,,, 	(30-MAY-2025 15:48:48)	 (Not Inserted)
2, , ,,,,, 	(30-MAY-2025 15:48:48)	 (Not Inserted)
2, , ,,,,, 	(30-MAY-2025 15:48:48)	 (Not Inserted)
2, , ,,,,, 	(30-MAY-2025 15:48:48)	 (Not Inserted)
2, , ,,,,, 	(30-MAY-2025 15:48:48)	 (Not Inserted)
2, , ,,,,, 	(30-MAY-2025 15:48:48)	 (Not Inserted)
2, , ,,,,, 	(30-MAY-2025 15:48:48)	 (Not Inserted)
2, , ,,,,, 	(30-MAY-2025 15:48:48)	 (Not Inserted)
2, , ,,,,, 	(30-MAY-2025 15:48:48)	 (Not Inserted)
2, , ,,,,, 	(30-MAY-2025 15:48:48)	 (Not Inserted)
2, , ,,,,, 	(30-MAY-2025 15:48:48)	 (Not Inserted)
2, , ,,,,, 	(30-MAY-2025 15:48:48)	 (Not Inserted)
2, , ,,,,, 	(30-MAY-2025 15:48:48)	 (Not Inserted)
2, , ,,,,, 	(30-MAY-2025 15:48:48)	 (Not Inserted)
2, , ,,,,, 	(30-MAY-2025 15:48:48)	 (Not Inserted)
2, , ,,,,, 	(30-MAY-2025 15:48:48)	 (Not Inserted)
2, , ,,,,, 	(30-MAY-2025 15:48:48)	 (Not Inserted)
2, , ,,,,, 	(30-MAY-2025 15:48:48)	 (Not Inserted)
2, , ,,,,, 	(30-MAY-2025 15:48:48)	 (Not Inserted)
2, , ,,,,, 	(30-MAY-2025 15:48:48)	 (Not Inserted)
2, , ,,,,, 	(30-MAY-2025 15:48:48)	 (Not Inserted)
2, , ,,,,, 	(30-MAY-2025 15:48:48)	 (Not Inserted)
2, , ,,,,, 	(30-MAY-2025 15:48:48)	 (Not Inserted)
2, , ,,,,, 	(30-MAY-2025 15:48:48)	 (Not Inserted)
2, , ,,,,, 	(30-MAY-2025 15:48:48)	 (Not Inserted)
2, , ,,,,, 	(30-MAY-2025 15:48:48)	 (Not Inserted)
2, , ,,,,, 	(30-MAY-2025 15:48:48)	 (Not Inserted)
2, , ,,,,, 	(30-MAY-2025 15:48:48)	 (Not Inserted)
2, , ,,,,, 	(30-MAY-2025 15:48:48)	 (Not Inserted)
2, , ,,,,, 	(30-MAY-2025 15:48:48)	 (Not Inserted)
2, , ,,,,, 	(30-MAY-2025 15:48:48)	 (Not Inserted)
2, , ,,,,, 	(30-MAY-2025 15:48:48)	 (Not Inserted)
2, , ,,,,, 	(30-MAY-2025 15:48:48)	 (Not Inserted)
2, , ,,,,, 	(30-MAY-2025 15:48:48)	 (Not Inserted)
2, , ,,,,, 	(30-MAY-2025 15:48:48)	 (Not Inserted)
2, , ,,,,, 	(30-MAY-2025 15:48:48)	 (Not Inserted)
2, , ,,,,, 	(30-MAY-2025 15:48:48)	 (Not Inserted)
2, , ,,,,, 	(30-MAY-2025 15:48:48)	 (Not Inserted)
2, , ,,,,, 	(30-MAY-2025 15:48:48)	 (Not Inserted)
2, , ,,,,, 	(30-MAY-2025 15:48:48)	 (Not Inserted)
2, , ,,,,, 	(30-MAY-2025 15:48:48)	 (Not Inserted)
2, , ,,,,, 	(30-MAY-2025 15:48:48)	 (Not Inserted)
2, , ,,,,, 	(30-MAY-2025 15:48:48)	 (Not Inserted)
2, , ,,,,, 	(30-MAY-2025 15:48:48)	 (Not Inserted)
2, , ,,,,, 	(30-MAY-2025 15:48:48)	 (Not Inserted)
2, , ,,,,, 	(30-MAY-2025 15:48:48)	 (Not Inserted)
2, , ,,,,, 	(30-MAY-2025 15:48:48)	 (Not Inserted)
2, , ,,,,, 	(30-MAY-2025 15:48:48)	 (Not Inserted)
2, , ,,,,, 	(30-MAY-2025 15:48:48)	 (Not Inserted)
2, , ,,,,, 	(30-MAY-2025 15:48:48)	 (Not Inserted)
2, , ,,,,, 	(30-MAY-2025 15:48:48)	 (Not Inserted)
2, , ,,,,, 	(30-MAY-2025 15:48:48)	 (Not Inserted)
2, , ,,,,, 	(30-MAY-2025 15:48:48)	 (Not Inserted)
2, , ,,,,, 	(30-MAY-2025 15:48:48)	 (Not Inserted)
2, , ,,,,, 	(30-MAY-2025 15:48:48)	 (Not Inserted)
2, , ,,,,, 	(30-MAY-2025 15:48:48)	 (Not Inserted)
2, , ,,,,, 	(30-MAY-2025 15:48:48)	 (Not Inserted)
2, , ,,,,, 	(30-MAY-2025 15:48:48)	 (Not Inserted)
2, , ,,,,, 	(30-MAY-2025 15:48:48)	 (Not Inserted)
2, , ,,,,, 	(30-MAY-2025 15:48:48)	 (Not Inserted)
2, , ,,,,, 	(30-MAY-2025 15:48:48)	 (Not Inserted)
2, , ,,,,, 	(30-MAY-2025 15:48:48)	 (Not Inserted)
2, , ,,,,, 	(30-MAY-2025 15:48:48)	 (Not Inserted)
2, , ,,,,, 	(30-MAY-2025 15:48:48)	 (Not Inserted)
2, , ,,,,, 	(30-MAY-2025 15:48:48)	 (Not Inserted)
2, , ,,,,, 	(30-MAY-2025 15:48:48)	 (Not Inserted)
2, , ,,,,, 	(30-MAY-2025 15:48:48)	 (Not Inserted)
2, , ,,,,, 	(30-MAY-2025 15:48:48)	 (Not Inserted)
2, , ,,,,, 	(30-MAY-2025 15:48:48)	 (Not Inserted)
2, , ,,,,, 	(30-MAY-2025 15:48:48)	 (Not Inserted)
2, , ,,,,, 	(30-MAY-2025 15:48:48)	 (Not Inserted)
2, , ,,,,, 	(30-MAY-2025 15:48:48)	 (Not Inserted)
2, , ,,,,, 	(30-MAY-2025 15:48:48)	 (Not Inserted)
2, , ,,,,, 	(30-MAY-2025 15:48:48)	 (Not Inserted)
2, , ,,,,, 	(30-MAY-2025 15:48:48)	 (Not Inserted)
2, , ,,,,, 	(30-MAY-2025 15:48:48)	 (Not Inserted)
2, , ,,,,, 	(30-MAY-2025 15:48:48)	 (Not Inserted)
2, , ,,,,, 	(30-MAY-2025 15:48:48)	 (Not Inserted)
2, , ,,,,, 	(30-MAY-2025 15:48:48)	 (Not Inserted)
2, , ,,,,, 	(30-MAY-2025 15:48:48)	 (Not Inserted)
2, , ,,,,, 	(30-MAY-2025 15:48:48)	 (Not Inserted)
2, , ,,,,, 	(30-MAY-2025 15:48:48)	 (Not Inserted)
2, , ,,,,, 	(30-MAY-2025 15:48:48)	 (Not Inserted)
2, , ,,,,, 	(30-MAY-2025 15:48:48)	 (Not Inserted)
2, , ,,,,, 	(30-MAY-2025 15:48:48)	 (Not Inserted)
2, , ,,,,, 	(30-MAY-2025 15:48:48)	 (Not Inserted)
2, , ,,,,, 	(30-MAY-2025 15:48:48)	 (Not Inserted)
2, , ,,,,, 	(30-MAY-2025 15:48:48)	 (Not Inserted)
2, , ,,,,, 	(30-MAY-2025 15:48:48)	 (Not Inserted)
2, , ,,,,, 	(30-MAY-2025 15:48:48)	 (Not Inserted)
2, , ,,,,, 	(30-MAY-2025 15:48:48)	 (Not Inserted)
2, , ,,,,, 	(30-MAY-2025 15:48:48)	 (Not Inserted)
2, , ,,,,, 	(30-MAY-2025 15:48:48)	 (Not Inserted)
2, , ,,,,, 	(30-MAY-2025 15:48:48)	 (Not Inserted)
2, , ,,,,, 	(30-MAY-2025 15:48:48)	 (Not Inserted)
2, , ,,,,, 	(30-MAY-2025 15:48:48)	 (Not Inserted)
2, , ,,,,, 	(30-MAY-2025 15:48:48)	 (Not Inserted)
2, , ,,,,, 	(30-MAY-2025 15:48:48)	 (Not Inserted)
2, , ,,,,, 	(30-MAY-2025 15:48:48)	 (Not Inserted)
2, , ,,,,, 	(30-MAY-2025 15:48:48)	 (Not Inserted)
2, , ,,,,, 	(30-MAY-2025 15:48:48)	 (Not Inserted)
2, , ,,,,, 	(30-MAY-2025 15:48:48)	 (Not Inserted)
2, , ,,,,, 	(30-MAY-2025 15:48:48)	 (Not Inserted)
2, , ,,,,, 	(30-MAY-2025 15:48:48)	 (Not Inserted)
2, , ,,,,, 	(30-MAY-2025 15:48:48)	 (Not Inserted)
2, , ,,,,, 	(30-MAY-2025 15:48:48)	 (Not Inserted)
2, , ,,,,, 	(30-MAY-2025 15:48:48)	 (Not Inserted)
2, , ,,,,, 	(30-MAY-2025 15:48:48)	 (Not Inserted)
2, , ,,,,, 	(30-MAY-2025 15:48:48)	 (Not Inserted)
2, , ,,,,, 	(30-MAY-2025 15:48:48)	 (Not Inserted)
2, , ,,,,, 	(30-MAY-2025 15:48:48)	 (Not Inserted)
2, , ,,,,, 	(30-MAY-2025 15:48:48)	 (Not Inserted)
2, , ,,,,, 	(30-MAY-2025 15:48:48)	 (Not Inserted)
2, , ,,,,, 	(30-MAY-2025 15:48:48)	 (Not Inserted)
2, , ,,,,, 	(30-MAY-2025 15:48:48)	 (Not Inserted)
2, , ,,,,, 	(30-MAY-2025 15:48:48)	 (Not Inserted)
2, , ,,,,, 	(30-MAY-2025 15:48:48)	 (Not Inserted)
2, , ,,,,, 	(30-MAY-2025 15:48:48)	 (Not Inserted)
2, , ,,,,, 	(30-MAY-2025 15:48:48)	 (Not Inserted)
2, , ,,,,, 	(30-MAY-2025 15:48:48)	 (Not Inserted)
2, , ,,,,, 	(30-MAY-2025 15:48:48)	 (Not Inserted)
2, , ,,,,, 	(30-MAY-2025 15:48:48)	 (Not Inserted)
2, , ,,,,, 	(30-MAY-2025 15:48:48)	 (Not Inserted)
2, , ,,,,, 	(30-MAY-2025 15:48:48)	 (Not Inserted)
2, , ,,,,, 	(30-MAY-2025 15:48:48)	 (Not Inserted)
2, , ,,,,, 	(30-MAY-2025 15:48:48)	 (Not Inserted)
2, , ,,,,, 	(30-MAY-2025 15:48:48)	 (Not Inserted)
2, , ,,,,, 	(30-MAY-2025 15:48:48)	 (Not Inserted)
2, , ,,,,, 	(30-MAY-2025 15:48:48)	 (Not Inserted)
2, , ,,,,, 	(30-MAY-2025 15:48:48)	 (Not Inserted)
2, , ,,,,, 	(30-MAY-2025 15:48:48)	 (Not Inserted)
2, , ,,,,, 	(30-MAY-2025 15:48:48)	 (Not Inserted)
2, , ,,,,, 	(30-MAY-2025 15:48:48)	 (Not Inserted)
2, , ,,,,, 	(30-MAY-2025 15:48:48)	 (Not Inserted)
2, , ,,,,, 	(30-MAY-2025 15:48:48)	 (Not Inserted)
2, , ,,,,, 	(30-MAY-2025 15:48:48)	 (Not Inserted)
2, , ,,,,, 	(30-MAY-2025 15:48:48)	 (Not Inserted)
2, , ,,,,, 	(30-MAY-2025 15:48:48)	 (Not Inserted)
2, , ,,,,, 	(30-MAY-2025 15:48:48)	 (Not Inserted)
2, , ,,,,, 	(30-MAY-2025 15:48:48)	 (Not Inserted)
2, , ,,,,, 	(30-MAY-2025 15:48:48)	 (Not Inserted)
2, , ,,,,, 	(30-MAY-2025 15:48:48)	 (Not Inserted)
2, , ,,,,, 	(30-MAY-2025 15:48:48)	 (Not Inserted)
2, , ,,,,, 	(30-MAY-2025 15:48:48)	 (Not Inserted)
2, , ,,,,, 	(30-MAY-2025 15:48:48)	 (Not Inserted)
2, , ,,,,, 	(30-MAY-2025 15:48:48)	 (Not Inserted)
2, , ,,,,, 	(30-MAY-2025 15:48:48)	 (Not Inserted)
2, , ,,,,, 	(30-MAY-2025 15:48:48)	 (Not Inserted)
2, , ,,,,, 	(30-MAY-2025 15:48:48)	 (Not Inserted)
2, , ,,,,, 	(30-MAY-2025 15:48:48)	 (Not Inserted)
2, , ,,,,, 	(30-MAY-2025 15:48:48)	 (Not Inserted)
2, , ,,,,, 	(30-MAY-2025 15:48:48)	 (Not Inserted)
2, , ,,,,, 	(30-MAY-2025 15:48:48)	 (Not Inserted)
2, , ,,,,, 	(30-MAY-2025 15:48:48)	 (Not Inserted)
2, , ,,,,, 	(30-MAY-2025 15:48:48)	 (Not Inserted)
2, , ,,,,, 	(30-MAY-2025 15:48:48)	 (Not Inserted)
2, , ,,,,, 	(30-MAY-2025 15:48:48)	 (Not Inserted)
2, , ,,,,, 	(30-MAY-2025 15:48:48)	 (Not Inserted)
2, , ,,,,, 	(30-MAY-2025 15:48:48)	 (Not Inserted)
2, , ,,,,, 	(30-MAY-2025 15:48:48)	 (Not Inserted)
2, , ,,,,, 	(30-MAY-2025 15:48:48)	 (Not Inserted)
2, , ,,,,, 	(30-MAY-2025 15:48:48)	 (Not Inserted)
2, , ,,,,, 	(30-MAY-2025 15:48:48)	 (Not Inserted)
2, , ,,,,, 	(30-MAY-2025 15:48:48)	 (Not Inserted)
2, , ,,,,, 	(30-MAY-2025 15:48:48)	 (Not Inserted)
2, , ,,,,, 	(30-MAY-2025 15:48:48)	 (Not Inserted)
2, , ,,,,, 	(30-MAY-2025 15:48:48)	 (Not Inserted)
2, , ,,,,, 	(30-MAY-2025 15:48:48)	 (Not Inserted)
2, , ,,,,, 	(30-MAY-2025 15:48:48)	 (Not Inserted)
2, , ,,,,, 	(30-MAY-2025 15:48:48)	 (Not Inserted)
2, , ,,,,, 	(30-MAY-2025 15:48:48)	 (Not Inserted)
2, , ,,,,, 	(30-MAY-2025 15:48:48)	 (Not Inserted)
2, , ,,,,, 	(30-MAY-2025 15:48:48)	 (Not Inserted)
2, , ,,,,, 	(30-MAY-2025 15:48:48)	 (Not Inserted)
2, , ,,,,, 	(30-MAY-2025 15:48:48)	 (Not Inserted)
2, , ,,,,, 	(30-MAY-2025 15:48:48)	 (Not Inserted)
2, , ,,,,, 	(30-MAY-2025 15:48:48)	 (Not Inserted)
2, , ,,,,, 	(30-MAY-2025 15:48:48)	 (Not Inserted)
2, , ,,,,, 	(30-MAY-2025 15:48:48)	 (Not Inserted)
2, , ,,,,, 	(30-MAY-2025 15:48:48)	 (Not Inserted)
2, , ,,,,, 	(30-MAY-2025 15:48:48)	 (Not Inserted)
2, , ,,,,, 	(30-MAY-2025 15:48:48)	 (Not Inserted)
2, , ,,,,, 	(30-MAY-2025 15:48:48)	 (Not Inserted)
2, , ,,,,, 	(30-MAY-2025 15:48:48)	 (Not Inserted)
2, , ,,,,, 	(30-MAY-2025 15:48:48)	 (Not Inserted)
2, , ,,,,, 	(30-MAY-2025 15:48:48)	 (Not Inserted)
2, , ,,,,, 	(30-MAY-2025 15:48:48)	 (Not Inserted)
2, , ,,,,, 	(30-MAY-2025 15:48:48)	 (Not Inserted)
2, , ,,,,, 	(30-MAY-2025 15:48:48)	 (Not Inserted)
2, , ,,,,, 	(30-MAY-2025 15:48:48)	 (Not Inserted)
2, , ,,,,, 	(30-MAY-2025 15:48:48)	 (Not Inserted)
2, , ,,,,, 	(30-MAY-2025 15:48:48)	 (Not Inserted)
2, , ,,,,, 	(30-MAY-2025 15:48:48)	 (Not Inserted)
2, , ,,,,, 	(30-MAY-2025 15:48:48)	 (Not Inserted)
2, , ,,,,, 	(30-MAY-2025 15:48:48)	 (Not Inserted)
2, , ,,,,, 	(30-MAY-2025 15:48:48)	 (Not Inserted)
2, , ,,,,, 	(30-MAY-2025 15:48:48)	 (Not Inserted)
2, , ,,,,, 	(30-MAY-2025 15:48:48)	 (Not Inserted)
2, , ,,,,, 	(30-MAY-2025 15:48:48)	 (Not Inserted)
2, , ,,,,, 	(30-MAY-2025 15:48:48)	 (Not Inserted)
2, , ,,,,, 	(30-MAY-2025 15:48:48)	 (Not Inserted)
2, , ,,,,, 	(30-MAY-2025 15:48:48)	 (Not Inserted)
2, , ,,,,, 	(30-MAY-2025 15:48:48)	 (Not Inserted)
2, , ,,,,, 	(30-MAY-2025 15:48:48)	 (Not Inserted)
2, , ,,,,, 	(30-MAY-2025 15:48:48)	 (Not Inserted)
2, , ,,,,, 	(30-MAY-2025 15:48:48)	 (Not Inserted)
2, , ,,,,, 	(30-MAY-2025 15:48:48)	 (Not Inserted)
2, , ,,,,, 	(30-MAY-2025 15:48:48)	 (Not Inserted)
2, , ,,,,, 	(30-MAY-2025 15:48:48)	 (Not Inserted)
2, , ,,,,, 	(30-MAY-2025 15:48:48)	 (Not Inserted)
2, , ,,,,, 	(30-MAY-2025 15:48:48)	 (Not Inserted)
2, , ,,,,, 	(30-MAY-2025 15:48:48)	 (Not Inserted)
2, , ,,,,, 	(30-MAY-2025 15:48:48)	 (Not Inserted)
2, , ,,,,, 	(30-MAY-2025 15:48:48)	 (Not Inserted)
2, , ,,,,, 	(30-MAY-2025 15:48:48)	 (Not Inserted)
2, , ,,,,, 	(30-MAY-2025 15:48:48)	 (Not Inserted)
2, , ,,,,, 	(30-MAY-2025 15:48:48)	 (Not Inserted)
2, , ,,,,, 	(30-MAY-2025 15:48:48)	 (Not Inserted)
2, , ,,,,, 	(30-MAY-2025 15:48:48)	 (Not Inserted)
2, , ,,,,, 	(30-MAY-2025 15:48:48)	 (Not Inserted)
2, , ,,,,, 	(30-MAY-2025 15:48:48)	 (Not Inserted)
2, , ,,,,, 	(30-MAY-2025 15:48:48)	 (Not Inserted)
2, , ,,,,, 	(30-MAY-2025 15:48:48)	 (Not Inserted)
2, , ,,,,, 	(30-MAY-2025 15:48:48)	 (Not Inserted)
2, , ,,,,, 	(30-MAY-2025 15:48:48)	 (Not Inserted)
2, , ,,,,, 	(30-MAY-2025 15:48:48)	 (Not Inserted)
2, , ,,,,, 	(30-MAY-2025 15:48:48)	 (Not Inserted)
2, , ,,,,, 	(30-MAY-2025 15:48:48)	 (Not Inserted)
2, , ,,,,, 	(30-MAY-2025 15:48:48)	 (Not Inserted)
2, , ,,,,, 	(30-MAY-2025 15:48:48)	 (Not Inserted)
2, , ,,,,, 	(30-MAY-2025 15:48:48)	 (Not Inserted)
2, , ,,,,, 	(30-MAY-2025 15:48:48)	 (Not Inserted)
2, , ,,,,, 	(30-MAY-2025 15:48:48)	 (Not Inserted)
2, , ,,,,, 	(30-MAY-2025 15:48:48)	 (Not Inserted)
2, , ,,,,, 	(30-MAY-2025 15:48:48)	 (Not Inserted)
2, , ,,,,, 	(30-MAY-2025 15:48:48)	 (Not Inserted)
2, , ,,,,, 	(30-MAY-2025 15:48:48)	 (Not Inserted)
2,121 , 0,0,124093,0,X, 	(30-MAY-2025 15:48:48)
2,121 , 0,0,124093,0,X, 	(30-MAY-2025 15:48:48)
2,121 , 0,0,124093,0,X, 	(30-MAY-2025 15:48:48)
2,121 , 0,0,124093,0,X, 	(30-MAY-2025 15:48:48)
2,121 , 0,0,124093,0,X, 	(30-MAY-2025 15:48:48)
2,121 , 0,0,124093,0,X, 	(30-MAY-2025 15:48:48)
2,121 , 0,0,124093,0,X, 	(30-MAY-2025 15:48:48)
2,121 , 0,0,124093,0,X, 	(30-MAY-2025 15:48:48)
2,121 , 0,0,124093,0,X, 	(30-MAY-2025 15:48:48)
2,121 , 0,0,124093,0,X, 	(30-MAY-2025 15:48:48)
2,121 , 0,0,124093,0,X, 	(30-MAY-2025 15:48:48)
2,121 , 0,0,124093,0,X, 	(30-MAY-2025 15:48:48)
2,121 , 0,0,124093,0,X, 	(30-MAY-2025 15:48:48)
2,121 , 0,0,124093,0,X, 	(30-MAY-2025 15:48:48)
2,121 , 0,0,124093,0,X, 	(30-MAY-2025 15:48:48)
2,121 , 0,0,124093,0,X, 	(30-MAY-2025 15:48:48)
2,121 , 0,0,124093,0,X, 	(30-MAY-2025 15:48:48)
2,121 , 0,0,124093,0,X, 	(30-MAY-2025 15:48:48)
2,121 , 0,0,124093,0,X, 	(30-MAY-2025 15:48:48)
2,121 , 0,0,124093,0,X, 	(30-MAY-2025 15:48:48)
2,121 , 0,0,124093,0,X, 	(30-MAY-2025 15:48:48)
2,121 , 0,0,124093,0,X, 	(30-MAY-2025 15:48:48)
2,121 , 0,0,124093,0,X, 	(30-MAY-2025 15:48:48)
2,121 , 0,0,124093,0,X, 	(30-MAY-2025 15:48:48)
2,121 , 0,0,124093,0,X, 	(30-MAY-2025 15:48:48)
2,121 , 0,0,124093,0,X, 	(30-MAY-2025 15:48:48)
2,121 , 0,0,124093,0,X, 	(30-MAY-2025 15:48:48)
2,121 , 0,0,124093,0,X, 	(30-MAY-2025 15:48:48)
2,121 , 0,0,124093,0,X, 	(30-MAY-2025 15:48:48)
2,121 , 0,0,124094,0,X, 	(30-MAY-2025 15:48:48)
2,121 , 0,0,124094,0,X, 	(30-MAY-2025 15:48:48)
2,121 , 0,0,124094,0,X, 	(30-MAY-2025 15:48:48)
2,121 , 0,0,124094,0,X, 	(30-MAY-2025 15:48:48)
2,121 , 0,0,124094,0,X, 	(30-MAY-2025 15:48:48)
2,121 , 0,0,124094,0,X, 	(30-MAY-2025 15:48:48)
2,121 , 0,0,124094,0,X, 	(30-MAY-2025 15:48:48)
2,121 , 0,0,124094,0,X, 	(30-MAY-2025 15:48:48)
2,121 , 0,0,124094,0,X, 	(30-MAY-2025 15:48:48)
2,121 , 0,0,124094,0,X, 	(30-MAY-2025 15:48:48)
2,121 , 0,0,124094,0,X, 	(30-MAY-2025 15:48:48)
2,121 , 0,0,124094,0,X, 	(30-MAY-2025 15:48:48)
2,121 , 0,0,124094,0,X, 	(30-MAY-2025 15:48:48)
2,121 , 0,0,124094,0,X, 	(30-MAY-2025 15:48:48)
2,121 , 0,0,124094,0,X, 	(30-MAY-2025 15:48:48)
2,121 , 0,0,124094,0,X, 	(30-MAY-2025 15:48:48)
2,121 , 0,0,124094,0,X, 	(30-MAY-2025 15:48:48)
2,121 , 0,0,124094,0,X, 	(30-MAY-2025 15:48:48)
2,121 , 0,0,124094,0,X, 	(30-MAY-2025 15:48:48)
2,121 , 0,0,124094,0,X, 	(30-MAY-2025 15:48:48)
2,121 , 0,0,124094,0,X, 	(30-MAY-2025 15:48:48)
2,121 , 0,0,124094,0,X, 	(30-MAY-2025 15:48:48)
2,121 , 0,0,124094,0,X, 	(30-MAY-2025 15:48:48)
2,121 , 0,0,124094,0,X, 	(30-MAY-2025 15:48:48)
2,121 , 0,0,124094,0,X, 	(30-MAY-2025 15:48:48)
2,121 , 0,0,124094,0,X, 	(30-MAY-2025 15:48:48)
2,121 , 0,0,124094,0,X, 	(30-MAY-2025 15:48:48)
2,121 , 0,0,124094,0,X, 	(30-MAY-2025 15:48:48)
2,121 , 0,0,124094,0,X, 	(30-MAY-2025 15:48:48)
2,121 , 0,0,124094,0,X, 	(30-MAY-2025 15:48:48)
2,121 , 0,0,124094,0,X, 	(30-MAY-2025 15:48:48)
2, , ,,,,, 	(30-MAY-2025 15:48:48)	 (Not Inserted)
2, , ,,,,, 	(30-MAY-2025 15:48:48)	 (Not Inserted)
2, , ,,,,, 	(30-MAY-2025 15:48:48)	 (Not Inserted)
2, , ,,,,, 	(30-MAY-2025 15:48:48)	 (Not Inserted)
2, , ,,,,, 	(30-MAY-2025 15:48:48)	 (Not Inserted)
2, , ,,,,, 	(30-MAY-2025 15:48:48)	 (Not Inserted)
2, , ,,,,, 	(30-MAY-2025 15:48:48)	 (Not Inserted)
2, , ,,,,, 	(30-MAY-2025 15:48:48)	 (Not Inserted)
2, , ,,,,, 	(30-MAY-2025 15:48:48)	 (Not Inserted)
2, , ,,,,, 	(30-MAY-2025 15:48:48)	 (Not Inserted)
2, , ,,,,, 	(30-MAY-2025 15:48:48)	 (Not Inserted)
2, , ,,,,, 	(30-MAY-2025 15:48:48)	 (Not Inserted)
2, , ,,,,, 	(30-MAY-2025 15:48:48)	 (Not Inserted)
2, , ,,,,, 	(30-MAY-2025 15:48:48)	 (Not Inserted)
2, , ,,,,, 	(30-MAY-2025 15:48:48)	 (Not Inserted)
2, , ,,,,, 	(30-MAY-2025 15:48:48)	 (Not Inserted)
2, , ,,,,, 	(30-MAY-2025 15:48:48)	 (Not Inserted)
2, , ,,,,, 	(30-MAY-2025 15:48:48)	 (Not Inserted)
2, , ,,,,, 	(30-MAY-2025 15:48:48)	 (Not Inserted)
2, , ,,,,, 	(30-MAY-2025 15:48:48)	 (Not Inserted)
2, , ,,,,, 	(30-MAY-2025 15:48:48)	 (Not Inserted)
2, , ,,,,, 	(30-MAY-2025 15:48:48)	 (Not Inserted)
2, , ,,,,, 	(30-MAY-2025 15:48:48)	 (Not Inserted)
2, , ,,,,, 	(30-MAY-2025 15:48:48)	 (Not Inserted)
2, , ,,,,, 	(30-MAY-2025 15:48:48)	 (Not Inserted)
2, , ,,,,, 	(30-MAY-2025 15:48:48)	 (Not Inserted)
2, , ,,,,, 	(30-MAY-2025 15:48:48)	 (Not Inserted)
2, , ,,,,, 	(30-MAY-2025 15:48:48)	 (Not Inserted)
2, , ,,,,, 	(30-MAY-2025 15:48:48)	 (Not Inserted)
2, , ,,,,, 	(30-MAY-2025 15:48:48)	 (Not Inserted)
2, , ,,,,, 	(30-MAY-2025 15:48:48)	 (Not Inserted)
2, , ,,,,, 	(30-MAY-2025 15:48:48)	 (Not Inserted)
2,130 , 1,0,1,0,S, 	(30-MAY-2025 15:48:48)
2,130 , 1,0,1,0,S, 	(30-MAY-2025 15:48:48)
2,130 , 1,0,1,0,S, 	(30-MAY-2025 15:48:48)
2,130 , 1,0,1,0,S, 	(30-MAY-2025 15:48:48)
2,130 , 1,0,1,0,S, 	(30-MAY-2025 15:48:48)
2,130 , 1,0,1,0,S, 	(30-MAY-2025 15:48:48)
2,130 , 1,0,1,0,S, 	(30-MAY-2025 15:48:48)
2,130 , 1,0,1,0,S, 	(30-MAY-2025 15:48:48)
2,130 , 1,0,1,0,S, 	(30-MAY-2025 15:48:48)
2,130 , 1,0,1,0,S, 	(30-MAY-2025 15:48:48)
2,130 , 1,0,1,0,S, 	(30-MAY-2025 15:48:48)
2,130 , 1,0,1,0,S, 	(30-MAY-2025 15:48:48)
2,130 , 1,0,1,0,S, 	(30-MAY-2025 15:48:48)
2,130 , 1,0,1,0,S, 	(30-MAY-2025 15:48:48)
2,130 , 1,0,1,0,S, 	(30-MAY-2025 15:48:48)
2,130 , 1,0,1,0,S, 	(30-MAY-2025 15:48:48)
2,130 , 1,0,1,0,S, 	(30-MAY-2025 15:48:48)
2,130 , 1,0,1,0,S, 	(30-MAY-2025 15:48:48)
2,130 , 1,0,1,0,S, 	(30-MAY-2025 15:48:48)
2,130 , 1,0,1,0,S, 	(30-MAY-2025 15:48:48)
2,130 , 1,0,1,0,S, 	(30-MAY-2025 15:48:48)
2,130 , 1,0,1,0,S, 	(30-MAY-2025 15:48:48)
2,130 , 1,0,1,0,S, 	(30-MAY-2025 15:48:48)
2,130 , 1,0,1,0,S, 	(30-MAY-2025 15:48:48)
2,130 , 1,0,1,0,S, 	(30-MAY-2025 15:48:48)
2,130 , 1,0,1,0,S, 	(30-MAY-2025 15:48:48)
2,130 , 1,0,1,0,S, 	(30-MAY-2025 15:48:48)
2,130 , 1,0,1,0,S, 	(30-MAY-2025 15:48:48)
2,130 , 1,0,1,0,S, 	(30-MAY-2025 15:48:48)
2,130 , 1,0,1,0,S, 	(30-MAY-2025 15:48:48)
2,130 , 1,0,1,0,S, 	(30-MAY-2025 15:48:48)
2,130 , 1,0,2,0,S, 	(30-MAY-2025 15:48:48)

TOTAL DATA IN EXCEL : ,40704,,,,,, 	(30-MAY-2025 15:48:48)
 

TOTAL DATA INSERTED : ,31473,,,,,, 	(30-MAY-2025 15:48:48)
 

TOTAL SKIPPED DATA ,9231,,,,,, 	(30-MAY-2025 15:48:48)
 
<<END>>,<<FMS_INVOICE_DTL>>,,,,,, 	(30-MAY-2025 15:48:48)
 

<<START>>,<<FMS_INV_TAX_DTL>>, 	(30-MAY-2025 15:48:48)
 
COMPANY_CD,BU_STATE_TIN,INVOICE_SEQ,FINANCIAL_YEAR,TAX_STRUCT_CD,TAX_CODE, 	(30-MAY-2025 15:48:48)
 
2,24,55,18,16/06/2023 00:00:00 ,  	(30-MAY-2025 15:48:48)
2,24,64,18,01/07/2023 00:00:00 ,  	(30-MAY-2025 15:48:48)
2,24,87,18,17/07/2023 00:00:00 ,  	(30-MAY-2025 15:48:48)
2,24,93,18,01/08/2023 00:00:00 ,  	(30-MAY-2025 15:48:48)
2,24,107,18,16/08/2023 00:00:00 ,  	(30-MAY-2025 15:48:48)
2,24,112,18,01/09/2023 00:00:00 ,  	(30-MAY-2025 15:48:48)
2,24,124,18,18/09/2023 00:00:00 ,  	(30-MAY-2025 15:48:48)
2,24,141,18,03/10/2023 00:00:00 ,  	(30-MAY-2025 15:48:48)
2,24,158,18,16/10/2023 00:00:00 ,  	(30-MAY-2025 15:48:48)
2,24,169,18,01/11/2023 00:00:00 ,  	(30-MAY-2025 15:48:48)
2,24,186,18,16/11/2023 00:00:00 ,  	(30-MAY-2025 15:48:48)
2,24,209,18,01/12/2023 00:00:00 ,  	(30-MAY-2025 15:48:48)
2,24,233,18,18/12/2023 00:00:00 ,  	(30-MAY-2025 15:48:48)
2,24,249,18,02/01/2024 00:00:00 ,  	(30-MAY-2025 15:48:48)
2,24,94,8,01/08/2023 00:00:00 ,  	(30-MAY-2025 15:48:48)
2,24,89,8,17/06/2024 00:00:00 ,  	(30-MAY-2025 15:48:48)
2,24,101,8,02/07/2024 00:00:00 ,  	(30-MAY-2025 15:48:48)
2,24,120,8,16/07/2024 00:00:00 ,  	(30-MAY-2025 15:48:48)
2,24,139,8,01/08/2024 00:00:00 ,  	(30-MAY-2025 15:48:48)
2,24,151,8,16/08/2024 00:00:00 ,  	(30-MAY-2025 15:48:48)
2,24,167,8,02/09/2024 00:00:00 ,  	(30-MAY-2025 15:48:48)
2,24,188,8,16/09/2024 00:00:00 ,  	(30-MAY-2025 15:48:48)
2,24,199,8,01/10/2024 00:00:00 ,  	(30-MAY-2025 15:48:48)
2,24,210,8,16/10/2024 00:00:00 ,  	(30-MAY-2025 15:48:48)
2,24,221,8,04/11/2024 00:00:00 ,  	(30-MAY-2025 15:48:48)
2,24,230,8,18/11/2024 00:00:00 ,  	(30-MAY-2025 15:48:48)
2,24,239,8,02/12/2024 00:00:00 ,  	(30-MAY-2025 15:48:48)
2,24,247,8,16/12/2024 00:00:00 ,  	(30-MAY-2025 15:48:48)
2,24,263,8,02/01/2025 00:00:00 ,  	(30-MAY-2025 15:48:48)
2,24,269,8,16/01/2025 00:00:00 ,  	(30-MAY-2025 15:48:48)
2,24,287,8,03/02/2025 00:00:00 ,  	(30-MAY-2025 15:48:48)
2,24,1,7,16/04/2013 00:00:00 ,  	(30-MAY-2025 15:48:48)
2,24,20,7,16/09/2013 00:00:00 ,  	(30-MAY-2025 15:48:48)
2,24,21,7,01/10/2013 00:00:00 ,  	(30-MAY-2025 15:48:48)
2,24,23,7,03/10/2013 00:00:00 ,  	(30-MAY-2025 15:48:48)
2,24,9,18,16/09/2017 00:00:00 ,  	(30-MAY-2025 15:48:48)
2,24,10,18,18/09/2017 00:00:00 ,  	(30-MAY-2025 15:48:48)
2,24,4,18,16/07/2018 00:00:00 ,  	(30-MAY-2025 15:48:48)
2,24,5,18,19/07/2018 00:00:00 ,  	(30-MAY-2025 15:48:48)
2,24,57,7,12/01/2015 00:00:00 ,  	(30-MAY-2025 15:48:48)
2,24,72,7,02/03/2015 00:00:00 ,  	(30-MAY-2025 15:48:48)
2,24,74,7,16/03/2015 00:00:00 ,  	(30-MAY-2025 15:48:48)
2,24,75,7,27/03/2015 00:00:00 ,  	(30-MAY-2025 15:48:48)
2,24,1,1,20/12/2010 00:00:00 ,  	(30-MAY-2025 15:48:48)
2,24,24,7,16/08/2011 00:00:00 ,  	(30-MAY-2025 15:48:48)
2,24,26,7,02/09/2011 00:00:00 ,  	(30-MAY-2025 15:48:48)
2,24,30,7,17/10/2011 00:00:00 ,  	(30-MAY-2025 15:48:48)
2,24,35,7,01/02/2012 00:00:00 ,  	(30-MAY-2025 15:48:48)
2,24,38,7,16/02/2012 00:00:00 ,  	(30-MAY-2025 15:48:48)
2,24,40,7,01/03/2012 00:00:00 ,  	(30-MAY-2025 15:48:48)
2,24,41,7,06/03/2012 00:00:00 ,  	(30-MAY-2025 15:48:48)
2,24,43,7,16/03/2012 00:00:00 ,  	(30-MAY-2025 15:48:48)
2,24,45,7,03/04/2012 00:00:00 ,  	(30-MAY-2025 15:48:48)
2,24,1,7,10/04/2012 00:00:00 ,  	(30-MAY-2025 15:48:48)
2,24,18,7,02/09/2013 00:00:00 ,  	(30-MAY-2025 15:48:48)
2,24,154,20,03/10/2023 00:00:00 ,  	(30-MAY-2025 15:48:48)
2,24,191,8,19/12/2022 00:00:00 ,  	(30-MAY-2025 15:48:48)
2,24,229,8,17/02/2023 00:00:00 ,  	(30-MAY-2025 15:48:48)
2,24,257,8,02/03/2023 00:00:00 ,  	(30-MAY-2025 15:48:48)
2,24,97,8,17/06/2024 00:00:00 ,  	(30-MAY-2025 15:48:48)
2,24,113,8,01/07/2024 00:00:00 ,  	(30-MAY-2025 15:48:48)
2,24,136,8,01/08/2024 00:00:00 ,  	(30-MAY-2025 15:48:48)
2,24,186,8,16/09/2024 00:00:00 ,  	(30-MAY-2025 15:48:48)
2,24,196,8,01/10/2024 00:00:00 ,  	(30-MAY-2025 15:48:48)
2,24,220,8,04/11/2024 00:00:00 ,  	(30-MAY-2025 15:48:48)
2,24,98,8,17/06/2024 00:00:00 ,  	(30-MAY-2025 15:48:48)
2,24,114,8,01/07/2024 00:00:00 ,  	(30-MAY-2025 15:48:48)
2,24,327,8,17/03/2025 00:00:00 ,  	(30-MAY-2025 15:48:48)
2,24,63,8,03/08/2022 00:00:00 ,  	(30-MAY-2025 15:48:48)
2,24,73,8,18/08/2022 00:00:00 ,  	(30-MAY-2025 15:48:48)
2,24,101,20,17/10/2022 00:00:00 ,  	(30-MAY-2025 15:48:48)
2,24,124,20,02/11/2022 00:00:00 ,  	(30-MAY-2025 15:48:48)
2,24,298,20,03/04/2023 00:00:00 ,  	(30-MAY-2025 15:48:48)
2,24,227,20,16/02/2023 00:00:00 ,  	(30-MAY-2025 15:48:48)
2,24,252,20,01/03/2023 00:00:00 ,  	(30-MAY-2025 15:48:48)
2,24,137,20,18/09/2023 00:00:00 ,  	(30-MAY-2025 15:48:48)
2,24,151,20,03/10/2023 00:00:00 ,  	(30-MAY-2025 15:48:48)
2,24,63,8,01/06/2020 00:00:00 ,  	(30-MAY-2025 15:48:48)
2,24,82,8,16/06/2020 00:00:00 ,  	(30-MAY-2025 15:48:48)
2,24,102,8,01/07/2020 00:00:00 ,  	(30-MAY-2025 15:48:48)
2,24,140,8,01/08/2020 00:00:00 ,  	(30-MAY-2025 15:48:48)
2,27,185,26,16/03/2023 00:00:00 ,  	(30-MAY-2025 15:48:48)
2,27,195,26,03/04/2023 00:00:00 ,  	(30-MAY-2025 15:48:48)
2,24,243,8,16/10/2020 00:00:00 ,  	(30-MAY-2025 15:48:48)
2,24,262,8,02/11/2020 00:00:00 ,  	(30-MAY-2025 15:48:48)
2,24,118,8,16/07/2020 00:00:00 ,  	(30-MAY-2025 15:48:48)
2,24,16,8,04/05/2020 00:00:00 ,  	(30-MAY-2025 15:48:48)
2,24,17,8,04/05/2020 00:00:00 ,  	(30-MAY-2025 15:48:48)
2,24,32,8,18/05/2020 00:00:00 ,  	(30-MAY-2025 15:48:48)
2,24,47,8,01/06/2020 00:00:00 ,  	(30-MAY-2025 15:48:48)
2,24,33,8,18/05/2020 00:00:00 ,  	(30-MAY-2025 15:48:48)
2,24,48,8,01/06/2020 00:00:00 ,  	(30-MAY-2025 15:48:48)
2,24,318,8,16/01/2021 00:00:00 ,  	(30-MAY-2025 15:48:48)
2,24,319,8,16/01/2021 00:00:00 ,  	(30-MAY-2025 15:48:48)
2,24,320,8,16/01/2021 00:00:00 ,  	(30-MAY-2025 15:48:48)
2,24,112,8,17/02/2020 00:00:00 ,  	(30-MAY-2025 15:48:48)
2,24,132,8,02/03/2020 00:00:00 ,  	(30-MAY-2025 15:48:48)
2,24,113,8,17/02/2020 00:00:00 ,  	(30-MAY-2025 15:48:48)
2,24,133,8,02/03/2020 00:00:00 ,  	(30-MAY-2025 15:48:48)
2,24,114,8,17/02/2020 00:00:00 ,  	(30-MAY-2025 15:48:48)
2,24,134,8,02/03/2020 00:00:00 ,  	(30-MAY-2025 15:48:48)
2,24,12,8,16/04/2024 00:00:00 ,  	(30-MAY-2025 15:48:48)
2,24,22,8,01/05/2024 00:00:00 ,  	(30-MAY-2025 15:48:48)
2,24,46,8,16/05/2024 00:00:00 ,  	(30-MAY-2025 15:48:48)
2,24,276,8,16/01/2025 00:00:00 ,  	(30-MAY-2025 15:48:48)
2,24,285,8,03/02/2025 00:00:00 ,  	(30-MAY-2025 15:48:48)
2,24,277,8,16/01/2025 00:00:00 ,  	(30-MAY-2025 15:48:48)
2,24,286,8,03/02/2025 00:00:00 ,  	(30-MAY-2025 15:48:48)
2,24,249,8,16/12/2024 00:00:00 ,  	(30-MAY-2025 15:48:48)
2,24,254,8,02/01/2025 00:00:00 ,  	(30-MAY-2025 15:48:48)
2,24,196,8,27/12/2022 00:00:00 ,  	(30-MAY-2025 15:48:48)
2,24,128,8,17/11/2022 00:00:00 ,  	(30-MAY-2025 15:48:48)
2,24,129,8,17/11/2022 00:00:00 ,  	(30-MAY-2025 15:48:48)
2,24,130,8,17/11/2022 00:00:00 ,  	(30-MAY-2025 15:48:48)
2,24,250,8,16/12/2024 00:00:00 ,  	(30-MAY-2025 15:48:48)
2,24,255,8,02/01/2025 00:00:00 ,  	(30-MAY-2025 15:48:48)
2,27,78,27,16/12/2024 00:00:00 ,  	(30-MAY-2025 15:48:48)
2,27,79,27,02/01/2025 00:00:00 ,  	(30-MAY-2025 15:48:48)
2,27,171,26,15/02/2024 00:00:00 ,  	(30-MAY-2025 15:48:48)
2,27,169,26,08/02/2024 00:00:00 ,  	(30-MAY-2025 15:48:48)
2,27,172,26,15/02/2024 00:00:00 ,  	(30-MAY-2025 15:48:48)
2,27,168,26,08/02/2024 00:00:00 ,  	(30-MAY-2025 15:48:49)
2,27,173,26,15/02/2024 00:00:00 ,  	(30-MAY-2025 15:48:49)
2,24,140,20,18/11/2022 00:00:00 ,  	(30-MAY-2025 15:48:49)
2,24,144,20,18/11/2022 00:00:00 ,  	(30-MAY-2025 15:48:49)
2,24,150,20,23/11/2022 00:00:00 ,  	(30-MAY-2025 15:48:49)
2,24,155,20,29/11/2022 00:00:00 ,  	(30-MAY-2025 15:48:49)
2,24,173,20,02/12/2022 00:00:00 ,  	(30-MAY-2025 15:48:49)
2,24,220,20,01/02/2023 00:00:00 ,  	(30-MAY-2025 15:48:49)
2,24,145,20,18/11/2022 00:00:00 ,  	(30-MAY-2025 15:48:49)
2,24,151,20,23/11/2022 00:00:00 ,  	(30-MAY-2025 15:48:49)
2,24,166,20,01/12/2022 00:00:00 ,  	(30-MAY-2025 15:48:49)
2,24,178,20,02/12/2022 00:00:00 ,  	(30-MAY-2025 15:48:49)
2,24,257,19,02/01/2025 00:00:00 ,  	(30-MAY-2025 15:48:49)
2,24,278,19,16/01/2025 00:00:00 ,  	(30-MAY-2025 15:48:49)
2,24,289,19,03/02/2025 00:00:00 ,  	(30-MAY-2025 15:48:49)
2,24,301,19,17/02/2025 00:00:00 ,  	(30-MAY-2025 15:48:49)
2,24,310,19,03/03/2025 00:00:00 ,  	(30-MAY-2025 15:48:49)
2,24,322,19,17/03/2025 00:00:00 ,  	(30-MAY-2025 15:48:49)
2,24,9,19,16/04/2024 00:00:00 ,  	(30-MAY-2025 15:48:49)
2,24,24,19,01/05/2024 00:00:00 ,  	(30-MAY-2025 15:48:49)
2,24,52,19,16/05/2024 00:00:00 ,  	(30-MAY-2025 15:48:49)
2,24,64,19,03/06/2024 00:00:00 ,  	(30-MAY-2025 15:48:49)
2,24,92,19,17/06/2024 00:00:00 ,  	(30-MAY-2025 15:48:49)
2,24,110,19,01/07/2024 00:00:00 ,  	(30-MAY-2025 15:48:49)
2,24,126,19,16/07/2024 00:00:00 ,  	(30-MAY-2025 15:48:49)
2,24,143,19,01/08/2024 00:00:00 ,  	(30-MAY-2025 15:48:49)
2,24,157,19,16/08/2024 00:00:00 ,  	(30-MAY-2025 15:48:49)
2,24,171,19,02/09/2024 00:00:00 ,  	(30-MAY-2025 15:48:49)
2,27,34,26,01/07/2024 00:00:00 ,  	(30-MAY-2025 15:48:49)
2,27,29,26,17/06/2024 00:00:00 ,  	(30-MAY-2025 15:48:49)
2,27,36,26,01/07/2024 00:00:00 ,  	(30-MAY-2025 15:48:49)
2,24,135,20,18/09/2023 00:00:00 ,  	(30-MAY-2025 15:48:49)
2,24,157,20,03/10/2023 00:00:00 ,  	(30-MAY-2025 15:48:49)
2,24,274,20,16/01/2025 00:00:00 ,  	(30-MAY-2025 15:48:49)
2,24,296,20,03/02/2025 00:00:00 ,  	(30-MAY-2025 15:48:49)
2,24,2,20,17/04/2023 00:00:00 ,  	(30-MAY-2025 15:48:49)
2,24,19,20,02/05/2023 00:00:00 ,  	(30-MAY-2025 15:48:49)
2,27,11,26,01/05/2024 00:00:00 ,  	(30-MAY-2025 15:48:49)
2,24,240,8,29/12/2023 00:00:00 ,  	(30-MAY-2025 15:48:49)
2,24,245,8,30/12/2023 00:00:00 ,  	(30-MAY-2025 15:48:49)
2,24,247,8,02/01/2024 00:00:00 ,  	(30-MAY-2025 15:48:49)
2,24,248,8,02/01/2024 00:00:00 ,  	(30-MAY-2025 15:48:49)
2,24,317,8,16/01/2024 00:00:00 ,  	(30-MAY-2025 15:48:49)
2,24,338,8,01/02/2024 00:00:00 ,  	(30-MAY-2025 15:48:49)
2,24,361,8,16/02/2024 00:00:00 ,  	(30-MAY-2025 15:48:49)
2,24,380,8,01/03/2024 00:00:00 ,  	(30-MAY-2025 15:48:49)
2,24,400,8,18/03/2024 00:00:00 ,  	(30-MAY-2025 15:48:49)
2,24,286,20,10/01/2024 00:00:00 ,  	(30-MAY-2025 15:48:49)
2,24,293,18,10/01/2024 00:00:00 ,  	(30-MAY-2025 15:48:49)
2,24,292,18,10/01/2024 00:00:00 ,  	(30-MAY-2025 15:48:49)
2,24,291,20,10/01/2024 00:00:00 ,  	(30-MAY-2025 15:48:49)
2,24,290,20,10/01/2024 00:00:00 ,  	(30-MAY-2025 15:48:49)
2,24,289,20,10/01/2024 00:00:00 ,  	(30-MAY-2025 15:48:49)
2,24,298,18,11/01/2024 00:00:00 ,  	(30-MAY-2025 15:48:49)
2,24,297,18,11/01/2024 00:00:00 ,  	(30-MAY-2025 15:48:49)
2,24,296,20,11/01/2024 00:00:00 ,  	(30-MAY-2025 15:48:49)
2,24,295,20,11/01/2024 00:00:00 ,  	(30-MAY-2025 15:48:49)
2,24,294,20,11/01/2024 00:00:00 ,  	(30-MAY-2025 15:48:49)
2,24,271,20,05/01/2024 00:00:00 ,  	(30-MAY-2025 15:48:49)
2,24,270,20,05/01/2024 00:00:00 ,  	(30-MAY-2025 15:48:49)
2,24,269,20,05/01/2024 00:00:00 ,  	(30-MAY-2025 15:48:49)
2,24,277,18,08/01/2024 00:00:00 ,  	(30-MAY-2025 15:48:49)
2,24,276,18,08/01/2024 00:00:00 ,  	(30-MAY-2025 15:48:49)
2,24,275,20,08/01/2024 00:00:00 ,  	(30-MAY-2025 15:48:49)
2,24,274,20,08/01/2024 00:00:00 ,  	(30-MAY-2025 15:48:49)
2,24,273,20,08/01/2024 00:00:00 ,  	(30-MAY-2025 15:48:49)
2,24,282,20,08/01/2024 00:00:00 ,  	(30-MAY-2025 15:48:49)
2,24,281,20,08/01/2024 00:00:00 ,  	(30-MAY-2025 15:48:49)
2,24,280,20,08/01/2024 00:00:00 ,  	(30-MAY-2025 15:48:49)
2,24,307,20,15/01/2024 00:00:00 ,  	(30-MAY-2025 15:48:49)
2,24,308,20,15/01/2024 00:00:00 ,  	(30-MAY-2025 15:48:49)
2,24,31,7,15/11/2011 00:00:00 ,  	(30-MAY-2025 15:48:49)
2,24,32,7,16/11/2011 00:00:00 ,  	(30-MAY-2025 15:48:49)
2,24,33,7,19/12/2011 00:00:00 ,  	(30-MAY-2025 15:48:49)
2,24,41,7,02/01/2014 00:00:00 ,  	(30-MAY-2025 15:48:49)
2,24,46,7,02/01/2014 00:00:00 ,  	(30-MAY-2025 15:48:49)
2,24,14,7,18/08/2014 00:00:00 ,  	(30-MAY-2025 15:48:49)
2,24,20,7,29/08/2014 00:00:00 ,  	(30-MAY-2025 15:48:49)
2,24,4,7,31/05/2011 00:00:00 ,  	(30-MAY-2025 15:48:49)
2,24,7,7,31/05/2011 00:00:00 ,  	(30-MAY-2025 15:48:49)
2,24,12,7,03/09/2012 00:00:00 ,  	(30-MAY-2025 15:48:49)
2,24,13,7,17/09/2012 00:00:00 ,  	(30-MAY-2025 15:48:49)
2,24,135,8,04/10/2021 00:00:00 ,  	(30-MAY-2025 15:48:49)
2,24,142,8,18/10/2021 00:00:00 ,  	(30-MAY-2025 15:48:49)
2,24,150,8,02/11/2021 00:00:00 ,  	(30-MAY-2025 15:48:49)
2,24,162,8,17/11/2021 00:00:00 ,  	(30-MAY-2025 15:48:49)
2,24,166,8,02/12/2021 00:00:00 ,  	(30-MAY-2025 15:48:49)
2,24,179,8,17/12/2021 00:00:00 ,  	(30-MAY-2025 15:48:49)
2,24,187,8,04/01/2022 00:00:00 ,  	(30-MAY-2025 15:48:49)
2,24,371,8,01/04/2021 00:00:00 ,  	(30-MAY-2025 15:48:49)
2,24,61,8,19/06/2023 00:00:00 ,  	(30-MAY-2025 15:48:49)
2,24,70,8,03/07/2023 00:00:00 ,  	(30-MAY-2025 15:48:49)
2,24,35,8,18/05/2021 00:00:00 ,  	(30-MAY-2025 15:48:49)
2,24,49,8,01/06/2021 00:00:00 ,  	(30-MAY-2025 15:48:49)
2,24,64,8,16/06/2021 00:00:00 ,  	(30-MAY-2025 15:48:49)
2,24,76,8,01/07/2021 00:00:00 ,  	(30-MAY-2025 15:48:49)
2,24,91,8,16/01/2020 00:00:00 ,  	(30-MAY-2025 15:48:49)
2,24,11,7,01/08/2014 00:00:00 ,  	(30-MAY-2025 15:48:49)
2,24,12,7,11/08/2014 00:00:00 ,  	(30-MAY-2025 15:48:49)
2,24,51,7,16/12/2014 00:00:00 ,  	(30-MAY-2025 15:48:49)
2,24,54,7,02/01/2015 00:00:00 ,  	(30-MAY-2025 15:48:49)
2,24,23,7,01/09/2014 00:00:00 ,  	(30-MAY-2025 15:48:49)
2,24,27,7,16/09/2014 00:00:00 ,  	(30-MAY-2025 15:48:49)
2,27,30,26,20/07/2022 00:00:00 ,  	(30-MAY-2025 15:48:49)
2,27,33,26,02/08/2022 00:00:00 ,  	(30-MAY-2025 15:48:49)
2,24,26,18,17/06/2022 00:00:00 ,  	(30-MAY-2025 15:48:49)
2,24,32,18,01/07/2022 00:00:00 ,  	(30-MAY-2025 15:48:49)
2,24,51,18,18/07/2022 00:00:00 ,  	(30-MAY-2025 15:48:49)
2,27,203,23,03/04/2023 00:00:00 ,  	(30-MAY-2025 15:48:49)
2,27,53,23,19/09/2022 00:00:00 ,  	(30-MAY-2025 15:48:49)
2,27,70,26,03/10/2022 00:00:00 ,  	(30-MAY-2025 15:48:49)
2,27,57,26,19/09/2022 00:00:00 ,  	(30-MAY-2025 15:48:49)
2,27,71,26,03/10/2022 00:00:00 ,  	(30-MAY-2025 15:48:49)
2,24,285,20,03/04/2023 00:00:00 ,  	(30-MAY-2025 15:48:49)
2,24,270,20,16/03/2023 00:00:00 ,  	(30-MAY-2025 15:48:49)
2,24,286,20,03/04/2023 00:00:00 ,  	(30-MAY-2025 15:48:49)
2,24,271,20,16/03/2023 00:00:00 ,  	(30-MAY-2025 15:48:49)
2,24,287,20,03/04/2023 00:00:00 ,  	(30-MAY-2025 15:48:49)
2,27,60,26,17/07/2023 00:00:00 ,  	(30-MAY-2025 15:48:49)
2,27,74,26,01/08/2023 00:00:00 ,  	(30-MAY-2025 15:48:49)
2,27,61,26,17/07/2023 00:00:00 ,  	(30-MAY-2025 15:48:49)
2,27,75,26,01/08/2023 00:00:00 ,  	(30-MAY-2025 15:48:49)
2,27,62,26,17/07/2023 00:00:00 ,  	(30-MAY-2025 15:48:49)
2,27,76,26,01/08/2023 00:00:00 ,  	(30-MAY-2025 15:48:49)
2,24,5,8,16/04/2024 00:00:00 ,  	(30-MAY-2025 15:48:49)
2,24,19,8,01/05/2024 00:00:00 ,  	(30-MAY-2025 15:48:49)
2,24,250,8,02/11/2020 00:00:00 ,  	(30-MAY-2025 15:48:49)
2,24,264,8,17/11/2020 00:00:00 ,  	(30-MAY-2025 15:48:49)
2,24,278,8,01/12/2020 00:00:00 ,  	(30-MAY-2025 15:48:49)
2,24,291,8,16/12/2020 00:00:00 ,  	(30-MAY-2025 15:48:49)
2,24,305,8,01/01/2021 00:00:00 ,  	(30-MAY-2025 15:48:49)
2,24,265,8,17/11/2020 00:00:00 ,  	(30-MAY-2025 15:48:49)
2,24,279,8,01/12/2020 00:00:00 ,  	(30-MAY-2025 15:48:49)
2,24,292,8,16/12/2020 00:00:00 ,  	(30-MAY-2025 15:48:49)
2,24,312,8,01/01/2021 00:00:00 ,  	(30-MAY-2025 15:48:49)
2,24,41,8,02/06/2023 00:00:00 ,  	(30-MAY-2025 15:48:49)
2,24,72,8,03/07/2023 00:00:00 ,  	(30-MAY-2025 15:48:49)
2,24,12,8,18/04/2023 00:00:00 ,  	(30-MAY-2025 15:48:49)
2,24,15,8,01/05/2023 00:00:00 ,  	(30-MAY-2025 15:48:49)
2,27,26,23,17/05/2023 00:00:00 ,  	(30-MAY-2025 15:48:49)
2,24,31,19,06/05/2024 00:00:00 ,  	(30-MAY-2025 15:48:49)
2,24,358,19,01/02/2024 00:00:00 ,  	(30-MAY-2025 15:48:49)
2,24,369,19,16/02/2024 00:00:00 ,  	(30-MAY-2025 15:48:49)
2,24,391,19,01/03/2024 00:00:00 ,  	(30-MAY-2025 15:48:49)
2,24,313,8,16/01/2024 00:00:00 ,  	(30-MAY-2025 15:48:49)
2,24,335,8,01/02/2024 00:00:00 ,  	(30-MAY-2025 15:48:49)
2,24,395,8,18/03/2024 00:00:00 ,  	(30-MAY-2025 15:48:49)
2,24,420,8,01/04/2024 00:00:00 ,  	(30-MAY-2025 15:48:49)
2,24,6,8,16/04/2024 00:00:00 ,  	(30-MAY-2025 15:48:49)
2,24,20,8,01/05/2024 00:00:00 ,  	(30-MAY-2025 15:48:49)
2,24,43,8,16/05/2024 00:00:00 ,  	(30-MAY-2025 15:48:49)
2,24,79,8,03/06/2024 00:00:00 ,  	(30-MAY-2025 15:48:49)
2,24,362,8,16/02/2024 00:00:00 ,  	(30-MAY-2025 15:48:49)
2,24,381,8,01/03/2024 00:00:00 ,  	(30-MAY-2025 15:48:49)
2,24,132,8,22/07/2024 00:00:00 ,  	(30-MAY-2025 15:48:49)
2,24,140,8,01/08/2024 00:00:00 ,  	(30-MAY-2025 15:48:49)
2,24,87,8,17/06/2024 00:00:00 ,  	(30-MAY-2025 15:48:49)
2,24,107,8,01/07/2024 00:00:00 ,  	(30-MAY-2025 15:48:49)
2,24,125,8,16/07/2024 00:00:00 ,  	(30-MAY-2025 15:48:49)
2,24,137,8,01/08/2024 00:00:00 ,  	(30-MAY-2025 15:48:49)
2,24,155,8,16/08/2024 00:00:00 ,  	(30-MAY-2025 15:48:49)
2,24,118,20,01/09/2023 00:00:00 ,  	(30-MAY-2025 15:48:49)
2,24,119,20,01/09/2023 00:00:00 ,  	(30-MAY-2025 15:48:49)
2,24,159,20,16/10/2023 00:00:00 ,  	(30-MAY-2025 15:48:49)
2,24,160,20,16/10/2023 00:00:00 ,  	(30-MAY-2025 15:48:49)
2,24,168,20,23/10/2023 00:00:00 ,  	(30-MAY-2025 15:48:49)
2,24,284,18,10/01/2024 00:00:00 ,  	(30-MAY-2025 15:48:49)
2,24,311,18,15/01/2024 00:00:00 ,  	(30-MAY-2025 15:48:49)
2,24,327,18,23/01/2024 00:00:00 ,  	(30-MAY-2025 15:48:49)
2,24,356,18,02/02/2024 00:00:00 ,  	(30-MAY-2025 15:48:49)
2,24,360,18,02/02/2024 00:00:00 ,  	(30-MAY-2025 15:48:49)
2,24,285,18,10/01/2024 00:00:00 ,  	(30-MAY-2025 15:48:49)
2,24,312,18,15/01/2024 00:00:00 ,  	(30-MAY-2025 15:48:49)
2,24,328,18,23/01/2024 00:00:00 ,  	(30-MAY-2025 15:48:49)
2,24,357,18,02/02/2024 00:00:00 ,  	(30-MAY-2025 15:48:49)
2,24,359,18,02/02/2024 00:00:00 ,  	(30-MAY-2025 15:48:49)
2,24,188,18,19/12/2022 00:00:00 ,  	(30-MAY-2025 15:48:49)
2,24,425,8,01/04/2024 00:00:00 ,  	(30-MAY-2025 15:48:49)
2,24,265,18,16/03/2023 00:00:00 ,  	(30-MAY-2025 15:48:49)
2,24,288,18,03/04/2023 00:00:00 ,  	(30-MAY-2025 15:48:49)
2,24,89,18,17/07/2023 00:00:00 ,  	(30-MAY-2025 15:48:49)
2,24,95,18,01/08/2023 00:00:00 ,  	(30-MAY-2025 15:48:49)
2,27,168,23,17/02/2023 00:00:00 ,  	(30-MAY-2025 15:48:49)
2,27,177,23,02/03/2023 00:00:00 ,  	(30-MAY-2025 15:48:49)
2,27,181,23,16/03/2023 00:00:00 ,  	(30-MAY-2025 15:48:49)
2,27,201,23,03/04/2023 00:00:00 ,  	(30-MAY-2025 15:48:49)
2,27,2,23,17/04/2023 00:00:00 ,  	(30-MAY-2025 15:48:49)
2,27,13,23,02/05/2023 00:00:00 ,  	(30-MAY-2025 15:48:49)
2,27,22,23,16/05/2023 00:00:00 ,  	(30-MAY-2025 15:48:49)
2,27,27,23,17/06/2024 00:00:00 ,  	(30-MAY-2025 15:48:49)
2,27,23,23,16/05/2023 00:00:00 ,  	(30-MAY-2025 15:48:49)
2,27,32,23,01/06/2023 00:00:00 ,  	(30-MAY-2025 15:48:49)
2,24,229,8,18/11/2024 00:00:00 ,  	(30-MAY-2025 15:48:49)
2,24,225,8,04/11/2024 00:00:00 ,  	(30-MAY-2025 15:48:49)
2,28,14,30,02/12/2024 00:00:00 ,  	(30-MAY-2025 15:48:49)
2,24,241,8,02/12/2024 00:00:00 ,  	(30-MAY-2025 15:48:49)
2,24,251,8,16/12/2024 00:00:00 ,  	(30-MAY-2025 15:48:49)
2,24,252,8,16/12/2024 00:00:00 ,  	(30-MAY-2025 15:48:49)
2,24,262,8,02/01/2025 00:00:00 ,  	(30-MAY-2025 15:48:49)
2,28,15,30,16/12/2024 00:00:00 ,  	(30-MAY-2025 15:48:49)
2,28,16,30,02/01/2025 00:00:00 ,  	(30-MAY-2025 15:48:49)
2,24,431,8,01/04/2024 00:00:00 ,  	(30-MAY-2025 15:48:49)
2,24,13,8,16/04/2024 00:00:00 ,  	(30-MAY-2025 15:48:49)
2,27,197,27,01/04/2024 00:00:00 ,  	(30-MAY-2025 15:48:49)
2,27,6,27,16/04/2024 00:00:00 ,  	(30-MAY-2025 15:48:49)
2,28,3,29,16/08/2024 00:00:00 ,  	(30-MAY-2025 15:48:49)
2,27,53,26,16/08/2024 00:00:00 ,  	(30-MAY-2025 15:48:49)
2,24,206,8,01/10/2024 00:00:00 ,  	(30-MAY-2025 15:48:49)
2,24,165,8,16/08/2024 00:00:00 ,  	(30-MAY-2025 15:48:49)
2,28,10,30,16/10/2024 00:00:00 ,  	(30-MAY-2025 15:48:49)
2,28,11,30,04/11/2024 00:00:00 ,  	(30-MAY-2025 15:48:49)
2,24,80,8,03/06/2024 00:00:00 ,  	(30-MAY-2025 15:48:49)
2,27,19,27,16/05/2024 00:00:00 ,  	(30-MAY-2025 15:48:49)
2,27,22,27,03/06/2024 00:00:00 ,  	(30-MAY-2025 15:48:49)
2,27,194,27,18/03/2024 00:00:00 ,  	(30-MAY-2025 15:48:49)
2,24,408,8,18/03/2024 00:00:00 ,  	(30-MAY-2025 15:48:49)
2,27,93,8,01/09/2023 00:00:00 ,  	(30-MAY-2025 15:48:49)
2,27,98,8,18/09/2023 00:00:00 ,  	(30-MAY-2025 15:48:49)
2,27,107,8,03/10/2023 00:00:00 ,  	(30-MAY-2025 15:48:49)
2,24,195,20,17/11/2023 00:00:00 ,  	(30-MAY-2025 15:48:49)
2,24,216,20,01/12/2023 00:00:00 ,  	(30-MAY-2025 15:48:49)
2,24,196,8,17/11/2023 00:00:00 ,  	(30-MAY-2025 15:48:49)
2,24,214,8,01/12/2023 00:00:00 ,  	(30-MAY-2025 15:48:49)
2,27,155,8,17/01/2024 00:00:00 ,  	(30-MAY-2025 15:48:49)
2,24,131,20,18/09/2023 00:00:00 ,  	(30-MAY-2025 15:48:49)
2,24,147,20,03/10/2023 00:00:00 ,  	(30-MAY-2025 15:48:49)
2,24,132,20,18/09/2023 00:00:00 ,  	(30-MAY-2025 15:48:49)
2,24,148,20,03/10/2023 00:00:00 ,  	(30-MAY-2025 15:48:49)
2,24,232,20,17/02/2023 00:00:00 ,  	(30-MAY-2025 15:48:49)
2,24,250,20,01/03/2023 00:00:00 ,  	(30-MAY-2025 15:48:49)
2,24,233,20,17/02/2023 00:00:00 ,  	(30-MAY-2025 15:48:49)
2,24,251,20,01/03/2023 00:00:00 ,  	(30-MAY-2025 15:48:49)
2,24,266,20,16/03/2023 00:00:00 ,  	(30-MAY-2025 15:48:49)
2,24,293,20,03/04/2023 00:00:00 ,  	(30-MAY-2025 15:48:49)
2,24,267,20,16/03/2023 00:00:00 ,  	(30-MAY-2025 15:48:49)
2,24,294,20,03/04/2023 00:00:00 ,  	(30-MAY-2025 15:48:49)
2,24,67,20,16/06/2021 00:00:00 ,  	(30-MAY-2025 15:48:49)
2,24,78,20,01/07/2021 00:00:00 ,  	(30-MAY-2025 15:48:49)
2,24,113,20,17/08/2021 00:00:00 ,  	(30-MAY-2025 15:48:49)
2,24,122,20,02/09/2021 00:00:00 ,  	(30-MAY-2025 15:48:49)
2,24,182,19,01/04/2020 00:00:00 ,  	(30-MAY-2025 15:48:49)
2,24,9,19,16/04/2020 00:00:00 ,  	(30-MAY-2025 15:48:49)
2,24,23,19,04/05/2020 00:00:00 ,  	(30-MAY-2025 15:48:49)
2,24,38,19,18/05/2020 00:00:00 ,  	(30-MAY-2025 15:48:49)
2,24,54,19,01/06/2020 00:00:00 ,  	(30-MAY-2025 15:48:49)
2,24,71,19,16/06/2020 00:00:00 ,  	(30-MAY-2025 15:48:49)
2,24,105,19,16/07/2020 00:00:00 ,  	(30-MAY-2025 15:48:49)
2,24,122,19,01/08/2020 00:00:00 ,  	(30-MAY-2025 15:48:49)
2,24,145,19,17/08/2020 00:00:00 ,  	(30-MAY-2025 15:48:49)
2,24,163,19,01/09/2020 00:00:00 ,  	(30-MAY-2025 15:48:49)
2,24,188,19,16/09/2020 00:00:00 ,  	(30-MAY-2025 15:48:49)
2,24,213,19,01/10/2020 00:00:00 ,  	(30-MAY-2025 15:48:49)
2,24,235,19,16/10/2020 00:00:00 ,  	(30-MAY-2025 15:48:49)
2,24,254,19,02/11/2020 00:00:00 ,  	(30-MAY-2025 15:48:49)
2,27,113,23,01/12/2022 00:00:00 ,  	(30-MAY-2025 15:48:49)
2,27,8,23,18/04/2023 00:00:00 ,  	(30-MAY-2025 15:48:49)
2,27,16,23,02/05/2023 00:00:00 ,  	(30-MAY-2025 15:48:49)
2,27,16,23,02/06/2022 00:00:00 ,  	(30-MAY-2025 15:48:49)
2,27,166,23,17/02/2023 00:00:00 ,  	(30-MAY-2025 15:48:49)
2,27,198,23,03/04/2023 00:00:00 ,  	(30-MAY-2025 15:48:49)
2,27,182,23,16/03/2023 00:00:00 ,  	(30-MAY-2025 15:48:49)
2,27,43,23,17/08/2022 00:00:00 ,  	(30-MAY-2025 15:48:49)
2,27,47,23,02/09/2022 00:00:00 ,  	(30-MAY-2025 15:48:49)
2,27,54,23,19/09/2022 00:00:00 ,  	(30-MAY-2025 15:48:49)
2,27,68,23,03/10/2022 00:00:00 ,  	(30-MAY-2025 15:48:49)
2,27,176,23,02/03/2023 00:00:00 ,  	(30-MAY-2025 15:48:49)
2,27,40,23,16/06/2023 00:00:00 ,  	(30-MAY-2025 15:48:49)
2,27,48,23,03/07/2023 00:00:00 ,  	(30-MAY-2025 15:48:49)
2,24,55,18,01/10/2019 00:00:00 ,  	(30-MAY-2025 15:48:49)
2,24,49,18,16/09/2019 00:00:00 ,  	(30-MAY-2025 15:48:49)
2,24,56,18,01/10/2019 00:00:00 ,  	(30-MAY-2025 15:48:49)
2,24,316,18,16/01/2024 00:00:00 ,  	(30-MAY-2025 15:48:49)
2,24,337,18,01/02/2024 00:00:00 ,  	(30-MAY-2025 15:48:49)
2,24,406,18,18/03/2024 00:00:00 ,  	(30-MAY-2025 15:48:49)
2,24,427,18,01/04/2024 00:00:00 ,  	(30-MAY-2025 15:48:49)
2,24,148,19,17/08/2020 00:00:00 ,  	(30-MAY-2025 15:48:49)
2,24,180,19,01/09/2020 00:00:00 ,  	(30-MAY-2025 15:48:49)
2,24,149,19,17/08/2020 00:00:00 ,  	(30-MAY-2025 15:48:49)
2,24,182,19,01/09/2020 00:00:00 ,  	(30-MAY-2025 15:48:49)
2,24,76,19,16/06/2020 00:00:00 ,  	(30-MAY-2025 15:48:49)
2,24,96,19,01/07/2020 00:00:00 ,  	(30-MAY-2025 15:48:49)
2,24,116,19,16/07/2020 00:00:00 ,  	(30-MAY-2025 15:48:49)
2,24,130,19,01/08/2020 00:00:00 ,  	(30-MAY-2025 15:48:49)
2,24,115,19,16/07/2020 00:00:00 ,  	(30-MAY-2025 15:48:49)
2,24,129,19,01/08/2020 00:00:00 ,  	(30-MAY-2025 15:48:49)
2,24,42,10,16/03/2012 00:00:00 ,  	(30-MAY-2025 15:48:49)
2,24,44,10,26/03/2012 00:00:00 ,  	(30-MAY-2025 15:48:49)
2,24,56,10,01/03/2014 00:00:00 ,  	(30-MAY-2025 15:48:49)
2,24,8,7,27/05/2011 00:00:00 ,  	(30-MAY-2025 15:48:49)
2,24,9,7,27/05/2011 00:00:00 ,  	(30-MAY-2025 15:48:49)
2,24,159,8,17/08/2020 00:00:00 ,  	(30-MAY-2025 15:48:49)
2,24,53,20,09/06/2021 00:00:00 ,  	(30-MAY-2025 15:48:49)
2,24,54,20,09/06/2021 00:00:00 ,  	(30-MAY-2025 15:48:49)
2,24,298,8,16/12/2020 00:00:00 ,  	(30-MAY-2025 15:48:49)
2,24,308,8,01/01/2021 00:00:00 ,  	(30-MAY-2025 15:48:49)
2,24,153,8,17/08/2020 00:00:00 ,  	(30-MAY-2025 15:48:49)
2,24,195,8,16/09/2020 00:00:00 ,  	(30-MAY-2025 15:48:49)
2,24,201,8,01/10/2020 00:00:00 ,  	(30-MAY-2025 15:48:49)
2,24,115,8,17/02/2020 00:00:00 ,  	(30-MAY-2025 15:48:49)
2,24,160,8,17/08/2020 00:00:00 ,  	(30-MAY-2025 15:48:49)
2,24,183,8,01/09/2020 00:00:00 ,  	(30-MAY-2025 15:48:49)
2,24,200,8,16/09/2020 00:00:00 ,  	(30-MAY-2025 15:48:49)
2,24,220,8,01/10/2020 00:00:00 ,  	(30-MAY-2025 15:48:49)
2,27,11,26,17/05/2022 00:00:00 ,  	(30-MAY-2025 15:48:49)
2,27,15,26,02/06/2022 00:00:00 ,  	(30-MAY-2025 15:48:49)
2,27,21,26,17/06/2022 00:00:00 ,  	(30-MAY-2025 15:48:49)
2,27,26,26,04/07/2022 00:00:00 ,  	(30-MAY-2025 15:48:49)
2,27,38,26,17/06/2023 00:00:00 ,  	(30-MAY-2025 15:48:49)
2,27,50,26,03/07/2023 00:00:00 ,  	(30-MAY-2025 15:48:49)
2,27,84,26,17/01/2025 00:00:00 ,  	(30-MAY-2025 15:48:49)
2,27,87,26,03/02/2025 00:00:00 ,  	(30-MAY-2025 15:48:49)
2,27,95,26,17/02/2025 00:00:00 ,  	(30-MAY-2025 15:48:49)
2,27,107,26,03/03/2025 00:00:00 ,  	(30-MAY-2025 15:48:49)
2,28,18,29,17/01/2025 00:00:00 ,  	(30-MAY-2025 15:48:49)
2,24,2,18,21/05/2018 00:00:00 ,  	(30-MAY-2025 15:48:49)
2,24,88,8,16/01/2020 00:00:00 ,  	(30-MAY-2025 15:48:49)
2,24,101,8,01/02/2020 00:00:00 ,  	(30-MAY-2025 15:48:49)
2,24,107,8,17/02/2020 00:00:00 ,  	(30-MAY-2025 15:48:49)
2,24,131,8,02/03/2020 00:00:00 ,  	(30-MAY-2025 15:48:49)
2,24,152,8,16/03/2020 00:00:00 ,  	(30-MAY-2025 15:48:49)
2,24,179,8,01/04/2020 00:00:00 ,  	(30-MAY-2025 15:48:49)
2,24,69,8,16/06/2020 00:00:00 ,  	(30-MAY-2025 15:48:49)
2,24,90,8,01/07/2020 00:00:00 ,  	(30-MAY-2025 15:48:49)
2,24,123,8,01/08/2020 00:00:00 ,  	(30-MAY-2025 15:48:49)
2,24,141,8,17/08/2020 00:00:00 ,  	(30-MAY-2025 15:48:49)
2,24,166,8,01/09/2020 00:00:00 ,  	(30-MAY-2025 15:48:49)
2,24,184,8,16/09/2020 00:00:00 ,  	(30-MAY-2025 15:48:49)
2,24,218,8,01/10/2020 00:00:00 ,  	(30-MAY-2025 15:48:49)
2,24,231,8,16/10/2020 00:00:00 ,  	(30-MAY-2025 15:48:49)
2,24,93,8,03/10/2022 00:00:00 ,  	(30-MAY-2025 15:48:49)
2,24,104,8,18/10/2022 00:00:00 ,  	(30-MAY-2025 15:48:49)
2,24,125,8,02/11/2022 00:00:00 ,  	(30-MAY-2025 15:48:49)
2,24,174,8,02/12/2022 00:00:00 ,  	(30-MAY-2025 15:48:49)
2,24,74,8,18/08/2022 00:00:00 ,  	(30-MAY-2025 15:48:49)
2,24,107,8,18/10/2022 00:00:00 ,  	(30-MAY-2025 15:48:49)
2,24,192,8,19/12/2022 00:00:00 ,  	(30-MAY-2025 15:48:49)
2,24,181,8,05/12/2022 00:00:00 ,  	(30-MAY-2025 15:48:49)
2,24,407,8,18/03/2024 00:00:00 ,  	(30-MAY-2025 15:48:49)
2,24,428,8,01/04/2024 00:00:00 ,  	(30-MAY-2025 15:48:49)
2,24,413,8,18/03/2024 00:00:00 ,  	(30-MAY-2025 15:48:49)
2,24,437,8,01/04/2024 00:00:00 ,  	(30-MAY-2025 15:48:49)
2,24,273,8,16/03/2023 00:00:00 ,  	(30-MAY-2025 15:48:49)
2,24,289,8,03/04/2023 00:00:00 ,  	(30-MAY-2025 15:48:49)
2,24,5,8,18/04/2023 00:00:00 ,  	(30-MAY-2025 15:48:49)
2,24,23,8,02/05/2023 00:00:00 ,  	(30-MAY-2025 15:48:49)
2,24,99,8,17/06/2024 00:00:00 ,  	(30-MAY-2025 15:48:49)
2,27,36,23,08/06/2023 00:00:00 ,  	(30-MAY-2025 15:48:49)
2,27,33,23,01/07/2024 00:00:00 ,  	(30-MAY-2025 15:48:49)
2,27,41,23,16/07/2024 00:00:00 ,  	(30-MAY-2025 15:48:49)
2,27,48,23,01/08/2024 00:00:00 ,  	(30-MAY-2025 15:48:49)
2,27,189,23,18/03/2024 00:00:00 ,  	(30-MAY-2025 15:48:49)
2,27,196,23,01/04/2024 00:00:00 ,  	(30-MAY-2025 15:48:49)
2,24,347,8,01/02/2024 00:00:00 ,  	(30-MAY-2025 15:48:49)
2,27,158,8,01/02/2024 00:00:00 ,  	(30-MAY-2025 15:48:49)
2,24,208,20,16/01/2023 00:00:00 ,  	(30-MAY-2025 15:48:49)
2,24,221,20,01/02/2023 00:00:00 ,  	(30-MAY-2025 15:48:49)
2,24,223,20,16/02/2023 00:00:00 ,  	(30-MAY-2025 15:48:49)
2,28,12,30,18/11/2024 00:00:00 ,  	(30-MAY-2025 15:48:49)
2,28,13,30,02/12/2024 00:00:00 ,  	(30-MAY-2025 15:48:49)
2,28,27,30,17/03/2025 00:00:00 ,  	(30-MAY-2025 15:48:49)
2,24,329,8,17/03/2025 00:00:00 ,  	(30-MAY-2025 15:48:49)
2,27,106,27,03/03/2025 00:00:00 ,  	(30-MAY-2025 15:48:49)
2,24,8,18,12/09/2017 00:00:00 ,  	(30-MAY-2025 15:48:49)
2,24,1,18,16/04/2018 00:00:00 ,  	(30-MAY-2025 15:48:49)
2,24,3,18,11/06/2018 00:00:00 ,  	(30-MAY-2025 15:48:49)
2,24,6,18,13/08/2018 00:00:00 ,  	(30-MAY-2025 15:48:49)
2,24,37,18,16/08/2019 00:00:00 ,  	(30-MAY-2025 15:48:49)
2,24,42,18,03/09/2019 00:00:00 ,  	(30-MAY-2025 15:48:49)
2,24,25,18,24/06/2019 00:00:00 ,  	(30-MAY-2025 15:48:49)
2,24,46,18,11/09/2019 00:00:00 ,  	(30-MAY-2025 15:48:49)
2,24,41,18,26/08/2019 00:00:00 ,  	(30-MAY-2025 15:48:49)
2,24,33,18,01/08/2019 00:00:00 ,  	(30-MAY-2025 15:48:49)
2,24,36,18,07/08/2019 00:00:00 ,  	(30-MAY-2025 15:48:49)
2,24,50,7,16/12/2014 00:00:00 ,  	(30-MAY-2025 15:48:49)
2,24,53,7,02/01/2015 00:00:00 ,  	(30-MAY-2025 15:48:49)
2,24,29,7,14/09/2011 00:00:00 ,  	(30-MAY-2025 15:48:49)
2,24,190,20,01/04/2020 00:00:00 ,  	(30-MAY-2025 15:48:49)
2,24,164,20,17/03/2020 00:00:00 ,  	(30-MAY-2025 15:48:49)
2,24,191,20,01/04/2020 00:00:00 ,  	(30-MAY-2025 15:48:49)
2,24,79,20,16/06/2020 00:00:00 ,  	(30-MAY-2025 15:48:49)
2,24,80,20,16/06/2020 00:00:00 ,  	(30-MAY-2025 15:48:49)
2,24,101,20,01/07/2020 00:00:00 ,  	(30-MAY-2025 15:48:49)
2,24,119,20,18/02/2020 00:00:00 ,  	(30-MAY-2025 15:48:49)
2,24,137,20,02/03/2020 00:00:00 ,  	(30-MAY-2025 15:48:49)
2,24,100,20,01/07/2020 00:00:00 ,  	(30-MAY-2025 15:48:49)
2,24,120,20,18/02/2020 00:00:00 ,  	(30-MAY-2025 15:48:49)
2,24,138,20,02/03/2020 00:00:00 ,  	(30-MAY-2025 15:48:49)
2,24,39,20,16/05/2023 00:00:00 ,  	(30-MAY-2025 15:48:49)
2,24,44,20,01/06/2023 00:00:00 ,  	(30-MAY-2025 15:48:49)
2,24,130,20,18/09/2023 00:00:00 ,  	(30-MAY-2025 15:48:49)
2,24,146,20,03/10/2023 00:00:00 ,  	(30-MAY-2025 15:48:49)
2,24,83,18,16/06/2020 00:00:00 ,  	(30-MAY-2025 15:48:49)
2,24,103,18,01/07/2020 00:00:00 ,  	(30-MAY-2025 15:48:49)
2,24,94,20,16/07/2021 00:00:00 ,  	(30-MAY-2025 15:48:49)
2,24,104,20,02/08/2021 00:00:00 ,  	(30-MAY-2025 15:48:49)
2,24,118,20,18/02/2020 00:00:00 ,  	(30-MAY-2025 15:48:49)
2,24,139,20,02/03/2020 00:00:00 ,  	(30-MAY-2025 15:48:49)
2,24,161,20,17/03/2020 00:00:00 ,  	(30-MAY-2025 15:48:49)
2,24,189,20,01/04/2020 00:00:00 ,  	(30-MAY-2025 15:48:49)
2,24,272,20,16/01/2025 00:00:00 ,  	(30-MAY-2025 15:48:49)
2,24,295,20,03/02/2025 00:00:00 ,  	(30-MAY-2025 15:48:49)
2,24,9,20,18/04/2023 00:00:00 ,  	(30-MAY-2025 15:48:49)
2,24,21,20,02/05/2023 00:00:00 ,  	(30-MAY-2025 15:48:49)
2,24,278,20,16/03/2023 00:00:00 ,  	(30-MAY-2025 15:48:49)
2,24,295,20,03/04/2023 00:00:00 ,  	(30-MAY-2025 15:48:49)
2,24,279,18,16/03/2023 00:00:00 ,  	(30-MAY-2025 15:48:49)
2,24,191,19,16/09/2020 00:00:00 ,  	(30-MAY-2025 15:48:49)
2,24,223,19,01/10/2020 00:00:00 ,  	(30-MAY-2025 15:48:49)
2,24,273,19,17/11/2020 00:00:00 ,  	(30-MAY-2025 15:48:49)
2,24,287,19,01/12/2020 00:00:00 ,  	(30-MAY-2025 15:48:49)
2,24,44,19,18/05/2020 00:00:00 ,  	(30-MAY-2025 15:48:49)
2,24,59,19,01/06/2020 00:00:00 ,  	(30-MAY-2025 15:48:49)
2,24,67,19,16/11/2019 00:00:00 ,  	(30-MAY-2025 15:48:49)
2,24,71,19,02/12/2019 00:00:00 ,  	(30-MAY-2025 15:48:49)
2,24,73,19,16/12/2019 00:00:00 ,  	(30-MAY-2025 15:48:49)
2,24,78,19,02/01/2020 00:00:00 ,  	(30-MAY-2025 15:48:49)
2,24,68,19,16/11/2019 00:00:00 ,  	(30-MAY-2025 15:48:49)
2,24,72,19,02/12/2019 00:00:00 ,  	(30-MAY-2025 15:48:49)
2,24,74,19,16/12/2019 00:00:00 ,  	(30-MAY-2025 15:48:49)
2,24,79,19,02/01/2020 00:00:00 ,  	(30-MAY-2025 15:48:49)
2,24,258,19,02/11/2020 00:00:00 ,  	(30-MAY-2025 15:48:49)
2,24,92,19,16/01/2020 00:00:00 ,  	(30-MAY-2025 15:48:49)
2,24,144,19,16/03/2020 00:00:00 ,  	(30-MAY-2025 15:48:49)
2,24,210,18,01/10/2020 00:00:00 ,  	(30-MAY-2025 15:48:49)
2,24,158,8,17/03/2020 00:00:00 ,  	(30-MAY-2025 15:48:49)
2,24,183,8,01/04/2020 00:00:00 ,  	(30-MAY-2025 15:48:49)
2,24,159,20,17/03/2020 00:00:00 ,  	(30-MAY-2025 15:48:49)
2,24,184,20,01/04/2020 00:00:00 ,  	(30-MAY-2025 15:48:49)
2,24,160,18,17/03/2020 00:00:00 ,  	(30-MAY-2025 15:48:49)
2,24,185,18,01/04/2020 00:00:00 ,  	(30-MAY-2025 15:48:49)
2,24,186,18,01/04/2020 00:00:00 ,  	(30-MAY-2025 15:48:49)
2,24,187,18,01/04/2020 00:00:00 ,  	(30-MAY-2025 15:48:49)
2,24,45,20,18/05/2020 00:00:00 ,  	(30-MAY-2025 15:48:49)
2,24,61,20,01/06/2020 00:00:00 ,  	(30-MAY-2025 15:48:49)
2,24,81,20,16/06/2020 00:00:00 ,  	(30-MAY-2025 15:48:49)
2,24,132,20,01/08/2020 00:00:00 ,  	(30-MAY-2025 15:48:49)
2,24,158,20,17/08/2020 00:00:00 ,  	(30-MAY-2025 15:48:49)
2,24,177,20,01/09/2020 00:00:00 ,  	(30-MAY-2025 15:48:49)
2,24,177,19,01/04/2020 00:00:00 ,  	(30-MAY-2025 15:48:49)
2,24,230,19,16/10/2020 00:00:00 ,  	(30-MAY-2025 15:48:49)
2,24,246,19,02/11/2020 00:00:00 ,  	(30-MAY-2025 15:48:49)
2,24,186,19,16/09/2020 00:00:00 ,  	(30-MAY-2025 15:48:49)
2,24,211,19,01/10/2020 00:00:00 ,  	(30-MAY-2025 15:48:49)
2,24,110,19,16/08/2021 00:00:00 ,  	(30-MAY-2025 15:48:49)
2,24,118,19,01/09/2021 00:00:00 ,  	(30-MAY-2025 15:48:49)
2,24,119,19,01/09/2021 00:00:00 ,  	(30-MAY-2025 15:48:49)
2,24,226,18,16/02/2023 00:00:00 ,  	(30-MAY-2025 15:48:49)
2,24,249,18,01/03/2023 00:00:00 ,  	(30-MAY-2025 15:48:49)
2,24,292,18,03/04/2023 00:00:00 ,  	(30-MAY-2025 15:48:49)
2,24,275,18,16/03/2023 00:00:00 ,  	(30-MAY-2025 15:48:49)
2,24,129,18,18/09/2023 00:00:00 ,  	(30-MAY-2025 15:48:49)
2,24,145,18,03/10/2023 00:00:00 ,  	(30-MAY-2025 15:48:49)
2,24,15,7,01/10/2012 00:00:00 ,  	(30-MAY-2025 15:48:49)
2,24,5,7,16/07/2012 00:00:00 ,  	(30-MAY-2025 15:48:49)
2,24,6,7,01/08/2012 00:00:00 ,  	(30-MAY-2025 15:48:49)
2,24,8,7,16/08/2012 00:00:00 ,  	(30-MAY-2025 15:48:49)
2,24,10,7,29/08/2012 00:00:00 ,  	(30-MAY-2025 15:48:49)
2,24,2,7,01/05/2013 00:00:00 ,  	(30-MAY-2025 15:48:49)
2,24,3,7,16/05/2013 00:00:00 ,  	(30-MAY-2025 15:48:49)
2,24,4,7,18/05/2013 00:00:00 ,  	(30-MAY-2025 15:48:49)
2,24,34,7,02/12/2013 00:00:00 ,  	(30-MAY-2025 15:48:49)
2,24,40,7,17/12/2013 00:00:00 ,  	(30-MAY-2025 15:48:49)
2,24,29,7,01/10/2014 00:00:00 ,  	(30-MAY-2025 15:48:49)
2,24,78,20,04/07/2023 00:00:00 ,  	(30-MAY-2025 15:48:49)
2,24,76,20,04/07/2023 00:00:00 ,  	(30-MAY-2025 15:48:49)
2,24,79,20,11/07/2023 00:00:00 ,  	(30-MAY-2025 15:48:49)
2,24,91,20,24/07/2023 00:00:00 ,  	(30-MAY-2025 15:48:49)
2,24,80,20,11/07/2023 00:00:00 ,  	(30-MAY-2025 15:48:49)
2,24,92,20,24/07/2023 00:00:00 ,  	(30-MAY-2025 15:48:49)
2,24,103,18,01/08/2023 00:00:00 ,  	(30-MAY-2025 15:48:49)
2,24,102,20,01/08/2023 00:00:00 ,  	(30-MAY-2025 15:48:49)
2,24,105,20,01/08/2023 00:00:00 ,  	(30-MAY-2025 15:48:49)
2,24,101,20,01/08/2023 00:00:00 ,  	(30-MAY-2025 15:48:49)
2,24,104,20,01/08/2023 00:00:00 ,  	(30-MAY-2025 15:48:49)
2,24,106,18,02/08/2023 00:00:00 ,  	(30-MAY-2025 15:48:49)
2,24,81,18,11/07/2023 00:00:00 ,  	(30-MAY-2025 15:48:49)
2,24,121,20,08/09/2023 00:00:00 ,  	(30-MAY-2025 15:48:49)
2,24,75,20,04/07/2023 00:00:00 ,  	(30-MAY-2025 15:48:49)
2,24,251,18,02/01/2024 00:00:00 ,  	(30-MAY-2025 15:48:49)
2,24,290,19,03/02/2025 00:00:00 ,  	(30-MAY-2025 15:48:49)
2,24,302,19,17/02/2025 00:00:00 ,  	(30-MAY-2025 15:48:49)
2,24,311,19,03/03/2025 00:00:00 ,  	(30-MAY-2025 15:48:49)
2,24,323,19,17/03/2025 00:00:00 ,  	(30-MAY-2025 15:48:49)
2,24,27,19,03/05/2023 00:00:00 ,  	(30-MAY-2025 15:48:49)
2,24,37,19,16/05/2023 00:00:00 ,  	(30-MAY-2025 15:48:49)
2,24,51,19,01/06/2023 00:00:00 ,  	(30-MAY-2025 15:48:49)
2,24,83,19,17/07/2023 00:00:00 ,  	(30-MAY-2025 15:48:49)
2,24,98,19,01/08/2023 00:00:00 ,  	(30-MAY-2025 15:48:49)
2,24,108,19,16/08/2023 00:00:00 ,  	(30-MAY-2025 15:48:49)
2,24,114,19,01/09/2023 00:00:00 ,  	(30-MAY-2025 15:48:49)
2,24,125,19,18/09/2023 00:00:00 ,  	(30-MAY-2025 15:48:49)
2,24,142,19,03/10/2023 00:00:00 ,  	(30-MAY-2025 15:48:49)
2,24,164,19,16/10/2023 00:00:00 ,  	(30-MAY-2025 15:48:49)
2,24,171,19,01/11/2023 00:00:00 ,  	(30-MAY-2025 15:48:49)
2,24,188,19,16/11/2023 00:00:00 ,  	(30-MAY-2025 15:48:49)
2,24,7,7,01/08/2016 00:00:00 ,  	(30-MAY-2025 15:48:49)
2,24,11,7,16/08/2016 00:00:00 ,  	(30-MAY-2025 15:48:49)
2,24,3,7,01/06/2015 00:00:00 ,  	(30-MAY-2025 15:48:49)
2,24,11,8,02/11/2015 00:00:00 ,  	(30-MAY-2025 15:48:49)
2,24,24,7,01/04/2016 00:00:00 ,  	(30-MAY-2025 15:48:49)
2,24,1,7,16/04/2016 00:00:00 ,  	(30-MAY-2025 15:48:49)
2,24,39,7,03/11/2014 00:00:00 ,  	(30-MAY-2025 15:48:49)
2,24,42,7,17/11/2014 00:00:00 ,  	(30-MAY-2025 15:48:49)
2,24,45,7,02/12/2014 00:00:00 ,  	(30-MAY-2025 15:48:49)
2,24,48,7,03/12/2014 00:00:00 ,  	(30-MAY-2025 15:48:49)
2,24,233,8,16/10/2020 00:00:00 ,  	(30-MAY-2025 15:48:49)
2,24,252,8,02/11/2020 00:00:00 ,  	(30-MAY-2025 15:48:49)
2,24,266,8,17/11/2020 00:00:00 ,  	(30-MAY-2025 15:48:49)
2,24,280,8,01/12/2020 00:00:00 ,  	(30-MAY-2025 15:48:49)
2,24,293,8,16/12/2020 00:00:00 ,  	(30-MAY-2025 15:48:49)
2,24,306,8,01/01/2021 00:00:00 ,  	(30-MAY-2025 15:48:49)
2,24,39,19,16/08/2019 00:00:00 ,  	(30-MAY-2025 15:48:49)
2,24,44,19,03/09/2019 00:00:00 ,  	(30-MAY-2025 15:48:49)
2,24,50,19,16/09/2019 00:00:00 ,  	(30-MAY-2025 15:48:49)
2,24,53,19,01/10/2019 00:00:00 ,  	(30-MAY-2025 15:48:49)
2,24,58,19,16/10/2019 00:00:00 ,  	(30-MAY-2025 15:48:49)
2,24,63,19,01/11/2019 00:00:00 ,  	(30-MAY-2025 15:48:49)
2,24,66,19,16/11/2019 00:00:00 ,  	(30-MAY-2025 15:48:49)
2,24,70,19,02/12/2019 00:00:00 ,  	(30-MAY-2025 15:48:49)
2,24,76,19,16/12/2019 00:00:00 ,  	(30-MAY-2025 15:48:49)
2,24,77,19,02/01/2020 00:00:00 ,  	(30-MAY-2025 15:48:49)
2,24,211,19,01/12/2023 00:00:00 ,  	(30-MAY-2025 15:48:49)
2,24,219,19,18/12/2023 00:00:00 ,  	(30-MAY-2025 15:48:49)
2,24,254,19,02/01/2024 00:00:00 ,  	(30-MAY-2025 15:48:49)
2,24,318,19,16/01/2024 00:00:00 ,  	(30-MAY-2025 15:48:49)
2,24,351,19,01/02/2024 00:00:00 ,  	(30-MAY-2025 15:48:49)
2,24,367,19,16/02/2024 00:00:00 ,  	(30-MAY-2025 15:48:49)
2,24,389,19,01/03/2024 00:00:00 ,  	(30-MAY-2025 15:48:49)
2,24,402,19,18/03/2024 00:00:00 ,  	(30-MAY-2025 15:48:49)
2,24,433,19,01/04/2024 00:00:00 ,  	(30-MAY-2025 15:48:49)
2,24,28,19,03/05/2023 00:00:00 ,  	(30-MAY-2025 15:48:49)
2,24,38,19,16/05/2023 00:00:00 ,  	(30-MAY-2025 15:48:49)
2,24,52,19,01/06/2023 00:00:00 ,  	(30-MAY-2025 15:48:49)
2,24,59,19,16/06/2023 00:00:00 ,  	(30-MAY-2025 15:48:49)
2,24,69,19,03/07/2023 00:00:00 ,  	(30-MAY-2025 15:48:49)
2,24,84,19,17/07/2023 00:00:00 ,  	(30-MAY-2025 15:48:49)
2,24,99,19,01/08/2023 00:00:00 ,  	(30-MAY-2025 15:48:49)
2,24,39,8,01/04/2017 00:00:00 ,  	(30-MAY-2025 15:48:49)
2,24,7,8,01/07/2017 00:00:00 ,  	(30-MAY-2025 15:48:49)
2,24,22,8,16/11/2016 00:00:00 ,  	(30-MAY-2025 15:48:49)
2,24,11,8,16/01/2018 00:00:00 ,  	(30-MAY-2025 15:48:49)
2,24,12,8,01/02/2018 00:00:00 ,  	(30-MAY-2025 15:48:49)
2,24,13,8,16/02/2018 00:00:00 ,  	(30-MAY-2025 15:48:49)
2,24,14,8,01/03/2018 00:00:00 ,  	(30-MAY-2025 15:48:49)
2,24,24,8,01/12/2016 00:00:00 ,  	(30-MAY-2025 15:48:49)
2,24,26,8,16/12/2016 00:00:00 ,  	(30-MAY-2025 15:48:49)
2,24,2,8,17/04/2017 00:00:00 ,  	(30-MAY-2025 15:48:49)
2,24,3,8,01/05/2017 00:00:00 ,  	(30-MAY-2025 15:48:49)
2,24,4,8,16/05/2017 00:00:00 ,  	(30-MAY-2025 15:48:49)
2,24,34,7,13/10/2014 00:00:00 ,  	(30-MAY-2025 15:48:49)
2,24,2,7,16/05/2012 00:00:00 ,  	(30-MAY-2025 15:48:49)
2,24,3,7,01/06/2012 00:00:00 ,  	(30-MAY-2025 15:48:49)
2,24,4,7,12/06/2012 00:00:00 ,  	(30-MAY-2025 15:48:49)
2,24,5,7,01/06/2013 00:00:00 ,  	(30-MAY-2025 15:48:49)
2,24,7,7,17/06/2013 00:00:00 ,  	(30-MAY-2025 15:48:49)
2,24,9,7,01/07/2013 00:00:00 ,  	(30-MAY-2025 15:48:49)
2,24,10,7,16/07/2013 00:00:00 ,  	(30-MAY-2025 15:48:49)
2,24,13,7,01/08/2013 00:00:00 ,  	(30-MAY-2025 15:48:49)
2,24,16,7,13/08/2013 00:00:00 ,  	(30-MAY-2025 15:48:49)
2,24,60,18,16/10/2019 00:00:00 ,  	(30-MAY-2025 15:48:49)
2,24,61,18,01/11/2019 00:00:00 ,  	(30-MAY-2025 15:48:49)
2,24,354,18,17/03/2021 00:00:00 ,  	(30-MAY-2025 15:48:49)
2,24,361,18,22/03/2021 00:00:00 ,  	(30-MAY-2025 15:48:49)
2,24,106,18,02/08/2021 00:00:00 ,  	(30-MAY-2025 15:48:49)
2,24,81,18,13/01/2020 00:00:00 ,  	(30-MAY-2025 15:48:49)
2,24,82,18,16/01/2020 00:00:00 ,  	(30-MAY-2025 15:48:49)
2,24,95,18,01/02/2020 00:00:00 ,  	(30-MAY-2025 15:48:49)
2,24,106,18,17/02/2020 00:00:00 ,  	(30-MAY-2025 15:48:49)
2,24,126,18,25/02/2020 00:00:00 ,  	(30-MAY-2025 15:48:49)
2,24,157,18,16/03/2020 00:00:00 ,  	(30-MAY-2025 15:48:49)
2,24,171,18,01/04/2020 00:00:00 ,  	(30-MAY-2025 15:48:49)
2,24,1,18,04/04/2020 00:00:00 ,  	(30-MAY-2025 15:48:49)
2,24,23,18,17/05/2021 00:00:00 ,  	(30-MAY-2025 15:48:49)
2,24,44,18,01/06/2021 00:00:00 ,  	(30-MAY-2025 15:48:49)
2,24,56,18,16/06/2021 00:00:00 ,  	(30-MAY-2025 15:48:49)
2,24,24,8,17/05/2021 00:00:00 ,  	(30-MAY-2025 15:48:49)
2,24,20,8,04/05/2020 00:00:00 ,  	(30-MAY-2025 15:48:49)
2,24,36,8,18/05/2020 00:00:00 ,  	(30-MAY-2025 15:48:49)
2,24,52,8,01/06/2020 00:00:00 ,  	(30-MAY-2025 15:48:49)
2,24,68,8,16/06/2020 00:00:00 ,  	(30-MAY-2025 15:48:49)
2,24,89,8,01/07/2020 00:00:00 ,  	(30-MAY-2025 15:48:49)
2,24,109,8,16/07/2020 00:00:00 ,  	(30-MAY-2025 15:48:49)
2,24,6,8,16/04/2020 00:00:00 ,  	(30-MAY-2025 15:48:49)
2,24,19,8,04/05/2020 00:00:00 ,  	(30-MAY-2025 15:48:49)
2,24,35,8,18/05/2020 00:00:00 ,  	(30-MAY-2025 15:48:49)
2,24,51,8,01/06/2020 00:00:00 ,  	(30-MAY-2025 15:48:49)
2,24,67,8,16/06/2020 00:00:00 ,  	(30-MAY-2025 15:48:49)
2,24,88,8,01/07/2020 00:00:00 ,  	(30-MAY-2025 15:48:49)
2,24,107,8,16/07/2020 00:00:00 ,  	(30-MAY-2025 15:48:49)
2,24,232,8,16/10/2020 00:00:00 ,  	(30-MAY-2025 15:48:49)
2,24,251,8,02/11/2020 00:00:00 ,  	(30-MAY-2025 15:48:49)
2,24,183,8,19/12/2022 00:00:00 ,  	(30-MAY-2025 15:48:49)
2,24,198,8,02/01/2023 00:00:00 ,  	(30-MAY-2025 15:48:49)
2,24,231,8,17/02/2023 00:00:00 ,  	(30-MAY-2025 15:48:49)
2,24,256,8,02/03/2023 00:00:00 ,  	(30-MAY-2025 15:48:49)
2,24,180,8,02/12/2022 00:00:00 ,  	(30-MAY-2025 15:48:49)
2,27,196,26,03/04/2023 00:00:00 ,  	(30-MAY-2025 15:48:49)
2,27,191,26,17/03/2023 00:00:00 ,  	(30-MAY-2025 15:48:49)
2,24,92,19,16/07/2021 00:00:00 ,  	(30-MAY-2025 15:48:49)
2,24,103,19,02/08/2021 00:00:00 ,  	(30-MAY-2025 15:48:49)
2,24,116,19,17/08/2021 00:00:00 ,  	(30-MAY-2025 15:48:49)
2,24,121,19,02/09/2021 00:00:00 ,  	(30-MAY-2025 15:48:49)
2,24,130,19,17/09/2021 00:00:00 ,  	(30-MAY-2025 15:48:49)
2,24,136,19,04/10/2021 00:00:00 ,  	(30-MAY-2025 15:48:49)
2,24,145,19,18/10/2021 00:00:00 ,  	(30-MAY-2025 15:48:49)
2,24,148,19,02/11/2021 00:00:00 ,  	(30-MAY-2025 15:48:49)
2,24,300,20,12/01/2024 00:00:00 ,  	(30-MAY-2025 15:48:49)
2,24,304,20,15/01/2024 00:00:00 ,  	(30-MAY-2025 15:48:49)
2,24,302,20,15/01/2024 00:00:00 ,  	(30-MAY-2025 15:48:49)
2,24,303,20,15/01/2024 00:00:00 ,  	(30-MAY-2025 15:48:49)
2,24,53,18,16/05/2024 00:00:00 ,  	(30-MAY-2025 15:48:49)
2,24,68,18,03/06/2024 00:00:00 ,  	(30-MAY-2025 15:48:49)
2,24,54,20,16/05/2024 00:00:00 ,  	(30-MAY-2025 15:48:49)
2,24,55,20,16/05/2024 00:00:00 ,  	(30-MAY-2025 15:48:49)
2,24,56,20,16/05/2024 00:00:00 ,  	(30-MAY-2025 15:48:49)
2,24,69,20,03/06/2024 00:00:00 ,  	(30-MAY-2025 15:48:49)
2,24,72,18,03/06/2024 00:00:00 ,  	(30-MAY-2025 15:48:49)
2,24,70,18,03/06/2024 00:00:00 ,  	(30-MAY-2025 15:48:49)
2,24,71,20,03/06/2024 00:00:00 ,  	(30-MAY-2025 15:48:49)
2,24,73,20,03/06/2024 00:00:00 ,  	(30-MAY-2025 15:48:49)
2,24,74,20,03/06/2024 00:00:00 ,  	(30-MAY-2025 15:48:49)
2,24,198,20,23/11/2023 00:00:00 ,  	(30-MAY-2025 15:48:49)
2,24,197,20,23/11/2023 00:00:00 ,  	(30-MAY-2025 15:48:49)
2,24,206,18,27/11/2023 00:00:00 ,  	(30-MAY-2025 15:48:49)
2,24,207,18,27/11/2023 00:00:00 ,  	(30-MAY-2025 15:48:49)
2,24,204,20,27/11/2023 00:00:00 ,  	(30-MAY-2025 15:48:49)
2,24,205,20,27/11/2023 00:00:00 ,  	(30-MAY-2025 15:48:49)
2,24,288,20,10/01/2024 00:00:00 ,  	(30-MAY-2025 15:48:49)
2,24,287,20,10/01/2024 00:00:00 ,  	(30-MAY-2025 15:48:49)
2,27,148,26,17/01/2023 00:00:00 ,  	(30-MAY-2025 15:48:49)
2,24,8,18,18/04/2023 00:00:00 ,  	(30-MAY-2025 15:48:49)
2,24,17,18,02/05/2023 00:00:00 ,  	(30-MAY-2025 15:48:49)
2,24,215,18,01/02/2023 00:00:00 ,  	(30-MAY-2025 15:48:49)
2,27,149,26,01/02/2023 00:00:00 ,  	(30-MAY-2025 15:48:49)
2,27,17,23,17/06/2022 00:00:00 ,  	(30-MAY-2025 15:48:49)
2,27,22,23,04/07/2022 00:00:00 ,  	(30-MAY-2025 15:48:49)
2,27,27,23,18/07/2022 00:00:00 ,  	(30-MAY-2025 15:48:49)
2,27,34,23,02/08/2022 00:00:00 ,  	(30-MAY-2025 15:48:49)
2,27,41,23,17/08/2022 00:00:00 ,  	(30-MAY-2025 15:48:49)
2,27,49,23,02/09/2022 00:00:00 ,  	(30-MAY-2025 15:48:49)
2,27,63,23,19/09/2022 00:00:00 ,  	(30-MAY-2025 15:48:49)
2,27,81,23,17/10/2022 00:00:00 ,  	(30-MAY-2025 15:48:49)
2,27,90,23,02/11/2022 00:00:00 ,  	(30-MAY-2025 15:48:49)
2,27,96,23,17/11/2022 00:00:00 ,  	(30-MAY-2025 15:48:49)
2,27,117,23,02/12/2022 00:00:00 ,  	(30-MAY-2025 15:48:50)
2,24,229,18,16/10/2020 00:00:00 ,  	(30-MAY-2025 15:48:50)
2,24,137,8,01/08/2020 00:00:00 ,  	(30-MAY-2025 15:48:50)
2,24,171,8,01/09/2020 00:00:00 ,  	(30-MAY-2025 15:48:50)
2,24,206,8,01/10/2020 00:00:00 ,  	(30-MAY-2025 15:48:50)
2,24,172,8,01/09/2020 00:00:00 ,  	(30-MAY-2025 15:48:50)
2,24,207,8,01/10/2020 00:00:00 ,  	(30-MAY-2025 15:48:50)
2,24,138,20,01/08/2020 00:00:00 ,  	(30-MAY-2025 15:48:50)
2,24,173,20,01/09/2020 00:00:00 ,  	(30-MAY-2025 15:48:50)
2,24,208,20,01/10/2020 00:00:00 ,  	(30-MAY-2025 15:48:50)
2,24,139,18,01/08/2020 00:00:00 ,  	(30-MAY-2025 15:48:50)
2,24,174,18,01/09/2020 00:00:00 ,  	(30-MAY-2025 15:48:50)
2,24,209,18,01/10/2020 00:00:00 ,  	(30-MAY-2025 15:48:50)
2,24,136,18,01/08/2020 00:00:00 ,  	(30-MAY-2025 15:48:50)
2,24,157,18,17/08/2020 00:00:00 ,  	(30-MAY-2025 15:48:50)
2,24,175,18,01/09/2020 00:00:00 ,  	(30-MAY-2025 15:48:50)
2,24,199,18,16/09/2020 00:00:00 ,  	(30-MAY-2025 15:48:50)
2,27,128,23,19/12/2022 00:00:00 ,  	(30-MAY-2025 15:48:50)
2,27,139,23,02/01/2023 00:00:00 ,  	(30-MAY-2025 15:48:50)
2,27,142,23,17/01/2023 00:00:00 ,  	(30-MAY-2025 15:48:50)
2,27,151,23,01/02/2023 00:00:00 ,  	(30-MAY-2025 15:48:50)
2,27,161,23,16/02/2023 00:00:00 ,  	(30-MAY-2025 15:48:50)
2,27,178,23,02/03/2023 00:00:00 ,  	(30-MAY-2025 15:48:50)
2,27,183,23,16/03/2023 00:00:00 ,  	(30-MAY-2025 15:48:50)
2,27,192,23,03/04/2023 00:00:00 ,  	(30-MAY-2025 15:48:50)
2,27,1,23,05/07/2021 00:00:00 ,  	(30-MAY-2025 15:48:50)
2,27,2,23,16/07/2021 00:00:00 ,  	(30-MAY-2025 15:48:50)
2,27,3,23,02/08/2021 00:00:00 ,  	(30-MAY-2025 15:48:50)
2,27,4,23,17/08/2021 00:00:00 ,  	(30-MAY-2025 15:48:50)
2,27,7,23,02/09/2021 00:00:00 ,  	(30-MAY-2025 15:48:50)
2,27,9,23,17/09/2021 00:00:00 ,  	(30-MAY-2025 15:48:50)
2,24,146,8,01/08/2024 00:00:00 ,  	(30-MAY-2025 15:48:50)
2,24,158,8,16/08/2024 00:00:00 ,  	(30-MAY-2025 15:48:50)
2,24,182,8,02/09/2024 00:00:00 ,  	(30-MAY-2025 15:48:50)
2,24,195,8,16/09/2024 00:00:00 ,  	(30-MAY-2025 15:48:50)
2,24,203,8,01/10/2024 00:00:00 ,  	(30-MAY-2025 15:48:50)
2,24,208,8,16/10/2024 00:00:00 ,  	(30-MAY-2025 15:48:50)
2,24,219,8,04/11/2024 00:00:00 ,  	(30-MAY-2025 15:48:50)
2,24,228,8,18/11/2024 00:00:00 ,  	(30-MAY-2025 15:48:50)
2,24,234,8,02/12/2024 00:00:00 ,  	(30-MAY-2025 15:48:50)
2,24,243,8,16/12/2024 00:00:00 ,  	(30-MAY-2025 15:48:50)
2,24,258,8,02/01/2025 00:00:00 ,  	(30-MAY-2025 15:48:50)
2,24,280,8,16/01/2025 00:00:00 ,  	(30-MAY-2025 15:48:50)
2,24,291,8,03/02/2025 00:00:00 ,  	(30-MAY-2025 15:48:50)
2,24,305,8,17/02/2025 00:00:00 ,  	(30-MAY-2025 15:48:50)
2,24,318,8,03/03/2025 00:00:00 ,  	(30-MAY-2025 15:48:50)
2,24,325,8,17/03/2025 00:00:00 ,  	(30-MAY-2025 15:48:50)
2,24,225,18,16/10/2020 00:00:00 ,  	(30-MAY-2025 15:48:50)
2,24,247,18,02/11/2020 00:00:00 ,  	(30-MAY-2025 15:48:50)
2,24,245,18,02/11/2020 00:00:00 ,  	(30-MAY-2025 15:48:50)
2,24,263,18,17/11/2020 00:00:00 ,  	(30-MAY-2025 15:48:50)
2,24,275,18,01/12/2020 00:00:00 ,  	(30-MAY-2025 15:48:50)
2,24,276,18,01/12/2020 00:00:00 ,  	(30-MAY-2025 15:48:50)
2,24,288,18,16/12/2020 00:00:00 ,  	(30-MAY-2025 15:48:50)
2,24,300,18,01/01/2021 00:00:00 ,  	(30-MAY-2025 15:48:50)
2,24,289,8,17/12/2020 00:00:00 ,  	(30-MAY-2025 15:48:50)
2,24,301,8,01/01/2021 00:00:00 ,  	(30-MAY-2025 15:48:50)
2,24,80,18,07/01/2020 00:00:00 ,  	(30-MAY-2025 15:48:50)
2,24,139,18,18/10/2021 00:00:00 ,  	(30-MAY-2025 15:48:50)
2,24,153,18,02/11/2021 00:00:00 ,  	(30-MAY-2025 15:48:50)
2,24,193,19,17/01/2022 00:00:00 ,  	(30-MAY-2025 15:48:50)
2,24,201,19,01/02/2022 00:00:00 ,  	(30-MAY-2025 15:48:50)
2,24,205,19,16/02/2022 00:00:00 ,  	(30-MAY-2025 15:48:50)
2,24,212,19,02/03/2022 00:00:00 ,  	(30-MAY-2025 15:48:50)
2,27,111,26,16/10/2023 00:00:00 ,  	(30-MAY-2025 15:48:50)
2,24,180,19,02/11/2023 00:00:00 ,  	(30-MAY-2025 15:48:50)
2,24,192,19,17/11/2023 00:00:00 ,  	(30-MAY-2025 15:48:50)
2,27,160,23,01/02/2024 00:00:00 ,  	(30-MAY-2025 15:48:50)
2,27,69,26,17/07/2023 00:00:00 ,  	(30-MAY-2025 15:48:50)
2,27,81,26,01/08/2023 00:00:00 ,  	(30-MAY-2025 15:48:50)
2,27,86,26,16/08/2023 00:00:00 ,  	(30-MAY-2025 15:48:50)
2,27,131,26,01/12/2023 00:00:00 ,  	(30-MAY-2025 15:48:50)
2,27,144,26,02/01/2024 00:00:00 ,  	(30-MAY-2025 15:48:50)
2,27,146,26,16/01/2024 00:00:00 ,  	(30-MAY-2025 15:48:50)
2,27,159,26,01/02/2024 00:00:00 ,  	(30-MAY-2025 15:48:50)
2,24,4,18,18/04/2022 00:00:00 ,  	(30-MAY-2025 15:48:50)
2,24,154,19,17/03/2020 00:00:00 ,  	(30-MAY-2025 15:48:50)
2,24,195,19,01/04/2020 00:00:00 ,  	(30-MAY-2025 15:48:50)
2,24,12,19,16/04/2020 00:00:00 ,  	(30-MAY-2025 15:48:50)
2,24,28,19,04/05/2020 00:00:00 ,  	(30-MAY-2025 15:48:50)
2,24,43,19,18/05/2020 00:00:00 ,  	(30-MAY-2025 15:48:50)
2,24,58,19,01/06/2020 00:00:00 ,  	(30-MAY-2025 15:48:50)
2,24,75,19,16/06/2020 00:00:00 ,  	(30-MAY-2025 15:48:50)
2,24,95,19,01/07/2020 00:00:00 ,  	(30-MAY-2025 15:48:50)
2,24,114,19,16/07/2020 00:00:00 ,  	(30-MAY-2025 15:48:50)
2,24,128,19,01/08/2020 00:00:00 ,  	(30-MAY-2025 15:48:50)
2,24,146,19,17/08/2020 00:00:00 ,  	(30-MAY-2025 15:48:50)
2,24,179,19,01/09/2020 00:00:00 ,  	(30-MAY-2025 15:48:50)
2,24,189,19,16/09/2020 00:00:00 ,  	(30-MAY-2025 15:48:50)
2,24,222,19,01/10/2020 00:00:00 ,  	(30-MAY-2025 15:48:50)
2,24,109,19,16/08/2023 00:00:00 ,  	(30-MAY-2025 15:48:50)
2,24,115,19,01/09/2023 00:00:00 ,  	(30-MAY-2025 15:48:50)
2,24,126,19,18/09/2023 00:00:00 ,  	(30-MAY-2025 15:48:50)
2,24,143,19,03/10/2023 00:00:00 ,  	(30-MAY-2025 15:48:50)
2,24,165,19,16/10/2023 00:00:00 ,  	(30-MAY-2025 15:48:50)
2,24,173,19,01/11/2023 00:00:00 ,  	(30-MAY-2025 15:48:50)
2,24,189,19,16/11/2023 00:00:00 ,  	(30-MAY-2025 15:48:50)
2,24,212,19,01/12/2023 00:00:00 ,  	(30-MAY-2025 15:48:50)
2,24,220,19,18/12/2023 00:00:00 ,  	(30-MAY-2025 15:48:50)
2,24,255,19,02/01/2024 00:00:00 ,  	(30-MAY-2025 15:48:50)
2,24,319,19,16/01/2024 00:00:00 ,  	(30-MAY-2025 15:48:50)
2,24,352,19,01/02/2024 00:00:00 ,  	(30-MAY-2025 15:48:50)
2,24,368,19,16/02/2024 00:00:00 ,  	(30-MAY-2025 15:48:50)
2,24,388,19,01/03/2024 00:00:00 ,  	(30-MAY-2025 15:48:50)
2,24,401,19,18/03/2024 00:00:00 ,  	(30-MAY-2025 15:48:50)
2,24,432,19,01/04/2024 00:00:00 ,  	(30-MAY-2025 15:48:50)
2,27,120,23,08/12/2022 00:00:00 ,  	(30-MAY-2025 15:48:50)
2,27,118,23,06/12/2022 00:00:00 ,  	(30-MAY-2025 15:48:50)
2,27,119,23,06/12/2022 00:00:00 ,  	(30-MAY-2025 15:48:50)
2,24,3,18,16/04/2024 00:00:00 ,  	(30-MAY-2025 15:48:50)
2,24,17,18,01/05/2024 00:00:00 ,  	(30-MAY-2025 15:48:50)
2,24,40,18,16/05/2024 00:00:00 ,  	(30-MAY-2025 15:48:50)
2,24,77,18,03/06/2024 00:00:00 ,  	(30-MAY-2025 15:48:50)
2,24,222,20,18/12/2023 00:00:00 ,  	(30-MAY-2025 15:48:50)
2,24,261,20,10/03/2023 00:00:00 ,  	(30-MAY-2025 15:48:50)
2,24,263,20,15/03/2023 00:00:00 ,  	(30-MAY-2025 15:48:50)
2,24,280,20,22/03/2023 00:00:00 ,  	(30-MAY-2025 15:48:50)
2,24,262,20,10/03/2023 00:00:00 ,  	(30-MAY-2025 15:48:50)
2,24,264,20,15/03/2023 00:00:00 ,  	(30-MAY-2025 15:48:50)
2,24,281,20,22/03/2023 00:00:00 ,  	(30-MAY-2025 15:48:50)
2,24,282,20,29/03/2023 00:00:00 ,  	(30-MAY-2025 15:48:50)
2,24,3,20,17/04/2023 00:00:00 ,  	(30-MAY-2025 15:48:50)
2,24,20,20,02/05/2023 00:00:00 ,  	(30-MAY-2025 15:48:50)
2,27,165,26,17/02/2023 00:00:00 ,  	(30-MAY-2025 15:48:50)
2,24,204,19,02/02/2022 00:00:00 ,  	(30-MAY-2025 15:48:50)
2,27,45,26,19/06/2023 00:00:00 ,  	(30-MAY-2025 15:48:50)
2,24,33,8,17/05/2021 00:00:00 ,  	(30-MAY-2025 15:48:50)
2,24,46,8,01/06/2021 00:00:00 ,  	(30-MAY-2025 15:48:50)
2,24,63,8,16/06/2021 00:00:00 ,  	(30-MAY-2025 15:48:50)
2,24,74,8,01/07/2021 00:00:00 ,  	(30-MAY-2025 15:48:50)
2,24,9,8,16/04/2021 00:00:00 ,  	(30-MAY-2025 15:48:50)
2,24,20,8,03/05/2021 00:00:00 ,  	(30-MAY-2025 15:48:50)
2,24,10,8,16/04/2024 00:00:00 ,  	(30-MAY-2025 15:48:50)
2,24,25,8,01/05/2024 00:00:00 ,  	(30-MAY-2025 15:48:50)
2,24,49,8,16/05/2024 00:00:00 ,  	(30-MAY-2025 15:48:50)
2,24,66,8,03/06/2024 00:00:00 ,  	(30-MAY-2025 15:48:50)
2,24,94,8,17/06/2024 00:00:00 ,  	(30-MAY-2025 15:48:50)
2,24,111,8,01/07/2024 00:00:00 ,  	(30-MAY-2025 15:48:50)
2,24,129,8,16/07/2024 00:00:00 ,  	(30-MAY-2025 15:48:50)
2,24,155,8,16/11/2021 00:00:00 ,  	(30-MAY-2025 15:48:50)
2,27,16,23,02/11/2021 00:00:00 ,  	(30-MAY-2025 15:48:50)
2,24,164,8,02/12/2021 00:00:00 ,  	(30-MAY-2025 15:48:50)
2,24,171,8,03/12/2021 00:00:00 ,  	(30-MAY-2025 15:48:50)
2,24,302,8,01/01/2021 00:00:00 ,  	(30-MAY-2025 15:48:50)
2,24,321,8,16/01/2021 00:00:00 ,  	(30-MAY-2025 15:48:50)
2,24,333,8,01/02/2021 00:00:00 ,  	(30-MAY-2025 15:48:50)
2,24,334,8,01/02/2021 00:00:00 ,  	(30-MAY-2025 15:48:50)
2,24,344,8,05/02/2021 00:00:00 ,  	(30-MAY-2025 15:48:50)
2,24,172,8,16/12/2021 00:00:00 ,  	(30-MAY-2025 15:48:50)
2,24,181,8,03/01/2022 00:00:00 ,  	(30-MAY-2025 15:48:50)
2,27,14,23,02/05/2024 00:00:00 ,  	(30-MAY-2025 15:48:50)
2,27,109,23,16/10/2023 00:00:00 ,  	(30-MAY-2025 15:48:50)
2,27,117,23,01/11/2023 00:00:00 ,  	(30-MAY-2025 15:48:50)
2,24,30,18,16/05/2023 00:00:00 ,  	(30-MAY-2025 15:48:50)
2,24,43,18,01/06/2023 00:00:00 ,  	(30-MAY-2025 15:48:50)
2,24,168,19,02/12/2021 00:00:00 ,  	(30-MAY-2025 15:48:50)
2,24,180,19,17/12/2021 00:00:00 ,  	(30-MAY-2025 15:48:50)
2,24,188,19,04/01/2022 00:00:00 ,  	(30-MAY-2025 15:48:50)
2,24,195,19,17/01/2022 00:00:00 ,  	(30-MAY-2025 15:48:50)
2,24,199,19,01/02/2022 00:00:00 ,  	(30-MAY-2025 15:48:50)
2,24,209,19,17/02/2022 00:00:00 ,  	(30-MAY-2025 15:48:50)
2,24,215,19,02/03/2022 00:00:00 ,  	(30-MAY-2025 15:48:50)
2,24,222,19,17/03/2022 00:00:00 ,  	(30-MAY-2025 15:48:50)
2,24,8,19,16/04/2021 00:00:00 ,  	(30-MAY-2025 15:48:50)
2,24,19,19,03/05/2021 00:00:00 ,  	(30-MAY-2025 15:48:50)
2,24,22,19,07/05/2021 00:00:00 ,  	(30-MAY-2025 15:48:50)
2,24,202,8,01/10/2020 00:00:00 ,  	(30-MAY-2025 15:48:50)
2,24,226,8,16/10/2020 00:00:00 ,  	(30-MAY-2025 15:48:50)
2,24,133,8,01/08/2020 00:00:00 ,  	(30-MAY-2025 15:48:50)
2,24,154,8,17/08/2020 00:00:00 ,  	(30-MAY-2025 15:48:50)
2,27,74,26,02/12/2024 00:00:00 ,  	(30-MAY-2025 15:48:50)
2,24,208,18,01/12/2023 00:00:00 ,  	(30-MAY-2025 15:48:50)
2,27,106,23,01/12/2022 00:00:00 ,  	(30-MAY-2025 15:48:50)
2,27,107,23,01/12/2022 00:00:00 ,  	(30-MAY-2025 15:48:50)
2,24,42,18,01/06/2023 00:00:00 ,  	(30-MAY-2025 15:48:50)
2,27,108,23,01/12/2022 00:00:00 ,  	(30-MAY-2025 15:48:50)
2,24,394,18,18/03/2024 00:00:00 ,  	(30-MAY-2025 15:48:50)
2,24,418,18,01/04/2024 00:00:00 ,  	(30-MAY-2025 15:48:50)
2,27,82,23,02/08/2023 00:00:00 ,  	(30-MAY-2025 15:48:50)
2,27,141,23,16/01/2023 00:00:00 ,  	(30-MAY-2025 15:48:50)
2,27,150,23,01/02/2023 00:00:00 ,  	(30-MAY-2025 15:48:50)
2,27,159,23,16/02/2023 00:00:00 ,  	(30-MAY-2025 15:48:50)
2,27,180,23,02/03/2023 00:00:00 ,  	(30-MAY-2025 15:48:50)
2,27,189,23,16/03/2023 00:00:00 ,  	(30-MAY-2025 15:48:50)
2,27,200,23,03/04/2023 00:00:00 ,  	(30-MAY-2025 15:48:50)
2,27,9,23,19/04/2023 00:00:00 ,  	(30-MAY-2025 15:48:50)
2,27,10,23,01/05/2023 00:00:00 ,  	(30-MAY-2025 15:48:50)
2,27,28,26,17/06/2024 00:00:00 ,  	(30-MAY-2025 15:48:50)
2,24,39,8,04/07/2022 00:00:00 ,  	(30-MAY-2025 15:48:50)
2,24,55,8,18/07/2022 00:00:00 ,  	(30-MAY-2025 15:48:50)
2,24,62,8,02/08/2022 00:00:00 ,  	(30-MAY-2025 15:48:50)
2,24,106,8,18/10/2022 00:00:00 ,  	(30-MAY-2025 15:48:50)
2,24,126,8,02/11/2022 00:00:00 ,  	(30-MAY-2025 15:48:50)
2,24,132,8,17/11/2022 00:00:00 ,  	(30-MAY-2025 15:48:50)
2,24,175,8,02/12/2022 00:00:00 ,  	(30-MAY-2025 15:48:50)
2,24,214,8,17/01/2023 00:00:00 ,  	(30-MAY-2025 15:48:50)
2,27,83,23,17/10/2022 00:00:00 ,  	(30-MAY-2025 15:48:50)
2,27,88,23,02/11/2022 00:00:00 ,  	(30-MAY-2025 15:48:50)
2,27,98,23,17/11/2022 00:00:00 ,  	(30-MAY-2025 15:48:50)
2,27,112,23,01/12/2022 00:00:00 ,  	(30-MAY-2025 15:48:50)
2,27,121,23,16/12/2022 00:00:00 ,  	(30-MAY-2025 15:48:50)
2,27,133,23,02/01/2023 00:00:00 ,  	(30-MAY-2025 15:48:50)
2,27,99,23,17/11/2022 00:00:00 ,  	(30-MAY-2025 15:48:50)
2,24,206,18,03/01/2023 00:00:00 ,  	(30-MAY-2025 15:48:50)
2,24,190,20,19/12/2022 00:00:00 ,  	(30-MAY-2025 15:48:50)
2,24,205,20,03/01/2023 00:00:00 ,  	(30-MAY-2025 15:48:50)
2,24,153,18,29/11/2022 00:00:00 ,  	(30-MAY-2025 15:48:50)
2,24,168,18,01/12/2022 00:00:00 ,  	(30-MAY-2025 15:48:50)
2,24,212,18,17/01/2023 00:00:00 ,  	(30-MAY-2025 15:48:50)
2,24,138,18,18/11/2022 00:00:00 ,  	(30-MAY-2025 15:48:50)
2,24,141,18,18/11/2022 00:00:00 ,  	(30-MAY-2025 15:48:50)
2,24,147,18,23/11/2022 00:00:00 ,  	(30-MAY-2025 15:48:50)
2,24,165,18,01/12/2022 00:00:00 ,  	(30-MAY-2025 15:48:50)
2,24,167,18,01/12/2022 00:00:00 ,  	(30-MAY-2025 15:48:50)
2,24,139,18,18/11/2022 00:00:00 ,  	(30-MAY-2025 15:48:50)
2,24,142,18,18/11/2022 00:00:00 ,  	(30-MAY-2025 15:48:50)
2,24,148,18,23/11/2022 00:00:00 ,  	(30-MAY-2025 15:48:50)
2,24,74,18,04/07/2023 00:00:00 ,  	(30-MAY-2025 15:48:50)
2,24,77,18,04/07/2023 00:00:00 ,  	(30-MAY-2025 15:48:50)
2,27,78,8,03/10/2022 00:00:00 ,  	(30-MAY-2025 15:48:50)
2,24,152,8,28/11/2022 00:00:00 ,  	(30-MAY-2025 15:48:50)
2,24,246,8,27/02/2023 00:00:00 ,  	(30-MAY-2025 15:48:50)
2,24,247,8,27/02/2023 00:00:00 ,  	(30-MAY-2025 15:48:50)
2,24,82,8,12/09/2022 00:00:00 ,  	(30-MAY-2025 15:48:50)
2,24,83,8,12/09/2022 00:00:00 ,  	(30-MAY-2025 15:48:50)
2,27,79,8,03/10/2022 00:00:00 ,  	(30-MAY-2025 15:48:50)
2,24,236,8,21/02/2023 00:00:00 ,  	(30-MAY-2025 15:48:50)
2,24,237,8,21/02/2023 00:00:00 ,  	(30-MAY-2025 15:48:50)
2,24,238,8,21/02/2023 00:00:00 ,  	(30-MAY-2025 15:48:50)
2,24,239,8,21/02/2023 00:00:00 ,  	(30-MAY-2025 15:48:50)
2,24,240,8,22/02/2023 00:00:00 ,  	(30-MAY-2025 15:48:50)
2,24,241,8,22/02/2023 00:00:00 ,  	(30-MAY-2025 15:48:50)
2,24,114,8,31/10/2022 00:00:00 ,  	(30-MAY-2025 15:48:50)
2,24,115,8,31/10/2022 00:00:00 ,  	(30-MAY-2025 15:48:50)
2,24,116,8,31/10/2022 00:00:00 ,  	(30-MAY-2025 15:48:50)
2,24,161,8,01/12/2022 00:00:00 ,  	(30-MAY-2025 15:48:50)
2,24,164,8,01/12/2022 00:00:00 ,  	(30-MAY-2025 15:48:50)
2,24,242,8,23/02/2023 00:00:00 ,  	(30-MAY-2025 15:48:50)
2,24,243,8,23/02/2023 00:00:00 ,  	(30-MAY-2025 15:48:50)
2,24,85,8,12/09/2022 00:00:00 ,  	(30-MAY-2025 15:48:50)
2,27,105,8,25/11/2022 00:00:00 ,  	(30-MAY-2025 15:48:50)
2,27,77,8,03/10/2022 00:00:00 ,  	(30-MAY-2025 15:48:50)
2,24,33,8,07/10/2014 00:00:00 ,  	(30-MAY-2025 15:48:50)
2,24,5,8,16/04/2019 00:00:00 ,  	(30-MAY-2025 15:48:50)
2,24,6,8,17/04/2019 00:00:00 ,  	(30-MAY-2025 15:48:50)
2,24,8,8,01/05/2019 00:00:00 ,  	(30-MAY-2025 15:48:50)
2,24,67,7,16/02/2015 00:00:00 ,  	(30-MAY-2025 15:48:50)
2,24,70,7,02/03/2015 00:00:00 ,  	(30-MAY-2025 15:48:50)
2,24,77,7,01/04/2015 00:00:00 ,  	(30-MAY-2025 15:48:50)
2,24,3,7,16/06/2016 00:00:00 ,  	(30-MAY-2025 15:48:50)
2,24,4,7,01/07/2016 00:00:00 ,  	(30-MAY-2025 15:48:50)
2,24,8,7,01/08/2016 00:00:00 ,  	(30-MAY-2025 15:48:50)
2,24,9,7,08/08/2016 00:00:00 ,  	(30-MAY-2025 15:48:50)
2,24,4,7,16/06/2015 00:00:00 ,  	(30-MAY-2025 15:48:50)
2,27,83,23,16/08/2023 00:00:00 ,  	(30-MAY-2025 15:48:50)
2,27,89,23,01/09/2023 00:00:00 ,  	(30-MAY-2025 15:48:50)
2,27,99,23,18/09/2023 00:00:00 ,  	(30-MAY-2025 15:48:50)
2,27,104,23,03/10/2023 00:00:00 ,  	(30-MAY-2025 15:48:50)
2,27,112,23,16/10/2023 00:00:00 ,  	(30-MAY-2025 15:48:50)
2,27,118,23,01/11/2023 00:00:00 ,  	(30-MAY-2025 15:48:50)
2,27,123,23,16/11/2023 00:00:00 ,  	(30-MAY-2025 15:48:50)
2,27,130,23,01/12/2023 00:00:00 ,  	(30-MAY-2025 15:48:50)
2,27,133,23,18/12/2023 00:00:00 ,  	(30-MAY-2025 15:48:50)
2,27,143,23,02/01/2024 00:00:00 ,  	(30-MAY-2025 15:48:50)
2,27,148,23,16/01/2024 00:00:00 ,  	(30-MAY-2025 15:48:50)
2,27,156,23,01/02/2024 00:00:00 ,  	(30-MAY-2025 15:48:50)
2,27,175,23,16/02/2024 00:00:00 ,  	(30-MAY-2025 15:48:50)
2,27,182,23,01/03/2024 00:00:00 ,  	(30-MAY-2025 15:48:50)
2,27,195,23,19/03/2024 00:00:00 ,  	(30-MAY-2025 15:48:50)
2,27,198,23,02/04/2024 00:00:00 ,  	(30-MAY-2025 15:48:50)
2,27,31,23,01/06/2023 00:00:00 ,  	(30-MAY-2025 15:48:50)
2,24,12,8,16/07/2013 00:00:00 ,  	(30-MAY-2025 15:48:50)
2,24,15,8,01/08/2013 00:00:00 ,  	(30-MAY-2025 15:48:50)
2,24,28,8,01/11/2013 00:00:00 ,  	(30-MAY-2025 15:48:50)
2,24,48,8,16/01/2014 00:00:00 ,  	(30-MAY-2025 15:48:50)
2,24,30,8,16/11/2013 00:00:00 ,  	(30-MAY-2025 15:48:50)
2,24,35,8,02/12/2013 00:00:00 ,  	(30-MAY-2025 15:48:50)
2,24,45,8,02/01/2014 00:00:00 ,  	(30-MAY-2025 15:48:50)
2,24,52,8,01/02/2014 00:00:00 ,  	(30-MAY-2025 15:48:50)
2,24,55,8,17/02/2014 00:00:00 ,  	(30-MAY-2025 15:48:50)
2,24,59,8,01/03/2014 00:00:00 ,  	(30-MAY-2025 15:48:50)
2,24,60,8,05/03/2014 00:00:00 ,  	(30-MAY-2025 15:48:50)
2,24,32,8,06/05/2024 00:00:00 ,  	(30-MAY-2025 15:48:50)
2,24,33,8,06/05/2024 00:00:00 ,  	(30-MAY-2025 15:48:50)
2,24,34,8,08/05/2024 00:00:00 ,  	(30-MAY-2025 15:48:50)
2,24,35,8,08/05/2024 00:00:00 ,  	(30-MAY-2025 15:48:50)
2,24,78,8,01/04/2015 00:00:00 ,  	(30-MAY-2025 15:48:50)
2,24,14,8,16/08/2016 00:00:00 ,  	(30-MAY-2025 15:48:50)
2,24,15,8,01/09/2016 00:00:00 ,  	(30-MAY-2025 15:48:50)
2,24,17,7,16/09/2016 00:00:00 ,  	(30-MAY-2025 15:48:50)
2,24,19,7,01/10/2016 00:00:00 ,  	(30-MAY-2025 15:48:50)
2,24,126,19,16/09/2021 00:00:00 ,  	(30-MAY-2025 15:48:50)
2,24,127,19,16/09/2021 00:00:00 ,  	(30-MAY-2025 15:48:50)
2,24,133,19,01/10/2021 00:00:00 ,  	(30-MAY-2025 15:48:50)
2,24,86,19,16/01/2020 00:00:00 ,  	(30-MAY-2025 15:48:50)
2,24,97,19,01/02/2020 00:00:00 ,  	(30-MAY-2025 15:48:50)
2,24,86,19,16/07/2021 00:00:00 ,  	(30-MAY-2025 15:48:50)
2,24,332,18,01/02/2024 00:00:00 ,  	(30-MAY-2025 15:48:50)
2,24,334,20,01/02/2024 00:00:00 ,  	(30-MAY-2025 15:48:50)
2,24,331,20,29/01/2024 00:00:00 ,  	(30-MAY-2025 15:48:50)
2,24,329,20,29/01/2024 00:00:00 ,  	(30-MAY-2025 15:48:50)
2,24,330,20,29/01/2024 00:00:00 ,  	(30-MAY-2025 15:48:50)
2,24,31,7,01/10/2014 00:00:00 ,  	(30-MAY-2025 15:48:50)
2,24,122,18,18/02/2020 00:00:00 ,  	(30-MAY-2025 15:48:50)
2,24,142,18,02/03/2020 00:00:00 ,  	(30-MAY-2025 15:48:50)
2,24,123,18,18/02/2020 00:00:00 ,  	(30-MAY-2025 15:48:50)
2,24,143,18,02/03/2020 00:00:00 ,  	(30-MAY-2025 15:48:50)
2,24,166,18,17/03/2020 00:00:00 ,  	(30-MAY-2025 15:48:50)
2,24,194,18,01/04/2020 00:00:00 ,  	(30-MAY-2025 15:48:50)
2,24,333,18,01/02/2024 00:00:00 ,  	(30-MAY-2025 15:48:50)
2,24,165,18,17/03/2020 00:00:00 ,  	(30-MAY-2025 15:48:50)
2,24,193,18,01/04/2020 00:00:00 ,  	(30-MAY-2025 15:48:50)
2,24,78,18,16/06/2020 00:00:00 ,  	(30-MAY-2025 15:48:50)
2,24,66,18,16/06/2021 00:00:00 ,  	(30-MAY-2025 15:48:50)
2,24,45,18,11/07/2022 00:00:00 ,  	(30-MAY-2025 15:48:50)
2,24,46,18,11/07/2022 00:00:00 ,  	(30-MAY-2025 15:48:50)
2,24,47,18,11/07/2022 00:00:00 ,  	(30-MAY-2025 15:48:50)
2,24,65,18,16/08/2022 00:00:00 ,  	(30-MAY-2025 15:48:50)
2,24,64,18,08/08/2022 00:00:00 ,  	(30-MAY-2025 15:48:50)
2,24,29,18,22/06/2022 00:00:00 ,  	(30-MAY-2025 15:48:50)
2,24,43,18,05/07/2022 00:00:00 ,  	(30-MAY-2025 15:48:50)
2,24,44,18,05/07/2022 00:00:00 ,  	(30-MAY-2025 15:48:50)
2,27,26,23,17/06/2024 00:00:00 ,  	(30-MAY-2025 15:48:50)
2,27,30,23,01/07/2024 00:00:00 ,  	(30-MAY-2025 15:48:50)
2,24,32,18,29/07/2019 00:00:00 ,  	(30-MAY-2025 15:48:50)
2,24,24,18,24/06/2019 00:00:00 ,  	(30-MAY-2025 15:48:50)
2,24,29,18,01/07/2019 00:00:00 ,  	(30-MAY-2025 15:48:50)
2,24,37,7,16/12/2013 00:00:00 ,  	(30-MAY-2025 15:48:50)
2,24,1,7,21/04/2014 00:00:00 ,  	(30-MAY-2025 15:48:50)
2,24,21,7,28/03/2013 00:00:00 ,  	(30-MAY-2025 15:48:50)
2,24,96,18,01/02/2020 00:00:00 ,  	(30-MAY-2025 15:48:50)
2,24,11,18,16/04/2021 00:00:00 ,  	(30-MAY-2025 15:48:50)
2,24,162,19,16/10/2023 00:00:00 ,  	(30-MAY-2025 15:48:50)
2,24,172,19,01/11/2023 00:00:00 ,  	(30-MAY-2025 15:48:50)
2,24,193,19,17/11/2023 00:00:00 ,  	(30-MAY-2025 15:48:50)
2,24,217,19,01/12/2023 00:00:00 ,  	(30-MAY-2025 15:48:50)
2,24,232,19,18/12/2023 00:00:00 ,  	(30-MAY-2025 15:48:50)
2,24,257,19,02/01/2024 00:00:00 ,  	(30-MAY-2025 15:48:50)
2,24,325,19,17/01/2024 00:00:00 ,  	(30-MAY-2025 15:48:50)
2,24,355,19,01/02/2024 00:00:00 ,  	(30-MAY-2025 15:48:50)
2,24,366,19,16/02/2024 00:00:00 ,  	(30-MAY-2025 15:48:50)
2,24,392,19,01/03/2024 00:00:00 ,  	(30-MAY-2025 15:48:50)
2,24,409,19,18/03/2024 00:00:00 ,  	(30-MAY-2025 15:48:50)
2,24,434,19,01/04/2024 00:00:00 ,  	(30-MAY-2025 15:48:50)
2,27,85,26,18/01/2025 00:00:00 ,  	(30-MAY-2025 15:48:50)
2,27,90,26,03/02/2025 00:00:00 ,  	(30-MAY-2025 15:48:50)
2,24,230,18,18/12/2023 00:00:00 ,  	(30-MAY-2025 15:48:50)
2,24,250,18,02/01/2024 00:00:00 ,  	(30-MAY-2025 15:48:50)
2,27,12,23,04/10/2021 00:00:00 ,  	(30-MAY-2025 15:48:50)
2,27,10,23,17/09/2021 00:00:00 ,  	(30-MAY-2025 15:48:50)
2,27,13,23,04/10/2021 00:00:00 ,  	(30-MAY-2025 15:48:50)
2,27,8,23,17/05/2022 00:00:00 ,  	(30-MAY-2025 15:48:50)
2,27,13,23,02/06/2022 00:00:00 ,  	(30-MAY-2025 15:48:50)
2,27,3,23,19/04/2022 00:00:00 ,  	(30-MAY-2025 15:48:50)
2,27,6,23,02/05/2022 00:00:00 ,  	(30-MAY-2025 15:48:50)
2,27,143,23,17/01/2023 00:00:00 ,  	(30-MAY-2025 15:48:50)
2,27,152,23,01/02/2023 00:00:00 ,  	(30-MAY-2025 15:48:50)
2,27,162,23,16/02/2023 00:00:00 ,  	(30-MAY-2025 15:48:50)
2,27,179,23,02/03/2023 00:00:00 ,  	(30-MAY-2025 15:48:50)
2,27,184,23,16/03/2023 00:00:00 ,  	(30-MAY-2025 15:48:50)
2,27,193,23,03/04/2023 00:00:00 ,  	(30-MAY-2025 15:48:50)
2,27,3,23,18/04/2023 00:00:00 ,  	(30-MAY-2025 15:48:50)
2,27,12,23,02/05/2023 00:00:00 ,  	(30-MAY-2025 15:48:50)
2,27,21,23,16/05/2023 00:00:00 ,  	(30-MAY-2025 15:48:50)
2,24,324,8,17/03/2025 00:00:00 ,  	(30-MAY-2025 15:48:50)
2,24,315,8,03/03/2025 00:00:00 ,  	(30-MAY-2025 15:48:50)
2,24,324,8,16/01/2024 00:00:00 ,  	(30-MAY-2025 15:48:50)
2,24,349,8,01/02/2024 00:00:00 ,  	(30-MAY-2025 15:48:50)
2,24,27,8,17/06/2022 00:00:00 ,  	(30-MAY-2025 15:48:50)
2,24,38,8,04/07/2022 00:00:00 ,  	(30-MAY-2025 15:48:50)
2,24,54,8,18/07/2022 00:00:00 ,  	(30-MAY-2025 15:48:50)
2,24,61,8,02/08/2022 00:00:00 ,  	(30-MAY-2025 15:48:50)
2,24,71,8,18/08/2022 00:00:00 ,  	(30-MAY-2025 15:48:50)
2,24,80,8,02/09/2022 00:00:00 ,  	(30-MAY-2025 15:48:50)
2,24,105,8,18/10/2022 00:00:00 ,  	(30-MAY-2025 15:48:50)
2,24,195,8,19/12/2022 00:00:00 ,  	(30-MAY-2025 15:48:50)
2,24,197,8,02/01/2023 00:00:00 ,  	(30-MAY-2025 15:48:50)
2,24,260,8,02/03/2023 00:00:00 ,  	(30-MAY-2025 15:48:50)
2,24,193,8,19/12/2022 00:00:00 ,  	(30-MAY-2025 15:48:50)
2,24,202,8,03/01/2023 00:00:00 ,  	(30-MAY-2025 15:48:50)
2,24,359,18,17/03/2021 00:00:00 ,  	(30-MAY-2025 15:48:50)
2,24,368,18,01/04/2021 00:00:00 ,  	(30-MAY-2025 15:48:50)
2,24,7,18,16/04/2021 00:00:00 ,  	(30-MAY-2025 15:48:50)
2,24,21,18,03/05/2021 00:00:00 ,  	(30-MAY-2025 15:48:50)
2,24,34,18,17/05/2021 00:00:00 ,  	(30-MAY-2025 15:48:50)
2,24,51,18,01/06/2021 00:00:00 ,  	(30-MAY-2025 15:48:50)
2,24,310,18,01/01/2021 00:00:00 ,  	(30-MAY-2025 15:48:50)
2,24,327,18,16/01/2021 00:00:00 ,  	(30-MAY-2025 15:48:50)
2,24,339,18,01/02/2021 00:00:00 ,  	(30-MAY-2025 15:48:50)
2,24,133,18,17/11/2022 00:00:00 ,  	(30-MAY-2025 15:48:50)
2,24,179,18,02/12/2022 00:00:00 ,  	(30-MAY-2025 15:48:50)
2,24,89,18,16/01/2020 00:00:00 ,  	(30-MAY-2025 15:48:50)
2,24,121,18,18/02/2020 00:00:00 ,  	(30-MAY-2025 15:48:50)
2,24,141,18,02/03/2020 00:00:00 ,  	(30-MAY-2025 15:48:50)
2,24,229,18,18/12/2023 00:00:00 ,  	(30-MAY-2025 15:48:50)
2,24,261,18,02/01/2024 00:00:00 ,  	(30-MAY-2025 15:48:50)
2,24,5,8,01/06/2017 00:00:00 ,  	(30-MAY-2025 15:48:50)
2,24,6,8,16/06/2017 00:00:00 ,  	(30-MAY-2025 15:48:50)
2,24,49,8,16/01/2014 00:00:00 ,  	(30-MAY-2025 15:48:50)
2,24,62,8,01/04/2014 00:00:00 ,  	(30-MAY-2025 15:48:50)
2,24,30,8,27/12/2016 00:00:00 ,  	(30-MAY-2025 15:48:50)
2,24,54,8,17/02/2014 00:00:00 ,  	(30-MAY-2025 15:48:50)
2,24,58,8,01/03/2014 00:00:00 ,  	(30-MAY-2025 15:48:50)
2,24,51,8,01/02/2014 00:00:00 ,  	(30-MAY-2025 15:48:50)
2,24,146,8,16/03/2020 00:00:00 ,  	(30-MAY-2025 15:48:50)
2,24,174,8,01/04/2020 00:00:00 ,  	(30-MAY-2025 15:48:50)
2,24,147,8,16/03/2020 00:00:00 ,  	(30-MAY-2025 15:48:50)
2,24,175,8,01/04/2020 00:00:00 ,  	(30-MAY-2025 15:48:50)
2,24,4,8,16/04/2020 00:00:00 ,  	(30-MAY-2025 15:48:50)
2,24,156,18,17/11/2021 00:00:00 ,  	(30-MAY-2025 15:48:50)
2,24,163,18,02/12/2021 00:00:00 ,  	(30-MAY-2025 15:48:50)
2,24,211,18,02/03/2022 00:00:00 ,  	(30-MAY-2025 15:48:50)
2,24,219,18,17/03/2022 00:00:00 ,  	(30-MAY-2025 15:48:50)
2,24,229,18,04/04/2022 00:00:00 ,  	(30-MAY-2025 15:48:50)
2,24,82,18,03/06/2024 00:00:00 ,  	(30-MAY-2025 15:48:50)
2,24,83,18,14/06/2024 00:00:00 ,  	(30-MAY-2025 15:48:50)
2,24,1,18,18/04/2022 00:00:00 ,  	(30-MAY-2025 15:48:50)
2,24,2,18,18/04/2022 00:00:00 ,  	(30-MAY-2025 15:48:50)
2,24,267,18,16/01/2025 00:00:00 ,  	(30-MAY-2025 15:48:50)
2,24,283,18,03/02/2025 00:00:00 ,  	(30-MAY-2025 15:48:50)
2,24,271,18,16/01/2025 00:00:00 ,  	(30-MAY-2025 15:48:50)
2,24,284,18,03/02/2025 00:00:00 ,  	(30-MAY-2025 15:48:50)
2,24,52,18,18/07/2022 00:00:00 ,  	(30-MAY-2025 15:48:50)
2,24,30,18,22/06/2022 00:00:00 ,  	(30-MAY-2025 15:48:50)
2,24,31,18,01/07/2022 00:00:00 ,  	(30-MAY-2025 15:48:50)
2,24,53,18,18/07/2022 00:00:00 ,  	(30-MAY-2025 15:48:50)
2,27,10,23,17/05/2022 00:00:00 ,  	(30-MAY-2025 15:48:50)
2,27,12,23,02/06/2022 00:00:00 ,  	(30-MAY-2025 15:48:50)
2,27,57,23,17/07/2023 00:00:00 ,  	(30-MAY-2025 15:48:50)
2,27,70,23,01/08/2023 00:00:00 ,  	(30-MAY-2025 15:48:50)
2,27,51,23,03/07/2023 00:00:00 ,  	(30-MAY-2025 15:48:50)
2,27,39,23,16/07/2024 00:00:00 ,  	(30-MAY-2025 15:48:50)
2,27,43,23,01/08/2024 00:00:00 ,  	(30-MAY-2025 15:48:50)
2,24,122,8,16/07/2024 00:00:00 ,  	(30-MAY-2025 15:48:50)
2,24,133,8,01/08/2024 00:00:00 ,  	(30-MAY-2025 15:48:50)
2,27,37,23,16/08/2022 00:00:00 ,  	(30-MAY-2025 15:48:50)
2,27,35,23,16/08/2022 00:00:00 ,  	(30-MAY-2025 15:48:50)
2,27,36,23,16/08/2022 00:00:00 ,  	(30-MAY-2025 15:48:50)
2,27,38,23,16/08/2022 00:00:00 ,  	(30-MAY-2025 15:48:50)
2,24,376,8,22/02/2024 00:00:00 ,  	(30-MAY-2025 15:48:50)
2,24,373,8,21/02/2024 00:00:00 ,  	(30-MAY-2025 15:48:50)
2,24,374,8,21/02/2024 00:00:00 ,  	(30-MAY-2025 15:48:50)
2,24,375,8,21/02/2024 00:00:00 ,  	(30-MAY-2025 15:48:50)
2,24,379,8,01/03/2024 00:00:00 ,  	(30-MAY-2025 15:48:50)
2,24,339,8,01/02/2024 00:00:00 ,  	(30-MAY-2025 15:48:50)
2,24,7,7,01/08/2012 00:00:00 ,  	(30-MAY-2025 15:48:50)
2,24,59,7,16/01/2015 00:00:00 ,  	(30-MAY-2025 15:48:50)
2,24,61,7,02/02/2015 00:00:00 ,  	(30-MAY-2025 15:48:50)
2,24,66,7,16/02/2015 00:00:00 ,  	(30-MAY-2025 15:48:50)
2,24,68,7,17/02/2015 00:00:00 ,  	(30-MAY-2025 15:48:50)
2,24,9,7,16/08/2012 00:00:00 ,  	(30-MAY-2025 15:48:50)
2,24,11,7,01/09/2012 00:00:00 ,  	(30-MAY-2025 15:48:50)
2,24,14,7,17/09/2012 00:00:00 ,  	(30-MAY-2025 15:48:50)
2,24,16,7,01/10/2012 00:00:00 ,  	(30-MAY-2025 15:48:50)
2,24,17,7,16/10/2012 00:00:00 ,  	(30-MAY-2025 15:48:50)
2,24,18,7,01/11/2012 00:00:00 ,  	(30-MAY-2025 15:48:50)
2,24,120,18,07/09/2023 00:00:00 ,  	(30-MAY-2025 15:48:50)
2,24,45,8,02/06/2021 00:00:00 ,  	(30-MAY-2025 15:48:50)
2,24,57,8,16/06/2021 00:00:00 ,  	(30-MAY-2025 15:48:50)
2,24,58,18,16/06/2021 00:00:00 ,  	(30-MAY-2025 15:48:50)
2,24,70,18,01/07/2021 00:00:00 ,  	(30-MAY-2025 15:48:50)
2,24,82,18,14/07/2021 00:00:00 ,  	(30-MAY-2025 15:48:50)
2,24,59,8,16/06/2021 00:00:00 ,  	(30-MAY-2025 15:48:50)
2,24,71,8,01/07/2021 00:00:00 ,  	(30-MAY-2025 15:48:50)
2,24,84,18,16/07/2021 00:00:00 ,  	(30-MAY-2025 15:48:50)
2,24,174,18,16/12/2021 00:00:00 ,  	(30-MAY-2025 15:48:50)
2,24,183,18,04/01/2022 00:00:00 ,  	(30-MAY-2025 15:48:50)
2,24,192,18,17/01/2022 00:00:00 ,  	(30-MAY-2025 15:48:50)
2,24,200,18,01/02/2022 00:00:00 ,  	(30-MAY-2025 15:48:50)
2,24,218,18,17/03/2022 00:00:00 ,  	(30-MAY-2025 15:48:50)
2,24,228,18,04/04/2022 00:00:00 ,  	(30-MAY-2025 15:48:50)
2,24,219,18,01/10/2020 00:00:00 ,  	(30-MAY-2025 15:48:50)
2,24,224,18,16/10/2020 00:00:00 ,  	(30-MAY-2025 15:48:50)
2,24,19,19,17/06/2022 00:00:00 ,  	(30-MAY-2025 15:48:50)
2,24,33,19,04/07/2022 00:00:00 ,  	(30-MAY-2025 15:48:50)
2,24,20,19,17/06/2022 00:00:00 ,  	(30-MAY-2025 15:48:50)
2,24,34,19,04/07/2022 00:00:00 ,  	(30-MAY-2025 15:48:50)
2,24,303,19,17/02/2025 00:00:00 ,  	(30-MAY-2025 15:48:50)
2,24,312,19,03/03/2025 00:00:00 ,  	(30-MAY-2025 15:48:50)
2,24,304,19,17/02/2025 00:00:00 ,  	(30-MAY-2025 15:48:50)
2,24,313,19,03/03/2025 00:00:00 ,  	(30-MAY-2025 15:48:50)
2,27,97,26,17/02/2025 00:00:00 ,  	(30-MAY-2025 15:48:50)
2,27,104,26,03/03/2025 00:00:00 ,  	(30-MAY-2025 15:48:50)
2,24,315,19,16/01/2024 00:00:00 ,  	(30-MAY-2025 15:48:50)
2,24,340,19,01/02/2024 00:00:00 ,  	(30-MAY-2025 15:48:50)
2,24,314,19,16/01/2024 00:00:00 ,  	(30-MAY-2025 15:48:50)
2,24,336,19,01/02/2024 00:00:00 ,  	(30-MAY-2025 15:48:50)
2,27,92,26,17/02/2025 00:00:00 ,  	(30-MAY-2025 15:48:50)
2,27,102,26,03/03/2025 00:00:00 ,  	(30-MAY-2025 15:48:50)
2,24,343,8,01/02/2021 00:00:00 ,  	(30-MAY-2025 15:48:50)
2,24,59,19,02/08/2022 00:00:00 ,  	(30-MAY-2025 15:48:50)
2,24,69,19,18/08/2022 00:00:00 ,  	(30-MAY-2025 15:48:50)
2,24,79,19,02/09/2022 00:00:00 ,  	(30-MAY-2025 15:48:50)
2,24,89,19,19/09/2022 00:00:00 ,  	(30-MAY-2025 15:48:50)
2,24,33,19,16/05/2023 00:00:00 ,  	(30-MAY-2025 15:48:50)
2,24,50,19,01/06/2023 00:00:00 ,  	(30-MAY-2025 15:48:50)
2,24,58,19,16/06/2023 00:00:00 ,  	(30-MAY-2025 15:48:50)
2,24,67,19,03/07/2023 00:00:00 ,  	(30-MAY-2025 15:48:50)
2,24,86,19,17/07/2023 00:00:00 ,  	(30-MAY-2025 15:48:50)
2,24,97,19,01/08/2023 00:00:00 ,  	(30-MAY-2025 15:48:50)
2,24,111,19,16/08/2023 00:00:00 ,  	(30-MAY-2025 15:48:50)
2,24,116,19,01/09/2023 00:00:00 ,  	(30-MAY-2025 15:48:50)
2,24,128,19,18/09/2023 00:00:00 ,  	(30-MAY-2025 15:48:50)
2,24,144,19,03/10/2023 00:00:00 ,  	(30-MAY-2025 15:48:50)
2,24,317,19,03/03/2025 00:00:00 ,  	(30-MAY-2025 15:48:50)
2,24,316,19,03/03/2025 00:00:00 ,  	(30-MAY-2025 15:48:50)
2,24,163,20,17/03/2020 00:00:00 ,  	(30-MAY-2025 15:48:50)
2,28,8,30,01/10/2024 00:00:00 ,  	(30-MAY-2025 15:48:50)
2,28,9,29,01/10/2024 00:00:00 ,  	(30-MAY-2025 15:48:50)
2,24,178,8,02/09/2024 00:00:00 ,  	(30-MAY-2025 15:48:50)
2,24,187,8,16/09/2024 00:00:00 ,  	(30-MAY-2025 15:48:50)
2,28,6,30,17/09/2024 00:00:00 ,  	(30-MAY-2025 15:48:50)
2,28,4,29,02/09/2024 00:00:00 ,  	(30-MAY-2025 15:48:50)
2,28,5,29,17/09/2024 00:00:00 ,  	(30-MAY-2025 15:48:50)
2,27,60,26,17/09/2024 00:00:00 ,  	(30-MAY-2025 15:48:50)
2,27,63,26,01/10/2024 00:00:00 ,  	(30-MAY-2025 15:48:50)
2,24,323,19,17/01/2024 00:00:00 ,  	(30-MAY-2025 15:48:50)
2,24,354,19,01/02/2024 00:00:00 ,  	(30-MAY-2025 15:48:50)
2,24,96,19,17/06/2024 00:00:00 ,  	(30-MAY-2025 15:48:50)
2,24,116,19,01/07/2024 00:00:00 ,  	(30-MAY-2025 15:48:50)
2,24,131,19,16/07/2024 00:00:00 ,  	(30-MAY-2025 15:48:50)
2,24,148,19,01/08/2024 00:00:00 ,  	(30-MAY-2025 15:48:50)
2,24,41,8,16/05/2024 00:00:00 ,  	(30-MAY-2025 15:48:50)
2,24,76,8,03/06/2024 00:00:00 ,  	(30-MAY-2025 15:48:50)
2,24,84,18,17/06/2024 00:00:00 ,  	(30-MAY-2025 15:48:50)
2,24,105,18,01/07/2024 00:00:00 ,  	(30-MAY-2025 15:48:50)
2,24,393,8,15/03/2024 00:00:00 ,  	(30-MAY-2025 15:48:50)
2,24,416,8,26/03/2024 00:00:00 ,  	(30-MAY-2025 15:48:50)
2,24,417,8,01/04/2024 00:00:00 ,  	(30-MAY-2025 15:48:50)
2,24,56,19,19/07/2022 00:00:00 ,  	(30-MAY-2025 15:48:50)
2,24,60,19,02/08/2022 00:00:00 ,  	(30-MAY-2025 15:48:50)
2,24,70,19,18/08/2022 00:00:00 ,  	(30-MAY-2025 15:48:50)
2,24,81,19,02/09/2022 00:00:00 ,  	(30-MAY-2025 15:48:50)
2,24,248,19,01/03/2023 00:00:00 ,  	(30-MAY-2025 15:48:50)
2,24,274,19,16/03/2023 00:00:00 ,  	(30-MAY-2025 15:48:50)
2,24,291,19,03/04/2023 00:00:00 ,  	(30-MAY-2025 15:48:50)
2,24,7,19,18/04/2023 00:00:00 ,  	(30-MAY-2025 15:48:50)
2,24,26,19,02/05/2023 00:00:00 ,  	(30-MAY-2025 15:48:50)
2,24,35,19,16/05/2023 00:00:00 ,  	(30-MAY-2025 15:48:50)
2,24,47,19,01/06/2023 00:00:00 ,  	(30-MAY-2025 15:48:50)
2,24,194,19,17/11/2023 00:00:00 ,  	(30-MAY-2025 15:48:50)
2,24,218,19,01/12/2023 00:00:00 ,  	(30-MAY-2025 15:48:50)
2,24,221,19,18/12/2023 00:00:00 ,  	(30-MAY-2025 15:48:50)
2,24,256,19,02/01/2024 00:00:00 ,  	(30-MAY-2025 15:48:50)
2,24,268,19,04/01/2024 00:00:00 ,  	(30-MAY-2025 15:48:50)
2,24,322,19,16/01/2024 00:00:00 ,  	(30-MAY-2025 15:48:50)
2,24,353,19,01/02/2024 00:00:00 ,  	(30-MAY-2025 15:48:50)
2,24,414,19,18/03/2024 00:00:00 ,  	(30-MAY-2025 15:48:50)
2,24,436,19,01/04/2024 00:00:00 ,  	(30-MAY-2025 15:48:50)
2,24,16,19,17/04/2024 00:00:00 ,  	(30-MAY-2025 15:48:50)
2,24,28,19,01/05/2024 00:00:00 ,  	(30-MAY-2025 15:48:50)
2,24,51,19,16/05/2024 00:00:00 ,  	(30-MAY-2025 15:48:50)
2,24,67,19,03/06/2024 00:00:00 ,  	(30-MAY-2025 15:48:50)
2,24,95,19,17/06/2024 00:00:00 ,  	(30-MAY-2025 15:48:50)
2,24,112,19,01/07/2024 00:00:00 ,  	(30-MAY-2025 15:48:50)
2,24,252,18,02/01/2024 00:00:00 ,  	(30-MAY-2025 15:48:50)
2,24,253,18,02/01/2024 00:00:00 ,  	(30-MAY-2025 15:48:50)
2,24,187,18,19/12/2022 00:00:00 ,  	(30-MAY-2025 15:48:50)
2,24,203,18,03/01/2023 00:00:00 ,  	(30-MAY-2025 15:48:50)
2,24,189,20,19/12/2022 00:00:00 ,  	(30-MAY-2025 15:48:50)
2,24,204,20,03/01/2023 00:00:00 ,  	(30-MAY-2025 15:48:50)
2,24,36,18,13/05/2024 00:00:00 ,  	(30-MAY-2025 15:48:50)
2,24,38,18,15/05/2024 00:00:00 ,  	(30-MAY-2025 15:48:50)
2,24,37,18,13/05/2024 00:00:00 ,  	(30-MAY-2025 15:48:50)
2,24,39,18,15/05/2024 00:00:00 ,  	(30-MAY-2025 15:48:50)
2,27,15,26,13/05/2024 00:00:00 ,  	(30-MAY-2025 15:48:50)
2,27,16,26,15/05/2024 00:00:00 ,  	(30-MAY-2025 15:48:50)
2,24,225,18,18/12/2023 00:00:00 ,  	(30-MAY-2025 15:48:50)
2,24,227,18,18/12/2023 00:00:00 ,  	(30-MAY-2025 15:48:50)
2,24,226,20,18/12/2023 00:00:00 ,  	(30-MAY-2025 15:48:50)
2,24,234,20,28/12/2023 00:00:00 ,  	(30-MAY-2025 15:48:50)
2,24,235,20,28/12/2023 00:00:00 ,  	(30-MAY-2025 15:48:50)
2,24,236,20,28/12/2023 00:00:00 ,  	(30-MAY-2025 15:48:50)
2,24,176,20,02/12/2022 00:00:00 ,  	(30-MAY-2025 15:48:50)
2,27,65,26,19/09/2022 00:00:00 ,  	(30-MAY-2025 15:48:50)
2,27,75,26,03/10/2022 00:00:00 ,  	(30-MAY-2025 15:48:50)
2,24,293,20,03/02/2025 00:00:00 ,  	(30-MAY-2025 15:48:50)
2,24,275,20,16/01/2025 00:00:00 ,  	(30-MAY-2025 15:48:50)
2,27,64,26,19/09/2022 00:00:00 ,  	(30-MAY-2025 15:48:50)
2,27,76,26,03/10/2022 00:00:00 ,  	(30-MAY-2025 15:48:50)
2,27,85,26,17/10/2022 00:00:00 ,  	(30-MAY-2025 15:48:50)
2,24,102,20,17/10/2022 00:00:00 ,  	(30-MAY-2025 15:48:50)
2,24,120,20,02/11/2022 00:00:00 ,  	(30-MAY-2025 15:48:50)
2,24,92,19,03/10/2022 00:00:00 ,  	(30-MAY-2025 15:48:50)
2,24,100,19,17/10/2022 00:00:00 ,  	(30-MAY-2025 15:48:50)
2,24,123,19,02/11/2022 00:00:00 ,  	(30-MAY-2025 15:48:50)
2,24,140,19,18/09/2023 00:00:00 ,  	(30-MAY-2025 15:48:50)
2,24,152,19,03/10/2023 00:00:00 ,  	(30-MAY-2025 15:48:50)
2,27,23,26,17/06/2024 00:00:00 ,  	(30-MAY-2025 15:48:50)
2,27,35,26,01/07/2024 00:00:00 ,  	(30-MAY-2025 15:48:50)
2,27,38,26,16/07/2024 00:00:00 ,  	(30-MAY-2025 15:48:50)
2,27,46,26,01/08/2024 00:00:00 ,  	(30-MAY-2025 15:48:50)
2,27,51,26,16/08/2024 00:00:00 ,  	(30-MAY-2025 15:48:50)
2,27,56,26,02/09/2024 00:00:00 ,  	(30-MAY-2025 15:48:50)
2,27,59,26,16/09/2024 00:00:00 ,  	(30-MAY-2025 15:48:50)
2,27,62,26,01/10/2024 00:00:00 ,  	(30-MAY-2025 15:48:50)
2,27,66,26,16/10/2024 00:00:00 ,  	(30-MAY-2025 15:48:50)
2,27,69,26,04/11/2024 00:00:00 ,  	(30-MAY-2025 15:48:50)
2,27,72,26,18/11/2024 00:00:00 ,  	(30-MAY-2025 15:48:50)
2,27,75,26,02/12/2024 00:00:00 ,  	(30-MAY-2025 15:48:50)
2,27,76,26,16/12/2024 00:00:00 ,  	(30-MAY-2025 15:48:50)
2,27,80,26,02/01/2025 00:00:00 ,  	(30-MAY-2025 15:48:50)
2,27,83,26,16/01/2025 00:00:00 ,  	(30-MAY-2025 15:48:50)
2,24,10,7,01/06/2011 00:00:00 ,  	(30-MAY-2025 15:48:50)
2,24,12,7,16/06/2011 00:00:00 ,  	(30-MAY-2025 15:48:50)
2,24,14,7,29/06/2011 00:00:00 ,  	(30-MAY-2025 15:48:50)
2,24,11,7,01/06/2011 00:00:00 ,  	(30-MAY-2025 15:48:50)
2,24,13,7,16/06/2011 00:00:00 ,  	(30-MAY-2025 15:48:50)
2,24,15,7,29/06/2011 00:00:00 ,  	(30-MAY-2025 15:48:50)
2,24,16,7,16/07/2011 00:00:00 ,  	(30-MAY-2025 15:48:50)
2,24,19,7,01/08/2011 00:00:00 ,  	(30-MAY-2025 15:48:50)
2,24,17,7,16/07/2011 00:00:00 ,  	(30-MAY-2025 15:48:50)
2,24,20,7,01/08/2011 00:00:00 ,  	(30-MAY-2025 15:48:50)
2,24,19,10,06/11/2012 00:00:00 ,  	(30-MAY-2025 15:48:50)
2,24,20,10,06/11/2012 00:00:00 ,  	(30-MAY-2025 15:48:50)
2,24,296,18,03/04/2023 00:00:00 ,  	(30-MAY-2025 15:48:50)
2,24,185,20,19/12/2022 00:00:00 ,  	(30-MAY-2025 15:48:50)
2,24,200,20,02/01/2023 00:00:00 ,  	(30-MAY-2025 15:48:50)
2,24,277,20,16/03/2023 00:00:00 ,  	(30-MAY-2025 15:48:50)
2,24,136,20,18/09/2023 00:00:00 ,  	(30-MAY-2025 15:48:50)
2,24,150,20,03/10/2023 00:00:00 ,  	(30-MAY-2025 15:48:50)
2,24,91,19,16/07/2021 00:00:00 ,  	(30-MAY-2025 15:48:50)
2,24,102,19,02/08/2021 00:00:00 ,  	(30-MAY-2025 15:48:50)
2,24,115,19,17/08/2021 00:00:00 ,  	(30-MAY-2025 15:48:50)
2,24,124,19,02/09/2021 00:00:00 ,  	(30-MAY-2025 15:48:50)
2,24,131,19,20/09/2021 00:00:00 ,  	(30-MAY-2025 15:48:50)
2,24,137,19,05/10/2021 00:00:00 ,  	(30-MAY-2025 15:48:50)
2,24,143,19,18/10/2021 00:00:00 ,  	(30-MAY-2025 15:48:50)
2,24,151,19,02/11/2021 00:00:00 ,  	(30-MAY-2025 15:48:50)
2,24,159,19,17/11/2021 00:00:00 ,  	(30-MAY-2025 15:48:50)
2,24,148,8,16/03/2020 00:00:00 ,  	(30-MAY-2025 15:48:50)
2,24,176,8,01/04/2020 00:00:00 ,  	(30-MAY-2025 15:48:50)
2,24,65,8,16/06/2020 00:00:00 ,  	(30-MAY-2025 15:48:50)
2,24,85,8,01/07/2020 00:00:00 ,  	(30-MAY-2025 15:48:50)
2,24,66,8,16/06/2020 00:00:00 ,  	(30-MAY-2025 15:48:50)
2,24,86,8,01/07/2020 00:00:00 ,  	(30-MAY-2025 15:48:50)
2,24,330,8,01/02/2021 00:00:00 ,  	(30-MAY-2025 15:48:50)
2,24,331,8,01/02/2021 00:00:00 ,  	(30-MAY-2025 15:48:50)
2,24,332,8,01/02/2021 00:00:00 ,  	(30-MAY-2025 15:48:50)
2,24,25,8,17/05/2021 00:00:00 ,  	(30-MAY-2025 15:48:50)
2,24,37,8,01/06/2021 00:00:00 ,  	(30-MAY-2025 15:48:50)
2,24,26,8,17/05/2021 00:00:00 ,  	(30-MAY-2025 15:48:50)
2,24,39,8,01/06/2021 00:00:00 ,  	(30-MAY-2025 15:48:51)
2,24,27,8,17/05/2021 00:00:00 ,  	(30-MAY-2025 15:48:51)
2,24,40,8,01/06/2021 00:00:00 ,  	(30-MAY-2025 15:48:51)
2,24,182,8,16/12/2022 00:00:00 ,  	(30-MAY-2025 15:48:51)
2,24,26,19,01/05/2024 00:00:00 ,  	(30-MAY-2025 15:48:51)
2,24,50,19,16/05/2024 00:00:00 ,  	(30-MAY-2025 15:48:51)
2,24,63,19,03/06/2024 00:00:00 ,  	(30-MAY-2025 15:48:51)
2,24,91,19,17/06/2024 00:00:00 ,  	(30-MAY-2025 15:48:51)
2,24,109,19,01/07/2024 00:00:00 ,  	(30-MAY-2025 15:48:51)
2,24,124,19,16/07/2024 00:00:00 ,  	(30-MAY-2025 15:48:51)
2,24,142,19,01/08/2024 00:00:00 ,  	(30-MAY-2025 15:48:51)
2,24,156,19,16/08/2024 00:00:00 ,  	(30-MAY-2025 15:48:51)
2,24,170,19,02/09/2024 00:00:00 ,  	(30-MAY-2025 15:48:51)
2,24,190,19,16/09/2024 00:00:00 ,  	(30-MAY-2025 15:48:51)
2,24,200,19,01/10/2024 00:00:00 ,  	(30-MAY-2025 15:48:51)
2,24,214,19,16/10/2024 00:00:00 ,  	(30-MAY-2025 15:48:51)
2,24,218,19,04/11/2024 00:00:00 ,  	(30-MAY-2025 15:48:51)
2,24,226,19,18/11/2024 00:00:00 ,  	(30-MAY-2025 15:48:51)
2,24,233,19,02/12/2024 00:00:00 ,  	(30-MAY-2025 15:48:51)
2,24,244,19,16/12/2024 00:00:00 ,  	(30-MAY-2025 15:48:51)
2,24,143,20,18/11/2022 00:00:00 ,  	(30-MAY-2025 15:48:51)
2,24,149,20,23/11/2022 00:00:00 ,  	(30-MAY-2025 15:48:51)
2,24,154,20,29/11/2022 00:00:00 ,  	(30-MAY-2025 15:48:51)
2,24,172,20,02/12/2022 00:00:00 ,  	(30-MAY-2025 15:48:51)
2,24,186,20,19/12/2022 00:00:00 ,  	(30-MAY-2025 15:48:51)
2,24,207,20,03/01/2023 00:00:00 ,  	(30-MAY-2025 15:48:51)
2,24,211,18,17/01/2023 00:00:00 ,  	(30-MAY-2025 15:48:51)
2,24,217,18,01/02/2023 00:00:00 ,  	(30-MAY-2025 15:48:51)
2,27,165,26,08/02/2024 00:00:00 ,  	(30-MAY-2025 15:48:51)
2,27,174,26,16/02/2024 00:00:00 ,  	(30-MAY-2025 15:48:51)
2,27,181,26,26/02/2024 00:00:00 ,  	(30-MAY-2025 15:48:51)
2,27,166,26,08/02/2024 00:00:00 ,  	(30-MAY-2025 15:48:51)
2,27,170,26,15/02/2024 00:00:00 ,  	(30-MAY-2025 15:48:51)
2,27,180,26,26/02/2024 00:00:00 ,  	(30-MAY-2025 15:48:51)
2,27,167,26,08/02/2024 00:00:00 ,  	(30-MAY-2025 15:48:51)
2,24,24,7,16/10/2013 00:00:00 ,  	(30-MAY-2025 15:48:51)
2,24,27,7,01/11/2013 00:00:00 ,  	(30-MAY-2025 15:48:51)
2,24,31,7,18/11/2013 00:00:00 ,  	(30-MAY-2025 15:48:51)
2,24,32,7,18/11/2013 00:00:00 ,  	(30-MAY-2025 15:48:51)
2,24,65,7,16/02/2015 00:00:00 ,  	(30-MAY-2025 15:48:51)
2,24,71,7,02/03/2015 00:00:00 ,  	(30-MAY-2025 15:48:51)
2,24,73,7,03/03/2015 00:00:00 ,  	(30-MAY-2025 15:48:51)
2,24,34,7,01/02/2017 00:00:00 ,  	(30-MAY-2025 15:48:51)
2,24,35,7,16/02/2017 00:00:00 ,  	(30-MAY-2025 15:48:51)
2,24,22,7,01/08/2011 00:00:00 ,  	(30-MAY-2025 15:48:51)
2,24,23,7,08/08/2011 00:00:00 ,  	(30-MAY-2025 15:48:51)
2,24,62,8,22/06/2023 00:00:00 ,  	(30-MAY-2025 15:48:51)
2,24,63,8,01/07/2023 00:00:00 ,  	(30-MAY-2025 15:48:51)
2,24,7,8,16/04/2024 00:00:00 ,  	(30-MAY-2025 15:48:51)
2,24,21,8,01/05/2024 00:00:00 ,  	(30-MAY-2025 15:48:51)
2,24,42,8,16/05/2024 00:00:00 ,  	(30-MAY-2025 15:48:51)
2,24,78,8,03/06/2024 00:00:00 ,  	(30-MAY-2025 15:48:51)
2,24,85,8,17/06/2024 00:00:00 ,  	(30-MAY-2025 15:48:51)
2,24,106,8,01/07/2024 00:00:00 ,  	(30-MAY-2025 15:48:51)
2,24,119,8,16/07/2024 00:00:00 ,  	(30-MAY-2025 15:48:51)
2,24,149,8,01/08/2024 00:00:00 ,  	(30-MAY-2025 15:48:51)
2,24,153,8,16/08/2024 00:00:00 ,  	(30-MAY-2025 15:48:51)
2,24,174,8,02/09/2024 00:00:00 ,  	(30-MAY-2025 15:48:51)
2,24,396,8,18/03/2024 00:00:00 ,  	(30-MAY-2025 15:48:51)
2,24,421,8,01/04/2024 00:00:00 ,  	(30-MAY-2025 15:48:51)
2,24,342,18,01/02/2024 00:00:00 ,  	(30-MAY-2025 15:48:51)
2,24,177,19,02/11/2023 00:00:00 ,  	(30-MAY-2025 15:48:51)
2,24,410,19,18/03/2024 00:00:00 ,  	(30-MAY-2025 15:48:51)
2,24,435,19,01/04/2024 00:00:00 ,  	(30-MAY-2025 15:48:51)
2,24,14,19,16/04/2024 00:00:00 ,  	(30-MAY-2025 15:48:51)
2,24,30,19,01/05/2024 00:00:00 ,  	(30-MAY-2025 15:48:51)
2,27,24,26,16/05/2023 00:00:00 ,  	(30-MAY-2025 15:48:51)
2,27,82,26,17/10/2022 00:00:00 ,  	(30-MAY-2025 15:48:51)
2,27,91,26,02/11/2022 00:00:00 ,  	(30-MAY-2025 15:48:51)
2,27,97,26,17/11/2022 00:00:00 ,  	(30-MAY-2025 15:48:51)
2,27,115,26,02/12/2022 00:00:00 ,  	(30-MAY-2025 15:48:51)
2,27,126,26,19/12/2022 00:00:00 ,  	(30-MAY-2025 15:48:51)
2,27,140,26,02/01/2023 00:00:00 ,  	(30-MAY-2025 15:48:51)
2,27,144,26,17/01/2023 00:00:00 ,  	(30-MAY-2025 15:48:51)
2,27,154,26,01/02/2023 00:00:00 ,  	(30-MAY-2025 15:48:51)
2,27,167,26,17/02/2023 00:00:00 ,  	(30-MAY-2025 15:48:51)
2,27,172,26,01/03/2023 00:00:00 ,  	(30-MAY-2025 15:48:51)
2,27,187,26,16/03/2023 00:00:00 ,  	(30-MAY-2025 15:48:51)
2,27,197,26,03/04/2023 00:00:00 ,  	(30-MAY-2025 15:48:51)
2,27,1,26,17/04/2023 00:00:00 ,  	(30-MAY-2025 15:48:51)
2,27,42,26,17/08/2022 00:00:00 ,  	(30-MAY-2025 15:48:51)
2,24,135,8,02/03/2020 00:00:00 ,  	(30-MAY-2025 15:48:51)
2,24,156,8,16/03/2020 00:00:00 ,  	(30-MAY-2025 15:48:51)
2,24,170,8,23/03/2020 00:00:00 ,  	(30-MAY-2025 15:48:51)
2,24,24,8,04/05/2020 00:00:00 ,  	(30-MAY-2025 15:48:51)
2,24,39,8,18/05/2020 00:00:00 ,  	(30-MAY-2025 15:48:51)
2,24,56,8,01/06/2020 00:00:00 ,  	(30-MAY-2025 15:48:51)
2,24,29,8,11/11/2013 00:00:00 ,  	(30-MAY-2025 15:48:51)
2,24,35,8,16/10/2014 00:00:00 ,  	(30-MAY-2025 15:48:51)
2,24,22,8,01/09/2014 00:00:00 ,  	(30-MAY-2025 15:48:51)
2,24,26,8,16/09/2014 00:00:00 ,  	(30-MAY-2025 15:48:51)
2,24,76,8,01/04/2015 00:00:00 ,  	(30-MAY-2025 15:48:51)
2,24,18,8,01/10/2016 00:00:00 ,  	(30-MAY-2025 15:48:51)
2,24,20,8,05/10/2016 00:00:00 ,  	(30-MAY-2025 15:48:51)
2,24,16,8,16/05/2019 00:00:00 ,  	(30-MAY-2025 15:48:51)
2,24,20,8,01/06/2019 00:00:00 ,  	(30-MAY-2025 15:48:51)
2,24,51,19,17/09/2019 00:00:00 ,  	(30-MAY-2025 15:48:51)
2,24,54,19,01/10/2019 00:00:00 ,  	(30-MAY-2025 15:48:51)
2,24,31,8,16/07/2019 00:00:00 ,  	(30-MAY-2025 15:48:51)
2,24,35,8,01/08/2019 00:00:00 ,  	(30-MAY-2025 15:48:51)
2,24,40,19,16/08/2019 00:00:00 ,  	(30-MAY-2025 15:48:51)
2,24,45,19,03/09/2019 00:00:00 ,  	(30-MAY-2025 15:48:51)
2,24,59,19,16/10/2019 00:00:00 ,  	(30-MAY-2025 15:48:51)
2,24,64,19,01/11/2019 00:00:00 ,  	(30-MAY-2025 15:48:51)
2,24,167,8,17/03/2020 00:00:00 ,  	(30-MAY-2025 15:48:51)
2,24,181,8,01/04/2020 00:00:00 ,  	(30-MAY-2025 15:48:51)
2,24,8,8,16/04/2020 00:00:00 ,  	(30-MAY-2025 15:48:51)
2,24,22,8,04/05/2020 00:00:00 ,  	(30-MAY-2025 15:48:51)
2,24,37,8,18/05/2020 00:00:00 ,  	(30-MAY-2025 15:48:51)
2,24,34,8,01/08/2019 00:00:00 ,  	(30-MAY-2025 15:48:51)
2,24,38,8,16/08/2019 00:00:00 ,  	(30-MAY-2025 15:48:51)
2,24,43,8,03/09/2019 00:00:00 ,  	(30-MAY-2025 15:48:51)
2,24,47,8,16/09/2019 00:00:00 ,  	(30-MAY-2025 15:48:51)
2,24,52,8,01/10/2019 00:00:00 ,  	(30-MAY-2025 15:48:51)
2,24,57,8,16/10/2019 00:00:00 ,  	(30-MAY-2025 15:48:51)
2,24,62,8,01/11/2019 00:00:00 ,  	(30-MAY-2025 15:48:51)
2,24,65,8,16/11/2019 00:00:00 ,  	(30-MAY-2025 15:48:51)
2,24,69,8,02/12/2019 00:00:00 ,  	(30-MAY-2025 15:48:51)
2,24,75,8,16/12/2019 00:00:00 ,  	(30-MAY-2025 15:48:51)
2,24,83,8,16/01/2020 00:00:00 ,  	(30-MAY-2025 15:48:51)
2,24,98,8,01/02/2020 00:00:00 ,  	(30-MAY-2025 15:48:51)
2,24,108,8,17/02/2020 00:00:00 ,  	(30-MAY-2025 15:48:51)
2,24,127,8,02/03/2020 00:00:00 ,  	(30-MAY-2025 15:48:51)
2,24,153,8,16/03/2020 00:00:00 ,  	(30-MAY-2025 15:48:51)
2,24,180,8,01/04/2020 00:00:00 ,  	(30-MAY-2025 15:48:51)
2,27,184,26,01/03/2024 00:00:00 ,  	(30-MAY-2025 15:48:51)
2,27,188,26,18/03/2024 00:00:00 ,  	(30-MAY-2025 15:48:51)
2,27,200,26,01/04/2024 00:00:00 ,  	(30-MAY-2025 15:48:51)
2,27,33,26,01/06/2023 00:00:00 ,  	(30-MAY-2025 15:48:51)
2,27,85,26,16/08/2023 00:00:00 ,  	(30-MAY-2025 15:48:51)
2,27,91,26,01/09/2023 00:00:00 ,  	(30-MAY-2025 15:48:51)
2,24,272,19,05/01/2024 00:00:00 ,  	(30-MAY-2025 15:48:51)
2,24,278,19,08/01/2024 00:00:00 ,  	(30-MAY-2025 15:48:51)
2,24,279,19,08/01/2024 00:00:00 ,  	(30-MAY-2025 15:48:51)
2,24,283,19,08/01/2024 00:00:00 ,  	(30-MAY-2025 15:48:51)
2,24,310,19,15/01/2024 00:00:00 ,  	(30-MAY-2025 15:48:51)
2,24,326,19,22/01/2024 00:00:00 ,  	(30-MAY-2025 15:48:51)
2,24,343,19,01/02/2024 00:00:00 ,  	(30-MAY-2025 15:48:51)
2,24,362,8,23/03/2021 00:00:00 ,  	(30-MAY-2025 15:48:51)
2,24,32,20,18/05/2021 00:00:00 ,  	(30-MAY-2025 15:48:51)
2,24,43,20,01/06/2021 00:00:00 ,  	(30-MAY-2025 15:48:51)
2,24,55,20,11/06/2021 00:00:00 ,  	(30-MAY-2025 15:48:51)
2,24,358,8,17/03/2021 00:00:00 ,  	(30-MAY-2025 15:48:51)
2,24,169,8,02/09/2024 00:00:00 ,  	(30-MAY-2025 15:48:51)
2,24,189,8,16/09/2024 00:00:00 ,  	(30-MAY-2025 15:48:51)
2,24,207,8,01/10/2024 00:00:00 ,  	(30-MAY-2025 15:48:51)
2,24,211,8,16/10/2024 00:00:00 ,  	(30-MAY-2025 15:48:51)
2,24,216,8,04/11/2024 00:00:00 ,  	(30-MAY-2025 15:48:51)
2,24,227,8,18/11/2024 00:00:00 ,  	(30-MAY-2025 15:48:51)
2,24,240,8,02/12/2024 00:00:00 ,  	(30-MAY-2025 15:48:51)
2,24,248,8,16/12/2024 00:00:00 ,  	(30-MAY-2025 15:48:51)
2,24,256,8,02/01/2025 00:00:00 ,  	(30-MAY-2025 15:48:51)
2,24,268,8,16/01/2025 00:00:00 ,  	(30-MAY-2025 15:48:51)
2,24,288,8,03/02/2025 00:00:00 ,  	(30-MAY-2025 15:48:51)
2,24,299,8,17/02/2025 00:00:00 ,  	(30-MAY-2025 15:48:51)
2,24,308,8,03/03/2025 00:00:00 ,  	(30-MAY-2025 15:48:51)
2,24,320,8,17/03/2025 00:00:00 ,  	(30-MAY-2025 15:48:51)
2,24,8,20,01/03/2019 00:00:00 ,  	(30-MAY-2025 15:48:51)
2,24,3,8,16/04/2019 00:00:00 ,  	(30-MAY-2025 15:48:51)
2,24,196,20,17/01/2022 00:00:00 ,  	(30-MAY-2025 15:48:51)
2,24,203,20,02/02/2022 00:00:00 ,  	(30-MAY-2025 15:48:51)
2,27,84,23,17/10/2022 00:00:00 ,  	(30-MAY-2025 15:48:51)
2,27,89,23,02/11/2022 00:00:00 ,  	(30-MAY-2025 15:48:51)
2,27,101,23,17/11/2022 00:00:00 ,  	(30-MAY-2025 15:48:51)
2,27,111,23,01/12/2022 00:00:00 ,  	(30-MAY-2025 15:48:51)
2,27,123,23,16/12/2022 00:00:00 ,  	(30-MAY-2025 15:48:51)
2,27,132,23,02/01/2023 00:00:00 ,  	(30-MAY-2025 15:48:51)
2,27,169,23,17/02/2023 00:00:00 ,  	(30-MAY-2025 15:48:51)
2,27,174,23,02/03/2023 00:00:00 ,  	(30-MAY-2025 15:48:51)
2,24,133,20,18/09/2023 00:00:00 ,  	(30-MAY-2025 15:48:51)
2,27,108,23,04/10/2023 00:00:00 ,  	(30-MAY-2025 15:48:51)
2,27,129,23,19/12/2022 00:00:00 ,  	(30-MAY-2025 15:48:51)
2,27,138,23,02/01/2023 00:00:00 ,  	(30-MAY-2025 15:48:51)
2,24,367,19,01/04/2021 00:00:00 ,  	(30-MAY-2025 15:48:51)
2,24,3,19,16/04/2021 00:00:00 ,  	(30-MAY-2025 15:48:51)
2,24,261,19,02/11/2020 00:00:00 ,  	(30-MAY-2025 15:48:51)
2,24,271,19,17/11/2020 00:00:00 ,  	(30-MAY-2025 15:48:51)
2,24,283,19,01/12/2020 00:00:00 ,  	(30-MAY-2025 15:48:51)
2,24,146,19,18/10/2021 00:00:00 ,  	(30-MAY-2025 15:48:51)
2,24,152,19,02/11/2021 00:00:00 ,  	(30-MAY-2025 15:48:51)
2,24,158,19,17/11/2021 00:00:00 ,  	(30-MAY-2025 15:48:51)
2,24,167,19,02/12/2021 00:00:00 ,  	(30-MAY-2025 15:48:51)
2,24,176,19,16/12/2021 00:00:00 ,  	(30-MAY-2025 15:48:51)
2,24,184,19,04/01/2022 00:00:00 ,  	(30-MAY-2025 15:48:51)
2,24,194,19,17/01/2022 00:00:00 ,  	(30-MAY-2025 15:48:51)
2,24,198,19,01/02/2022 00:00:00 ,  	(30-MAY-2025 15:48:51)
2,24,206,19,16/02/2022 00:00:00 ,  	(30-MAY-2025 15:48:51)
2,24,213,19,02/03/2022 00:00:00 ,  	(30-MAY-2025 15:48:51)
2,27,164,23,17/02/2023 00:00:00 ,  	(30-MAY-2025 15:48:51)
2,27,173,23,02/03/2023 00:00:00 ,  	(30-MAY-2025 15:48:51)
2,27,190,23,16/03/2023 00:00:00 ,  	(30-MAY-2025 15:48:51)
2,27,202,23,03/04/2023 00:00:00 ,  	(30-MAY-2025 15:48:51)
2,27,5,23,18/04/2023 00:00:00 ,  	(30-MAY-2025 15:48:51)
2,27,14,23,02/05/2023 00:00:00 ,  	(30-MAY-2025 15:48:51)
2,27,25,23,16/05/2023 00:00:00 ,  	(30-MAY-2025 15:48:51)
2,27,34,23,01/06/2023 00:00:00 ,  	(30-MAY-2025 15:48:51)
2,27,41,23,16/06/2023 00:00:00 ,  	(30-MAY-2025 15:48:51)
2,27,49,23,03/07/2023 00:00:00 ,  	(30-MAY-2025 15:48:51)
2,27,64,23,17/07/2023 00:00:00 ,  	(30-MAY-2025 15:48:51)
2,27,79,23,01/08/2023 00:00:00 ,  	(30-MAY-2025 15:48:51)
2,27,88,23,16/08/2023 00:00:00 ,  	(30-MAY-2025 15:48:51)
2,27,94,23,01/09/2023 00:00:00 ,  	(30-MAY-2025 15:48:51)
2,27,100,23,18/09/2023 00:00:00 ,  	(30-MAY-2025 15:48:51)
2,27,105,23,03/10/2023 00:00:00 ,  	(30-MAY-2025 15:48:51)
2,24,17,18,02/06/2022 00:00:00 ,  	(30-MAY-2025 15:48:51)
2,27,4,23,02/05/2022 00:00:00 ,  	(30-MAY-2025 15:48:51)
2,24,18,18,02/06/2022 00:00:00 ,  	(30-MAY-2025 15:48:51)
2,27,1,23,18/04/2022 00:00:00 ,  	(30-MAY-2025 15:48:51)
2,24,10,18,17/05/2022 00:00:00 ,  	(30-MAY-2025 15:48:51)
2,24,24,18,17/06/2022 00:00:00 ,  	(30-MAY-2025 15:48:51)
2,24,37,18,04/07/2022 00:00:00 ,  	(30-MAY-2025 15:48:51)
2,27,2,24,19/04/2022 00:00:00 ,  	(30-MAY-2025 15:48:51)
2,27,5,24,02/05/2022 00:00:00 ,  	(30-MAY-2025 15:48:51)
2,27,7,24,04/05/2022 00:00:00 ,  	(30-MAY-2025 15:48:51)
2,27,102,24,17/11/2022 00:00:00 ,  	(30-MAY-2025 15:48:51)
2,27,114,24,01/12/2022 00:00:00 ,  	(30-MAY-2025 15:48:51)
2,27,5,24,18/08/2021 00:00:00 ,  	(30-MAY-2025 15:48:51)
2,24,112,24,17/08/2021 00:00:00 ,  	(30-MAY-2025 15:48:51)
2,24,97,20,17/10/2022 00:00:00 ,  	(30-MAY-2025 15:48:51)
2,24,127,20,03/11/2022 00:00:00 ,  	(30-MAY-2025 15:48:51)
2,24,137,20,17/11/2022 00:00:00 ,  	(30-MAY-2025 15:48:51)
2,24,177,20,02/12/2022 00:00:00 ,  	(30-MAY-2025 15:48:51)
2,24,14,20,16/04/2020 00:00:00 ,  	(30-MAY-2025 15:48:51)
2,24,27,20,04/05/2020 00:00:00 ,  	(30-MAY-2025 15:48:51)
2,24,11,20,16/04/2020 00:00:00 ,  	(30-MAY-2025 15:48:51)
2,24,26,20,04/05/2020 00:00:00 ,  	(30-MAY-2025 15:48:51)
2,24,328,20,16/01/2021 00:00:00 ,  	(30-MAY-2025 15:48:51)
2,24,340,20,01/02/2021 00:00:00 ,  	(30-MAY-2025 15:48:51)
2,24,136,20,17/11/2022 00:00:00 ,  	(30-MAY-2025 15:48:51)
2,24,117,20,18/02/2020 00:00:00 ,  	(30-MAY-2025 15:48:51)
2,24,140,20,02/03/2020 00:00:00 ,  	(30-MAY-2025 15:48:51)
2,24,162,20,17/03/2020 00:00:00 ,  	(30-MAY-2025 15:48:51)
2,24,188,20,01/04/2020 00:00:00 ,  	(30-MAY-2025 15:48:51)
2,24,90,19,16/07/2021 00:00:00 ,  	(30-MAY-2025 15:48:51)
2,24,101,19,02/08/2021 00:00:00 ,  	(30-MAY-2025 15:48:51)
2,24,111,19,16/08/2021 00:00:00 ,  	(30-MAY-2025 15:48:51)
2,24,120,19,01/09/2021 00:00:00 ,  	(30-MAY-2025 15:48:51)
2,24,128,19,16/09/2021 00:00:00 ,  	(30-MAY-2025 15:48:51)
2,24,134,19,01/10/2021 00:00:00 ,  	(30-MAY-2025 15:48:51)
2,24,207,19,16/02/2022 00:00:00 ,  	(30-MAY-2025 15:48:51)
2,24,214,19,02/03/2022 00:00:00 ,  	(30-MAY-2025 15:48:51)
2,27,192,26,18/03/2024 00:00:00 ,  	(30-MAY-2025 15:48:51)
2,27,203,26,01/04/2024 00:00:00 ,  	(30-MAY-2025 15:48:51)
2,27,5,26,16/04/2024 00:00:00 ,  	(30-MAY-2025 15:48:51)
2,27,10,26,01/05/2024 00:00:00 ,  	(30-MAY-2025 15:48:51)
2,27,17,26,16/05/2024 00:00:00 ,  	(30-MAY-2025 15:48:51)
2,27,20,26,03/06/2024 00:00:00 ,  	(30-MAY-2025 15:48:51)
2,27,24,26,17/06/2024 00:00:00 ,  	(30-MAY-2025 15:48:51)
2,27,32,26,01/07/2024 00:00:00 ,  	(30-MAY-2025 15:48:51)
2,24,360,8,17/03/2021 00:00:00 ,  	(30-MAY-2025 15:48:51)
2,24,324,8,16/01/2021 00:00:00 ,  	(30-MAY-2025 15:48:51)
2,24,336,8,01/02/2021 00:00:00 ,  	(30-MAY-2025 15:48:51)
2,24,28,20,17/05/2021 00:00:00 ,  	(30-MAY-2025 15:48:51)
2,24,41,20,01/06/2021 00:00:00 ,  	(30-MAY-2025 15:48:51)
2,24,84,8,16/01/2020 00:00:00 ,  	(30-MAY-2025 15:48:51)
2,24,99,8,01/02/2020 00:00:00 ,  	(30-MAY-2025 15:48:51)
2,24,109,8,17/02/2020 00:00:00 ,  	(30-MAY-2025 15:48:51)
2,24,128,8,02/03/2020 00:00:00 ,  	(30-MAY-2025 15:48:51)
2,24,365,20,01/04/2021 00:00:00 ,  	(30-MAY-2025 15:48:51)
2,24,366,8,01/04/2021 00:00:00 ,  	(30-MAY-2025 15:48:51)
2,24,10,20,16/04/2021 00:00:00 ,  	(30-MAY-2025 15:48:51)
2,24,14,20,03/05/2021 00:00:00 ,  	(30-MAY-2025 15:48:51)
2,27,2,26,16/04/2024 00:00:00 ,  	(30-MAY-2025 15:48:51)
2,27,8,26,01/05/2024 00:00:00 ,  	(30-MAY-2025 15:48:51)
2,27,3,26,16/04/2024 00:00:00 ,  	(30-MAY-2025 15:48:51)
2,24,48,18,16/09/2019 00:00:00 ,  	(30-MAY-2025 15:48:51)
2,24,131,19,17/11/2022 00:00:00 ,  	(30-MAY-2025 15:48:51)
2,24,169,19,01/12/2022 00:00:00 ,  	(30-MAY-2025 15:48:51)
2,24,209,19,16/01/2023 00:00:00 ,  	(30-MAY-2025 15:48:51)
2,24,216,19,01/02/2023 00:00:00 ,  	(30-MAY-2025 15:48:51)
2,24,224,19,16/02/2023 00:00:00 ,  	(30-MAY-2025 15:48:51)
2,24,258,19,02/03/2023 00:00:00 ,  	(30-MAY-2025 15:48:51)
2,24,268,19,16/03/2023 00:00:00 ,  	(30-MAY-2025 15:48:51)
2,24,283,19,03/04/2023 00:00:00 ,  	(30-MAY-2025 15:48:51)
2,24,4,19,18/04/2023 00:00:00 ,  	(30-MAY-2025 15:48:51)
2,24,25,19,02/05/2023 00:00:00 ,  	(30-MAY-2025 15:48:51)
2,24,34,19,16/05/2023 00:00:00 ,  	(30-MAY-2025 15:48:51)
2,24,49,19,01/06/2023 00:00:00 ,  	(30-MAY-2025 15:48:51)
2,24,57,19,16/06/2023 00:00:00 ,  	(30-MAY-2025 15:48:51)
2,24,66,19,03/07/2023 00:00:00 ,  	(30-MAY-2025 15:48:51)
2,24,85,19,17/07/2023 00:00:00 ,  	(30-MAY-2025 15:48:51)
2,24,96,19,01/08/2023 00:00:00 ,  	(30-MAY-2025 15:48:51)
2,24,10,8,01/05/2019 00:00:00 ,  	(30-MAY-2025 15:48:51)
2,24,4,8,16/04/2019 00:00:00 ,  	(30-MAY-2025 15:48:51)
2,24,11,8,01/05/2019 00:00:00 ,  	(30-MAY-2025 15:48:51)
2,24,23,8,17/06/2019 00:00:00 ,  	(30-MAY-2025 15:48:51)
2,24,28,8,01/07/2019 00:00:00 ,  	(30-MAY-2025 15:48:51)
2,24,7,20,16/02/2019 00:00:00 ,  	(30-MAY-2025 15:48:51)
2,24,9,20,16/03/2019 00:00:00 ,  	(30-MAY-2025 15:48:51)
2,24,12,20,01/04/2019 00:00:00 ,  	(30-MAY-2025 15:48:51)
2,24,2,8,16/04/2019 00:00:00 ,  	(30-MAY-2025 15:48:51)
2,24,9,8,01/05/2019 00:00:00 ,  	(30-MAY-2025 15:48:51)
2,24,15,8,16/05/2019 00:00:00 ,  	(30-MAY-2025 15:48:51)
2,24,19,8,01/06/2019 00:00:00 ,  	(30-MAY-2025 15:48:51)
2,24,22,8,17/06/2019 00:00:00 ,  	(30-MAY-2025 15:48:51)
2,24,27,8,01/07/2019 00:00:00 ,  	(30-MAY-2025 15:48:51)
2,24,30,8,16/07/2019 00:00:00 ,  	(30-MAY-2025 15:48:51)
2,24,320,8,16/01/2024 00:00:00 ,  	(30-MAY-2025 15:48:51)
2,24,350,8,01/02/2024 00:00:00 ,  	(30-MAY-2025 15:48:51)
2,24,370,8,16/02/2024 00:00:00 ,  	(30-MAY-2025 15:48:51)
2,24,390,8,01/03/2024 00:00:00 ,  	(30-MAY-2025 15:48:51)
2,24,403,8,18/03/2024 00:00:00 ,  	(30-MAY-2025 15:48:51)
2,24,87,19,16/01/2020 00:00:00 ,  	(30-MAY-2025 15:48:51)
2,24,100,19,01/02/2020 00:00:00 ,  	(30-MAY-2025 15:48:51)
2,24,111,19,17/02/2020 00:00:00 ,  	(30-MAY-2025 15:48:51)
2,24,130,19,02/03/2020 00:00:00 ,  	(30-MAY-2025 15:48:51)
2,24,151,19,16/03/2020 00:00:00 ,  	(30-MAY-2025 15:48:51)
2,24,178,19,01/04/2020 00:00:00 ,  	(30-MAY-2025 15:48:51)
2,24,5,19,16/04/2020 00:00:00 ,  	(30-MAY-2025 15:48:51)
2,24,21,19,04/05/2020 00:00:00 ,  	(30-MAY-2025 15:48:51)
2,24,72,19,16/06/2020 00:00:00 ,  	(30-MAY-2025 15:48:51)
2,24,92,19,01/07/2020 00:00:00 ,  	(30-MAY-2025 15:48:51)
2,24,106,19,16/07/2020 00:00:00 ,  	(30-MAY-2025 15:48:51)
2,24,21,8,16/11/2016 00:00:00 ,  	(30-MAY-2025 15:48:51)
2,24,23,8,01/12/2016 00:00:00 ,  	(30-MAY-2025 15:48:51)
2,24,25,8,07/12/2016 00:00:00 ,  	(30-MAY-2025 15:48:51)
2,24,7,8,01/08/2015 00:00:00 ,  	(30-MAY-2025 15:48:51)
2,24,14,8,16/05/2019 00:00:00 ,  	(30-MAY-2025 15:48:51)
2,24,17,8,01/06/2019 00:00:00 ,  	(30-MAY-2025 15:48:51)
2,24,2,8,16/04/2020 00:00:00 ,  	(30-MAY-2025 15:48:51)
2,24,15,8,04/05/2020 00:00:00 ,  	(30-MAY-2025 15:48:51)
2,24,58,8,16/01/2015 00:00:00 ,  	(30-MAY-2025 15:48:51)
2,24,15,8,16/02/2016 00:00:00 ,  	(30-MAY-2025 15:48:51)
2,24,25,8,01/04/2016 00:00:00 ,  	(30-MAY-2025 15:48:51)
2,24,2,8,01/06/2016 00:00:00 ,  	(30-MAY-2025 15:48:51)
2,24,17,8,03/05/2021 00:00:00 ,  	(30-MAY-2025 15:48:51)
2,24,15,8,16/04/2024 00:00:00 ,  	(30-MAY-2025 15:48:51)
2,24,27,8,01/05/2024 00:00:00 ,  	(30-MAY-2025 15:48:51)
2,24,48,8,16/05/2024 00:00:00 ,  	(30-MAY-2025 15:48:51)
2,24,65,8,03/06/2024 00:00:00 ,  	(30-MAY-2025 15:48:51)
2,24,93,8,17/06/2024 00:00:00 ,  	(30-MAY-2025 15:48:51)
2,24,117,8,01/07/2024 00:00:00 ,  	(30-MAY-2025 15:48:51)
2,24,127,8,16/07/2024 00:00:00 ,  	(30-MAY-2025 15:48:51)
2,24,144,8,01/08/2024 00:00:00 ,  	(30-MAY-2025 15:48:51)
2,24,159,8,16/08/2024 00:00:00 ,  	(30-MAY-2025 15:48:51)
2,24,179,8,02/09/2024 00:00:00 ,  	(30-MAY-2025 15:48:51)
2,24,192,8,16/09/2024 00:00:00 ,  	(30-MAY-2025 15:48:51)
2,24,205,8,01/10/2024 00:00:00 ,  	(30-MAY-2025 15:48:51)
2,24,438,8,01/04/2024 00:00:00 ,  	(30-MAY-2025 15:48:51)
2,24,1,8,03/04/2024 00:00:00 ,  	(30-MAY-2025 15:48:51)
2,27,6,24,01/09/2021 00:00:00 ,  	(30-MAY-2025 15:48:51)
2,27,15,24,18/10/2021 00:00:00 ,  	(30-MAY-2025 15:48:51)
2,27,17,24,02/11/2021 00:00:00 ,  	(30-MAY-2025 15:48:51)
2,27,9,24,17/05/2022 00:00:00 ,  	(30-MAY-2025 15:48:51)
2,27,14,24,02/06/2022 00:00:00 ,  	(30-MAY-2025 15:48:51)
2,27,18,24,17/06/2022 00:00:00 ,  	(30-MAY-2025 15:48:51)
2,27,23,24,04/07/2022 00:00:00 ,  	(30-MAY-2025 15:48:51)
2,27,59,24,19/09/2022 00:00:00 ,  	(30-MAY-2025 15:48:51)
2,27,60,24,19/09/2022 00:00:00 ,  	(30-MAY-2025 15:48:51)
2,27,74,24,03/10/2022 00:00:00 ,  	(30-MAY-2025 15:48:51)
2,27,8,24,16/09/2021 00:00:00 ,  	(30-MAY-2025 15:48:51)
2,27,11,24,01/10/2021 00:00:00 ,  	(30-MAY-2025 15:48:51)
2,27,20,24,05/01/2022 00:00:00 ,  	(30-MAY-2025 15:48:51)
2,27,73,24,03/10/2022 00:00:00 ,  	(30-MAY-2025 15:48:51)
2,27,72,24,03/10/2022 00:00:00 ,  	(30-MAY-2025 15:48:51)
2,27,18,24,16/12/2021 00:00:00 ,  	(30-MAY-2025 15:48:51)
2,24,10,8,16/08/2016 00:00:00 ,  	(30-MAY-2025 15:48:51)
2,24,39,8,24/02/2012 00:00:00 ,  	(30-MAY-2025 15:48:51)
2,24,44,8,02/01/2014 00:00:00 ,  	(30-MAY-2025 15:48:51)
2,24,41,8,17/11/2014 00:00:00 ,  	(30-MAY-2025 15:48:51)
2,24,25,8,02/09/2011 00:00:00 ,  	(30-MAY-2025 15:48:51)
2,24,4,8,02/06/2014 00:00:00 ,  	(30-MAY-2025 15:48:51)
2,24,37,8,10/02/2012 00:00:00 ,  	(30-MAY-2025 15:48:51)
2,24,34,8,02/01/2012 00:00:00 ,  	(30-MAY-2025 15:48:51)
2,24,5,8,16/06/2014 00:00:00 ,  	(30-MAY-2025 15:48:51)
2,24,37,8,01/11/2014 00:00:00 ,  	(30-MAY-2025 15:48:51)
2,24,26,8,16/10/2013 00:00:00 ,  	(30-MAY-2025 15:48:51)
2,24,149,8,16/03/2020 00:00:00 ,  	(30-MAY-2025 15:48:51)
2,24,173,8,01/04/2020 00:00:00 ,  	(30-MAY-2025 15:48:51)
2,24,64,8,16/06/2020 00:00:00 ,  	(30-MAY-2025 15:48:51)
2,24,84,8,01/07/2020 00:00:00 ,  	(30-MAY-2025 15:48:51)
2,27,50,23,02/09/2022 00:00:00 ,  	(30-MAY-2025 15:48:51)
2,27,61,23,19/09/2022 00:00:00 ,  	(30-MAY-2025 15:48:51)
2,27,66,23,03/10/2022 00:00:00 ,  	(30-MAY-2025 15:48:51)
2,27,160,23,16/02/2023 00:00:00 ,  	(30-MAY-2025 15:48:51)
2,27,175,23,02/03/2023 00:00:00 ,  	(30-MAY-2025 15:48:51)
2,24,353,8,17/03/2021 00:00:00 ,  	(30-MAY-2025 15:48:51)
2,24,363,8,01/04/2021 00:00:00 ,  	(30-MAY-2025 15:48:51)
2,24,85,8,16/01/2020 00:00:00 ,  	(30-MAY-2025 15:48:51)
2,24,83,8,16/07/2021 00:00:00 ,  	(30-MAY-2025 15:48:51)
2,24,96,8,02/08/2021 00:00:00 ,  	(30-MAY-2025 15:48:51)
2,27,58,23,17/07/2023 00:00:00 ,  	(30-MAY-2025 15:48:51)
2,27,71,23,01/08/2023 00:00:00 ,  	(30-MAY-2025 15:48:51)
2,27,59,23,17/07/2023 00:00:00 ,  	(30-MAY-2025 15:48:51)
2,27,72,23,01/08/2023 00:00:00 ,  	(30-MAY-2025 15:48:51)
2,24,47,8,16/01/2014 00:00:00 ,  	(30-MAY-2025 15:48:51)
2,24,50,8,01/02/2014 00:00:00 ,  	(30-MAY-2025 15:48:51)
2,24,38,8,16/12/2013 00:00:00 ,  	(30-MAY-2025 15:48:51)
2,24,42,8,02/01/2014 00:00:00 ,  	(30-MAY-2025 15:48:51)
2,24,53,8,17/02/2014 00:00:00 ,  	(30-MAY-2025 15:48:51)
2,24,57,8,01/03/2014 00:00:00 ,  	(30-MAY-2025 15:48:51)
2,24,8,8,17/06/2013 00:00:00 ,  	(30-MAY-2025 15:48:51)
2,24,6,8,16/06/2014 00:00:00 ,  	(30-MAY-2025 15:48:51)
2,24,6,8,01/06/2013 00:00:00 ,  	(30-MAY-2025 15:48:51)
2,24,36,8,02/12/2013 00:00:00 ,  	(30-MAY-2025 15:48:51)
2,24,11,8,16/07/2013 00:00:00 ,  	(30-MAY-2025 15:48:51)
2,24,14,8,01/08/2013 00:00:00 ,  	(30-MAY-2025 15:48:51)
2,24,109,8,25/10/2022 00:00:00 ,  	(30-MAY-2025 15:48:51)
2,24,110,8,31/10/2022 00:00:00 ,  	(30-MAY-2025 15:48:51)
2,24,111,8,31/10/2022 00:00:00 ,  	(30-MAY-2025 15:48:51)
2,24,112,8,31/10/2022 00:00:00 ,  	(30-MAY-2025 15:48:51)
2,24,113,8,31/10/2022 00:00:00 ,  	(30-MAY-2025 15:48:51)
2,24,117,8,31/10/2022 00:00:00 ,  	(30-MAY-2025 15:48:51)
2,24,118,8,31/10/2022 00:00:00 ,  	(30-MAY-2025 15:48:51)
2,24,156,8,01/12/2022 00:00:00 ,  	(30-MAY-2025 15:48:51)
2,24,235,8,21/02/2023 00:00:00 ,  	(30-MAY-2025 15:48:51)
2,24,108,8,21/10/2022 00:00:00 ,  	(30-MAY-2025 15:48:51)
2,24,84,8,12/09/2022 00:00:00 ,  	(30-MAY-2025 15:48:51)
2,27,104,8,25/11/2022 00:00:00 ,  	(30-MAY-2025 15:48:51)
2,24,160,8,01/12/2022 00:00:00 ,  	(30-MAY-2025 15:48:51)
2,24,157,8,01/12/2022 00:00:00 ,  	(30-MAY-2025 15:48:51)
2,24,158,8,01/12/2022 00:00:00 ,  	(30-MAY-2025 15:48:51)
2,24,159,8,01/12/2022 00:00:00 ,  	(30-MAY-2025 15:48:51)
2,24,163,8,01/12/2022 00:00:00 ,  	(30-MAY-2025 15:48:51)
2,24,162,8,01/12/2022 00:00:00 ,  	(30-MAY-2025 15:48:51)
2,24,244,8,24/02/2023 00:00:00 ,  	(30-MAY-2025 15:48:51)
2,24,245,8,24/02/2023 00:00:00 ,  	(30-MAY-2025 15:48:51)
2,24,341,8,01/02/2024 00:00:00 ,  	(30-MAY-2025 15:48:51)
2,24,305,8,15/01/2024 00:00:00 ,  	(30-MAY-2025 15:48:51)
2,24,4,8,16/04/2024 00:00:00 ,  	(30-MAY-2025 15:48:51)
2,24,115,8,01/07/2024 00:00:00 ,  	(30-MAY-2025 15:48:51)
2,24,123,8,16/07/2024 00:00:00 ,  	(30-MAY-2025 15:48:51)
2,24,138,8,01/08/2024 00:00:00 ,  	(30-MAY-2025 15:48:51)
2,24,152,8,16/08/2024 00:00:00 ,  	(30-MAY-2025 15:48:51)
2,24,176,8,02/09/2024 00:00:00 ,  	(30-MAY-2025 15:48:51)
2,24,185,8,16/09/2024 00:00:00 ,  	(30-MAY-2025 15:48:51)
2,24,197,8,01/10/2024 00:00:00 ,  	(30-MAY-2025 15:48:51)
2,24,212,8,16/10/2024 00:00:00 ,  	(30-MAY-2025 15:48:51)
2,24,231,8,18/11/2024 00:00:00 ,  	(30-MAY-2025 15:48:51)
2,24,236,8,02/12/2024 00:00:00 ,  	(30-MAY-2025 15:48:51)
2,24,261,8,02/01/2025 00:00:00 ,  	(30-MAY-2025 15:48:51)
2,24,279,8,16/01/2025 00:00:00 ,  	(30-MAY-2025 15:48:51)
2,24,237,8,02/12/2024 00:00:00 ,  	(30-MAY-2025 15:48:51)
2,24,292,8,03/02/2025 00:00:00 ,  	(30-MAY-2025 15:48:51)
2,24,306,8,17/02/2025 00:00:00 ,  	(30-MAY-2025 15:48:51)
2,24,314,8,03/03/2025 00:00:00 ,  	(30-MAY-2025 15:48:51)
2,27,67,26,03/10/2022 00:00:00 ,  	(30-MAY-2025 15:48:51)
2,27,96,26,18/09/2023 00:00:00 ,  	(30-MAY-2025 15:48:51)
2,27,102,26,03/10/2023 00:00:00 ,  	(30-MAY-2025 15:48:51)
2,27,115,26,16/10/2023 00:00:00 ,  	(30-MAY-2025 15:48:51)
2,27,120,26,01/11/2023 00:00:00 ,  	(30-MAY-2025 15:48:51)
2,27,125,26,16/11/2023 00:00:00 ,  	(30-MAY-2025 15:48:51)
2,27,129,26,01/12/2023 00:00:00 ,  	(30-MAY-2025 15:48:51)
2,27,135,26,18/12/2023 00:00:00 ,  	(30-MAY-2025 15:48:51)
2,27,142,26,02/01/2024 00:00:00 ,  	(30-MAY-2025 15:48:51)
2,27,150,26,16/01/2024 00:00:00 ,  	(30-MAY-2025 15:48:51)
2,27,162,26,01/02/2024 00:00:00 ,  	(30-MAY-2025 15:48:51)
2,27,176,26,16/02/2024 00:00:00 ,  	(30-MAY-2025 15:48:51)
2,27,183,26,01/03/2024 00:00:00 ,  	(30-MAY-2025 15:48:51)
2,27,187,26,18/03/2024 00:00:00 ,  	(30-MAY-2025 15:48:51)
2,27,199,26,01/04/2024 00:00:00 ,  	(30-MAY-2025 15:48:51)
2,27,1,26,03/04/2024 00:00:00 ,  	(30-MAY-2025 15:48:51)
2,27,63,23,17/07/2023 00:00:00 ,  	(30-MAY-2025 15:48:51)
2,27,78,23,01/08/2023 00:00:00 ,  	(30-MAY-2025 15:48:51)
2,27,122,23,16/12/2022 00:00:00 ,  	(30-MAY-2025 15:48:51)
2,27,134,23,02/01/2023 00:00:00 ,  	(30-MAY-2025 15:48:51)
2,24,25,19,17/06/2022 00:00:00 ,  	(30-MAY-2025 15:48:51)
2,24,41,19,04/07/2022 00:00:00 ,  	(30-MAY-2025 15:48:51)
2,24,167,18,16/10/2023 00:00:00 ,  	(30-MAY-2025 15:48:51)
2,24,176,18,02/11/2023 00:00:00 ,  	(30-MAY-2025 15:48:51)
2,24,191,18,16/11/2023 00:00:00 ,  	(30-MAY-2025 15:48:51)
2,24,213,18,01/12/2023 00:00:00 ,  	(30-MAY-2025 15:48:51)
2,27,68,26,17/07/2023 00:00:00 ,  	(30-MAY-2025 15:48:51)
2,27,80,26,01/08/2023 00:00:00 ,  	(30-MAY-2025 15:48:51)
2,27,87,26,16/08/2023 00:00:00 ,  	(30-MAY-2025 15:48:51)
2,27,92,26,01/09/2023 00:00:00 ,  	(30-MAY-2025 15:48:51)
2,27,97,26,18/09/2023 00:00:00 ,  	(30-MAY-2025 15:48:51)
2,27,21,24,05/01/2022 00:00:00 ,  	(30-MAY-2025 15:48:51)
2,27,19,24,16/12/2021 00:00:00 ,  	(30-MAY-2025 15:48:51)
2,27,20,24,17/06/2022 00:00:00 ,  	(30-MAY-2025 15:48:51)
2,27,25,24,04/07/2022 00:00:00 ,  	(30-MAY-2025 15:48:51)
2,27,19,24,17/06/2022 00:00:00 ,  	(30-MAY-2025 15:48:51)
2,27,24,24,04/07/2022 00:00:00 ,  	(30-MAY-2025 15:48:51)
2,27,28,24,18/07/2022 00:00:00 ,  	(30-MAY-2025 15:48:51)
2,27,31,24,02/08/2022 00:00:00 ,  	(30-MAY-2025 15:48:51)
2,27,29,24,18/07/2022 00:00:00 ,  	(30-MAY-2025 15:48:51)
2,27,32,24,02/08/2022 00:00:00 ,  	(30-MAY-2025 15:48:51)
2,27,39,24,17/08/2022 00:00:00 ,  	(30-MAY-2025 15:48:51)
2,27,45,24,02/09/2022 00:00:00 ,  	(30-MAY-2025 15:48:51)
2,27,58,24,19/09/2022 00:00:00 ,  	(30-MAY-2025 15:48:51)
2,27,110,24,01/12/2022 00:00:00 ,  	(30-MAY-2025 15:48:51)
2,27,7,24,18/04/2023 00:00:00 ,  	(30-MAY-2025 15:48:51)
2,27,17,24,03/05/2023 00:00:00 ,  	(30-MAY-2025 15:48:51)
2,24,21,10,01/09/2014 00:00:00 ,  	(30-MAY-2025 15:48:51)
2,24,32,10,07/10/2014 00:00:00 ,  	(30-MAY-2025 15:48:51)
2,24,1,7,18/05/2011 00:00:00 ,  	(30-MAY-2025 15:48:51)
2,24,5,7,18/05/2011 00:00:00 ,  	(30-MAY-2025 15:48:51)
2,24,2,7,18/05/2011 00:00:00 ,  	(30-MAY-2025 15:48:51)
2,24,6,7,18/05/2011 00:00:00 ,  	(30-MAY-2025 15:48:51)
2,24,3,10,18/05/2011 00:00:00 ,  	(30-MAY-2025 15:48:51)
2,24,27,7,14/09/2011 00:00:00 ,  	(30-MAY-2025 15:48:51)
2,24,28,10,14/09/2011 00:00:00 ,  	(30-MAY-2025 15:48:51)
2,24,36,10,06/02/2012 00:00:00 ,  	(30-MAY-2025 15:48:51)
2,24,22,10,01/10/2013 00:00:00 ,  	(30-MAY-2025 15:48:51)
2,24,33,10,30/11/2013 00:00:00 ,  	(30-MAY-2025 15:48:51)
2,24,221,19,17/03/2022 00:00:00 ,  	(30-MAY-2025 15:48:51)
2,24,231,19,04/04/2022 00:00:00 ,  	(30-MAY-2025 15:48:51)
2,24,5,19,19/04/2022 00:00:00 ,  	(30-MAY-2025 15:48:51)
2,24,7,19,02/05/2022 00:00:00 ,  	(30-MAY-2025 15:48:51)
2,24,11,19,17/05/2022 00:00:00 ,  	(30-MAY-2025 15:48:51)
2,24,14,19,02/06/2022 00:00:00 ,  	(30-MAY-2025 15:48:51)
2,24,21,19,17/06/2022 00:00:00 ,  	(30-MAY-2025 15:48:51)
2,24,35,19,04/07/2022 00:00:00 ,  	(30-MAY-2025 15:48:51)
2,24,48,19,18/07/2022 00:00:00 ,  	(30-MAY-2025 15:48:51)
2,24,57,19,02/08/2022 00:00:00 ,  	(30-MAY-2025 15:48:51)
2,24,67,19,17/08/2022 00:00:00 ,  	(30-MAY-2025 15:48:51)
2,24,76,19,02/09/2022 00:00:00 ,  	(30-MAY-2025 15:48:51)
2,24,87,19,19/09/2022 00:00:00 ,  	(30-MAY-2025 15:48:51)
2,24,90,19,03/10/2022 00:00:00 ,  	(30-MAY-2025 15:48:51)
2,24,103,19,18/10/2022 00:00:00 ,  	(30-MAY-2025 15:48:51)
2,24,121,19,02/11/2022 00:00:00 ,  	(30-MAY-2025 15:48:51)
2,24,273,18,16/01/2025 00:00:00 ,  	(30-MAY-2025 15:48:51)
2,24,294,18,03/02/2025 00:00:00 ,  	(30-MAY-2025 15:48:51)
2,24,405,19,18/03/2024 00:00:00 ,  	(30-MAY-2025 15:48:51)
2,24,426,19,01/04/2024 00:00:00 ,  	(30-MAY-2025 15:48:51)
2,24,31,7,27/12/2016 00:00:00 ,  	(30-MAY-2025 15:48:51)
2,24,28,8,16/12/2016 00:00:00 ,  	(30-MAY-2025 15:48:51)
2,24,29,8,27/12/2016 00:00:00 ,  	(30-MAY-2025 15:48:51)
2,24,384,8,01/03/2024 00:00:00 ,  	(30-MAY-2025 15:48:51)
2,24,383,8,01/03/2024 00:00:00 ,  	(30-MAY-2025 15:48:51)
2,24,1,7,17/04/2017 00:00:00 ,  	(30-MAY-2025 15:48:51)
2,24,15,19,01/03/2018 00:00:00 ,  	(30-MAY-2025 15:48:51)
2,24,16,19,08/03/2018 00:00:00 ,  	(30-MAY-2025 15:48:51)
2,24,36,7,16/03/2017 00:00:00 ,  	(30-MAY-2025 15:48:51)
2,24,37,7,16/03/2017 00:00:00 ,  	(30-MAY-2025 15:48:51)
2,24,172,18,01/04/2020 00:00:00 ,  	(30-MAY-2025 15:48:51)
2,27,151,24,17/01/2024 00:00:00 ,  	(30-MAY-2025 15:48:51)
2,27,163,24,01/02/2024 00:00:00 ,  	(30-MAY-2025 15:48:51)
2,24,164,18,16/08/2024 00:00:00 ,  	(30-MAY-2025 15:48:51)
2,24,183,18,02/09/2024 00:00:00 ,  	(30-MAY-2025 15:48:51)
2,27,52,24,16/08/2024 00:00:00 ,  	(30-MAY-2025 15:48:51)
2,27,57,24,02/09/2024 00:00:00 ,  	(30-MAY-2025 15:48:51)
2,27,82,24,16/01/2025 00:00:00 ,  	(30-MAY-2025 15:48:51)
2,27,88,24,03/02/2025 00:00:00 ,  	(30-MAY-2025 15:48:51)
2,24,281,19,16/01/2025 00:00:00 ,  	(30-MAY-2025 15:48:51)
2,24,298,19,03/02/2025 00:00:00 ,  	(30-MAY-2025 15:48:51)
2,27,110,24,17/03/2025 00:00:00 ,  	(30-MAY-2025 15:48:51)
2,27,112,26,17/03/2025 00:00:00 ,  	(30-MAY-2025 15:48:51)
2,24,331,19,19/03/2025 00:00:00 ,  	(30-MAY-2025 15:48:51)
2,24,330,19,17/03/2025 00:00:00 ,  	(30-MAY-2025 15:48:51)
2,24,332,19,19/03/2025 00:00:00 ,  	(30-MAY-2025 15:48:51)
2,27,28,24,17/05/2023 00:00:00 ,  	(30-MAY-2025 15:48:51)
2,24,145,8,01/08/2024 00:00:00 ,  	(30-MAY-2025 15:48:51)
2,24,160,8,16/08/2024 00:00:00 ,  	(30-MAY-2025 15:48:51)
2,24,180,8,02/09/2024 00:00:00 ,  	(30-MAY-2025 15:48:51)
2,24,193,8,16/09/2024 00:00:00 ,  	(30-MAY-2025 15:48:51)
2,24,201,8,01/10/2024 00:00:00 ,  	(30-MAY-2025 15:48:51)
2,24,161,8,16/08/2024 00:00:00 ,  	(30-MAY-2025 15:48:51)
2,24,181,8,02/09/2024 00:00:00 ,  	(30-MAY-2025 15:48:51)
2,24,194,8,16/09/2024 00:00:00 ,  	(30-MAY-2025 15:48:51)
2,24,202,8,01/10/2024 00:00:00 ,  	(30-MAY-2025 15:48:51)
2,24,166,8,16/10/2023 00:00:00 ,  	(30-MAY-2025 15:48:51)
2,24,175,8,01/11/2023 00:00:00 ,  	(30-MAY-2025 15:48:51)
2,24,190,8,16/11/2023 00:00:00 ,  	(30-MAY-2025 15:48:51)
2,24,215,8,01/12/2023 00:00:00 ,  	(30-MAY-2025 15:48:51)
2,24,228,8,18/12/2023 00:00:00 ,  	(30-MAY-2025 15:48:51)
2,24,262,8,02/01/2024 00:00:00 ,  	(30-MAY-2025 15:48:51)
2,24,119,19,01/08/2020 00:00:00 ,  	(30-MAY-2025 15:48:51)
2,24,151,19,17/08/2020 00:00:00 ,  	(30-MAY-2025 15:48:51)
2,24,164,19,01/09/2020 00:00:00 ,  	(30-MAY-2025 15:48:51)
2,24,193,19,16/09/2020 00:00:00 ,  	(30-MAY-2025 15:48:51)
2,24,214,19,01/10/2020 00:00:00 ,  	(30-MAY-2025 15:48:51)
2,24,241,19,16/10/2020 00:00:00 ,  	(30-MAY-2025 15:48:51)
2,24,260,19,02/11/2020 00:00:00 ,  	(30-MAY-2025 15:48:51)
2,24,270,19,17/11/2020 00:00:00 ,  	(30-MAY-2025 15:48:51)
2,24,282,19,01/12/2020 00:00:00 ,  	(30-MAY-2025 15:48:51)
2,24,294,19,16/12/2020 00:00:00 ,  	(30-MAY-2025 15:48:51)
2,24,307,19,01/01/2021 00:00:00 ,  	(30-MAY-2025 15:48:51)
2,24,325,19,16/01/2021 00:00:00 ,  	(30-MAY-2025 15:48:51)
2,24,337,19,01/02/2021 00:00:00 ,  	(30-MAY-2025 15:48:51)
2,24,346,19,16/02/2021 00:00:00 ,  	(30-MAY-2025 15:48:51)
2,24,351,19,01/03/2021 00:00:00 ,  	(30-MAY-2025 15:48:51)
2,24,357,19,17/03/2021 00:00:00 ,  	(30-MAY-2025 15:48:51)
2,24,5,7,01/07/2015 00:00:00 ,  	(30-MAY-2025 15:48:51)
2,24,21,7,16/03/2016 00:00:00 ,  	(30-MAY-2025 15:48:51)
2,24,23,7,01/04/2016 00:00:00 ,  	(30-MAY-2025 15:48:51)
2,24,12,7,16/08/2016 00:00:00 ,  	(30-MAY-2025 15:48:51)
2,24,36,8,16/10/2014 00:00:00 ,  	(30-MAY-2025 15:48:51)
2,24,38,8,01/11/2014 00:00:00 ,  	(30-MAY-2025 15:48:51)
2,24,40,8,03/11/2014 00:00:00 ,  	(30-MAY-2025 15:48:51)
2,24,6,7,01/07/2015 00:00:00 ,  	(30-MAY-2025 15:48:51)
2,24,10,7,16/09/2015 00:00:00 ,  	(30-MAY-2025 15:48:51)
2,24,12,7,02/11/2015 00:00:00 ,  	(30-MAY-2025 15:48:51)
2,24,16,7,16/02/2016 00:00:00 ,  	(30-MAY-2025 15:48:51)
2,27,86,26,03/02/2025 00:00:00 ,  	(30-MAY-2025 15:48:51)
2,27,91,26,17/02/2025 00:00:00 ,  	(30-MAY-2025 15:48:51)
2,27,103,26,03/03/2025 00:00:00 ,  	(30-MAY-2025 15:48:51)
2,27,108,26,17/03/2025 00:00:00 ,  	(30-MAY-2025 15:48:51)
2,27,152,26,16/01/2024 00:00:00 ,  	(30-MAY-2025 15:48:51)
2,27,157,26,01/02/2024 00:00:00 ,  	(30-MAY-2025 15:48:51)
2,27,140,26,02/01/2024 00:00:00 ,  	(30-MAY-2025 15:48:51)
2,27,40,26,16/07/2024 00:00:00 ,  	(30-MAY-2025 15:48:51)
2,27,47,26,01/08/2024 00:00:00 ,  	(30-MAY-2025 15:48:51)
2,24,95,8,03/10/2022 00:00:00 ,  	(30-MAY-2025 15:48:51)
2,24,96,8,03/10/2022 00:00:00 ,  	(30-MAY-2025 15:48:51)
2,24,86,8,19/09/2022 00:00:00 ,  	(30-MAY-2025 15:48:51)
2,24,94,8,03/10/2022 00:00:00 ,  	(30-MAY-2025 15:48:51)
2,24,98,20,17/10/2022 00:00:00 ,  	(30-MAY-2025 15:48:51)
2,24,119,20,02/11/2022 00:00:00 ,  	(30-MAY-2025 15:48:51)
2,24,134,20,17/11/2022 00:00:00 ,  	(30-MAY-2025 15:48:51)
2,24,240,8,16/10/2020 00:00:00 ,  	(30-MAY-2025 15:48:51)
2,24,259,8,02/11/2020 00:00:00 ,  	(30-MAY-2025 15:48:51)
2,24,269,8,17/11/2020 00:00:00 ,  	(30-MAY-2025 15:48:51)
2,24,284,8,01/12/2020 00:00:00 ,  	(30-MAY-2025 15:48:51)
2,24,295,8,16/12/2020 00:00:00 ,  	(30-MAY-2025 15:48:51)
2,24,311,8,01/01/2021 00:00:00 ,  	(30-MAY-2025 15:48:51)
2,24,329,8,16/01/2021 00:00:00 ,  	(30-MAY-2025 15:48:51)
2,24,342,8,01/02/2021 00:00:00 ,  	(30-MAY-2025 15:48:51)
2,24,348,8,16/02/2021 00:00:00 ,  	(30-MAY-2025 15:48:51)
2,24,349,8,01/03/2021 00:00:00 ,  	(30-MAY-2025 15:48:51)
2,24,355,8,17/03/2021 00:00:00 ,  	(30-MAY-2025 15:48:51)
2,24,369,8,01/04/2021 00:00:00 ,  	(30-MAY-2025 15:48:51)
2,24,4,8,16/04/2021 00:00:00 ,  	(30-MAY-2025 15:48:51)
2,24,15,8,03/05/2021 00:00:00 ,  	(30-MAY-2025 15:48:51)
2,24,6,8,16/04/2021 00:00:00 ,  	(30-MAY-2025 15:48:51)
2,28,20,29,03/02/2025 00:00:00 ,  	(30-MAY-2025 15:48:51)
2,28,22,29,17/02/2025 00:00:00 ,  	(30-MAY-2025 15:48:51)
2,28,24,29,03/03/2025 00:00:00 ,  	(30-MAY-2025 15:48:51)
2,24,210,20,17/02/2022 00:00:00 ,  	(30-MAY-2025 15:48:51)
2,24,216,20,02/03/2022 00:00:00 ,  	(30-MAY-2025 15:48:51)
2,24,313,8,01/01/2021 00:00:00 ,  	(30-MAY-2025 15:48:51)
2,24,68,20,16/06/2021 00:00:00 ,  	(30-MAY-2025 15:48:51)
2,24,79,20,01/07/2021 00:00:00 ,  	(30-MAY-2025 15:48:51)
2,24,225,20,17/03/2022 00:00:00 ,  	(30-MAY-2025 15:48:51)
2,24,227,20,21/03/2022 00:00:00 ,  	(30-MAY-2025 15:48:51)
2,24,32,20,16/05/2023 00:00:00 ,  	(30-MAY-2025 15:48:51)
2,24,46,20,01/06/2023 00:00:00 ,  	(30-MAY-2025 15:48:51)
2,24,1,20,17/04/2023 00:00:00 ,  	(30-MAY-2025 15:48:51)
2,24,18,20,02/05/2023 00:00:00 ,  	(30-MAY-2025 15:48:51)
2,27,62,26,19/09/2022 00:00:00 ,  	(30-MAY-2025 15:48:51)
2,24,236,19,16/10/2020 00:00:00 ,  	(30-MAY-2025 15:48:51)
2,24,255,19,02/11/2020 00:00:00 ,  	(30-MAY-2025 15:48:51)
2,24,268,19,17/11/2020 00:00:00 ,  	(30-MAY-2025 15:48:51)
2,24,285,19,01/12/2020 00:00:00 ,  	(30-MAY-2025 15:48:51)
2,24,296,19,16/12/2020 00:00:00 ,  	(30-MAY-2025 15:48:51)
2,24,314,19,01/01/2021 00:00:00 ,  	(30-MAY-2025 15:48:51)
2,24,93,19,16/01/2020 00:00:00 ,  	(30-MAY-2025 15:48:51)
2,24,145,19,16/03/2020 00:00:00 ,  	(30-MAY-2025 15:48:51)
2,24,155,19,17/03/2020 00:00:00 ,  	(30-MAY-2025 15:48:51)
2,24,196,19,01/04/2020 00:00:00 ,  	(30-MAY-2025 15:48:51)
2,24,13,19,16/04/2020 00:00:00 ,  	(30-MAY-2025 15:48:51)
2,24,29,19,04/05/2020 00:00:00 ,  	(30-MAY-2025 15:48:51)
2,24,42,19,18/05/2020 00:00:00 ,  	(30-MAY-2025 15:48:51)
2,24,57,19,01/06/2020 00:00:00 ,  	(30-MAY-2025 15:48:51)
2,24,213,8,17/01/2023 00:00:00 ,  	(30-MAY-2025 15:48:51)
2,24,218,8,01/02/2023 00:00:00 ,  	(30-MAY-2025 15:48:51)
2,24,230,8,17/02/2023 00:00:00 ,  	(30-MAY-2025 15:48:51)
2,24,254,8,01/03/2023 00:00:00 ,  	(30-MAY-2025 15:48:51)
2,24,365,8,16/02/2024 00:00:00 ,  	(30-MAY-2025 15:48:51)
2,24,386,8,01/03/2024 00:00:00 ,  	(30-MAY-2025 15:48:51)
2,24,378,8,01/03/2024 00:00:00 ,  	(30-MAY-2025 15:48:51)
2,24,269,8,16/03/2023 00:00:00 ,  	(30-MAY-2025 15:48:51)
2,24,290,8,03/04/2023 00:00:00 ,  	(30-MAY-2025 15:48:51)
2,24,184,8,19/12/2022 00:00:00 ,  	(30-MAY-2025 15:48:51)
2,24,199,8,02/01/2023 00:00:00 ,  	(30-MAY-2025 15:48:51)
2,24,219,8,01/02/2023 00:00:00 ,  	(30-MAY-2025 15:48:52)
2,24,228,8,17/02/2023 00:00:00 ,  	(30-MAY-2025 15:48:52)
2,24,259,8,02/03/2023 00:00:00 ,  	(30-MAY-2025 15:48:52)
2,24,40,8,04/07/2022 00:00:00 ,  	(30-MAY-2025 15:48:52)
2,24,6,8,18/04/2023 00:00:00 ,  	(30-MAY-2025 15:48:52)
2,27,103,26,03/10/2023 00:00:00 ,  	(30-MAY-2025 15:48:52)
2,27,114,26,16/10/2023 00:00:00 ,  	(30-MAY-2025 15:48:52)
2,24,68,19,17/08/2022 00:00:00 ,  	(30-MAY-2025 15:48:52)
2,24,77,19,02/09/2022 00:00:00 ,  	(30-MAY-2025 15:48:52)
2,24,224,18,18/12/2023 00:00:00 ,  	(30-MAY-2025 15:48:52)
2,24,234,18,17/02/2023 00:00:00 ,  	(30-MAY-2025 15:48:52)
2,24,253,18,01/03/2023 00:00:00 ,  	(30-MAY-2025 15:48:52)
2,24,134,18,18/09/2023 00:00:00 ,  	(30-MAY-2025 15:48:52)
2,24,258,18,02/01/2024 00:00:00 ,  	(30-MAY-2025 15:48:52)
2,24,276,18,16/03/2023 00:00:00 ,  	(30-MAY-2025 15:48:52)
2,24,297,18,03/04/2023 00:00:00 ,  	(30-MAY-2025 15:48:52)
2,24,149,18,03/10/2023 00:00:00 ,  	(30-MAY-2025 15:48:52)
2,27,55,26,19/09/2022 00:00:00 ,  	(30-MAY-2025 15:48:52)
2,27,69,26,03/10/2022 00:00:00 ,  	(30-MAY-2025 15:48:52)
2,27,56,26,19/09/2022 00:00:00 ,  	(30-MAY-2025 15:48:52)
2,24,242,18,30/12/2023 00:00:00 ,  	(30-MAY-2025 15:48:52)
2,24,243,20,30/12/2023 00:00:00 ,  	(30-MAY-2025 15:48:52)
2,24,244,20,30/12/2023 00:00:00 ,  	(30-MAY-2025 15:48:52)
2,24,246,20,30/12/2023 00:00:00 ,  	(30-MAY-2025 15:48:52)
2,24,267,18,03/01/2024 00:00:00 ,  	(30-MAY-2025 15:48:52)
2,24,266,18,03/01/2024 00:00:00 ,  	(30-MAY-2025 15:48:52)
2,24,265,20,03/01/2024 00:00:00 ,  	(30-MAY-2025 15:48:52)
2,24,264,20,03/01/2024 00:00:00 ,  	(30-MAY-2025 15:48:52)
2,24,263,20,03/01/2024 00:00:00 ,  	(30-MAY-2025 15:48:52)
2,24,182,18,09/11/2023 00:00:00 ,  	(30-MAY-2025 15:48:52)
2,24,183,20,09/11/2023 00:00:00 ,  	(30-MAY-2025 15:48:52)
2,24,184,20,09/11/2023 00:00:00 ,  	(30-MAY-2025 15:48:52)
2,24,185,20,09/11/2023 00:00:00 ,  	(30-MAY-2025 15:48:52)
2,24,241,18,30/12/2023 00:00:00 ,  	(30-MAY-2025 15:48:52)
2,24,201,18,24/11/2023 00:00:00 ,  	(30-MAY-2025 15:48:52)
2,24,202,18,24/11/2023 00:00:00 ,  	(30-MAY-2025 15:48:52)
2,24,203,20,24/11/2023 00:00:00 ,  	(30-MAY-2025 15:48:52)
2,24,199,20,24/11/2023 00:00:00 ,  	(30-MAY-2025 15:48:52)
2,24,200,20,24/11/2023 00:00:00 ,  	(30-MAY-2025 15:48:52)
2,24,237,20,29/12/2023 00:00:00 ,  	(30-MAY-2025 15:48:52)
2,24,238,20,29/12/2023 00:00:00 ,  	(30-MAY-2025 15:48:52)
2,24,239,20,29/12/2023 00:00:00 ,  	(30-MAY-2025 15:48:52)
2,24,301,20,12/01/2024 00:00:00 ,  	(30-MAY-2025 15:48:52)
2,24,299,20,12/01/2024 00:00:00 ,  	(30-MAY-2025 15:48:52)
2,27,170,26,01/03/2023 00:00:00 ,  	(30-MAY-2025 15:48:52)
2,27,188,26,16/03/2023 00:00:00 ,  	(30-MAY-2025 15:48:52)
2,27,199,26,03/04/2023 00:00:00 ,  	(30-MAY-2025 15:48:52)
2,27,6,26,18/04/2023 00:00:00 ,  	(30-MAY-2025 15:48:52)
2,27,15,26,02/05/2023 00:00:00 ,  	(30-MAY-2025 15:48:52)
2,27,130,26,19/12/2022 00:00:00 ,  	(30-MAY-2025 15:48:52)
2,27,131,26,02/01/2023 00:00:00 ,  	(30-MAY-2025 15:48:52)
2,27,145,26,17/01/2023 00:00:00 ,  	(30-MAY-2025 15:48:52)
2,27,155,26,01/02/2023 00:00:00 ,  	(30-MAY-2025 15:48:52)
2,27,158,26,09/02/2023 00:00:00 ,  	(30-MAY-2025 15:48:52)
2,27,64,26,16/10/2024 00:00:00 ,  	(30-MAY-2025 15:48:52)
2,27,68,26,04/11/2024 00:00:00 ,  	(30-MAY-2025 15:48:52)
2,27,77,26,17/12/2024 00:00:00 ,  	(30-MAY-2025 15:48:52)
2,27,81,26,02/01/2025 00:00:00 ,  	(30-MAY-2025 15:48:52)
2,27,73,26,18/11/2024 00:00:00 ,  	(30-MAY-2025 15:48:52)
2,24,160,19,17/11/2021 00:00:00 ,  	(30-MAY-2025 15:48:52)
2,24,169,19,02/12/2021 00:00:00 ,  	(30-MAY-2025 15:48:52)
2,24,177,19,17/12/2021 00:00:00 ,  	(30-MAY-2025 15:48:52)
2,24,185,19,04/01/2022 00:00:00 ,  	(30-MAY-2025 15:48:52)
2,24,144,19,18/10/2021 00:00:00 ,  	(30-MAY-2025 15:48:52)
2,24,149,19,02/11/2021 00:00:00 ,  	(30-MAY-2025 15:48:52)
2,24,161,19,17/11/2021 00:00:00 ,  	(30-MAY-2025 15:48:52)
2,24,170,19,02/12/2021 00:00:00 ,  	(30-MAY-2025 15:48:52)
2,24,178,19,17/12/2021 00:00:00 ,  	(30-MAY-2025 15:48:52)
2,24,197,19,18/01/2022 00:00:00 ,  	(30-MAY-2025 15:48:52)
2,24,202,19,02/02/2022 00:00:00 ,  	(30-MAY-2025 15:48:52)
2,24,208,19,17/02/2022 00:00:00 ,  	(30-MAY-2025 15:48:52)
2,24,217,19,02/03/2022 00:00:00 ,  	(30-MAY-2025 15:48:52)
2,24,223,19,17/03/2022 00:00:00 ,  	(30-MAY-2025 15:48:52)
2,24,232,19,04/04/2022 00:00:00 ,  	(30-MAY-2025 15:48:52)
2,24,186,19,04/01/2022 00:00:00 ,  	(30-MAY-2025 15:48:52)
2,24,161,19,16/10/2023 00:00:00 ,  	(30-MAY-2025 15:48:52)
2,24,170,19,02/11/2023 00:00:00 ,  	(30-MAY-2025 15:48:52)
2,24,178,19,02/11/2023 00:00:00 ,  	(30-MAY-2025 15:48:52)
2,24,3,19,18/04/2022 00:00:00 ,  	(30-MAY-2025 15:48:52)
2,24,8,19,03/05/2022 00:00:00 ,  	(30-MAY-2025 15:48:52)
2,24,12,19,18/05/2022 00:00:00 ,  	(30-MAY-2025 15:48:52)
2,24,15,19,02/06/2022 00:00:00 ,  	(30-MAY-2025 15:48:52)
2,24,23,19,17/06/2022 00:00:00 ,  	(30-MAY-2025 15:48:52)
2,24,42,19,04/07/2022 00:00:00 ,  	(30-MAY-2025 15:48:52)
2,24,50,19,18/07/2022 00:00:00 ,  	(30-MAY-2025 15:48:52)
2,24,58,19,02/08/2022 00:00:00 ,  	(30-MAY-2025 15:48:52)
2,24,72,19,18/08/2022 00:00:00 ,  	(30-MAY-2025 15:48:52)
2,24,78,19,02/09/2022 00:00:00 ,  	(30-MAY-2025 15:48:52)
2,24,88,19,19/09/2022 00:00:00 ,  	(30-MAY-2025 15:48:52)
2,27,178,23,16/02/2024 00:00:00 ,  	(30-MAY-2025 15:48:52)
2,27,185,23,01/03/2024 00:00:00 ,  	(30-MAY-2025 15:48:52)
2,24,266,8,15/01/2025 00:00:00 ,  	(30-MAY-2025 15:48:52)
2,24,242,18,02/12/2024 00:00:00 ,  	(30-MAY-2025 15:48:52)
2,24,253,18,16/12/2024 00:00:00 ,  	(30-MAY-2025 15:48:52)
2,24,264,18,02/01/2025 00:00:00 ,  	(30-MAY-2025 15:48:52)
2,24,265,18,13/01/2025 00:00:00 ,  	(30-MAY-2025 15:48:52)
2,27,49,23,16/08/2024 00:00:00 ,  	(30-MAY-2025 15:48:52)
2,27,54,23,02/09/2024 00:00:00 ,  	(30-MAY-2025 15:48:52)
2,24,150,8,16/08/2024 00:00:00 ,  	(30-MAY-2025 15:48:52)
2,24,168,8,02/09/2024 00:00:00 ,  	(30-MAY-2025 15:48:52)
2,24,11,18,18/04/2023 00:00:00 ,  	(30-MAY-2025 15:48:52)
2,24,14,18,01/05/2023 00:00:00 ,  	(30-MAY-2025 15:48:52)
2,27,25,23,17/06/2024 00:00:00 ,  	(30-MAY-2025 15:48:52)
2,27,31,23,01/07/2024 00:00:00 ,  	(30-MAY-2025 15:48:52)
2,27,99,23,21/02/2025 00:00:00 ,  	(30-MAY-2025 15:48:52)
2,27,98,23,21/02/2025 00:00:00 ,  	(30-MAY-2025 15:48:52)
2,24,45,8,16/05/2024 00:00:00 ,  	(30-MAY-2025 15:48:52)
2,24,238,19,16/10/2020 00:00:00 ,  	(30-MAY-2025 15:48:52)
2,24,239,19,16/10/2020 00:00:00 ,  	(30-MAY-2025 15:48:52)
2,24,257,19,02/11/2020 00:00:00 ,  	(30-MAY-2025 15:48:52)
2,24,29,19,17/05/2021 00:00:00 ,  	(30-MAY-2025 15:48:52)
2,24,47,19,01/06/2021 00:00:00 ,  	(30-MAY-2025 15:48:52)
2,24,61,19,16/06/2021 00:00:00 ,  	(30-MAY-2025 15:48:52)
2,24,80,19,01/07/2021 00:00:00 ,  	(30-MAY-2025 15:48:52)
2,24,88,19,16/07/2021 00:00:00 ,  	(30-MAY-2025 15:48:52)
2,24,99,19,02/08/2021 00:00:00 ,  	(30-MAY-2025 15:48:52)
2,24,30,19,17/05/2021 00:00:00 ,  	(30-MAY-2025 15:48:52)
2,24,48,19,01/06/2021 00:00:00 ,  	(30-MAY-2025 15:48:52)
2,24,62,19,16/06/2021 00:00:00 ,  	(30-MAY-2025 15:48:52)
2,24,81,19,01/07/2021 00:00:00 ,  	(30-MAY-2025 15:48:52)
2,24,89,19,16/07/2021 00:00:00 ,  	(30-MAY-2025 15:48:52)
2,24,100,19,02/08/2021 00:00:00 ,  	(30-MAY-2025 15:48:52)
2,24,11,19,16/04/2024 00:00:00 ,  	(30-MAY-2025 15:48:52)
2,24,220,8,17/03/2022 00:00:00 ,  	(30-MAY-2025 15:48:52)
2,24,230,8,04/04/2022 00:00:00 ,  	(30-MAY-2025 15:48:52)
2,24,181,8,09/11/2023 00:00:00 ,  	(30-MAY-2025 15:48:52)
2,24,415,8,19/03/2024 00:00:00 ,  	(30-MAY-2025 15:48:52)
2,24,429,8,01/04/2024 00:00:00 ,  	(30-MAY-2025 15:48:52)
2,24,90,8,20/07/2023 00:00:00 ,  	(30-MAY-2025 15:48:52)
2,27,67,23,17/07/2023 00:00:00 ,  	(30-MAY-2025 15:48:52)
2,27,42,23,16/07/2024 00:00:00 ,  	(30-MAY-2025 15:48:52)
2,27,45,23,01/08/2024 00:00:00 ,  	(30-MAY-2025 15:48:52)
2,27,67,23,16/10/2024 00:00:00 ,  	(30-MAY-2025 15:48:52)
2,27,71,23,04/11/2024 00:00:00 ,  	(30-MAY-2025 15:48:52)
2,24,108,8,01/07/2024 00:00:00 ,  	(30-MAY-2025 15:48:52)
2,24,121,8,16/07/2024 00:00:00 ,  	(30-MAY-2025 15:48:52)
2,24,141,8,01/08/2024 00:00:00 ,  	(30-MAY-2025 15:48:52)
2,24,166,8,16/08/2024 00:00:00 ,  	(30-MAY-2025 15:48:52)
2,24,168,8,01/09/2020 00:00:00 ,  	(30-MAY-2025 15:48:52)
2,24,196,8,16/09/2020 00:00:00 ,  	(30-MAY-2025 15:48:52)
2,24,203,8,01/10/2020 00:00:00 ,  	(30-MAY-2025 15:48:52)
2,24,227,8,16/10/2020 00:00:00 ,  	(30-MAY-2025 15:48:52)
2,24,134,8,01/08/2020 00:00:00 ,  	(30-MAY-2025 15:48:52)
2,24,155,8,17/08/2020 00:00:00 ,  	(30-MAY-2025 15:48:52)
2,24,169,8,01/09/2020 00:00:00 ,  	(30-MAY-2025 15:48:52)
2,24,197,8,16/09/2020 00:00:00 ,  	(30-MAY-2025 15:48:52)
2,24,204,8,01/10/2020 00:00:00 ,  	(30-MAY-2025 15:48:52)
2,24,228,8,16/10/2020 00:00:00 ,  	(30-MAY-2025 15:48:52)
2,24,135,20,01/08/2020 00:00:00 ,  	(30-MAY-2025 15:48:52)
2,24,156,20,17/08/2020 00:00:00 ,  	(30-MAY-2025 15:48:52)
2,24,176,20,01/09/2020 00:00:00 ,  	(30-MAY-2025 15:48:52)
2,24,170,18,01/09/2020 00:00:00 ,  	(30-MAY-2025 15:48:52)
2,24,198,18,16/09/2020 00:00:00 ,  	(30-MAY-2025 15:48:52)
2,24,205,18,01/10/2020 00:00:00 ,  	(30-MAY-2025 15:48:52)
2,24,73,8,03/07/2023 00:00:00 ,  	(30-MAY-2025 15:48:52)
2,24,123,8,18/09/2023 00:00:00 ,  	(30-MAY-2025 15:48:52)
2,24,57,8,28/05/2024 00:00:00 ,  	(30-MAY-2025 15:48:52)
2,24,100,8,01/07/2024 00:00:00 ,  	(30-MAY-2025 15:48:52)
2,24,122,8,11/09/2023 00:00:00 ,  	(30-MAY-2025 15:48:52)
2,24,66,8,17/08/2022 00:00:00 ,  	(30-MAY-2025 15:48:52)
2,24,75,8,01/09/2022 00:00:00 ,  	(30-MAY-2025 15:48:52)
2,27,124,23,19/12/2022 00:00:00 ,  	(30-MAY-2025 15:48:52)
2,27,135,23,02/01/2023 00:00:00 ,  	(30-MAY-2025 15:48:52)
2,27,125,23,16/12/2022 00:00:00 ,  	(30-MAY-2025 15:48:52)
2,27,136,23,02/01/2023 00:00:00 ,  	(30-MAY-2025 15:48:52)
2,27,94,23,07/11/2022 00:00:00 ,  	(30-MAY-2025 15:48:52)
2,27,95,23,07/11/2022 00:00:00 ,  	(30-MAY-2025 15:48:52)
2,24,61,8,03/06/2024 00:00:00 ,  	(30-MAY-2025 15:48:52)
2,24,224,8,04/11/2024 00:00:00 ,  	(30-MAY-2025 15:48:52)
2,24,58,8,31/05/2024 00:00:00 ,  	(30-MAY-2025 15:48:52)
2,24,59,8,31/05/2024 00:00:00 ,  	(30-MAY-2025 15:48:52)
2,24,60,8,03/06/2024 00:00:00 ,  	(30-MAY-2025 15:48:52)
2,24,86,8,17/06/2024 00:00:00 ,  	(30-MAY-2025 15:48:52)
2,24,103,8,01/07/2024 00:00:00 ,  	(30-MAY-2025 15:48:52)
2,24,222,8,04/11/2024 00:00:00 ,  	(30-MAY-2025 15:48:52)
2,24,300,8,17/02/2025 00:00:00 ,  	(30-MAY-2025 15:48:52)
2,24,309,8,03/03/2025 00:00:00 ,  	(30-MAY-2025 15:48:52)
2,24,321,8,17/03/2025 00:00:00 ,  	(30-MAY-2025 15:48:52)
2,24,1,8,14/04/2025 09:10:59 ,  	(30-MAY-2025 15:48:52)
2,24,411,8,19/03/2024 00:00:00 ,  	(30-MAY-2025 15:48:52)
2,24,430,8,01/04/2024 00:00:00 ,  	(30-MAY-2025 15:48:52)
2,24,345,8,01/02/2024 00:00:00 ,  	(30-MAY-2025 15:48:52)
2,24,346,8,01/02/2024 00:00:00 ,  	(30-MAY-2025 15:48:52)
2,24,81,8,03/06/2024 00:00:00 ,  	(30-MAY-2025 15:48:52)
2,24,90,8,17/06/2024 00:00:00 ,  	(30-MAY-2025 15:48:52)
2,24,102,8,01/07/2024 00:00:00 ,  	(30-MAY-2025 15:48:52)
2,27,44,23,17/06/2023 00:00:00 ,  	(30-MAY-2025 15:48:52)
2,27,54,23,03/07/2023 00:00:00 ,  	(30-MAY-2025 15:48:52)
2,27,66,23,17/07/2023 00:00:00 ,  	(30-MAY-2025 15:48:52)
2,27,73,23,01/08/2023 00:00:00 ,  	(30-MAY-2025 15:48:52)
2,24,130,19,16/07/2024 00:00:00 ,  	(30-MAY-2025 15:48:52)
2,24,147,19,01/08/2024 00:00:00 ,  	(30-MAY-2025 15:48:52)
2,24,163,19,16/08/2024 00:00:00 ,  	(30-MAY-2025 15:48:52)
2,24,173,19,02/09/2024 00:00:00 ,  	(30-MAY-2025 15:48:52)
2,24,191,19,16/09/2024 00:00:00 ,  	(30-MAY-2025 15:48:52)
2,24,204,19,01/10/2024 00:00:00 ,  	(30-MAY-2025 15:48:52)
2,24,209,19,16/10/2024 00:00:00 ,  	(30-MAY-2025 15:48:52)
2,24,215,19,04/11/2024 00:00:00 ,  	(30-MAY-2025 15:48:52)
2,24,232,19,18/11/2024 00:00:00 ,  	(30-MAY-2025 15:48:52)
2,24,235,19,02/12/2024 00:00:00 ,  	(30-MAY-2025 15:48:52)
2,24,245,19,16/12/2024 00:00:00 ,  	(30-MAY-2025 15:48:52)
2,24,259,19,02/01/2025 00:00:00 ,  	(30-MAY-2025 15:48:52)
2,24,371,19,16/02/2024 00:00:00 ,  	(30-MAY-2025 15:48:52)
2,24,387,19,01/03/2024 00:00:00 ,  	(30-MAY-2025 15:48:52)
2,24,412,19,18/03/2024 00:00:00 ,  	(30-MAY-2025 15:48:52)
2,24,9,18,17/05/2022 00:00:00 ,  	(30-MAY-2025 15:48:52)
2,24,345,8,16/02/2021 00:00:00 ,  	(30-MAY-2025 15:48:52)
2,24,350,8,01/03/2021 00:00:00 ,  	(30-MAY-2025 15:48:52)
2,24,356,8,17/03/2021 00:00:00 ,  	(30-MAY-2025 15:48:52)
2,24,370,8,01/04/2021 00:00:00 ,  	(30-MAY-2025 15:48:52)
2,24,5,8,16/04/2021 00:00:00 ,  	(30-MAY-2025 15:48:52)
2,24,16,8,03/05/2021 00:00:00 ,  	(30-MAY-2025 15:48:52)
2,24,36,8,17/05/2021 00:00:00 ,  	(30-MAY-2025 15:48:52)
2,24,50,8,01/06/2021 00:00:00 ,  	(30-MAY-2025 15:48:52)
2,24,65,8,16/06/2021 00:00:00 ,  	(30-MAY-2025 15:48:52)
2,24,75,8,01/07/2021 00:00:00 ,  	(30-MAY-2025 15:48:52)
2,24,95,8,16/07/2021 00:00:00 ,  	(30-MAY-2025 15:48:52)
2,24,105,8,02/08/2021 00:00:00 ,  	(30-MAY-2025 15:48:52)
2,24,114,8,17/08/2021 00:00:00 ,  	(30-MAY-2025 15:48:52)
2,24,123,8,02/09/2021 00:00:00 ,  	(30-MAY-2025 15:48:52)
2,24,129,8,17/09/2021 00:00:00 ,  	(30-MAY-2025 15:48:52)
2,24,10,8,16/03/2019 00:00:00 ,  	(30-MAY-2025 15:48:52)
2,24,11,8,01/04/2019 00:00:00 ,  	(30-MAY-2025 15:48:52)
2,24,1,8,16/04/2019 00:00:00 ,  	(30-MAY-2025 15:48:52)
2,24,7,8,01/05/2019 00:00:00 ,  	(30-MAY-2025 15:48:52)
2,24,13,8,16/05/2019 00:00:00 ,  	(30-MAY-2025 15:48:52)
2,24,18,8,01/06/2019 00:00:00 ,  	(30-MAY-2025 15:48:52)
2,24,21,8,17/06/2019 00:00:00 ,  	(30-MAY-2025 15:48:52)
2,24,26,8,01/07/2019 00:00:00 ,  	(30-MAY-2025 15:48:52)
2,24,39,8,16/12/2013 00:00:00 ,  	(30-MAY-2025 15:48:52)
2,24,43,8,02/01/2014 00:00:00 ,  	(30-MAY-2025 15:48:52)
2,24,17,8,16/08/2013 00:00:00 ,  	(30-MAY-2025 15:48:52)
2,24,19,8,02/09/2013 00:00:00 ,  	(30-MAY-2025 15:48:52)
2,24,61,8,18/03/2014 00:00:00 ,  	(30-MAY-2025 15:48:52)
2,24,38,8,16/03/2017 00:00:00 ,  	(30-MAY-2025 15:48:52)
2,24,3,18,16/04/2020 00:00:00 ,  	(30-MAY-2025 15:48:52)
2,24,18,19,04/05/2020 00:00:00 ,  	(30-MAY-2025 15:48:52)
2,24,31,19,06/05/2020 00:00:00 ,  	(30-MAY-2025 15:48:52)
2,24,249,18,02/11/2020 00:00:00 ,  	(30-MAY-2025 15:48:52)
2,24,46,19,28/05/2020 00:00:00 ,  	(30-MAY-2025 15:48:52)
2,24,317,18,13/01/2021 00:00:00 ,  	(30-MAY-2025 15:48:52)
2,24,12,18,03/05/2021 00:00:00 ,  	(30-MAY-2025 15:48:52)
2,24,146,19,18/11/2022 00:00:00 ,  	(30-MAY-2025 15:48:52)
2,24,170,19,02/12/2022 00:00:00 ,  	(30-MAY-2025 15:48:52)
2,27,87,26,18/10/2022 00:00:00 ,  	(30-MAY-2025 15:48:52)
2,27,93,26,04/11/2022 00:00:00 ,  	(30-MAY-2025 15:48:52)
2,27,103,26,18/11/2022 00:00:00 ,  	(30-MAY-2025 15:48:52)
2,24,364,18,01/04/2021 00:00:00 ,  	(30-MAY-2025 15:48:52)
2,24,69,18,30/06/2021 00:00:00 ,  	(30-MAY-2025 15:48:52)
2,24,94,19,29/01/2020 00:00:00 ,  	(30-MAY-2025 15:48:52)
2,24,107,19,02/08/2021 00:00:00 ,  	(30-MAY-2025 15:48:52)
2,24,34,19,18/05/2020 00:00:00 ,  	(30-MAY-2025 15:48:52)
2,24,49,19,01/06/2020 00:00:00 ,  	(30-MAY-2025 15:48:52)
2,24,111,19,16/07/2020 00:00:00 ,  	(30-MAY-2025 15:48:52)
2,24,125,19,01/08/2020 00:00:00 ,  	(30-MAY-2025 15:48:52)
2,24,143,19,17/08/2020 00:00:00 ,  	(30-MAY-2025 15:48:52)
2,24,161,19,01/09/2020 00:00:00 ,  	(30-MAY-2025 15:48:52)
2,24,322,19,16/01/2021 00:00:00 ,  	(30-MAY-2025 15:48:52)
2,24,335,19,01/02/2021 00:00:00 ,  	(30-MAY-2025 15:48:52)
2,24,2,19,16/04/2021 00:00:00 ,  	(30-MAY-2025 15:48:52)
2,24,173,19,16/12/2021 00:00:00 ,  	(30-MAY-2025 15:48:52)
2,24,182,19,04/01/2022 00:00:00 ,  	(30-MAY-2025 15:48:52)
2,24,110,19,17/02/2020 00:00:00 ,  	(30-MAY-2025 15:48:52)
2,24,129,19,02/03/2020 00:00:00 ,  	(30-MAY-2025 15:48:52)
2,24,150,19,16/03/2020 00:00:00 ,  	(30-MAY-2025 15:48:52)
2,27,37,26,16/07/2024 00:00:00 ,  	(30-MAY-2025 15:48:52)
2,27,44,26,01/08/2024 00:00:00 ,  	(30-MAY-2025 15:48:52)
2,27,50,26,16/08/2024 00:00:00 ,  	(30-MAY-2025 15:48:52)
2,27,55,26,02/09/2024 00:00:00 ,  	(30-MAY-2025 15:48:52)
2,27,58,26,16/09/2024 00:00:00 ,  	(30-MAY-2025 15:48:52)
2,27,61,26,01/10/2024 00:00:00 ,  	(30-MAY-2025 15:48:52)
2,27,65,26,16/10/2024 00:00:00 ,  	(30-MAY-2025 15:48:52)
2,27,70,26,04/11/2024 00:00:00 ,  	(30-MAY-2025 15:48:52)
2,24,326,19,17/03/2025 00:00:00 ,  	(30-MAY-2025 15:48:52)
2,24,333,19,21/04/2025 12:53:25 ,  	(30-MAY-2025 15:48:52)
2,27,109,26,17/03/2025 00:00:00 ,  	(30-MAY-2025 15:48:52)
2,24,226,19,17/03/2022 00:00:00 ,  	(30-MAY-2025 15:48:52)
2,24,22,19,17/06/2022 00:00:00 ,  	(30-MAY-2025 15:48:52)
2,24,36,19,04/07/2022 00:00:00 ,  	(30-MAY-2025 15:48:52)
2,24,49,19,18/07/2022 00:00:00 ,  	(30-MAY-2025 15:48:52)
2,24,93,18,16/07/2021 00:00:00 ,  	(30-MAY-2025 15:48:52)
2,24,99,18,01/07/2020 00:00:00 ,  	(30-MAY-2025 15:48:52)
2,24,224,18,17/03/2022 00:00:00 ,  	(30-MAY-2025 15:48:52)
2,24,90,18,16/01/2020 00:00:00 ,  	(30-MAY-2025 15:48:52)
2,24,30,18,04/05/2020 00:00:00 ,  	(30-MAY-2025 15:48:52)
2,24,60,18,01/06/2020 00:00:00 ,  	(30-MAY-2025 15:48:52)
2,24,98,18,01/07/2020 00:00:00 ,  	(30-MAY-2025 15:48:52)
2,24,117,18,16/07/2020 00:00:00 ,  	(30-MAY-2025 15:48:52)
2,24,131,18,01/08/2020 00:00:00 ,  	(30-MAY-2025 15:48:52)
2,24,299,18,16/12/2020 00:00:00 ,  	(30-MAY-2025 15:48:52)
2,24,309,18,01/01/2021 00:00:00 ,  	(30-MAY-2025 15:48:52)
2,24,77,18,01/07/2021 00:00:00 ,  	(30-MAY-2025 15:48:52)
2,24,326,18,16/01/2021 00:00:00 ,  	(30-MAY-2025 15:48:52)
2,24,338,18,01/02/2021 00:00:00 ,  	(30-MAY-2025 15:48:52)
2,24,347,18,16/02/2021 00:00:00 ,  	(30-MAY-2025 15:48:52)
2,24,352,18,01/03/2021 00:00:00 ,  	(30-MAY-2025 15:48:52)
2,24,175,8,03/09/2024 00:00:00 ,  	(30-MAY-2025 15:48:52)
2,24,398,8,18/03/2024 00:00:00 ,  	(30-MAY-2025 15:48:52)
2,24,422,8,01/04/2024 00:00:00 ,  	(30-MAY-2025 15:48:52)
2,24,399,8,18/03/2024 00:00:00 ,  	(30-MAY-2025 15:48:52)
2,24,424,8,01/04/2024 00:00:00 ,  	(30-MAY-2025 15:48:52)
2,24,363,8,16/02/2024 00:00:00 ,  	(30-MAY-2025 15:48:52)
2,24,382,8,01/03/2024 00:00:00 ,  	(30-MAY-2025 15:48:52)
2,24,397,8,18/03/2024 00:00:00 ,  	(30-MAY-2025 15:48:52)
2,24,419,8,01/04/2024 00:00:00 ,  	(30-MAY-2025 15:48:52)
2,27,190,26,18/03/2024 00:00:00 ,  	(30-MAY-2025 15:48:52)
2,27,202,26,01/04/2024 00:00:00 ,  	(30-MAY-2025 15:48:52)
2,24,2,20,08/04/2024 00:00:00 ,  	(30-MAY-2025 15:48:52)
2,28,1,10,17/07/2024 00:00:00 ,  	(30-MAY-2025 15:48:52)
2,28,2,28,01/08/2024 00:00:00 ,  	(30-MAY-2025 15:48:52)
2,28,7,28,16/09/2024 00:00:00 ,  	(30-MAY-2025 15:48:52)
2,24,110,8,16/07/2020 00:00:00 ,  	(30-MAY-2025 15:48:52)
2,24,323,8,16/01/2021 00:00:00 ,  	(30-MAY-2025 15:48:52)
2,24,341,8,01/02/2021 00:00:00 ,  	(30-MAY-2025 15:48:52)
2,24,1,8,16/04/2021 00:00:00 ,  	(30-MAY-2025 15:48:52)
2,24,13,8,03/05/2021 00:00:00 ,  	(30-MAY-2025 15:48:52)
2,24,124,8,01/08/2020 00:00:00 ,  	(30-MAY-2025 15:48:52)
2,24,142,8,17/08/2020 00:00:00 ,  	(30-MAY-2025 15:48:52)
2,24,167,8,01/09/2020 00:00:00 ,  	(30-MAY-2025 15:48:52)
2,24,185,8,16/09/2020 00:00:00 ,  	(30-MAY-2025 15:48:52)
2,24,217,8,01/10/2020 00:00:00 ,  	(30-MAY-2025 15:48:52)
2,24,87,8,16/07/2021 00:00:00 ,  	(30-MAY-2025 15:48:52)
2,24,98,8,02/08/2021 00:00:00 ,  	(30-MAY-2025 15:48:52)
2,24,8,8,16/04/2024 00:00:00 ,  	(30-MAY-2025 15:48:52)
2,24,29,8,01/05/2024 00:00:00 ,  	(30-MAY-2025 15:48:52)
2,24,47,8,16/05/2024 00:00:00 ,  	(30-MAY-2025 15:48:52)
2,24,62,8,03/06/2024 00:00:00 ,  	(30-MAY-2025 15:48:52)
2,24,110,19,16/08/2023 00:00:00 ,  	(30-MAY-2025 15:48:52)
2,24,113,19,01/09/2023 00:00:00 ,  	(30-MAY-2025 15:48:52)
2,24,127,19,18/09/2023 00:00:00 ,  	(30-MAY-2025 15:48:52)
2,24,153,19,03/10/2023 00:00:00 ,  	(30-MAY-2025 15:48:52)
2,24,163,19,16/10/2023 00:00:00 ,  	(30-MAY-2025 15:48:52)
2,24,174,19,01/11/2023 00:00:00 ,  	(30-MAY-2025 15:48:52)
2,24,187,19,16/11/2023 00:00:00 ,  	(30-MAY-2025 15:48:52)
2,24,210,19,01/12/2023 00:00:00 ,  	(30-MAY-2025 15:48:52)
2,24,231,19,18/12/2023 00:00:00 ,  	(30-MAY-2025 15:48:52)
2,24,260,19,02/01/2024 00:00:00 ,  	(30-MAY-2025 15:48:52)
2,24,321,19,16/01/2024 00:00:00 ,  	(30-MAY-2025 15:48:52)
2,24,348,19,01/02/2024 00:00:00 ,  	(30-MAY-2025 15:48:52)
2,24,364,19,16/02/2024 00:00:00 ,  	(30-MAY-2025 15:48:52)
2,24,385,19,01/03/2024 00:00:00 ,  	(30-MAY-2025 15:48:52)
2,24,108,19,16/07/2020 00:00:00 ,  	(30-MAY-2025 15:48:52)
2,24,120,19,01/08/2020 00:00:00 ,  	(30-MAY-2025 15:48:52)
2,27,153,26,17/01/2024 00:00:00 ,  	(30-MAY-2025 15:48:52)
2,27,65,8,17/07/2023 00:00:00 ,  	(30-MAY-2025 15:48:52)
2,27,77,8,01/08/2023 00:00:00 ,  	(30-MAY-2025 15:48:52)
2,28,17,30,16/01/2025 00:00:00 ,  	(30-MAY-2025 15:48:52)
2,28,19,30,03/02/2025 00:00:00 ,  	(30-MAY-2025 15:48:52)
2,24,270,8,16/01/2025 00:00:00 ,  	(30-MAY-2025 15:48:52)
2,24,297,8,03/02/2025 00:00:00 ,  	(30-MAY-2025 15:48:52)
2,24,307,8,17/02/2025 00:00:00 ,  	(30-MAY-2025 15:48:52)
2,24,319,8,03/03/2025 00:00:00 ,  	(30-MAY-2025 15:48:52)
2,27,89,26,03/02/2025 00:00:00 ,  	(30-MAY-2025 15:48:52)
2,27,96,26,17/02/2025 00:00:00 ,  	(30-MAY-2025 15:48:52)
2,27,105,27,03/03/2025 00:00:00 ,  	(30-MAY-2025 15:48:52)
2,27,12,27,01/05/2024 00:00:00 ,  	(30-MAY-2025 15:48:52)
2,24,23,8,01/05/2024 00:00:00 ,  	(30-MAY-2025 15:48:52)
2,24,223,8,04/11/2024 00:00:00 ,  	(30-MAY-2025 15:48:52)
2,24,24,8,02/05/2023 00:00:00 ,  	(30-MAY-2025 15:48:52)
2,24,162,8,16/08/2024 00:00:00 ,  	(30-MAY-2025 15:48:52)
2,24,177,8,02/09/2024 00:00:00 ,  	(30-MAY-2025 15:48:52)
2,24,184,8,16/09/2024 00:00:00 ,  	(30-MAY-2025 15:48:52)
2,24,198,8,01/10/2024 00:00:00 ,  	(30-MAY-2025 15:48:52)
2,24,213,8,16/10/2024 00:00:00 ,  	(30-MAY-2025 15:48:52)
2,24,217,8,04/11/2024 00:00:00 ,  	(30-MAY-2025 15:48:52)
2,24,238,8,02/12/2024 00:00:00 ,  	(30-MAY-2025 15:48:52)
2,24,246,8,16/12/2024 00:00:00 ,  	(30-MAY-2025 15:48:52)
2,24,260,8,02/01/2025 00:00:00 ,  	(30-MAY-2025 15:48:52)
2,24,282,8,16/01/2025 00:00:00 ,  	(30-MAY-2025 15:48:52)
2,24,328,8,17/03/2025 00:00:00 ,  	(30-MAY-2025 15:48:52)
2,24,13,8,18/05/2022 00:00:00 ,  	(30-MAY-2025 15:48:52)
2,24,16,8,02/06/2022 00:00:00 ,  	(30-MAY-2025 15:48:52)
2,24,28,8,17/06/2022 00:00:00 ,  	(30-MAY-2025 15:48:52)
2,24,152,19,17/08/2020 00:00:00 ,  	(30-MAY-2025 15:48:52)
2,24,165,19,01/09/2020 00:00:00 ,  	(30-MAY-2025 15:48:52)
2,24,194,19,16/09/2020 00:00:00 ,  	(30-MAY-2025 15:48:52)
2,24,215,19,01/10/2020 00:00:00 ,  	(30-MAY-2025 15:48:52)
2,24,242,19,16/10/2020 00:00:00 ,  	(30-MAY-2025 15:48:52)
2,24,40,19,18/05/2020 00:00:00 ,  	(30-MAY-2025 15:48:52)
2,24,55,19,01/06/2020 00:00:00 ,  	(30-MAY-2025 15:48:52)
2,24,73,19,16/06/2020 00:00:00 ,  	(30-MAY-2025 15:48:52)
2,24,93,19,01/07/2020 00:00:00 ,  	(30-MAY-2025 15:48:52)
2,24,18,19,03/05/2021 00:00:00 ,  	(30-MAY-2025 15:48:52)
2,24,31,19,17/05/2021 00:00:00 ,  	(30-MAY-2025 15:48:52)
2,24,42,19,01/06/2021 00:00:00 ,  	(30-MAY-2025 15:48:52)
2,24,60,19,16/06/2021 00:00:00 ,  	(30-MAY-2025 15:48:52)
2,24,72,19,01/07/2021 00:00:00 ,  	(30-MAY-2025 15:48:52)
2,24,1,7,16/04/2015 00:00:00 ,  	(30-MAY-2025 15:48:52)
2,24,2,7,01/05/2015 00:00:00 ,  	(30-MAY-2025 15:48:52)
2,24,8,7,17/08/2015 00:00:00 ,  	(30-MAY-2025 15:48:52)
2,24,9,7,01/09/2015 00:00:00 ,  	(30-MAY-2025 15:48:52)
2,24,13,7,16/11/2015 00:00:00 ,  	(30-MAY-2025 15:48:52)
2,24,14,7,01/12/2015 00:00:00 ,  	(30-MAY-2025 15:48:52)
2,24,17,7,01/03/2016 00:00:00 ,  	(30-MAY-2025 15:48:52)
2,24,19,7,16/03/2016 00:00:00 ,  	(30-MAY-2025 15:48:52)
2,24,20,8,16/03/2016 00:00:00 ,  	(30-MAY-2025 15:48:52)
2,24,5,7,16/07/2016 00:00:00 ,  	(30-MAY-2025 15:48:52)
2,24,274,8,17/11/2020 00:00:00 ,  	(30-MAY-2025 15:48:52)
2,24,277,8,01/12/2020 00:00:00 ,  	(30-MAY-2025 15:48:52)
2,24,290,8,16/12/2020 00:00:00 ,  	(30-MAY-2025 15:48:52)
2,27,14,23,18/10/2021 00:00:00 ,  	(30-MAY-2025 15:48:52)
2,24,38,8,01/06/2021 00:00:00 ,  	(30-MAY-2025 15:48:52)
2,24,52,8,04/06/2021 00:00:00 ,  	(30-MAY-2025 15:48:52)
2,24,85,8,16/07/2021 00:00:00 ,  	(30-MAY-2025 15:48:52)
2,24,97,8,02/08/2021 00:00:00 ,  	(30-MAY-2025 15:48:52)
2,24,109,8,16/08/2021 00:00:00 ,  	(30-MAY-2025 15:48:52)
2,24,117,8,01/09/2021 00:00:00 ,  	(30-MAY-2025 15:48:52)
2,24,125,8,08/09/2021 00:00:00 ,  	(30-MAY-2025 15:48:52)
2,24,132,8,01/10/2021 00:00:00 ,  	(30-MAY-2025 15:48:52)
2,24,140,8,18/10/2021 00:00:00 ,  	(30-MAY-2025 15:48:52)
2,24,147,8,01/11/2021 00:00:00 ,  	(30-MAY-2025 15:48:52)
2,24,108,8,16/08/2021 00:00:00 ,  	(30-MAY-2025 15:48:52)
2,27,35,24,03/06/2023 00:00:00 ,  	(30-MAY-2025 15:48:52)
2,27,193,24,18/03/2024 00:00:00 ,  	(30-MAY-2025 15:48:52)
2,27,201,24,01/04/2024 00:00:00 ,  	(30-MAY-2025 15:48:52)
2,27,109,24,01/12/2022 00:00:00 ,  	(30-MAY-2025 15:48:52)
2,27,18,24,16/05/2024 00:00:00 ,  	(30-MAY-2025 15:48:52)
2,27,21,24,03/06/2024 00:00:00 ,  	(30-MAY-2025 15:48:52)
2,27,40,24,17/08/2022 00:00:00 ,  	(30-MAY-2025 15:48:52)
2,27,44,24,01/09/2022 00:00:00 ,  	(30-MAY-2025 15:48:52)
2,27,86,23,18/10/2022 00:00:00 ,  	(30-MAY-2025 15:48:52)
2,27,92,23,02/11/2022 00:00:00 ,  	(30-MAY-2025 15:48:52)
2,27,100,23,17/11/2022 00:00:00 ,  	(30-MAY-2025 15:48:52)
2,27,116,23,02/12/2022 00:00:00 ,  	(30-MAY-2025 15:48:52)
2,27,127,23,19/12/2022 00:00:00 ,  	(30-MAY-2025 15:48:52)
2,27,137,23,02/01/2023 00:00:00 ,  	(30-MAY-2025 15:48:52)
2,27,147,23,17/01/2023 00:00:00 ,  	(30-MAY-2025 15:48:52)
2,27,153,23,01/02/2023 00:00:00 ,  	(30-MAY-2025 15:48:52)
2,24,116,8,18/02/2020 00:00:00 ,  	(30-MAY-2025 15:48:52)
2,24,136,8,02/03/2020 00:00:00 ,  	(30-MAY-2025 15:48:52)
2,24,169,8,17/03/2020 00:00:00 ,  	(30-MAY-2025 15:48:52)
2,24,192,8,01/04/2020 00:00:00 ,  	(30-MAY-2025 15:48:52)
2,24,10,8,16/04/2020 00:00:00 ,  	(30-MAY-2025 15:48:52)
2,24,25,8,04/05/2020 00:00:00 ,  	(30-MAY-2025 15:48:52)
2,24,41,8,18/05/2020 00:00:00 ,  	(30-MAY-2025 15:48:52)
2,24,62,8,01/06/2020 00:00:00 ,  	(30-MAY-2025 15:48:52)
2,24,77,8,16/06/2020 00:00:00 ,  	(30-MAY-2025 15:48:52)
2,24,97,8,01/07/2020 00:00:00 ,  	(30-MAY-2025 15:48:52)
2,24,112,8,16/07/2020 00:00:00 ,  	(30-MAY-2025 15:48:52)
2,24,126,8,01/08/2020 00:00:00 ,  	(30-MAY-2025 15:48:52)
2,24,150,8,17/08/2020 00:00:00 ,  	(30-MAY-2025 15:48:52)
2,24,178,8,01/09/2020 00:00:00 ,  	(30-MAY-2025 15:48:52)
2,24,192,8,16/09/2020 00:00:00 ,  	(30-MAY-2025 15:48:52)
2,24,216,8,01/10/2020 00:00:00 ,  	(30-MAY-2025 15:48:52)
2,27,80,23,03/10/2022 00:00:00 ,  	(30-MAY-2025 15:48:52)
2,24,404,8,18/03/2024 00:00:00 ,  	(30-MAY-2025 15:48:52)
2,24,423,8,01/04/2024 00:00:00 ,  	(30-MAY-2025 15:48:52)
2,24,118,8,16/07/2024 00:00:00 ,  	(30-MAY-2025 15:48:52)
2,24,135,8,01/08/2024 00:00:00 ,  	(30-MAY-2025 15:48:52)
2,24,13,12,14/08/2014 00:00:00 ,  	(30-MAY-2025 15:48:52)
2,24,15,12,18/08/2014 00:00:00 ,  	(30-MAY-2025 15:48:52)
2,24,24,12,01/09/2014 00:00:00 ,  	(30-MAY-2025 15:48:52)
2,24,25,12,04/09/2014 00:00:00 ,  	(30-MAY-2025 15:48:52)
2,24,43,12,17/11/2014 00:00:00 ,  	(30-MAY-2025 15:48:52)
2,24,47,12,02/12/2014 00:00:00 ,  	(30-MAY-2025 15:48:52)
2,24,69,12,26/02/2015 00:00:00 ,  	(30-MAY-2025 15:48:52)
2,24,28,12,30/09/2014 00:00:00 ,  	(30-MAY-2025 15:48:52)
2,24,30,8,01/10/2014 00:00:00 ,  	(30-MAY-2025 15:48:52)
2,27,29,23,01/06/2023 00:00:00 ,  	(30-MAY-2025 15:48:52)
2,27,42,23,16/06/2023 00:00:00 ,  	(30-MAY-2025 15:48:52)
2,27,56,23,03/07/2023 00:00:00 ,  	(30-MAY-2025 15:48:52)
2,24,13,8,18/04/2023 00:00:00 ,  	(30-MAY-2025 15:48:52)
2,24,16,8,01/05/2023 00:00:00 ,  	(30-MAY-2025 15:48:52)
2,24,29,8,16/05/2023 00:00:00 ,  	(30-MAY-2025 15:48:52)
2,24,40,8,01/06/2023 00:00:00 ,  	(30-MAY-2025 15:48:52)
2,24,56,8,16/06/2023 00:00:00 ,  	(30-MAY-2025 15:48:52)
2,24,65,8,03/07/2023 00:00:00 ,  	(30-MAY-2025 15:48:52)
2,24,82,8,17/07/2023 00:00:00 ,  	(30-MAY-2025 15:48:52)
2,27,27,23,17/05/2023 00:00:00 ,  	(30-MAY-2025 15:48:52)
2,27,30,23,01/06/2023 00:00:00 ,  	(30-MAY-2025 15:48:52)
2,27,43,23,16/06/2023 00:00:00 ,  	(30-MAY-2025 15:48:52)
2,27,55,23,03/07/2023 00:00:00 ,  	(30-MAY-2025 15:48:52)
2,24,7,8,16/04/2020 00:00:00 ,  	(30-MAY-2025 15:48:52)
2,24,74,19,16/06/2020 00:00:00 ,  	(30-MAY-2025 15:48:52)
2,24,94,19,01/07/2020 00:00:00 ,  	(30-MAY-2025 15:48:52)
2,24,113,19,16/07/2020 00:00:00 ,  	(30-MAY-2025 15:48:52)
2,24,127,19,01/08/2020 00:00:00 ,  	(30-MAY-2025 15:48:52)
2,24,147,19,17/08/2020 00:00:00 ,  	(30-MAY-2025 15:48:52)
2,24,181,19,01/09/2020 00:00:00 ,  	(30-MAY-2025 15:48:52)
2,24,190,19,16/09/2020 00:00:00 ,  	(30-MAY-2025 15:48:52)
2,24,221,19,01/10/2020 00:00:00 ,  	(30-MAY-2025 15:48:52)
2,24,237,19,16/10/2020 00:00:00 ,  	(30-MAY-2025 15:48:52)
2,24,256,19,02/11/2020 00:00:00 ,  	(30-MAY-2025 15:48:52)
2,24,272,19,17/11/2020 00:00:00 ,  	(30-MAY-2025 15:48:52)
2,24,286,19,01/12/2020 00:00:00 ,  	(30-MAY-2025 15:48:52)
2,24,297,19,16/12/2020 00:00:00 ,  	(30-MAY-2025 15:48:52)
2,24,315,19,01/01/2021 00:00:00 ,  	(30-MAY-2025 15:48:52)
2,24,18,7,16/07/2011 00:00:00 ,  	(30-MAY-2025 15:48:52)
2,24,21,10,01/08/2011 00:00:00 ,  	(30-MAY-2025 15:48:52)
2,24,64,10,12/02/2015 00:00:00 ,  	(30-MAY-2025 15:48:52)
2,24,7,10,24/06/2014 00:00:00 ,  	(30-MAY-2025 15:48:52)
2,24,10,10,01/08/2014 00:00:00 ,  	(30-MAY-2025 15:48:52)
2,24,16,10,18/08/2014 00:00:00 ,  	(30-MAY-2025 15:48:52)
2,24,19,10,23/08/2014 00:00:00 ,  	(30-MAY-2025 15:48:52)
2,24,25,10,16/10/2013 00:00:00 ,  	(30-MAY-2025 15:48:52)
2,24,2,10,16/05/2014 00:00:00 ,  	(30-MAY-2025 15:48:52)
2,24,3,10,02/06/2014 00:00:00 ,  	(30-MAY-2025 15:48:52)
2,24,8,10,16/07/2014 00:00:00 ,  	(30-MAY-2025 15:48:52)
2,24,9,10,01/08/2014 00:00:00 ,  	(30-MAY-2025 15:48:52)
2,24,53,8,01/06/2020 00:00:00 ,  	(30-MAY-2025 15:48:52)
2,24,70,8,16/06/2020 00:00:00 ,  	(30-MAY-2025 15:48:52)
2,24,91,8,01/07/2020 00:00:00 ,  	(30-MAY-2025 15:48:52)
2,24,104,8,16/07/2020 00:00:00 ,  	(30-MAY-2025 15:48:52)
2,24,121,8,01/08/2020 00:00:00 ,  	(30-MAY-2025 15:48:52)
2,24,144,8,17/08/2020 00:00:00 ,  	(30-MAY-2025 15:48:52)
2,24,162,8,01/09/2020 00:00:00 ,  	(30-MAY-2025 15:48:52)
2,24,187,8,16/09/2020 00:00:00 ,  	(30-MAY-2025 15:48:52)
2,24,212,8,01/10/2020 00:00:00 ,  	(30-MAY-2025 15:48:52)
2,24,234,8,16/10/2020 00:00:00 ,  	(30-MAY-2025 15:48:52)
2,24,253,8,02/11/2020 00:00:00 ,  	(30-MAY-2025 15:48:52)
2,24,267,8,17/11/2020 00:00:00 ,  	(30-MAY-2025 15:48:52)
2,24,281,8,01/12/2020 00:00:00 ,  	(30-MAY-2025 15:48:52)
2,24,168,19,17/03/2020 00:00:00 ,  	(30-MAY-2025 15:48:52)
2,24,60,19,16/06/2023 00:00:00 ,  	(30-MAY-2025 15:48:52)
2,24,68,19,03/07/2023 00:00:00 ,  	(30-MAY-2025 15:48:52)
2,24,88,19,17/07/2023 00:00:00 ,  	(30-MAY-2025 15:48:52)
2,24,100,19,01/08/2023 00:00:00 ,  	(30-MAY-2025 15:48:52)
2,24,36,18,16/05/2023 00:00:00 ,  	(30-MAY-2025 15:48:52)
2,24,48,18,01/06/2023 00:00:00 ,  	(30-MAY-2025 15:48:52)
2,24,53,18,07/06/2023 00:00:00 ,  	(30-MAY-2025 15:48:52)
2,27,136,26,18/12/2023 00:00:00 ,  	(30-MAY-2025 15:48:52)
2,27,179,26,16/02/2024 00:00:00 ,  	(30-MAY-2025 15:48:52)
2,27,186,26,01/03/2024 00:00:00 ,  	(30-MAY-2025 15:48:52)
2,27,191,26,18/03/2024 00:00:00 ,  	(30-MAY-2025 15:48:52)
2,27,46,26,02/09/2022 00:00:00 ,  	(30-MAY-2025 15:48:52)
2,27,204,26,02/04/2024 00:00:00 ,  	(30-MAY-2025 15:48:52)
2,27,7,26,16/04/2024 00:00:00 ,  	(30-MAY-2025 15:48:52)
2,27,13,26,01/05/2024 00:00:00 ,  	(30-MAY-2025 15:48:52)
2,24,18,7,01/03/2016 00:00:00 ,  	(30-MAY-2025 15:48:52)
2,24,6,7,16/07/2016 00:00:00 ,  	(30-MAY-2025 15:48:52)
2,24,27,7,16/12/2016 00:00:00 ,  	(30-MAY-2025 15:48:52)
2,24,32,7,30/12/2016 00:00:00 ,  	(30-MAY-2025 15:48:52)
2,24,33,7,02/01/2017 00:00:00 ,  	(30-MAY-2025 15:48:52)
2,24,44,8,17/11/2014 00:00:00 ,  	(30-MAY-2025 15:48:52)
2,24,46,8,02/12/2014 00:00:00 ,  	(30-MAY-2025 15:48:52)
2,24,49,8,03/12/2014 00:00:00 ,  	(30-MAY-2025 15:48:52)
2,24,52,8,16/12/2014 00:00:00 ,  	(30-MAY-2025 15:48:52)
2,24,55,8,02/01/2015 00:00:00 ,  	(30-MAY-2025 15:48:52)
2,24,56,8,05/01/2015 00:00:00 ,  	(30-MAY-2025 15:48:52)
2,27,163,26,16/02/2023 00:00:00 ,  	(30-MAY-2025 15:48:52)
2,27,171,26,01/03/2023 00:00:00 ,  	(30-MAY-2025 15:48:52)
2,27,186,26,16/03/2023 00:00:00 ,  	(30-MAY-2025 15:48:52)
2,27,194,26,03/04/2023 00:00:00 ,  	(30-MAY-2025 15:48:52)
2,27,4,26,18/04/2023 00:00:00 ,  	(30-MAY-2025 15:48:52)
2,27,11,26,01/05/2023 00:00:00 ,  	(30-MAY-2025 15:48:52)
2,24,117,19,01/09/2023 00:00:00 ,  	(30-MAY-2025 15:48:52)
2,24,179,19,02/11/2023 00:00:00 ,  	(30-MAY-2025 15:48:52)
2,27,122,26,02/11/2023 00:00:00 ,  	(30-MAY-2025 15:48:52)
2,27,126,26,17/11/2023 00:00:00 ,  	(30-MAY-2025 15:48:52)
2,27,121,26,02/11/2023 00:00:00 ,  	(30-MAY-2025 15:48:52)
2,27,127,26,17/11/2023 00:00:00 ,  	(30-MAY-2025 15:48:52)
2,27,132,26,01/12/2023 00:00:00 ,  	(30-MAY-2025 15:48:52)
2,27,106,26,03/10/2023 00:00:00 ,  	(30-MAY-2025 15:48:52)
2,27,110,26,16/10/2023 00:00:00 ,  	(30-MAY-2025 15:48:52)
2,24,344,19,01/02/2024 00:00:00 ,  	(30-MAY-2025 15:48:52)
2,24,91,19,03/10/2022 00:00:00 ,  	(30-MAY-2025 15:48:52)
2,24,99,19,17/10/2022 00:00:00 ,  	(30-MAY-2025 15:48:52)
2,24,122,19,02/11/2022 00:00:00 ,  	(30-MAY-2025 15:48:52)
2,24,135,19,17/11/2022 00:00:00 ,  	(30-MAY-2025 15:48:52)
2,24,171,19,02/12/2022 00:00:00 ,  	(30-MAY-2025 15:48:52)
2,24,194,19,19/12/2022 00:00:00 ,  	(30-MAY-2025 15:48:52)
2,24,201,19,03/01/2023 00:00:00 ,  	(30-MAY-2025 15:48:52)
2,24,210,19,17/01/2023 00:00:00 ,  	(30-MAY-2025 15:48:52)
2,24,222,19,02/02/2023 00:00:00 ,  	(30-MAY-2025 15:48:52)
2,24,225,19,16/02/2023 00:00:00 ,  	(30-MAY-2025 15:48:52)
2,24,255,19,02/03/2023 00:00:00 ,  	(30-MAY-2025 15:48:52)
2,24,272,19,16/03/2023 00:00:00 ,  	(30-MAY-2025 15:48:52)
2,24,284,19,03/04/2023 00:00:00 ,  	(30-MAY-2025 15:48:52)
2,24,10,19,18/04/2023 00:00:00 ,  	(30-MAY-2025 15:48:52)
2,24,22,19,02/05/2023 00:00:00 ,  	(30-MAY-2025 15:48:52)
2,24,71,20,03/07/2023 00:00:00 ,  	(30-MAY-2025 15:48:52)
2,27,52,23,03/07/2023 00:00:00 ,  	(30-MAY-2025 15:48:52)
2,24,31,20,16/05/2023 00:00:00 ,  	(30-MAY-2025 15:48:52)
2,24,45,20,01/06/2023 00:00:00 ,  	(30-MAY-2025 15:48:52)
2,24,156,20,03/10/2023 00:00:00 ,  	(30-MAY-2025 15:48:52)
2,24,139,20,18/09/2023 00:00:00 ,  	(30-MAY-2025 15:48:52)
2,24,223,20,18/12/2023 00:00:00 ,  	(30-MAY-2025 15:48:52)
2,24,259,20,02/01/2024 00:00:00 ,  	(30-MAY-2025 15:48:52)
2,27,4,26,16/04/2024 00:00:00 ,  	(30-MAY-2025 15:48:52)
2,27,9,26,01/05/2024 00:00:00 ,  	(30-MAY-2025 15:48:52)
2,27,94,26,17/02/2025 00:00:00 ,  	(30-MAY-2025 15:48:52)
2,27,100,26,03/03/2025 00:00:00 ,  	(30-MAY-2025 15:48:52)
2,27,93,26,17/02/2025 00:00:00 ,  	(30-MAY-2025 15:48:52)
2,27,101,26,03/03/2025 00:00:00 ,  	(30-MAY-2025 15:48:52)
2,27,204,26,03/04/2023 00:00:00 ,  	(30-MAY-2025 15:48:52)
2,27,37,26,15/06/2023 00:00:00 ,  	(30-MAY-2025 15:48:52)
2,27,46,26,22/06/2023 00:00:00 ,  	(30-MAY-2025 15:48:52)
2,27,53,26,03/07/2023 00:00:00 ,  	(30-MAY-2025 15:48:52)
2,24,54,8,15/06/2023 00:00:00 ,  	(30-MAY-2025 15:48:52)
2,24,304,18,01/01/2021 00:00:00 ,  	(30-MAY-2025 15:48:52)
2,24,316,18,06/01/2021 00:00:00 ,  	(30-MAY-2025 15:48:52)
2,24,73,18,01/07/2021 00:00:00 ,  	(30-MAY-2025 15:48:52)
2,24,50,19,01/06/2020 00:00:00 ,  	(30-MAY-2025 15:48:52)
2,24,87,19,01/07/2020 00:00:00 ,  	(30-MAY-2025 15:48:52)
2,24,244,19,16/10/2020 00:00:00 ,  	(30-MAY-2025 15:48:52)
2,24,248,19,02/11/2020 00:00:00 ,  	(30-MAY-2025 15:48:52)
2,24,303,18,01/01/2021 00:00:00 ,  	(30-MAY-2025 15:48:52)
2,24,138,19,12/10/2021 00:00:00 ,  	(30-MAY-2025 15:48:52)
2,24,141,19,18/10/2021 00:00:00 ,  	(30-MAY-2025 15:48:52)
2,24,154,19,02/11/2021 00:00:00 ,  	(30-MAY-2025 15:48:52)
2,24,157,19,17/11/2021 00:00:00 ,  	(30-MAY-2025 15:48:52)
2,24,165,19,02/12/2021 00:00:00 ,  	(30-MAY-2025 15:48:52)
2,24,175,19,16/12/2021 00:00:00 ,  	(30-MAY-2025 15:48:52)
2,24,189,19,05/01/2022 00:00:00 ,  	(30-MAY-2025 15:48:52)
2,24,191,19,04/01/2022 00:00:00 ,  	(30-MAY-2025 15:48:52)
2,24,6,18,27/04/2022 00:00:00 ,  	(30-MAY-2025 15:48:52)
2,27,138,23,18/12/2023 00:00:00 ,  	(30-MAY-2025 15:48:52)
2,27,154,26,17/01/2024 00:00:00 ,  	(30-MAY-2025 15:48:52)
2,27,161,26,01/02/2024 00:00:00 ,  	(30-MAY-2025 15:48:52)
2,28,21,29,17/02/2025 00:00:00 ,  	(30-MAY-2025 15:48:52)
2,28,23,29,03/03/2025 00:00:00 ,  	(30-MAY-2025 15:48:52)
2,28,25,29,17/03/2025 00:00:00 ,  	(30-MAY-2025 15:48:52)
2,27,145,23,03/01/2024 00:00:00 ,  	(30-MAY-2025 15:48:52)
2,27,147,23,16/01/2024 00:00:00 ,  	(30-MAY-2025 15:48:52)
2,27,146,26,17/01/2023 00:00:00 ,  	(30-MAY-2025 15:48:52)
2,27,156,26,02/02/2023 00:00:00 ,  	(30-MAY-2025 15:48:52)
2,24,138,19,18/09/2023 00:00:00 ,  	(30-MAY-2025 15:48:52)
2,24,155,19,03/10/2023 00:00:00 ,  	(30-MAY-2025 15:48:52)
2,27,137,26,18/12/2023 00:00:00 ,  	(30-MAY-2025 15:48:52)
2,27,139,26,19/12/2023 00:00:00 ,  	(30-MAY-2025 15:48:52)
2,27,157,26,02/02/2023 00:00:00 ,  	(30-MAY-2025 15:48:52)
2,27,48,26,02/09/2022 00:00:00 ,  	(30-MAY-2025 15:48:52)
2,27,39,26,16/06/2023 00:00:00 ,  	(30-MAY-2025 15:48:52)
2,27,47,26,03/07/2023 00:00:00 ,  	(30-MAY-2025 15:48:52)
2,27,84,26,16/08/2023 00:00:00 ,  	(30-MAY-2025 15:48:52)
2,27,90,26,01/09/2023 00:00:00 ,  	(30-MAY-2025 15:48:52)
2,27,95,26,18/09/2023 00:00:00 ,  	(30-MAY-2025 15:48:52)
2,27,101,26,03/10/2023 00:00:00 ,  	(30-MAY-2025 15:48:52)
2,27,113,26,16/10/2023 00:00:00 ,  	(30-MAY-2025 15:48:52)
2,27,119,26,01/11/2023 00:00:00 ,  	(30-MAY-2025 15:48:52)
2,27,124,26,16/11/2023 00:00:00 ,  	(30-MAY-2025 15:48:52)
2,27,128,26,01/12/2023 00:00:00 ,  	(30-MAY-2025 15:48:52)
2,27,134,26,18/12/2023 00:00:00 ,  	(30-MAY-2025 15:48:52)
2,27,141,26,02/01/2024 00:00:00 ,  	(30-MAY-2025 15:48:52)
2,27,149,26,16/01/2024 00:00:00 ,  	(30-MAY-2025 15:48:52)
2,27,164,26,01/02/2024 00:00:00 ,  	(30-MAY-2025 15:48:52)
2,27,177,26,16/02/2024 00:00:00 ,  	(30-MAY-2025 15:48:52)
2,24,18,8,01/05/2024 00:00:00 ,  	(30-MAY-2025 15:48:52)
2,24,44,8,16/05/2024 00:00:00 ,  	(30-MAY-2025 15:48:52)
2,24,75,8,03/06/2024 00:00:00 ,  	(30-MAY-2025 15:48:53)
2,24,88,8,17/06/2024 00:00:00 ,  	(30-MAY-2025 15:48:53)
2,24,104,8,01/07/2024 00:00:00 ,  	(30-MAY-2025 15:48:53)
2,24,128,8,16/07/2024 00:00:00 ,  	(30-MAY-2025 15:48:53)
2,24,134,8,01/08/2024 00:00:00 ,  	(30-MAY-2025 15:48:53)
2,24,154,8,16/08/2024 00:00:00 ,  	(30-MAY-2025 15:48:53)
2,24,172,8,02/09/2024 00:00:00 ,  	(30-MAY-2025 15:48:53)
2,24,377,8,26/02/2024 00:00:00 ,  	(30-MAY-2025 15:48:53)
2,24,372,8,19/02/2024 00:00:00 ,  	(30-MAY-2025 15:48:53)
2,24,306,8,15/01/2024 00:00:00 ,  	(30-MAY-2025 15:48:53)
2,24,309,8,15/01/2024 00:00:00 ,  	(30-MAY-2025 15:48:53)
2,24,17,7,18/08/2014 00:00:00 ,  	(30-MAY-2025 15:48:53)
2,24,18,7,19/08/2014 00:00:00 ,  	(30-MAY-2025 15:48:53)
2,24,60,8,16/01/2015 00:00:00 ,  	(30-MAY-2025 15:48:53)
2,24,62,8,02/02/2015 00:00:00 ,  	(30-MAY-2025 15:48:53)
2,24,63,8,09/02/2015 00:00:00 ,  	(30-MAY-2025 15:48:53)

TOTAL DATA IN EXCEL : ,0, 	(30-MAY-2025 15:48:53)
 

TOTAL DATA INSERTED : ,2717, 	(30-MAY-2025 15:48:53)
 

TOTAL SKIPPED DATA ,0, 	(30-MAY-2025 15:48:53)
 
<<END>>,<<FMS_INV_TAX_DTL>>, 	(30-MAY-2025 15:48:53)
 